877,0.31846324034268,-0.00154607724398373,0.177811697334982,3
904,0.321277280179784,0.367295060958713,0.331187814916484,3
553,0.347521833798382,0.119471660070121,0.139505891338922,1
183,0.0232797616627067,0.569303847849369,0.92089094594121,0
61,0.540935606695712,0.0404366110451519,0.0530373151414096,0
774,0.378500230179634,0.123490426526405,0.500749343750067,2
315,0.979302679887041,0.130178950028494,0.688415271462873,0
1501,0.230991934991812,0.530490467425613,0.414898088714295,6
982,0.316305579324253,0.296164488256909,0.0512233355315402,3
236,0.403961211675778,0.776311518391594,0.668178936233744,0
973,0.321202470590361,0.205028210952878,0.371187576535158,3
800,0.379872480058111,0.290174516104162,0.200971496966667,2
1359,0.22213680652292,0.589797851344597,0.415980066530645,5
1109,0.229401187086802,0.56588709780654,0.412430787644808,4
286,0.592839303892106,0.248346543405205,0.529791910899803,0
1582,0.224179201900328,0.533430825741858,0.414090701527566,6
82,0.514436512254179,0.572140742326155,0.159003184642643,0
1283,0.219362447570256,0.598853825357317,0.417327823219427,5
1256,0.228882749906592,0.596285121647617,0.420098203568823,5
762,0.385099103180692,0.466497058351524,0.490218449593522,2
1021,0.224972256587031,0.559751177356351,0.415995036095039,4
1493,0.241755836643374,0.53391038744514,0.409643057746067,6
555,0.35475043931976,0.260078242816962,0.342044701310806,1
1467,0.225567979044102,0.533556203318752,0.417517200487784,6
909,0.315432985427324,0.234811776853167,0.148600641847588,3
1531,0.221381654661117,0.538952659689409,0.404718655993191,6
1119,0.214844481545491,0.568561763900255,0.417870864050601,4
1463,0.231271943648851,0.531471021971115,0.408564736865144,6
1231,0.233885906583522,0.598757313239175,0.414220584650925,5
480,0.353485579078551,0.072443683934398,0.40410511076916,1
636,0.3836773798801,0.0246164752868936,0.27750372570008,2
339,0.306394918588921,0.552461587125435,0.865114582702518,0
621,0.379567773682065,0.41201644432731,0.514990757545456,2
1485,0.217993971570467,0.5340046688547,0.418949151302045,6
1228,0.227001504093084,0.5880561148264,0.405931854087426,5
838,0.322570729244035,0.358448123629205,0.171485894452781,3
1239,0.228194257974382,0.596090521631346,0.415525245306723,5
1522,0.229129363100049,0.535762203811718,0.416881849353298,6
808,0.320833559322637,0.145903559820727,0.359189012995921,3
880,0.319941895247903,0.0646799406502396,0.156817626650445,3
1255,0.232837151162562,0.602957373854143,0.421334852382952,5
229,0.14851850294508,0.920589790679514,0.807880129897967,0
1263,0.229268720071695,0.599233933662585,0.414902640954158,5
1436,0.22456467206435,0.529237734176523,0.40609515759633,6
1164,0.221316451036628,0.570149793276492,0.414316875786442,4
692,0.376595989423804,0.402247980074026,0.429062506160699,2
347,0.760442333063111,0.546770947286859,0.400061174994335,0
359,0.279266157420352,0.226830101106316,0.0758139421232045,0
1114,0.22770803475591,0.570237965584276,0.412250523636952,4
597,0.354206577395089,0.221647387207486,0.211858545406722,1
759,0.382881891855504,0.10651086429134,0.381224973220378,2
656,0.382127935378812,0.113601988949813,0.383513729530387,2
1248,0.229100598154539,0.592340238005794,0.410889871689143,5
1147,0.225013328725541,0.559607084577285,0.407796767008501,4
1383,0.230766194658439,0.595063834301207,0.419455185047513,5
1089,0.223328872066409,0.568948997063943,0.414857171427324,4
1023,0.233618832958852,0.565772734634451,0.414459396931211,4
1087,0.229569670916889,0.572251299927675,0.412641323128542,4
1351,0.224912266175577,0.592050965103385,0.421253761993265,5
43,0.37625146843493,0.790222905576229,0.928512315033004,0
1593,0.233028064057911,0.530607388815018,0.419672554692314,6
705,0.385066626041662,0.236058578896336,0.0291210552444682,2
1403,0.230688976052442,0.534932515954561,0.414542636235168,6
1326,0.224722571528788,0.607959079107753,0.410077958053311,5
1412,0.228484898245084,0.541910536817541,0.409869019951782,6
326,0.165646612877026,0.710391038563102,0.947605546563864,0
925,0.316677536573261,0.0332084026420489,0.378247992345132,3
1345,0.225916375443388,0.608680367805152,0.41577615334631,5
33,0.757879688637331,0.741740417433903,0.886610070010647,0
188,0.541640854207799,0.79587908484973,0.112528377212584,0
894,0.321417272421531,0.388542838115245,0.381527109863237,3
505,0.352712684976868,0.0339675286784768,0.110820125765167,1
1398,0.221834035248414,0.600960271716839,0.419131867970024,5
184,0.579590842360631,0.424310123780742,0.0052242474630475,0
3,0.951953149400651,0.017705588368699,0.214006864698604,0
374,0.998044940875843,0.216331088216975,0.135787052800879,0
528,0.352330142252613,0.469630607240833,0.124226922495291,1
499,0.352659130280372,0.24263821374625,0.0347069594776258,1
437,0.349807711583562,0.35500920151826,0.354180270899087,1
1165,0.231267906324187,0.560935794518798,0.418496176956906,4
214,0.681152904871851,0.1912973287981,0.467602774035186,0
194,0.839690652908757,0.716391803929582,0.563054038211703,0
388,0.222323753172532,0.197810928570107,0.505552934249863,0
526,0.353884903443977,0.346647720271722,0.270668671210296,1
200,0.053132853936404,0.796838830923662,0.785619760397822,0
334,0.214720999123529,0.273341829422861,0.31516491016373,0
436,0.354814079618081,0.059881874662824,0.20739019298926,1
599,0.351081466786563,0.442706875922158,0.357378559862264,1
629,0.375414799901191,0.330605920474045,0.492605189071037,2
1545,0.229148768845802,0.536967511549281,0.416321176030869,6
447,0.351414615965914,0.204703644919209,0.0643129016738385,1
243,0.0437162627931684,0.516148367663845,0.78586934460327,0
842,0.319669770775363,0.0978465356864035,0.334438409982249,3
1591,0.226779132629495,0.53790124024906,0.419767743201408,6
22,0.605215544113889,0.744333245558664,0.522941207978874,0
567,0.351427209917456,0.466639941744506,0.240517630567774,1
586,0.350241633499973,0.40657994740177,0.358304950967431,1
276,0.506435460643843,0.556735450867563,0.441808812320232,0
605,0.384594512865879,0.0893786404747516,0.244001819612458,2
1050,0.230032109335425,0.563692539098707,0.412239447583882,4
1096,0.234501967611301,0.565412792205953,0.419755954003029,4
600,0.35225359098753,-0.000754913478158398,0.374781534983777,1
40,0.967807621462271,0.782669471111149,0.357847495935857,0
408,0.352864951845259,0.0298479615710676,0.416330761834979,1
731,0.381979179582559,0.493948029540479,0.502849724935368,2
1274,0.229877740135836,0.593112232632573,0.412822341265002,5
125,0.75757500063628,0.782502884510905,0.709477207157761,0
267,0.878760005580261,0.0510669883806258,0.410243578720838,0
896,0.317583699615207,0.423326985049062,0.0398515795590356,3
166,0.784555434947833,0.15353269292973,0.552273161942139,0
1540,0.226072701998674,0.53289266186677,0.415607881071971,6
1262,0.2256315687628,0.592730170623077,0.421834516673961,5
1564,0.228197703194601,0.534556036632603,0.414786592006753,6
198,0.475599746452644,0.705628669587895,0.747131416574121,0
106,0.88010614993982,0.208902980899438,0.387596087064594,0
1267,0.228742947657131,0.597662170840042,0.406324119743866,5
846,0.319477280129213,0.311569842463359,0.329164532804862,3
1015,0.226847790550196,0.569124248045144,0.415328436556055,4
573,0.345771637517028,0.347889892943203,0.451039374782704,1
363,0.155580923194066,0.981466768076643,0.567991483956575,0
1372,0.231679133463574,0.611331656307676,0.409557918625924,5
187,0.407548101851717,0.559176992624998,0.257058374816552,0
9,0.607114274287596,0.16452072840184,0.894354824908078,0
21,0.495769229484722,0.623733229003847,0.232826149091125,0
1386,0.231560188146245,0.597106731386413,0.41441656429086,5
1151,0.232593001441471,0.568881041827336,0.403687180568932,4
126,0.720011201221496,0.572238624561578,0.966831817291677,0
890,0.32451973566087,0.171678315335885,0.239188504265621,3
1391,0.213458270362501,0.589515492880144,0.408514822815211,5
1547,0.22577583357323,0.532320671296529,0.407947656832618,6
165,0.817960974527523,0.810488973278552,0.433404834708199,0
1491,0.220254530223377,0.544412526547332,0.413441183019205,6
1236,0.230848995579539,0.59642942982244,0.410195523293665,5
902,0.32197400755249,0.13636741398368,0.103636015648954,3
1567,0.230859350202573,0.537905264460298,0.419217768998031,6
962,0.317382817785256,0.463127478095703,0.214427905832417,3
1292,0.223907705679976,0.590890624255098,0.410402260742528,5
1025,0.223500984678662,0.56770252840027,0.415680543534804,4
316,0.327282650396228,0.266635098494589,0.847072036005557,0
209,0.15062619256787,0.409568013390526,0.0123512784484774,0
466,0.350447610064875,0.293973560398445,0.498428554832935,1
1459,0.22618673139104,0.534092389619862,0.41746232844673,6
1499,0.22238417205676,0.538710845778855,0.412316748393925,6
788,0.381652060602792,0.130972092226148,0.414310739352368,2
151,0.465813053306192,0.835713393753394,0.258812348823994,0
1338,0.227529349942952,0.592007581595835,0.417314743644514,5
1094,0.231697313557839,0.574632150307461,0.419968787119648,4
473,0.349444686337374,0.355713127134368,0.30584214986302,1
1034,0.225504145292994,0.559274303440909,0.412342752344103,4
1186,0.221324445804485,0.57178410128649,0.411292321181004,4
318,0.168419970432296,0.265890644164756,0.563433485571295,0
1054,0.228808846562687,0.55569298405354,0.411234977766369,4
1223,0.221390537106431,0.595368358180397,0.410034819125013,5
1440,0.230994948460678,0.532015823981808,0.412432227390509,6
866,0.319713421924971,0.334658687072806,0.334911374701187,3
516,0.351653300106991,0.256004686886445,0.0382886185310781,1
970,0.32094310359098,0.167637203424238,0.225858689029701,3
1419,0.218992746959113,0.536682179973222,0.406297166999043,6
1340,0.234835921798847,0.601460001325651,0.412679245040462,5
633,0.384309892973397,0.0408892546081916,0.125536903599277,2
670,0.381128564851824,0.236211433610879,0.228025661292486,2
1190,0.228078310570459,0.56214295630116,0.414172210380918,4
615,0.381933087373618,-0.00367480544373391,0.370924335182644,2
354,0.398073685122654,0.717094733379781,0.926615405362099,0
895,0.317600051027257,0.414734416594729,0.0436335742473603,3
680,0.37574779037619,0.412793790875003,0.477687983051874,2
1406,0.226005644725581,0.544029708874208,0.414380757786541,6
858,0.320176547439769,0.385861593135633,0.138140751840547,3
720,0.378793314332142,0.282026510406286,0.211423478880897,2
1167,0.227086232878252,0.558909305954027,0.409461416564789,4
255,0.477152438135818,0.125023950589821,0.143257206305861,0
1075,0.221427376216034,0.555997120910492,0.417035501234626,4
1453,0.227856331990757,0.532691738990629,0.399671126176563,6
1447,0.226704022935392,0.548306966795406,0.40528650468364,6
702,0.384418659536168,0.284337445115671,0.300145217427053,2
76,0.262449196306989,0.245985949411988,0.0124944080598652,0
1495,0.225006270750854,0.533551333272439,0.419976403933718,6
602,0.3770233815955,0.199508327827789,0.330827747215517,2
506,0.348260152912699,0.0983846805291251,0.476526974327862,1
645,0.382719999731053,0.258968684542924,0.402542253467254,2
233,0.280025200219825,0.0831453131977469,0.751297289505601,0
923,0.321805519685149,0.109720583143644,0.410953157325275,3
787,0.381346930675209,0.111575693194754,0.441700639412738,2
1212,0.22371861288961,0.599389337921729,0.409995265153465,5
1552,0.233091025051582,0.543877212833358,0.409999447450832,6
957,0.316652266872116,0.414329836447723,0.0914211381226778,3
811,0.317672125156969,0.0698660781607032,0.303015233925544,3
1230,0.230770086998071,0.593997589258385,0.422892530858317,5
899,0.321636163042858,0.294452949496917,0.316838456992991,3
112,0.717045540455729,0.59266300057061,0.222779240226373,0
718,0.376245809039101,0.308573703467846,0.197255174024031,2
1570,0.217934674679674,0.536373844820306,0.416982751092881,6
273,0.223707817494869,0.823171382537112,0.67905747750774,0
1017,0.225214057350931,0.570298112712161,0.415381339342426,4
53,0.991879062959924,0.543865477200598,0.735519098350778,0
428,0.353591921213083,0.18637154630851,0.342976266727783,1
888,0.315217077790294,0.329987853136845,0.382172980438918,3
649,0.375917284409516,0.275589066045359,0.137419852870517,2
491,0.35470816181507,0.248130600387231,0.0567910803714767,1
1160,0.225208462539026,0.56719518757489,0.419203121650663,4
783,0.384532040390186,0.149923003930599,0.0932115547824651,2
1097,0.233412512181921,0.568999903191085,0.414911143434942,4
1580,0.234153093040766,0.539297405011768,0.407282100024358,6
231,0.98363689170219,0.315755560295656,0.335633644135669,0
377,0.547754094703123,0.565987230511382,0.274110526079312,0
1207,0.217337149589218,0.599575403621286,0.42252568891114,5
837,0.31652842793148,0.338381868740544,0.442271652957425,3
177,0.291923498502001,0.0842629442922771,0.810085790697485,0
1030,0.230253052056116,0.575669124992331,0.418298897821995,4
305,0.286516700405627,0.0579896797426045,0.182035406120121,0
371,0.244853193406016,0.671541013056412,0.860259865876287,0
695,0.383512836522423,0.291510219639167,0.419279602449387,2
31,0.754334860946983,0.988740344066173,0.332658587489277,0
556,0.353064455173444,0.489104757504538,0.0653598129050806,1
51,0.831023717066273,0.0150807234458625,0.804164833622053,0
1022,0.225463285060216,0.565588224597717,0.407357800719264,4
558,0.347206667677965,0.239153762417845,0.126384712033905,1
1528,0.220201996094203,0.537701449311733,0.41444781121269,6
617,0.381338498357218,0.317691743676551,0.446268105390482,2
906,0.321957454942167,0.0994397988077253,0.261362380208448,3
461,0.352571959230118,0.405236556497403,0.0887736908392981,1
1561,0.230483586142902,0.532035136313781,0.415467143619986,6
758,0.378922672015615,0.0886942337499932,0.40698719045613,2
73,0.859568157000467,0.975742268143222,0.63455793610774,0
1060,0.231516219848847,0.560756297257083,0.417974227337603,4
1216,0.223585676826889,0.597634826194502,0.414208943556366,5
1481,0.221610248088687,0.541295530570884,0.415229523896863,6
856,0.316631252912339,0.193184102489613,0.17929833275266,3
12,0.871579907601699,0.0941809839569032,0.446050501894206,0
1598,0.224895598462081,0.541942651449628,0.407013970030128,6
1506,0.230721740049205,0.52727961260625,0.410316345397371,6
1394,0.238754867297484,0.590368103661282,0.418747511543279,5
945,0.320314576118253,0.401536314468831,0.441341592208482,3
1194,0.220623434982811,0.555795839861679,0.420600421413017,4
1287,0.230070057903329,0.5992736227577,0.417332553751061,5
1056,0.222752160092012,0.570041404324432,0.410932334865775,4
749,0.380928700452205,0.0310356857487932,0.233357836701907,2
493,0.346642554509454,0.0313181972131133,0.0419488345272839,1
1132,0.233211602547563,0.566361603751571,0.424636444274962,4
392,0.306598747847602,0.440135143930092,0.793225832283497,0
566,0.352418874378782,-0.00493123061023651,0.39031835666392,1
283,0.917880545835942,0.0533069774974138,0.231051652226597,0
242,0.56203750311397,0.0633608114439994,0.278062154306099,0
958,0.318961418208201,0.23506264698226,0.0492301628459245,3
952,0.324337953072973,0.360208034468815,0.176151008321904,3
272,0.453953509451821,0.647145601920784,0.194859870942309,0
1169,0.224656791091455,0.573148310856236,0.409821925611037,4
725,0.376523259899113,0.450440540513955,0.115931446757168,2
1360,0.219740637565356,0.603410549756954,0.417774829150416,5
761,0.375892951586284,0.0308700934518129,0.295529507775791,2
1468,0.219087820324989,0.533211557360408,0.414192068917703,6
270,0.507774967700243,0.0687960351351649,0.733668459579349,0
655,0.378672255652491,0.402014028932899,0.402446654136293,2
498,0.354867755647283,0.000309985084459202,0.210379939270206,1
1118,0.222300909126906,0.568397453073392,0.412926950206366,4
78,0.461530588101596,0.838857960654423,0.873121111653745,0
660,0.380801505590789,0.460193062853068,0.495229279482737,2
244,0.433841757010669,0.870685658184811,0.324477521702647,0
563,0.351388852959499,0.145012365840375,0.166685074893758,1
412,0.347886635160539,0.133887667977251,0.46546504679136,1
805,0.317077372367494,0.0598587160464376,0.235662753786892,3
681,0.383307700231671,0.247939839796163,0.505437617516145,2
277,0.801171971485019,0.773422139696777,0.14369228691794,0
399,0.067246743477881,0.417758932104334,0.27605267171748,0
365,0.111334019573405,0.191831118660048,0.386578887468204,0
368,0.697208885801956,0.612098179990426,0.0699947855900973,0
108,0.64049637527205,0.0479538936633617,0.6157366479747,0
211,0.456891445443034,0.96423157886602,0.770549474284053,0
790,0.37928749535,0.2311425590422,0.0692722695879638,2
589,0.349845963623375,0.183311082376167,0.497289035446011,1
732,0.381267095992807,0.103713915171102,0.453143403376453,2
503,0.355056244796142,0.337916573346593,0.176391101069748,1
1563,0.231472124519719,0.537894290615666,0.414027709320077,6
810,0.317900774683803,0.111752457520925,0.457630840456113,3
1171,0.225579960882051,0.572495924882813,0.408170019923402,4
237,0.317977298749611,0.165464645018801,0.0386267770081758,3
1486,0.224645732303388,0.539754337025942,0.418006574934213,6
424,0.351900494198781,0.20346292196773,0.509401322202757,1
1013,0.219077707043562,0.564877052629432,0.415809374058455,4
918,0.321734722123947,0.294444973883219,0.0594411727273837,3
170,0.118313313694671,0.566733477870002,0.0519697179552168,0
1277,0.222072492884577,0.601354645112399,0.418039514585472,5
1573,0.222708923384974,0.537218227114544,0.419322981209773,6
252,0.323524737730622,0.228900185553357,0.593292666366324,0
606,0.384750733438414,0.267192958923988,0.264360847161151,2
934,0.320826122793369,0.00964267267845573,0.15856697303243,3
213,0.671350801363587,0.498163568554446,0.0579951733816415,0
1574,0.217474564641227,0.545317510908128,0.417966235645314,6
230,0.31215315987356,0.701647417852655,0.694537381408736,0
1500,0.224934116731472,0.532526762183467,0.411796159123117,6
1428,0.235579461140297,0.525859313474696,0.409185543600468,6
1466,0.225156104793992,0.543789995213119,0.41248094465106,6
291,0.970439638709649,0.875534225720912,0.879662493010983,0
1371,0.226765862848577,0.594674685030759,0.418021200025747,5
1098,0.226527066085481,0.563624369073163,0.421900482432234,4
295,0.766347178258002,0.516782776685432,0.632467951858416,0
91,0.146395597606897,0.351514131296426,0.127981720259413,0
910,0.319221826223657,0.118756227847189,0.504045056388713,3
1051,0.230446998707643,0.557185181880031,0.41438964918244,4
1138,0.222352901644118,0.570655060057219,0.407379267158624,4
1511,0.226103174752315,0.547341143032209,0.428029629083853,6
937,0.31635451420676,0.0595106079243124,0.427016012463719,3
1202,0.222201717872029,0.594833205817807,0.410780276285062,5
829,0.318786107974593,0.271991763915867,0.172018832387403,3
659,0.378032131020445,0.424353024177253,0.0760701080784202,2
845,0.318821141903754,0.493920367630199,0.50211284190882,3
920,0.324924800826702,0.413223853288218,0.479780507599935,3
779,0.375625689963345,0.060610778699629,0.243480446259491,2
310,0.62792380200699,0.252636298304424,0.447873817291111,0
991,0.323544998373836,0.155421458487399,0.201455032313243,3
872,0.319987142020837,0.46572958312463,0.355023564631119,3
89,0.126810795394704,0.150591125013307,0.886424398515373,0
804,0.315985511573963,0.134694517892785,0.0906830973457545,3
1450,0.234746145325401,0.539228227524615,0.409600595519531,6
1219,0.229564244839636,0.601526044404138,0.423304864592487,5
117,0.406163013540208,0.427039312198758,0.732157194754109,0
1139,0.226638921209407,0.559165987745197,0.414821294204732,4
682,0.384884101976641,0.474671056447551,0.160122888023034,2
1560,0.223514864602249,0.543435735264814,0.41190732571313,6
559,0.347834138763137,0.429858394619077,0.0555896727368236,1
832,0.320429224658292,0.305098121007904,0.379438492329791,3
782,0.384116065779235,0.204261994059198,0.40931649224367,2
884,0.32476368450094,0.189000766794197,0.0936027558986098,3
775,0.384143404995557,0.100140762585215,0.448487601568922,2
940,0.31739280971,0.0937478153035045,0.100175384059548,3
551,0.347823363342322,0.347644862672314,0.305722017632797,1
195,0.235229943646118,0.129869749303907,0.0603171403054148,0
1168,0.229378207616514,0.571252138175546,0.417858424963852,4
1405,0.228682829421828,0.539840054100252,0.41472900823504,6
1126,0.221388971356965,0.569790900904583,0.408396056392155,4
1474,0.223229417654459,0.532158764885748,0.419077355520517,6
959,0.324224331874866,0.199862989550456,0.154457840346731,3
1182,0.218135636891994,0.571824830891682,0.415900288420041,4
36,0.797895508585498,0.345854360610247,0.861097105313092,0
1045,0.225905947646232,0.560427018956348,0.415541882446786,4
1549,0.22122462185374,0.541688714949534,0.416718535364572,6
1432,0.222332111296479,0.538981363890331,0.421971731406032,6
1016,0.23009670324572,0.567405416903153,0.41597976194758,4
1534,0.227105341836375,0.536605490586471,0.419342857326226,6
1062,0.23143955581595,0.566102155549135,0.420382164285396,4
798,0.375814498201944,0.145744622638449,0.20692864570301,2
124,0.918651308165863,0.382247171597555,0.251350184436888,0
1407,0.236098241456883,0.536406704701591,0.423369641437167,6
579,0.348980989346746,0.179883431247436,0.0995879581663758,1
1124,0.223121497284007,0.5614541087301,0.412399022257594,4
1370,0.224871687130368,0.591732364429001,0.410446724843924,5
1019,0.229269757596469,0.569693089368967,0.416861670541333,4
613,0.380795043525286,0.141750096995384,0.203202722105198,2
686,0.381294710163493,0.0843678877688945,0.200121664768085,2
130,0.748838091967627,0.388877736870199,0.199023798573762,0
878,0.321052367603406,0.0686086853500456,0.376751354639418,3
521,0.346481443746015,0.0684451936511323,0.473403961258009,1
500,0.346496182321571,0.470359539333731,0.469265248021111,1
638,0.382412526775151,0.179994565970264,0.0225864726584405,2
522,0.354297833053861,0.22033160792198,0.196419222606346,1
946,0.322176505846437,0.183351076277904,0.461291652033106,3
797,0.379446899818722,0.28556631046813,0.13459216975607,2
58,0.710860661696643,0.206735731568187,0.00677257054485381,0
66,0.834402560722083,0.934719539014623,0.0601506161037832,0
1012,0.225432770316105,0.572320512684468,0.408258035910318,4
1346,0.220480977529302,0.592085688949388,0.410517890818326,5
624,0.378614356697071,0.033432327862829,0.429053930775262,2
1259,0.231515460005778,0.593042894727273,0.41961946626762,5
132,0.758652707096189,0.470649992581457,0.543801822699606,0
44,0.168884619371966,0.223990840138867,0.055747241480276,0
1535,0.226600635256663,0.534489285433077,0.414264546424253,6
397,0.205857747932896,0.765968471067026,0.015072145499289,0
1457,0.217768748908726,0.536914306777113,0.421125990623274,6
1214,0.225555895432197,0.598906857163012,0.414479137302551,5
700,0.378776187135372,0.157600817224011,0.222744678589515,2
1156,0.23267578768122,0.567086792089855,0.406247777589149,4
1123,0.225199943389096,0.566602256579808,0.416690215420133,4
561,0.350224302604329,0.481409808807075,0.170737285958603,1
1470,0.217870054884417,0.538350892658618,0.415843238512777,6
944,0.323807782966178,0.0384469998069108,0.0733917422825471,3
1330,0.229290422133553,0.603072106786588,0.414420190908823,5
867,0.315344857848249,0.204550015227869,0.345509216049686,3
261,0.0585472921375185,0.307429216103628,0.0681358396541327,0
1548,0.226992298468031,0.545470151304766,0.417380023034239,6
351,0.441751993028447,0.72980504273437,0.882711966289207,0
340,0.748795402701944,0.917236084816977,0.168073039501905,0
420,0.354442045565229,0.175915530370548,0.113004239369184,1
1206,0.234293363423759,0.589537604618636,0.409403154812667,5
707,0.382271872896235,0.153544761775993,0.410723427403718,2
588,0.352454383273143,0.185867424076423,0.441514610406011,1
413,0.349411806378048,0.008206370822154,0.0627755084773526,1
679,0.378704298210796,0.471016858890653,0.26191548674833,2
620,0.382808971265331,0.232159128482454,0.0511983514064923,2
116,0.684111072216183,0.201317125465721,0.306493831798434,0
836,0.321489391496871,0.0105439674342051,0.238602206204087,3
972,0.320607551699504,0.220842815074138,0.517542065447196,3
1090,0.236023203329476,0.56357806996089,0.409885508494159,4
966,0.316438139930833,0.127565502258949,0.447997229732573,3
1401,0.230266642932492,0.542169836338706,0.421796093532922,6
1536,0.223249753222009,0.531931343252445,0.41481856569175,6
1011,0.222609995361164,0.570479731407464,0.416526529755434,4
1413,0.222884346685061,0.536419008664981,0.417429874807068,6
406,0.354076077823993,0.328513139812276,0.163095751288347,1
741,0.379263571726624,0.261794763221405,0.368852618010715,2
448,0.346942143500783,0.275122348289006,0.129723260970786,1
1028,0.227115193119861,0.566037597590088,0.419544721199424,4
1009,0.216991947188959,0.574047169190546,0.406864579592947,4
1516,0.22598061214806,0.545444055917457,0.41528135093927,6
1600,0.233659500226116,0.534522306796021,0.41450394031742,6
608,0.385026491314638,0.052862548804842,0.495521938521415,2
138,0.244669567327946,0.785851552616805,0.830927035305649,0
893,0.32005505154375,0.207837361795828,0.516121556609869,3
544,0.352611731477082,0.315348680084571,0.0919005183735863,1
1559,0.222092154238708,0.536596736435811,0.412711016302997,6
708,0.384301949560177,0.374744508368895,0.441861260775477,2
911,0.324015902592801,0.270838225330226,0.332887191534974,3
751,0.377357387337834,0.0467641275143251,0.397638564789668,2
868,0.318825981626287,0.384670506301336,0.075436080317013,3
1361,0.24235501341805,0.601519251601101,0.409770659256962,5
1079,0.225870440852237,0.575135808804275,0.421950583168831,4
1579,0.226160942227662,0.536411316987086,0.413905427648673,6
1117,0.220756634239214,0.566376590211118,0.41716839481661,4
1178,0.226793462492435,0.573160417406833,0.403236055338318,4
1000,0.319978858537506,-0.00244681588374077,0.456752075674012,3
1393,0.225544274046041,0.605924014794949,0.410985410363784,5
1595,0.223761230132614,0.533762074875383,0.414183633185089,6
652,0.380680176147725,0.423035055585206,0.305304618412629,2
481,0.352067216879223,0.237407611869276,0.127795659913681,1
13,0.3440835068468,0.120057480176911,0.641385763417929,0
530,0.350783596646506,0.300651031499729,0.237244599126279,1
908,0.318925732180942,0.142433529207483,0.247537407418713,3
813,0.32176093082875,0.306627908907831,0.0367980308132246,3
54,0.490066174417734,0.319833246292546,0.834321770118549,0
1460,0.217147162898159,0.536110088094833,0.413984835883521,6
423,0.347260194658302,0.362777190469205,0.50970232472755,1
1200,0.218765225112119,0.572246562328101,0.418412810321282,4
27,0.55930562550202,0.0338763587642461,0.43967331876047,0
1426,0.229403061828959,0.531936891350641,0.417874350191755,6
1449,0.216329410769507,0.54079128194905,0.411414004775418,6
531,0.350512905609794,0.345412788051181,0.340460079815239,1
825,0.324398103584535,0.269197697471827,0.324440984847024,3
1272,0.233933652288268,0.589948662749337,0.420621952618708,5
785,0.378081461552065,0.328627465362661,0.429449583729729,2
1325,0.238702013315407,0.595203925101375,0.409590112932896,5
835,0.315551810448524,0.130494764260948,0.332208286481909,3
1198,0.218828300286589,0.568893456592139,0.415445113455163,4
337,0.519637672929093,0.157392966561019,0.460473917657509,0
1475,0.226658164824739,0.543974743435075,0.415907681880923,6
186,0.201308903750032,0.144024135544896,0.835768280783668,0
859,0.319551129632164,0.43778277055826,0.107933958270587,3
1120,0.222113950471036,0.568373035939152,0.411441976964192,4
1367,0.225422576837471,0.594573305331349,0.418987147036146,5
632,0.380549035882577,0.00568956609349699,0.405830295034684,2
678,0.378195401064586,0.137454255321063,0.26467805178836,2
943,0.323321541724727,0.366009295987897,0.351741666300222,3
1510,0.226396289202853,0.534164103089027,0.408083826505013,6
960,0.316961903942283,0.111648443341255,0.204451545118354,3
688,0.379076970403548,0.0813795147230849,0.112931667687371,2
755,0.377176827818621,0.309132530656643,0.519606005726382,2
325,0.55120466160588,0.132907901192084,0.794813030865043,0
971,0.32368608711753,0.412619443447329,0.491486305114813,3
1388,0.223534253715088,0.593557456778476,0.41286044535078,5
1039,0.225558244070177,0.563088776301075,0.413592557440215,4
564,0.347353772383649,0.0895855559036136,0.0658622061368078,1
218,0.385671882657334,0.489348880946636,0.182582705048844,0
199,0.358223826624453,0.518293362343684,0.0857865419238806,0
1585,0.228587015842699,0.531008932101831,0.414795290626635,6
248,0.352263656910509,0.87812826782465,0.514571125386283,0
954,0.322742237173952,0.317328819609247,0.491131242108531,3
260,0.320852737408131,0.164462431333959,0.596544722327963,0
395,0.499518064316362,0.684307515621185,0.67511345515959,0
149,0.476333365775645,0.642189599573612,0.59174519078806,0
1480,0.226279714203927,0.536964662303314,0.419903073504574,6
306,0.0689413875807077,0.512522736098617,0.983157379785553,0
640,0.383732102876529,0.115607034834102,0.16172309089452,2
153,0.397780987434089,0.697832898003981,0.57070618448779,0
134,0.8959273211658,0.670532261254266,0.98513049329631,0
228,0.8079477569554,0.466970744775608,0.0552827543579042,0
736,0.378938501100056,0.176815723371692,0.174326454731636,2
729,0.380904513583519,0.279049846064299,0.476692087226547,2
239,0.0255258388351649,0.582944098394364,0.206471489975229,0
703,0.378588414993137,0.116254469798878,0.377596343727782,2
1004,0.223238288788443,0.570511255337156,0.412801262558558,4
1049,0.233963715050909,0.565539488832785,0.41732356337196,4
1220,0.224497401136573,0.598545194003037,0.417477424384517,5
1122,0.218049559064482,0.568797752727439,0.422245050439436,4
1196,0.22233733228795,0.563001701122818,0.412369738635086,4
1438,0.217899305161089,0.534461974151359,0.427141317607863,6
288,0.684522283729166,0.589840084780008,0.410322445211932,0
984,0.324039728117641,0.416536117042415,0.480751505098306,3
440,0.348324435413815,0.007211573375389,0.390271423826925,1
396,0.577638587681577,0.577382881892845,0.0447390240151435,0
912,0.322110160482116,0.451398334768601,0.41213140564505,3
109,0.269412390189245,0.199726574588567,0.239133324241266,0
268,0.396442726021633,0.817954204510897,0.180115846684203,0
369,0.0027585958596319,0.767349374946207,0.73457998316735,0
781,0.380540196381044,0.49248710910324,0.0992912894347683,2
47,0.363368543563411,0.320497934706509,0.656694233650342,0
921,0.323058687369339,0.214350940613076,0.267188506876119,3
16,0.200142130022869,0.573869225103408,0.279772715643048,0
147,0.468086050124839,0.562241774750873,0.681428546551615,0
400,0.270378828048706,0.280838995007798,0.247222578153014,0
1396,0.222501692095141,0.598409821390591,0.412271732329454,5
1185,0.22326142259782,0.566546559826826,0.418288015609595,4
869,0.323750965290237,0.317230021534488,0.257009521219879,3
443,0.353458620933816,0.300755159184337,0.183100008615293,1
34,0.566630164394155,0.364747077459469,0.839635183801875,0
382,0.826319527346641,0.624731174437329,0.937818681355566,0
308,0.662888140883297,0.244977337541059,0.315115079749376,0
271,0.0434185969643295,0.431202088715509,0.905288575217128,0
1038,0.230316224131533,0.568149497774835,0.414931418583688,4
300,0.272680729394779,0.243493434973061,0.802984615089372,0
938,0.320779692311771,0.269949426827952,0.487884769542143,3
220,0.743553728563711,0.178191638551652,0.902621378889307,0
1512,0.22045351425837,0.532230472768181,0.407879459614414,6
827,0.323911062858533,0.185401111328974,0.499798293784261,3
770,0.377028378043324,0.239385668258183,0.327379462402314,2
458,0.346295621755999,0.074428891716525,0.329292674758472,1
1260,0.227787063212796,0.596956915902099,0.415122755351091,5
342,0.733945690793917,0.0779115876648575,0.5799817701336,0
507,0.351118381286506,0.15823113960214,0.458531136019155,1
1254,0.224707906628871,0.596298555620027,0.411231028078043,5
671,0.383530489315745,0.188319621910341,0.158807804086246,2
1416,0.229230220010144,0.552165006300901,0.409154297138321,6
1369,0.22928358362626,0.601612543909687,0.417013462317564,5
626,0.376697988619562,0.268335984041914,0.246674240427092,2
1250,0.228788736841306,0.592153610701543,0.420725215013157,5
1166,0.222946707744243,0.567634713258181,0.42530503829282,4
405,0.350878308967222,0.105050354101695,0.478841905924492,1
901,0.316329510649666,0.0718842456815764,0.500789604592137,3
1128,0.23382046564763,0.562055964727089,0.412271721263661,4
465,0.347976963126566,0.0318904196145013,0.261084132338874,1
444,0.348306084081996,0.102600565366447,0.190556199266575,1
1125,0.2281674455331,0.564653211343192,0.419175752754468,4
246,0.588872400578111,0.09638352249749,0.52175782667473,0
426,0.354619051392656,0.466874907910824,0.448174928757362,1
215,0.105109121883288,0.992528344038874,0.0340599010232836,0
210,0.506633219309151,0.992201883578673,0.0635000695474446,0
992,0.324981751088053,0.446374413743615,0.338876877422445,3
905,0.323597425597254,0.236360891908407,0.437018566275947,3
1162,0.225118806773545,0.561968628407255,0.416077265169989,4
389,0.169692377094179,0.81448571337387,0.610905198613182,0
1115,0.216550909391386,0.564599970357745,0.410569747359431,4
303,0.854416201589629,0.498831744305789,0.859050457365811,0
1541,0.234933210983684,0.525687312971383,0.423084122136546,6
1542,0.229524275075052,0.532104454735801,0.411508235785437,6
1431,0.222671894725632,0.539822560170383,0.417124914420535,6
515,0.352774803852662,0.478021851577796,0.227389547950588,1
1103,0.21671555621052,0.572606470117887,0.413817043001479,4
709,0.384098072112538,0.442814464168623,0.0369189117103815,2
1596,0.225305013910933,0.530774608063351,0.413024784438734,6
977,0.315252159412485,0.0149727196665481,0.50144194518216,3
549,0.345569171311799,0.453572745504789,0.183947450807318,1
1557,0.229173531258491,0.539332666041349,0.412380479155032,6
1203,0.217334299171664,0.60245078345402,0.415129377871753,5
249,0.375436532776803,0.79815839510411,0.731949670473114,0
1425,0.225979001285078,0.539117256580499,0.412735207578144,6
710,0.381730174815748,0.471578689827584,0.279532546503469,2
1240,0.224847087679106,0.585599784195471,0.427684254062864,5
10,0.86729394714348,0.0442298690322787,0.860344098648056,0
873,0.324392303214409,0.176362882787362,0.489594830642454,3
56,0.520301678217947,0.526907275663689,0.0690769893117249,0
691,0.383361138284672,0.395634958706796,0.0299666566774249,2
988,0.324438120892737,0.188483507558703,0.386564724706113,3
1211,0.227008567973864,0.591939721187883,0.411913498521198,5
767,0.377025113792624,0.253003717004322,0.518968601804227,2
1355,0.221860940475873,0.592904437335686,0.421225226126232,5
24,0.602111356332898,0.347024406772107,0.618854819796979,0
1472,0.227619766425131,0.543991784692212,0.422242315179946,6
1146,0.231678127220124,0.564823779784917,0.419988269967171,4
1532,0.22159732678381,0.531776476953894,0.420772255354514,6
742,0.382963803471066,0.00941260107792916,0.503648267686367,2
128,0.853074437240139,0.0817045494914055,0.936744201462716,0
1527,0.223831979792711,0.54639834397923,0.415537611706381,6
1131,0.224590308936327,0.567768088740542,0.415102093490379,4
6,0.779516823589802,0.367793724406511,0.483928467612714,0
1569,0.22902400706734,0.542025331478692,0.407716254553677,6
1437,0.227506231263583,0.539528138287597,0.411692408835934,6
993,0.321776162548922,0.0224000578280538,0.17579783112742,3
1121,0.218613410722591,0.565166602373141,0.414897300218213,4
1555,0.236656568224428,0.542674650179719,0.406023261970129,6
1085,0.231215420659953,0.57031795289539,0.40994678481291,4
834,0.317334771340247,0.0985043540829793,0.0795504282927141,3
756,0.381794833792374,0.223381760600023,0.0948773316107691,2
1331,0.22947085145969,0.588749913377756,0.420343010346994,5
534,0.348960625028703,0.294288069545291,0.478734386246651,1
1280,0.231181310680968,0.599905509524585,0.409228836250939,5
1556,0.228723110927469,0.542595745964185,0.423199278293568,6
64,0.858670556917787,0.465402173576877,0.691465147538111,0
482,0.354385327228811,0.383168001030572,0.378015248198062,1
470,0.350530546968803,0.139547419571318,0.420986296003684,1
1226,0.233001646362303,0.601489892697194,0.414606553662847,5
1040,0.227816328859865,0.564473130212623,0.411769872920983,4
596,0.346631216111127,0.127904352801852,0.146032682596706,1
855,0.31946736717131,0.249446115526371,0.118362700310536,3
612,0.377916320040822,0.492114164936356,0.267623245925643,2
1553,0.23654958487616,0.542936232596521,0.403129273433218,6
840,0.321797360319179,0.12238008081913,0.0676208114949987,3
1170,0.23944137194093,0.569653662038807,0.416540167684042,4
1199,0.22624557752505,0.55928864786237,0.418206881189665,4
1490,0.231138291208721,0.528698144019792,0.419941833174281,6
158,0.351045813644305,0.834229987114668,0.680725154234096,0
860,0.318800186368171,0.0585455842781812,0.16824089884758,3
712,0.378636397088412,0.416666633170098,0.181861740746535,2
722,0.382845041409601,0.356458760052919,0.0233372002607212,2
1308,0.225720335297803,0.596389276416145,0.412848498365971,5
411,0.353901205940638,0.184553706389852,0.178119154390879,1
479,0.35305948857218,0.191161200008355,0.490775880031288,1
987,0.317878421437927,0.194957523792982,0.0902527180500329,3
819,0.320119870179333,0.422709191637114,0.0797947607701645,3
833,0.324980586979073,0.0499456848017872,0.126007148274221,3
826,0.324874109623488,0.292311797337607,0.204897378897294,3
730,0.381943772458471,0.00240349217783661,0.365356055647135,2
927,0.321871283461805,0.299170733615756,0.16435791736003,3
41,0.481643434148282,0.580016809282824,0.720787102123722,0
197,0.894694156711921,0.404345170827582,0.281315157422796,0
1076,0.222420778277977,0.573457329894889,0.411039235474737,4
1155,0.233646598810163,0.563839310369065,0.416435378247699,4
693,0.38373600104358,0.162313000485301,0.407302823592909,2
903,0.322928276788443,0.2768782221945,0.221592059801333,3
313,0.041349402628839,0.37694263481535,0.841084776213393,0
760,0.383246828133706,0.239853184507228,0.391175275528803,2
1224,0.219639508960488,0.587474240751025,0.405891320217576,5
919,0.315619452672545,0.0468873576726765,0.409406939498149,3
152,0.285528722452,0.110939936246723,0.565124820917845,0
204,0.110327571630478,0.125473169609904,0.517927278298885,0
1143,0.222572553416349,0.562487087011055,0.419098302758302,4
582,0.350002666469663,0.0984192203730345,0.499239916773513,1
282,0.316679445328191,0.352405330399051,0.35894424514845,3
1242,0.213805564456505,0.592757774536703,0.412158465404921,5
513,0.345156301683746,0.204246826190501,0.343994729779661,1
669,0.377961154032964,0.489671519445255,0.500023270468228,2
809,0.321161336493678,0.31241542166099,0.486363472626545,3
1494,0.222696404602215,0.542726051620539,0.416074709286122,6
1065,0.232640019776107,0.567972511306973,0.41666307270599,4
1276,0.229205338380678,0.602858027578274,0.416568354092123,5
631,0.382184053580277,0.201869269786403,0.356209708354436,2
1067,0.218700590169266,0.564278410749786,0.411541458969731,4
578,0.345298223341815,0.445516836084425,0.167110020387918,1
1352,0.228246973326594,0.60818877904664,0.413422884884478,5
323,0.606613657670096,0.901774239959195,0.160648158984259,0
1273,0.229461726390081,0.594285400656881,0.414827556209453,5
1300,0.226006835065648,0.600295077097504,0.422574934755728,5
1014,0.224523945874817,0.569964229820246,0.417750662107757,4
1188,0.228900493274029,0.565674260208997,0.413901353190191,4
1305,0.221392532086674,0.602520613657348,0.416856803272717,5
1281,0.230072238631674,0.596120839397559,0.40565727844325,5
1310,0.220332590022464,0.588045340828976,0.414956744801435,5
734,0.378123114821501,0.277306917775422,0.473666095384397,2
1321,0.228585516548787,0.58789719291,0.428903904545413,5
696,0.375966351944953,0.384668216179125,0.135980035387911,2
1136,0.225526610144523,0.558798131037901,0.420412175108771,4
454,0.345548158686142,0.271653901506215,0.148814180959016,1
569,0.347115996186622,0.209921030630358,0.302640619082376,1
1278,0.233460934393526,0.59483345183997,0.421374923486519,5
422,0.353441379978322,0.16024308053311,0.430940706725232,1
543,0.345724286274053,0.135189049132168,0.225434598256834,1
974,0.315952735282481,0.194670122535899,0.107973788841628,3
1082,0.220823267739868,0.575420212879533,0.418979148203469,4
496,0.353321098284796,0.0640220826724544,0.237913413648494,1
865,0.317424076525495,0.172311070561409,0.12974494472146,3
852,0.318257491393015,0.212020692834631,0.0624921248294413,3
1417,0.226110516535038,0.530776542296414,0.418470911115497,6
529,0.345389086666983,0.237398185604252,0.324695618450642,1
1348,0.229331193213234,0.600926606388527,0.409299006674206,5
1594,0.226868321569932,0.540680793378245,0.410977860256036,6
1064,0.224138201093329,0.568213090032506,0.418761328122036,4
1106,0.229770898188909,0.562340218187337,0.426989358077892,4
136,0.712341649690643,0.304819710552692,0.615455646533519,0
1134,0.221148606621286,0.567356340956573,0.409680441835283,4
851,0.323317049953621,0.232888254174031,0.252778168278746,3
1572,0.224008887305666,0.532232230842668,0.409616428482634,6
1238,0.228332249113267,0.59826787212388,0.417968608452459,5
771,0.379849547906779,0.26523606881965,0.177159301098436,2
683,0.383181978908833,0.217175963986665,0.340915858605877,2
726,0.376189445520285,0.341651598410681,0.201014912081882,2
1227,0.221051854748944,0.593398094327678,0.415829204986444,5
174,0.91217544558458,0.719090244034305,0.614144406979904,0
1233,0.231135256472906,0.593183838539344,0.41761215680104,5
637,0.377943561812863,0.183935314137489,0.180203781207092,2
802,0.319457783552352,0.0504680611891672,0.186098334705457,3
1576,0.236220549763531,0.537647883466541,0.421401913555688,6
456,0.353702158581,0.0305534068727866,0.241414183028974,1
331,0.957096017198637,0.110600718064234,0.555286171613261,0
1317,0.234738674606563,0.599464995117389,0.415377683120108,5
94,0.754355845972896,0.688360625412315,0.332910422701389,0
1232,0.227163784687918,0.594183812050163,0.417391211019237,5
1375,0.220272100259593,0.596991333899085,0.420726064317793,5
1409,0.226813722267976,0.542050423667563,0.419809246997722,6
201,0.681536408141255,0.125031160889193,0.799269399605691,0
728,0.38501499540871,0.241026677726768,0.0582522785756737,2
1515,0.221146533360612,0.541971419235929,0.414695422181103,6
1376,0.226553771866548,0.591860678457991,0.411961137030972,5
144,0.144064414780587,0.705380347091705,0.660037805791944,0
1057,0.222355940288104,0.570467216402883,0.411221055241824,4
1523,0.224597759157694,0.54541916773701,0.405829972009084,6
292,0.677357619162649,0.174190417397767,0.569091723300517,0
1487,0.221840102901005,0.539637574071846,0.41647364185189,6
403,0.346713877804577,0.380666492576711,0.425714115123265,1
1445,0.222089237752872,0.535018191791683,0.425757602350413,6
1424,0.231470797817959,0.543559213421704,0.410160972477556,6
1442,0.227612309184019,0.539385168689947,0.41764777323962,6
1597,0.218098976651104,0.528359327444841,0.412449358931994,6
92,0.657233753241599,0.0632998421788216,0.412578595569357,0
727,0.385038920512889,0.0508379231439904,0.323755008494481,2
630,0.382646475927904,0.117166395601816,0.397067547868937,2
402,0.348765856395476,0.435007783188485,0.225738737126812,1
1088,0.226495342201471,0.574327381202279,0.416500235896204,4
1268,0.227691008564703,0.59033872019224,0.419061949241349,5
1140,0.235575640594096,0.56840890540233,0.410438854149887,4
1410,0.221111567431418,0.530309696057572,0.41563087510251,6
1380,0.223704189318444,0.595556543353195,0.413507038053782,5
542,0.354519843095914,0.443053798936307,0.390216810139827,1
1217,0.234335455742279,0.594805624941986,0.418712081141488,5
438,0.353014270134736,0.0747228560037911,0.19455528978724,1
1189,0.230066211586505,0.574621876464785,0.416157365543001,4
907,0.315189651048277,0.244223111262545,0.290033374424092,3
913,0.315221532040741,0.217863872018643,0.49830052673351,3
814,0.320954263955355,0.133655576687306,0.333121805544943,3
1513,0.227442195689489,0.533789226197291,0.413601969379487,6
1031,0.221207437864798,0.567013389447417,0.414764593891228,4
238,0.706766026560217,0.483439582400024,0.529840331990272,0
1503,0.224412049844537,0.540345264497593,0.419974923835308,6
391,0.890820245957002,0.930371647700667,0.428810182260349,0
1129,0.226773039912029,0.560591279364776,0.41842764562144,4
419,0.353395141626243,0.362292871880345,0.123267825320363,1
1524,0.218454280781602,0.536160736363798,0.423020814255125,6
1307,0.232667315500663,0.597093578315232,0.419243613781996,5
1154,0.218515049832121,0.560631032322461,0.410781539114988,4
861,0.317090619928204,0.372767211822793,0.340560664865188,3
471,0.354072881459724,0.387550568510778,0.223546629049815,1
541,0.346758922119625,0.406159884249792,0.309926701686345,1
1478,0.222924636672286,0.533400904202017,0.413946923188211,6
930,0.318082216545008,0.400317419855855,0.474894006596878,3
1551,0.23301977379075,0.54370991520038,0.405786759339918,6
1176,0.226072601236028,0.567009648008948,0.407298857779658,4
540,0.3454907608754,0.00119202148634942,0.215980979823507,1
38,0.097097093006596,0.81551636243239,0.413480885094032,0
1353,0.221070254004774,0.60062857053159,0.416516928125467,5
375,0.44009283115156,0.386337172007188,0.354076536139473,0
356,0.437018006341532,0.0969127358403057,0.531472351867706,0
1037,0.223597255414712,0.55552084168929,0.41480147719933,4
609,0.377248216448352,0.407789424946532,0.427038352563977,2
791,0.375792950317264,0.230744913523085,0.382985178008676,2
1319,0.218429003327458,0.600542311514683,0.412921012960652,5
738,0.380385769796558,0.382477409974672,0.0743906905176118,2
1508,0.233816136887287,0.533588798214452,0.410263309594566,6
475,0.345371012056712,0.276275550667197,0.427879583649337,1
733,0.376840676998254,0.278730749804527,0.477462750370614,2
1033,0.23126215772261,0.571345594782606,0.41358243578636,4
639,0.383544992047828,0.253618109459057,0.106961409770884,2
607,0.381368986067828,0.178858765936457,0.339291949849576,2
969,0.315579512650147,0.451385681238025,0.1599751225207,3
1334,0.222754133500409,0.600882677622843,0.413900005785799,5
828,0.31526226043934,0.33592912980821,0.460612998553552,3
723,0.375581549499184,0.198043929017149,0.342744699190371,2
1454,0.218633752954596,0.539756011556551,0.411370795710868,6
1324,0.229851784760862,0.59787587329007,0.411767437639193,5
361,0.140463697491214,0.44811730645597,0.7696221426595,0
887,0.315204517929815,0.205418913811445,0.48532772178296,3
657,0.379811403758358,0.0610502187162638,0.417150981700979,2
1392,0.224919428387011,0.598591294572897,0.417868402672401,5
1455,0.218586420230211,0.537966728024011,0.417404373879479,6
1058,0.22385420430521,0.567761759684204,0.421586473589185,4
1427,0.23059055672618,0.530057999247201,0.41456500160659,6
145,0.232338772155344,0.578979012323543,0.241252925712615,0
757,0.384417135494296,0.110762073029764,0.356470499746501,2
1488,0.229568866969703,0.544815675605094,0.406951447974504,6
1509,0.229646351503749,0.528838967181642,0.414836769389583,6
552,0.34968053412158,0.277402782184072,0.432614277210087,1
1032,0.230637689366157,0.565459769357729,0.419750964735616,4
146,0.020068156067282,0.69276338769123,0.632260179147124,0
1294,0.232180316608262,0.593156430746666,0.419442583173816,5
747,0.375974302124232,0.37315744634252,0.0755329181905836,2
874,0.320164461329114,0.300031539355405,0.294923276733607,3
1502,0.224729940436817,0.539898185603178,0.415890515962698,6
1163,0.227200696431811,0.5764914506687,0.427371547605608,4
1381,0.213946697396447,0.591876764130247,0.404526448391242,5
83,0.0441279439255595,0.624809228815138,0.0855803133454174,0
129,0.817149406764656,0.0221811307128519,0.611442304914817,0
285,0.658694728976116,0.0588875352405012,0.948544842889532,0
156,0.228030798956752,0.0216807145625353,0.170988983009011,0
883,0.322800312088802,0.270549089601263,0.0982225693063811,3
697,0.379059304862749,0.32748456900008,0.520851437794045,2
110,0.711625646101311,0.777014973806217,0.225178636610508,0
1518,0.229183762863415,0.534006996372665,0.41362617158699,6
1043,0.220401832296356,0.564459168889205,0.420458679474422,4
343,0.479941319907084,0.0358991487883031,0.748896382283419,0
591,0.34898698430974,0.00100967993494125,0.0536401865305379,1
1175,0.230404488575592,0.571650293482275,0.420136779265977,4
262,0.247589166741818,0.0893431624863297,0.309421939076856,0
17,0.55145149352029,0.59582183836028,0.429784584557638,0
1174,0.225598528306357,0.573235171229761,0.413263251164858,4
592,0.352251793346368,0.442968695377931,0.184302738960832,1
571,0.349107426737901,0.136581000941806,0.0944007390411571,1
118,0.799235866172239,0.890860377578065,0.751617721747607,0
28,0.231808619108051,0.90598414815031,0.284287754679099,0
401,0.34840032133041,0.429023117362522,0.138827590830624,1
565,0.351163611407392,0.460732251941226,0.403319441806525,1
1357,0.226677289703837,0.594538110442597,0.42124409335633,5
1378,0.224552267350084,0.604698906544051,0.412806838543098,5
1246,0.224550647404356,0.595739744451587,0.411674956576667,5
1430,0.228868491114783,0.536613488189881,0.426364857743509,6
714,0.383951217443682,0.4270532180788,0.477839035307989,2
616,0.380347337452695,0.0403175889048726,0.20820426531136,2
750,0.378242246673908,0.375018112082034,0.4644104530802,2
60,0.449129823362455,0.286989497486502,0.520297451410443,0
1408,0.227769920130623,0.534331016251464,0.414281312845859,6
1209,0.232041087175006,0.600683710207718,0.407848998882383,5
1221,0.224201867479591,0.592993997661519,0.413552061802125,5
532,0.354254947623704,0.485032098554075,0.236759485420771,1
642,0.380007875391748,0.339160721004009,0.329813571507111,2
1195,0.220248155621726,0.567133432770142,0.412937788554473,4
1237,0.221104662674386,0.592238360244409,0.420123390460707,5
744,0.383247477493715,0.251470408122987,0.420035500288941,2
776,0.38286151095992,0.452909831143916,0.167103347694501,2
939,0.323920162117574,0.294127656100318,0.0875711471075192,3
1041,0.23293335119601,0.560710010231858,0.407043273327923,4
1420,0.226082226307479,0.525010672906295,0.413880148392844,6
1484,0.238507969688537,0.533462532107727,0.410392949125859,6
932,0.315911876177415,0.251556397136301,0.280605987622403,3
949,0.319142452441156,0.0542275193845853,0.466581109073013,3
768,0.377304000372533,0.263038485962898,0.291886240337044,2
1093,0.224825978499313,0.566311300450431,0.415161474909313,4
85,0.910627372795716,0.151197919389233,0.751428726827726,0
1387,0.227581534410024,0.596354433673783,0.409767770915716,5
241,0.91017953096889,0.129076709970832,0.0675251483917236,0
550,0.354548575719819,0.0467636730289087,0.134911574050784,1
1377,0.231387570076277,0.585323237825321,0.417452556738045,5
764,0.383965313085355,0.309296653326601,0.109741616738029,2
55,0.552061638096347,0.018766823457554,0.464838493149728,0
225,0.0744892018847167,0.646817821310833,0.747771066147834,0
192,0.274408395169303,0.0509946751408279,0.0899027460254729,0
848,0.322074622891378,0.32592932980042,0.319839835260063,3
717,0.379300714707933,0.436301266495138,0.09247927935794,2
67,0.0735890381038189,0.811309974407777,0.0231656495016068,0
62,0.746420650277287,0.0870903190225363,0.539234810974449,0
875,0.321435210129712,0.0138237220933661,0.388011754117906,3
536,0.354259129688144,0.0621314887655899,0.492417230946012,1
1544,0.226400740533479,0.541321950611312,0.414135986866909,6
1161,0.226973028276422,0.559652751351595,0.41809633593379,4
1158,0.232252554441562,0.559617740273616,0.416308540581934,4
142,0.801131671527401,0.855754028772935,0.53217989881523,0
898,0.322258538727183,0.482527342112735,0.141468854132108,3
1105,0.225818731342528,0.561155490066349,0.411324704008002,4
1497,0.214601184328497,0.528972608075228,0.421296869693084,6
995,0.315187311396003,0.227233311813325,0.0369406424928457,3
816,0.319691961596254,0.0461653088685125,0.394038365432061,3
1302,0.228254323102769,0.593378233192417,0.416588854790505,5
1422,0.225248669016573,0.526992725900094,0.414998468744907,6
854,0.31999371368438,0.387721539195627,0.139960289443843,3
1068,0.22577114781199,0.561237425073512,0.415184794079557,4
763,0.384176824875176,0.333301704679616,0.318923694523983,2
79,0.505835689371452,0.917140453821048,0.353397774975747,0
929,0.323507037775125,0.271822578809224,0.459209090424702,3
49,0.0400815622415394,0.736815315904096,0.629687474574894,0
807,0.318430279062595,0.120332403643988,0.175509126484394,3
1107,0.226729376344712,0.566336874840264,0.415488673843712,4
1335,0.224123378359695,0.593951263435699,0.421455438719144,5
1558,0.226972286308693,0.53676520207234,0.420980960137942,6
1187,0.229923026347849,0.57455768649382,0.416588322124,4
1113,0.226668697035372,0.568001441726347,0.417474321515899,4
99,0.624001802643761,0.737128328764811,0.31354935769923,0
1133,0.231506336841772,0.566234780881173,0.41188263588559,4
26,0.817342548631132,0.187119957525283,0.437669448554516,0
527,0.345218887135852,0.0961132472846657,0.0494153494713828,1
290,0.188009923323989,0.392420690739527,0.359692276921123,0
1411,0.220180017147859,0.541343255722702,0.420239949963668,6
312,0.540450003696606,0.0858365441672504,0.170955962035805,0
1462,0.226491062436779,0.544346539721966,0.413082827610474,6
393,0.677877098787576,0.598608415573835,0.348905666265637,0
748,0.375152179074939,0.420545093435794,0.14601973942481,2
1092,0.225567721566104,0.574176264798883,0.414667604660029,4
468,0.349116904446855,0.104420695407316,0.379291698429734,1
253,0.934497006237507,0.455560131929815,0.0414518201723695,0
20,0.722914727870375,0.687232784228399,0.580892709316686,0
37,0.929549190215766,0.312085796147585,0.161207763710991,0
314,0.735446355305612,0.888609010260552,0.957472587935627,0
381,0.653789475793019,0.700632825959474,0.644577216822654,0
1264,0.220796341086386,0.587502500289398,0.414272527507985,5
1036,0.229855958845336,0.562272324523319,0.414164289368305,4
1483,0.225290551016413,0.535528319902754,0.412548089633942,6
554,0.353495010617189,0.408019234146923,0.26763537384104,1
52,0.671930084936321,0.112355441786349,0.301402474520728,0
1404,0.236079800827038,0.540602864101055,0.41120648056415,6
275,0.406221516430378,0.571146442554891,0.27623422536999,0
148,0.279728974914178,0.461436657933518,0.960926888277754,0
390,0.371592235984281,0.664406793192029,0.0825134415645152,0
1253,0.21475474976685,0.596913183220879,0.415131612109603,5
1137,0.217818386463608,0.563308839345656,0.418140061914086,4
1389,0.220061654729341,0.59774053805705,0.408855065309451,5
611,0.380289167386945,0.389964776183479,0.519452507002279,2
322,0.910172717412934,0.302230294561014,0.664810135960579,0
1270,0.221038842699635,0.595912561867645,0.41177095973894,5
1444,0.224868398615076,0.539846191082028,0.409050311638456,6
1063,0.219166236221231,0.571582832147467,0.412443119630127,4
75,0.259662692900747,0.642174779437482,0.250752862775698,0
1339,0.2212219368872,0.601029307889789,0.415869798645747,5
978,0.319564611436799,0.459399624913931,0.0659676256822422,3
1027,0.229342297749773,0.558041801546404,0.413123088648967,4
1590,0.22714086638371,0.532998165115038,0.40820166853812,6
221,0.507817587349564,0.670429411809891,0.20808665198274,0
510,0.354471441528294,0.253301425673999,0.199112354055978,1
1116,0.229462802041161,0.569575651782068,0.409347858426291,4
713,0.381268187973183,0.322812004084699,0.509728836454451,2
450,0.353580902279355,0.111115090968087,0.0855947849107906,1
467,0.350145280063152,0.0758275313535705,0.0453208613675088,1
524,0.35023557913024,0.27496748121921,0.439583089645021,1
430,0.350730743571185,0.199457678664476,0.282197052473202,1
1234,0.231771750771492,0.600072464426373,0.418955211632047,5
511,0.347770323352888,0.425399520155042,0.41774896425195,1
716,0.377346864293795,0.0508645374327898,0.360825402406044,2
330,0.423840806121007,0.118621667847037,0.438932513818145,0
520,0.351756183572579,0.0245473025832325,0.351804677722976,1
1452,0.22735010739231,0.532723508160321,0.420542868583131,6
1400,0.227517464811371,0.59845638793108,0.418295988505487,5
1529,0.233808973457149,0.539523944279962,0.418450966305626,6
324,0.541039565578103,0.0711628042627126,0.959932116093114,0
104,0.301444236421958,0.209524835459888,0.185871036024764,0
1111,0.223357283309291,0.563722592400958,0.423717463011142,4
1193,0.222636433350009,0.566065961168403,0.421401014270802,4
1337,0.226861788410999,0.602630429290492,0.407821086884013,5
1309,0.231607215614969,0.604084646853668,0.408963292263144,5
1568,0.224979482697849,0.53890636571481,0.417344007518011,6
1465,0.22405713701542,0.533924622395664,0.422087250836246,6
641,0.378602525414899,0.492595703410916,0.313628409616649,2
587,0.347909460957162,0.0491852176608518,0.461401434708387,1
1191,0.217530315853841,0.567330140465592,0.42036162467417,4
886,0.318759652357549,0.168271069601178,0.336711168964393,3
35,0.104226444847882,0.195665126899257,0.411788318306208,0
1469,0.225753903068454,0.540337049129808,0.416486547570775,6
477,0.351899970292579,0.421678410097957,0.380951417703182,1
1342,0.220247633051338,0.597595272478418,0.422347262234669,5
1284,0.233915815834998,0.600492426628915,0.414346645908809,5
1225,0.219897686593404,0.603083924427018,0.408613173726512,5
719,0.376365110024344,0.438074914459139,0.158779781870544,2
950,0.323852777010761,0.419083887664601,0.328548878990114,3
1329,0.227653147272565,0.604427352227982,0.419352868392957,5
274,0.738002588273957,0.492054881295189,0.632797778816894,0
701,0.384999290434644,0.366516049788334,0.237629231740721,2
84,0.997289008460939,0.192923516267911,0.634965261444449,0
724,0.382893755768891,0.261323378025554,0.517072032182477,2
523,0.354189600541722,0.100013457774185,0.501154404925182,1
574,0.354545159977861,0.061281254934147,0.287908656615764,1
1341,0.222069096314439,0.593878558315319,0.419496137796149,5
120,0.0902216942049563,0.443877027602866,0.269449712475762,0
304,0.45496633159928,0.924873896874487,0.103722374187782,0
1456,0.227800007525362,0.536694081324603,0.410338279705319,6
1315,0.218177395947164,0.598264480630414,0.409384992214769,5
98,0.58577998355031,0.144555639475584,0.993945046793669,0
694,0.378571247204673,0.178346429322846,0.210023542144336,2
1052,0.230078555406385,0.56389720939331,0.410910134696183,4
222,0.471379391849041,0.436319605680183,0.959761864040047,0
504,0.354517581835389,0.0362830189522356,0.336768176266924,1
497,0.347980854474008,0.45575373347383,0.514608968258835,1
219,0.0962463107425719,0.728200173471123,0.813458402641118,0
1295,0.231873812448634,0.603398877193076,0.401840043055916,5
494,0.348533628985751,0.158803810086101,0.328846566705033,1
625,0.378213720580097,0.280691734934226,0.378063014219515,2
772,0.384496353229042,0.312541725416668,0.177560709509999,2
590,0.347709015172441,0.0563793360022828,0.0629220156464726,1
1159,0.233733131788678,0.563900256462885,0.415744020708663,4
997,0.31909558952786,0.45176273859106,0.155765674985014,3
296,0.796434313990176,0.0827435108367354,0.0349081470631063,0
999,0.321671253079549,0.271529605682008,0.259757657512091,3
478,0.353592393589206,0.123058961657807,0.314343450102024,1
357,0.149820670252666,0.0290267188102007,0.130738578503951,0
452,0.345685420171358,0.0834897077409551,0.488127183495089,1
766,0.375246169739403,0.251541675371118,0.244838986755349,2
535,0.345540706403553,0.431795742316172,0.485918920231052,1
455,0.350471202007029,0.160096096177585,0.201791552803479,1
157,0.949464487610385,0.0219680047594011,0.174137442838401,0
250,0.676468752557412,0.49749308405444,0.858486674027517,0
131,0.0726688851136714,0.211107857525349,0.958903519203886,0
635,0.382585506879259,0.0697052139556036,0.088783536432311,2
1100,0.221942744410288,0.572736142267664,0.405541738781022,4
352,0.749301366042346,0.166739880573004,0.396019998937845,0
103,0.0157576259225607,0.0075490758754313,0.303212672239169,0
1141,0.223223374244085,0.565682202757184,0.407129405211952,4
936,0.320132659438532,0.275468594813719,0.276244874903932,3
1421,0.233588534518439,0.546193248601139,0.418080488922901,6
575,0.35084253662033,0.00191891433205457,0.146863776352257,1
385,0.390821559354663,0.608646701322868,0.663723993115127,0
1215,0.228901170120149,0.600459945152545,0.42209849866206,5
160,0.185508908703923,0.680788608733565,0.392096364637837,0
870,0.320128956488334,0.397367125214078,0.0700141234323383,3
1177,0.230158556372128,0.572807177400941,0.411967267568043,4
1244,0.224837544583754,0.597692933002857,0.41564577803869,5
817,0.316025558758993,0.428381602349691,0.28610583904665,3
915,0.315454698607791,0.211389323184267,0.491416168143041,3
961,0.317997259192634,0.140271851979196,0.274667839845642,3
48,0.502014814643189,0.428070679772645,0.868956099962816,0
815,0.316444742514286,0.48316540948581,0.0287324106087908,3
203,0.969600110314786,0.0607279937248677,0.598942985991016,0
474,0.347957210766617,0.295638070278801,0.235557821206749,1
240,0.918110807891935,0.486931625055149,0.518118045525625,0
105,0.194190497277305,0.830766475526616,0.0917053355369717,0
284,0.423557254252955,0.264585665659979,0.90439834445715,0
1565,0.231849114162124,0.528238153043225,0.410824365628399,6
1055,0.231650496514641,0.568969567918666,0.410204204829426,4
941,0.32267581358552,0.0809573060367257,0.29860927616246,3
863,0.315508132623509,0.0240556149045006,0.351283556642011,3
509,0.348877749810927,0.490672166529112,0.254247642331757,1
1479,0.228727880798635,0.534757792920014,0.418140289031609,6
583,0.355035217888653,0.082412167172879,0.360260905092582,1
595,0.351548289153725,0.0455214575165883,0.431940103042871,1
459,0.345824484983459,0.200957020465285,0.418664533039555,1
792,0.380590732158162,0.105297024082392,0.348088855249807,2
577,0.347134375479072,0.253171392669901,0.458380053262226,1
824,0.316238123467192,0.300449912738986,0.24490098268725,3
205,0.96861637942493,0.448666359065101,0.323683025548235,0
490,0.346678164452314,0.0700780701125041,0.479942994867452,1
1588,0.221107857603104,0.53098368590037,0.418616695135527,6
1504,0.230350198653498,0.534997546761883,0.404748711635555,6
864,0.316005617049523,0.0180024920962751,0.374316607811488,3
850,0.318234978066757,0.32607002761215,0.0962768839439377,3
311,0.140591992298141,0.879277641884983,0.206637750146911,0
752,0.376009430182166,0.310251625091769,0.202408322342671,2
1364,0.223583363708089,0.591189366624791,0.427484823829802,5
1053,0.217603462815007,0.569762951138237,0.410449287553366,4
1298,0.222632123272269,0.598005916022526,0.41414466661264,5
358,0.778188300319016,0.467940193368122,0.320050879847258,0
1390,0.221312814682271,0.597506575162557,0.423374902638863,5
1181,0.220572551262286,0.559408840228427,0.416107702150163,4
74,0.256634160410613,0.375001504318789,0.0832698491867632,0
119,0.320419186493382,0.000304598826915026,0.351091869408265,3
1269,0.22653375935754,0.595625772193363,0.424018977224079,5
1507,0.224366603685091,0.531286533231681,0.426703967000197,6
15,0.457181336823851,0.00108694913797081,0.308717477601022,0
360,0.60046915221028,0.145779497222975,0.0015470003709197,0
68,0.843031992670149,0.258485263679177,0.976280299481004,0
495,0.35194256369723,0.362282909988426,0.300218729511835,1
398,0.705727538326755,0.297609941568226,0.0196522574406117,0
4,0.295160759240389,0.494537985185161,0.800294151995331,0
897,0.324223493428435,0.474334134324454,0.310185349988751,3
1578,0.230687488045215,0.535428858681618,0.416554941132076,6
196,0.270404484588653,0.223512492142618,0.872800833312795,0
1290,0.222283879835127,0.588456947618636,0.413018070361215,5
1429,0.240483388159235,0.535828336467406,0.419220257818317,6
380,0.427772752940655,0.722347758244723,0.309847337193787,0
5,0.70698714768514,0.158581892726943,0.89674690249376,0
831,0.317991067601834,0.11575561419595,0.289755232143216,3
301,0.526797060389072,0.690522739430889,0.274236731464043,0
1258,0.215436918821831,0.597579458190322,0.423019025044316,5
947,0.32021602394525,0.314378451625817,0.423471426800825,3
1179,0.219328885911808,0.569934538905135,0.414156081105869,4
666,0.383708139532246,0.3237622220302,0.264806656027213,2
876,0.31847414995078,0.278591913240962,0.250814410485327,3
951,0.320327641479671,0.131654071924277,0.457880310108885,3
664,0.380824993441347,0.120495779975317,0.346240619407035,2
546,0.346742913520429,0.316994864097796,0.258567853574641,1
933,0.322718462669291,0.319882596330717,0.414257743139751,3
658,0.377489185347222,0.0506541163893417,0.274050607322715,2
1575,0.231370694841722,0.533796385310956,0.411298486285319,6
1521,0.233439591577573,0.534225604090282,0.409796101075769,6
1320,0.228080156763321,0.604105953509167,0.415286071820107,5
181,0.602227548370138,0.428735063644126,0.418606722494587,0
1589,0.226311379690912,0.54070241243497,0.413653906172633,6
333,0.872674159239978,0.0450861027929932,0.781966198468581,0
173,0.0611956578213722,0.844710190081969,0.511644259095192,0
464,0.347932885920163,0.148763233516365,0.387377379089594,1
1476,0.222850904202397,0.537353956187104,0.414392181060302,6
1003,0.224921446779995,0.573490636844539,0.419894293993192,4
1197,0.226131388591611,0.565590058581413,0.415052932245961,4
580,0.352196404805873,0.377323659788817,0.390661189425737,1
484,0.351546441009268,0.257711124327034,0.194837360037491,1
489,0.352431693782564,0.177472349442542,0.29128790225368,1
769,0.375325514141005,0.346452462323941,0.0552301446208731,2
1204,0.228974914854245,0.594622121406473,0.421716160798102,5
818,0.321269548793789,0.453071094653569,0.302258948190138,3
545,0.352773847796489,0.0209275107597932,0.0600445938529447,1
223,0.588625305797905,0.824258951004595,0.120845913188532,0
1477,0.23186434964677,0.535578835247658,0.411038647865086,6
585,0.354097986533307,0.284505827538669,0.438171631167643,1
1344,0.220504077304454,0.593891753215745,0.413878084505391,5
610,0.379697011441458,0.408603146742098,0.101852462952957,2
623,0.379776373768691,0.246651510894299,0.0953864524839446,2
1235,0.231159730433756,0.594733879062322,0.413521492048717,5
59,0.469849486835301,0.318139022449031,0.0688188378699124,0
257,0.758087468799204,0.957487576175481,0.963274929439649,0
1384,0.226400179484541,0.599491240197195,0.416835311665991,5
740,0.377860139359254,0.324728132411838,0.0550758592784405,2
1350,0.238197857366412,0.590541460278653,0.41697157720346,5
653,0.380000261873938,0.255774821806699,0.0709060237044469,2
387,0.817070435266942,0.191959620686248,0.953130312962458,0
212,0.344231046969071,0.349688932299614,0.176258721621707,0
93,0.530715045053512,0.868337431689724,0.588022937066853,0
955,0.322127277476247,0.462238343735226,0.0593918413855136,3
986,0.31546189571498,0.277141693350859,0.166627421253361,3
432,0.353994552798104,0.0189766380470246,0.282809459231794,1
65,0.846543311839923,0.0381602847483009,0.0206774233374745,0
1252,0.224876908652944,0.599809376826335,0.411979267976616,5
1152,0.223841260619892,0.563169688006997,0.410184242306698,4
1257,0.215966946405451,0.588636376063016,0.419282157301145,5
931,0.316796043140348,0.126577422674745,0.151924247597344,3
1218,0.232478463982516,0.605847809642591,0.404417231540259,5
1293,0.230695955770989,0.594310947364884,0.408171684708362,5
206,0.492722722701728,0.0513058500364423,0.512356583261862,0
518,0.352766006093007,0.445459465333261,0.307730847131461,1
1091,0.235086852923815,0.566347035798373,0.41236867348295,4
1571,0.227174572093884,0.546692730043999,0.414102171580135,6
1184,0.227267740398756,0.564830314407443,0.413718688369666,4
1002,0.220677906041529,0.575809006425934,0.413922725783946,4
1213,0.226569920840303,0.591372019421115,0.410921022183094,5
514,0.347220924149733,0.123201545979828,0.061014286801219,1
1282,0.237398075484271,0.59287994378922,0.41366913497321,5
711,0.375503298921976,0.369382528890856,0.483540346822701,2
985,0.321040722196922,0.432960681687109,0.177651336975396,3
127,0.748837166232988,0.754161880584434,0.938789579551667,0
889,0.321729169855826,0.339962303359062,0.487822949513793,3
122,0.762396668083966,0.6290399574209,0.906804238446057,0
115,0.813969230279326,0.447721699252725,0.0020354378502816,0
335,0.713989978656173,0.557978091295809,0.563179641030729,0
1332,0.236940737047805,0.587441563344795,0.421640376542013,5
123,0.455539966234937,0.328777339775115,0.0226940340362489,0
1550,0.233533933839458,0.53725985539096,0.420532894537658,6
539,0.353093841671944,0.272862245165743,0.193705833726563,1
502,0.347430235175416,0.274213112494908,0.134986181021668,1
1587,0.229734525032353,0.534910960881254,0.417427492080872,6
822,0.318078553907108,0.245192392915487,0.1458430781262,3
765,0.379453941781539,0.375230074813589,0.311953599192202,2
289,0.644167342456058,0.256679587531835,0.0277473067399114,0
100,0.052111717639491,0.793373785214499,0.800037830136716,0
1066,0.225138141806867,0.567793766908753,0.419395189397907,4
425,0.353312416600529,0.030169557617046,0.410800025542267,1
935,0.320084269384388,0.454843241092749,0.15447219691705,3
801,0.318372050260659,0.432471600198187,0.143131381925195,3
754,0.381044240323827,0.174731665826403,0.203348697023466,2
1599,0.232461669063075,0.532892063685808,0.418173139776303,6
72,0.258762124925852,0.163216795073822,0.764271605294198,0
1229,0.221156090099066,0.604159723001413,0.41155791880193,5
1035,0.223077094902511,0.574578238021992,0.41868979551745,4
1108,0.221913065778392,0.56177913593797,0.411316313444182,4
280,0.448065968696028,0.322854874422774,0.304221292957664,0
190,0.854765071766451,0.865182963432744,0.975742516573519,0
344,0.682767795166001,0.814578286372125,0.229788975790143,0
879,0.319529079794884,0.480839413893409,0.103905030619353,3
584,0.349034217461012,0.110189319541678,0.498549085203558,1
1144,0.23584290011182,0.572190186463184,0.408742250436284,4
372,0.522297214018181,0.335019667167217,0.101108561968431,0
143,0.388394995825365,0.877715540351346,0.957174988929182,0
1461,0.231300016889189,0.536226055531286,0.414677539528693,6
180,0.206266352441162,0.645756773184985,0.587862617336214,0
628,0.38123239694396,0.405353736667894,0.406180110853165,2
665,0.382421682882123,0.0652859004447237,0.0274907097686082,2
317,0.256825232412666,0.532381232595071,0.409945287276059,0
107,0.460376350209117,0.290579570224509,0.176478645997122,0
803,0.318473719637841,0.2656299543567,0.174467334034853,3
159,0.305554744321853,0.0953229570295662,0.521137950476259,0
1157,0.227594784322895,0.573977903475147,0.417538079428636,4
1414,0.225756028128079,0.543649727600497,0.418071141703108,6
795,0.376038271880243,0.221774804359302,0.513184934016317,2
1496,0.220194513755026,0.540759580569925,0.418475407144126,6
994,0.320399790864904,0.459555920516141,0.17411671646405,3
1318,0.238581166660701,0.594973136598163,0.420186943458693,5
376,0.953590011922643,0.468979347264394,0.557765465928242,0
429,0.345179351239931,0.28026420455426,0.460376406298019,1
1044,0.223092773808262,0.570025275439661,0.415366335736313,4
1584,0.214274338941524,0.533984838528042,0.407940530736431,6
111,0.79954733629711,0.866398901911452,0.938383728498593,0
1441,0.218338017554707,0.539792115082282,0.421099402844122,6
745,0.377176829874516,0.190512938261963,0.351558948378079,2
1261,0.228610514353562,0.599234395934653,0.419145914094171,5
1586,0.231365373954316,0.543552992298717,0.420683657134217,6
1336,0.228271320549837,0.589173357767801,0.414171625787635,5
715,0.38363666444784,0.438541510445066,0.475994337443262,2
1029,0.222358376537557,0.563911084255278,0.420913155482374,4
537,0.345552417892031,0.399408354028128,0.12338897024747,1
676,0.378289458383806,0.283612895361148,0.381650484958664,2
1018,0.216532304401999,0.563213466629853,0.422430204843273,4
1086,0.220610608328463,0.567162481295261,0.416980090202845,4
133,0.0859766497742385,0.0309078630525619,0.809781374176964,0
643,0.382047338795383,0.10571732041426,0.160506064980291,2
25,0.491084166802466,0.648371608927846,0.774386393837631,0
976,0.323827416603454,0.426953855040483,0.425359123945236,3
1026,0.228287590833185,0.557647398449973,0.4223534020443,4
176,0.119068162282929,0.685711711412296,0.505598870571703,0
353,0.843637599609792,0.65427477681078,0.00322678429074585,0
1418,0.226685208364429,0.539718482778542,0.414485161241492,6
786,0.377946932427585,0.402958148927428,0.250046312320046,2
1072,0.218053911345867,0.565770953616559,0.416404879896705,4
684,0.375714912996627,0.0354928362183273,0.398267833609134,2
235,0.0909906541928649,0.978108416544273,0.756059806328267,0
101,0.485781340394169,0.00859128870069981,0.0379012711346149,0
409,0.352926420120057,0.254281448270194,0.457256475905888,1
256,0.524327417137101,0.750493170227855,0.917257982771844,0
386,0.652835353976116,0.0540821091271937,0.486841782229021,0
1347,0.219512911881706,0.59762989783891,0.418346644861177,5
647,0.38497163702501,0.331501572695561,0.0788847751449794,2
922,0.318606290863827,0.096925266738981,0.104523525200784,3
1241,0.220527938690033,0.597887318149983,0.4059986591704,5
23,0.22435424476862,0.669140095589682,0.523023858200759,0
979,0.325076738810167,0.111954805976711,0.486612646002322,3
812,0.318801510129124,0.0272083755815402,0.519641934870742,3
525,0.354300034851767,0.418589762714692,0.50552026249934,1
269,0.615973512642086,0.349528541555628,0.994812448509037,0
367,0.687259866623208,0.436666377587244,0.24069864070043,0
293,0.742084602592513,0.497452985495329,0.0463311520870775,0
965,0.320851234379225,0.243763788207434,0.157388009922579,3
302,0.156569475308061,0.474407127359882,0.606917831115425,0
737,0.383076933277771,0.0159848898882047,0.163739497051574,2
162,0.320678806863725,0.323913842672482,0.846917459974065,0
394,0.884389970684424,0.0917297923006117,0.367141224676743,0
216,0.0461438482161611,0.166553267510608,0.12098721251823,0
650,0.383688559387811,0.445557810203172,0.339719951944426,2
998,0.318684690552764,0.434257750120014,0.101519440859556,3
1362,0.225338955073881,0.590376514867263,0.415539468686544,5
964,0.32338415178936,0.473670082585886,0.189944182382897,3
1104,0.221058628136575,0.563990047345857,0.409342262070318,4
646,0.383413445448969,0.49245403027162,0.211828959384002,2
421,0.353356403571088,0.181049309042282,0.425215198867954,1
232,0.434576511150226,0.900063297478482,0.372137824771926,0
417,0.348463616182562,0.272334872465581,0.292324339365587,1
57,0.219952709740028,0.820024850778282,0.606154195964336,0
821,0.315429927427322,0.258375098532997,0.487267071474344,3
32,0.574894928373396,0.612896534847096,0.297822897788137,0
1566,0.229282831847864,0.535746501416554,0.413949431729309,6
644,0.377996988359373,0.383313049399294,0.212135035987012,2
121,0.330363027751446,0.580702675506473,0.807078608777374,0
739,0.384590733558871,0.184621836594306,0.29568644342944,2
140,0.410947488388047,0.821429189527407,0.0826837457716465,0
327,0.646109582390636,0.776807399466634,0.0412562447600067,0
410,0.345438764593564,0.420830508414656,0.46881547847297,1
1208,0.231010169575095,0.600864511278231,0.412285264557032,5
1084,0.226786641428315,0.559695754301634,0.415759802637657,4
1525,0.233185296372039,0.530895868882643,0.41758510654095,6
794,0.381359287782107,0.253546813339926,0.110814456106164,2
338,0.143375751329586,0.938504304504022,0.203434336232021,0
348,0.113267888547853,0.3331102009397,0.440874546766281,0
332,0.453121888218448,0.547589615685865,0.274157296866179,0
416,0.34789175062906,0.07798897982575,0.201209325669333,1
796,0.380368059205357,0.115809499355964,0.335829629888758,2
1313,0.232591318234869,0.594741885040144,0.414446508392161,5
1266,0.224692056185833,0.595461407726701,0.418900507916358,5
1526,0.225476749522023,0.539338606127991,0.412306369733351,6
1080,0.225907486612545,0.570819189020573,0.41718638897283,4
1385,0.214238865445191,0.587694281055861,0.418708441408275,5
202,0.404543371638283,0.563484910177067,0.436445432947949,0
492,0.351191038887482,0.0579701312351972,0.276575067290105,1
1288,0.221641331846589,0.599513481859744,0.418429094024234,5
820,0.322691799583845,0.304261643043719,0.258270128606819,3
442,0.348704400660936,0.174300396069884,0.0539982840185985,1
980,0.322556710368954,0.144774677767418,0.262541107693687,3
501,0.350524432377424,0.288225515233353,0.471143345790915,1
512,0.353245655228384,0.0431075604399666,0.433422657288611,1
46,0.434800140326843,0.00439920788630843,0.470511658350006,0
871,0.321808713080827,0.371770882117562,0.45885791266337,3
968,0.324467706589494,0.362078354181722,0.473248033761047,3
1102,0.228190820310524,0.568686069168398,0.417377872301822,4
778,0.378692385645118,0.0924090082524344,0.211713203904219,2
533,0.349081622834783,0.159657630557194,0.206695344857872,1
891,0.32265099060256,0.0388250518124551,0.0738379169255495,3
841,0.315332768033259,0.266672244598158,0.0292937754187733,3
685,0.38347577119479,0.217474560672417,0.328620364167728,2
721,0.375587559286505,0.264756939793006,0.472281547472812,2
1078,0.231107953911795,0.568201157921802,0.423743072574142,4
885,0.319264511070214,0.147892596386373,0.46235144182574,3
87,0.238532919203863,0.32128426246345,0.974125267006457,0
1251,0.232832917318398,0.597477392547255,0.420692783075544,5
407,0.351047834812198,0.00420293661300095,0.355066416179761,1
7,0.484858809504658,0.324304002569988,0.956357917515561,0
1279,0.232697693308082,0.598720888814318,0.410127823057984,5
370,0.134834986180067,0.550175070296973,0.362809933023527,0
1473,0.223247669411981,0.543365065068377,0.422678607494091,6
1,0.510203680256382,0.343347415793687,0.378534393617883,0
777,0.375319539303891,0.11248319381848,0.168338162801228,2
916,0.319085017547477,0.0191398211289197,0.0373957096366212,3
1299,0.229806803433299,0.601073946834305,0.419394472499526,5
519,0.349397952777799,0.0524210697738454,0.161043660226278,1
594,0.350166635422502,0.246976045612246,0.356805948168039,1
1562,0.229322778598676,0.540694185590255,0.408218943786799,6
1145,0.225587717920762,0.563726873920574,0.412267118357691,4
189,0.729719200870022,0.23277426068671,0.0839209752157331,0
384,0.992955131223425,0.45254220510833,0.0671283567789942,0
321,0.0753151422832161,0.575780283194035,0.0375574238132685,0
476,0.352860780630726,0.276237059570849,0.494531183713116,1
593,0.34622869791463,0.435043972870335,0.0592184937326238,1
967,0.323787094256841,0.22931399482768,0.0675539260031656,3
141,0.0397725491784513,0.0565874329768121,0.920441778143868,0
297,0.801245624665171,0.902665739646181,0.595706897089258,0
155,0.790448754327372,0.389879281865433,0.823701039655134,0
604,0.381330390709918,0.344627478695475,0.319267295743339,2
1070,0.22160088019574,0.567467736007055,0.410368049020941,4
1135,0.217758013472206,0.568455962703079,0.409955418932543,4
102,0.124644557014108,0.453826650511473,0.708128307014704,0
1366,0.229099609216929,0.589660749179452,0.419919176163666,5
1333,0.233408949487237,0.59236167065326,0.418509186817687,5
383,0.887651873053983,0.369096360867843,0.325960245449096,0
1471,0.232309218886893,0.540712742485192,0.417196105169199,6
706,0.383058762131259,0.129928092192858,0.164474398922175,2
1077,0.230742178598029,0.566084958505646,0.417596736811531,4
743,0.378283055624925,0.444129098625854,0.38054494173266,2
673,0.381904570383485,0.355027121095918,0.129119786410593,2
698,0.377385916332714,0.0529643574962393,0.164806338585913,2
1222,0.226987783196984,0.598645670588935,0.426003278166558,5
483,0.352580898320302,0.467657641461119,0.358152983337641,1
378,0.209435845259577,0.750220795394853,0.657854418037459,0
114,0.105878622736782,0.994110773317516,0.385138515150174,0
1434,0.22530907352968,0.54646146384133,0.421478244312213,6
362,0.536932050250471,0.21062399726361,0.390529823023826,0
1047,0.231999940082393,0.566070916875315,0.420212349340137,4
1323,0.227801152950653,0.601858766033341,0.421375163849905,5
1505,0.227769080838374,0.54760370292459,0.408815077580474,6
1183,0.224640736882034,0.568174326342403,0.408843380782412,4
70,0.223581881029531,0.209345107665285,0.699257686268538,0
618,0.376512937287334,0.433588004973717,0.112151481886394,2
557,0.350719087533653,0.376965050073341,0.254584097512998,1
414,0.354979680529796,0.420772328577004,0.316996689280495,1
1245,0.227606395705545,0.603044623461457,0.410197265102726,5
1402,0.225862690673565,0.536711044635104,0.409328312596882,6
562,0.353760075126775,0.0919454091461376,0.0451095396187157,1
167,0.229999677976593,0.94137211330235,0.1154519172851,0
373,0.442493410082534,0.0218205840792507,0.830004229210317,0
355,0.257296529132873,0.152788084000349,0.574007363291457,0
154,0.94054719642736,0.862872713711113,0.98810521629639,0
1312,0.220766621389755,0.59978197553875,0.410807117037782,5
1530,0.225198472976339,0.536239272157163,0.407039196987136,6
1074,0.217176681468111,0.559887016279788,0.404817893404131,4
350,0.124573049135506,0.549036999465898,0.185046438593417,0
1354,0.223443264055852,0.602703749319559,0.419033240135334,5
1374,0.221053313281132,0.597542174289747,0.416400809783206,5
446,0.345544783412479,0.173875123215839,0.307158674323,1
1059,0.226812399138381,0.562763209744389,0.415124509158676,4
30,0.90218389686197,0.126109019387513,0.787393728271127,0
281,0.665604456793517,0.00793952262029052,0.290051754331216,0
178,0.183587396051735,0.818835254060104,0.594713443424553,0
1519,0.230352943699716,0.535209890330328,0.410519727297364,6
614,0.37669279045891,0.0559682773426175,0.23230972266756,2
366,0.913057864643633,0.49933134089224,0.586212049471214,0
735,0.375746846543625,0.0288171633845195,0.169777478999458,2
1172,0.223970087478631,0.562889556098447,0.410771191762627,4
672,0.376669364171103,0.13772105386015,0.486089191958308,2
1099,0.231150616909322,0.571640072455475,0.412933202307593,4
14,0.801802119472995,0.145608794642612,0.540624242974445,0
298,0.779396166559309,0.514578486327082,0.905752485850826,0
135,0.56888650287874,0.68439117539674,0.132822851184756,0
1095,0.234275348998494,0.568769413154896,0.416678413639056,4
601,0.383520743062254,0.457551063224673,0.450347426091321,2
661,0.380356939076446,0.345892792055383,0.159970401297323,2
956,0.316579477526248,0.25856620289851,0.213045915681869,3
299,0.572780474321917,0.384623990161344,0.549165481934324,0
168,0.976758764591068,0.315354880876839,0.124320195289329,0
1358,0.227288624742222,0.589813284628747,0.410896672926952,5
77,0.337960899341851,0.884601938072592,0.0130402378272265,0
857,0.321501210122369,0.2941610917449,0.0534678896423429,3
185,0.4471744177863,0.437015108764172,0.854846636997536,0
258,0.865226453868672,0.914732130477205,0.398565781535581,0
169,0.698068510973826,0.310494743520394,0.882992952130735,0
88,0.767940242076293,0.653782696463168,0.762248614104465,0
654,0.383757890656125,0.17534080084879,0.218216342478991,2
1399,0.224554080897081,0.599076926344945,0.407326684190343,5
418,0.352695788946003,0.379815399018116,0.0719682213151828,1
1073,0.230417461345376,0.562558043876252,0.422900851057621,4
983,0.320283310296945,0.0319355797953904,0.220613362826407,3
345,0.41073532262817,0.2455750182271,0.400408095447347,0
1296,0.225787850346793,0.595377962501413,0.409205287261086,5
95,0.659780755871907,0.666236588265747,0.37454589898698,0
839,0.316463154065423,0.0343391272006557,0.118803132534958,3
538,0.345595920551568,0.0331777837825939,0.0763937958749011,1
651,0.380626160060056,0.342231670231558,0.364549203403294,2
948,0.317787243705243,0.178567931475118,0.304140762868337,3
1130,0.225041689207278,0.56769306791743,0.415790438786641,4
799,0.383872566442005,0.353513747523539,0.254543914669193,2
245,0.0429122154600918,0.803243632195517,0.92706047045067,0
1546,0.216472696701472,0.532650883045094,0.416711438021763,6
449,0.348991002126131,0.478360291291028,0.319189207372256,1
485,0.347453618366271,0.442929915804416,0.41131887268275,1
1010,0.225968483210633,0.562989161472286,0.407893843903669,4
1373,0.228228410481739,0.600638760364114,0.412648685554406,5
1311,0.233492258573519,0.592477388739857,0.414493851390294,5
1533,0.226648423101299,0.532636900265091,0.412644635733215,6
349,0.799610064132139,0.760784565471113,0.526184305083007,0
97,0.206400642404333,0.3515744372271,0.647262606071308,0
307,0.975743267219514,0.793388691497967,0.267319289268926,0
689,0.375703535068314,0.209242608118802,0.0484190404880792,2
175,0.854504283517599,0.360949384048581,0.243864719755948,0
71,0.562657841248438,0.0767749941442162,0.319927999051288,0
892,0.321757079379167,0.192227722215466,0.220998477633111,3
1001,0.225916522600154,0.575548076810706,0.416406448868075,4
453,0.353293110891245,0.0914878166047856,0.22477890374139,1
11,0.322141756070778,0.523009130964056,0.863002500729635,0
1286,0.220300507541323,0.596502844732822,0.417423997932965,5
279,0.880214550998062,0.0896038701757789,0.650207459460944,0
1148,0.225649376927942,0.566647591347821,0.413174396048233,4
341,0.151691953185946,0.106078833574429,0.510441524675116,0
1127,0.218856634580896,0.569505973422882,0.415915721916511,4
914,0.32148574806517,0.185735042043962,0.160982766980305,3
572,0.353938438198529,0.325560793816112,0.251228387560695,1
622,0.383240809168201,0.131704333191738,0.160169314220548,2
576,0.349207347312476,0.0876840000972152,0.500682734162547,1
1583,0.220800158912889,0.532699882936738,0.415767741554154,6
328,0.138263215776533,0.453297146828845,0.100877348333597,0
1327,0.223995446581272,0.599543520333064,0.409797157464365,5
1112,0.223494681397071,0.56489118817617,0.412295610542703,4
1101,0.220801575740282,0.567660218066181,0.407155823665567,4
264,0.0196160150226206,0.595336015801877,0.0713181856554002,0
50,0.561529963975772,0.622648897580802,0.722656443016604,0
1592,0.226205059509708,0.532083852704699,0.411779170005898,6
1303,0.228361425147011,0.596338584884482,0.411239250779161,5
226,0.867032899288461,0.484359824797139,0.0730052094440907,0
137,0.955347424838692,0.714190816273913,0.857594242552295,0
182,0.462635167641565,0.152545861899853,0.390100821154192,0
675,0.380171570198145,0.275080690230243,0.0708251270465553,2
29,0.630544084124267,0.974865912692621,0.0793151420075446,0
39,0.0037676973734051,0.0907688869629055,0.521950934547931,0
1443,0.227378805763309,0.532629526296532,0.42201323838036,6
164,0.0814324389211833,0.228949911659583,0.114947306457907,0
1538,0.23405033687404,0.536474500964727,0.407776074933122,6
171,0.164444614900276,0.134435649961233,0.935827115084976,0
1061,0.224855750409516,0.56865661668482,0.410410290927577,4
1008,0.218136511716165,0.568182881239354,0.414002917583128,4
1007,0.225319111997368,0.577588695447497,0.405553782385674,4
259,0.166575180832297,0.449763272190467,0.185965630924329,0
996,0.318470619164873,0.363346381299198,0.461896625440568,3
364,0.281078564468771,0.462668055668473,0.0412158882245421,0
560,0.349094223200809,0.198956350516528,0.268190283654258,1
1265,0.23577505055951,0.597298787232801,0.415605301302866,5
1343,0.230040160527578,0.598362169986117,0.406343396104745,5
63,0.180646835127845,0.0296273704152554,0.904332685051486,0
844,0.322151991042774,0.387532899575308,0.17915492025204,3
1205,0.237696916492389,0.599891921830079,0.415863594369059,5
1071,0.235670477602808,0.571416762614222,0.413250020342354,4
1005,0.227239833838026,0.566103842213356,0.423573196243765,4
1306,0.226020381697642,0.592471072723233,0.410838647856646,5
627,0.380190219443757,0.314034655760042,0.0848129780264572,2
1379,0.226753175210602,0.587115154487433,0.407158595043197,5
926,0.32182991466485,0.240011988626793,0.204195742472075,3
161,0.414238778874278,0.930923984386027,0.11237712437287,0
379,0.386168885743245,0.546039362438023,0.17590696644038,0
1243,0.222193956317954,0.596169515520103,0.419287989524016,5
224,0.55294499383308,0.200072538107634,0.765712733613327,0
1069,0.224863173852635,0.561787290419662,0.418277258921729,4
472,0.351718430819456,0.157009688974358,0.265067724953406,1
668,0.377928826489951,0.082613932271488,0.450846466561779,2
1180,0.223585901528994,0.563945597994402,0.410394244920404,4
427,0.345653982884251,0.361077476129867,0.21645630474668,1
439,0.34884995235363,0.17386793945916,0.393826949852519,1
1489,0.226647910513898,0.536407921071396,0.411667323008412,6
1365,0.228556869811989,0.592597887915367,0.406176049456457,5
346,0.803444053512067,0.722907095216215,0.290162710240111,0
1301,0.220447378090114,0.606263244125262,0.424966023675349,5
469,0.349922921445686,0.212868402898312,0.10602381892968,1
81,0.223233359865844,0.665486422600225,0.082743983482942,0
1020,0.227816184814264,0.563152251880583,0.407594804284165,4
1149,0.225623945998251,0.564345317291654,0.420984713734918,4
1042,0.222282919585036,0.562480922524958,0.417941015861382,4
1520,0.23442212049688,0.532044640435019,0.414818316325465,6
234,0.862176963826641,0.649670926388353,0.0277693588286638,0
1368,0.227089496687924,0.593940143378113,0.415916520385925,5
1210,0.214801876357996,0.597879502476485,0.421124478517215,5
415,0.354654206517153,0.438735658023506,0.461374409357086,1
862,0.317539754668251,0.322733269259334,0.13698029818479,3
853,0.318602991204243,0.302333929762244,0.138321957876906,3
690,0.37829227243783,0.00392379129771145,0.226302422909066,2
1433,0.223941212939659,0.542623378342373,0.41777690878458,6
441,0.350259821959771,0.405484294006601,0.343604398868047,1
319,0.682719533564523,0.6352136018686,0.266725256340578,0
990,0.321924370755442,0.494661213434301,0.120047975075431,3
1006,0.228172976825143,0.569726685144736,0.410828750107964,4
975,0.320182112932671,0.206108129187487,0.332997696916573,3
463,0.351766023042146,0.236434455215931,0.460400658752769,1
806,0.322475568284281,0.31749594847206,0.177991848764941,3
1247,0.229254707876409,0.597189061117416,0.416454949056776,5
1328,0.232448685714071,0.588256187448011,0.421692710299828,5
547,0.351720183594152,0.407806626125239,0.174462868692353,1
2,0.992296525277197,0.117329643107951,0.266368846409023,0
508,0.349932448395994,0.15077190794982,0.384355554799549,1
163,0.301698135677725,0.183975857682526,0.717192070093006,0
789,0.384999773432501,0.131892971647903,0.134473461634479,2
1304,0.222923010164866,0.591507744511811,0.413811210968446,5
86,0.776301573263481,0.15700742136687,0.226386406924576,0
1271,0.220871991610665,0.596535359869973,0.411170343525273,5
1554,0.22803648919903,0.536492502497792,0.410583925705811,6
294,0.515215831575915,0.610183722805232,0.00619501736946404,0
1537,0.220938706620626,0.540503580000975,0.417281327296224,6
1451,0.223505591744962,0.535306514068813,0.410682644437691,6
217,0.251601247815415,0.830915338126943,0.721549534238875,0
45,0.224600611953065,0.0911460649222136,0.331884376704693,0
924,0.316768635858316,0.205533601297066,0.290737798297778,3
981,0.321998224649578,0.488979387865402,0.117439406435005,3
517,0.349551723157056,0.255735021270812,0.0451721496414393,1
699,0.379298445638269,0.0649060386465863,0.398553410521708,2
1249,0.22621997507489,0.593749463155284,0.418696558908299,5
1201,0.224047816411027,0.594013796722282,0.415332593095323,5
1285,0.220571891679535,0.590693727525645,0.406735679004493,5
1048,0.230798247713765,0.564839085310463,0.409320724006768,4
1275,0.220033150456266,0.604977521424287,0.413382173115447,5
1397,0.231722715095311,0.597420570405916,0.415405065413357,5
1153,0.227848043535769,0.568446293768718,0.414186481415548,4
753,0.379805642087013,0.0285303294193,0.512930425675586,2
1439,0.228334574419782,0.533243567002905,0.414401832543419,6
1448,0.225676825806514,0.536817077544319,0.415348251048803,6
207,0.629910545656458,0.244959797011688,0.276023319456726,0
1581,0.218182795431414,0.525717620252838,0.41511474118068,6
42,0.552860242547467,0.518613514956087,0.331982736941427,0
677,0.378897761923727,0.12094625744503,0.115234717237763,2
1046,0.232554950211778,0.570440492395583,0.422198621633921,4
1349,0.220252327312466,0.599322024432013,0.421049884838574,5
687,0.384347084790934,0.345081849442795,0.33102389597334,2
1297,0.228236008116679,0.591050290130821,0.415055225294618,5
1446,0.22343522979972,0.541282452051997,0.405878864968397,6
1458,0.222030071252711,0.541202529229171,0.417727254187378,6
1363,0.224714776557313,0.598188508207969,0.419022432388339,5
989,0.321517184684053,0.191979225096293,0.136670162877999,3
266,0.612454327987507,0.959390315692872,0.878395645646378,0
69,0.0620337373111397,0.551676516421139,0.285910882987082,0
265,0.75040827668272,0.218648494919762,0.6519246683456,0
193,0.083098727511242,0.824506385950372,0.215786902233958,0
1192,0.223383284900451,0.562652978470641,0.42059549003232,4
251,0.579386583529413,0.532208566553891,0.496844800421968,0
662,0.378079963508062,0.00964493241626771,0.483769071148708,2
96,0.939959031296894,0.642640191363171,0.534986133687198,0
773,0.384163416351657,0.311096115689725,0.518910664343275,2
19,0.590743038104847,0.734089359641075,0.48049813369289,0
619,0.378853543223813,0.134769294247963,0.318936607078649,2
843,0.323702889543492,0.152550547802821,0.380776507174596,3
1492,0.230606151226508,0.536936762604601,0.404302423704503,6
881,0.317282778045628,0.344819239992648,0.387308289390057,3
780,0.377936592907645,0.0291910393396393,0.229324587481096,2
1423,0.217962850451192,0.538430577623377,0.410350269548139,6
1498,0.229708216247931,0.538924307669839,0.41613948473929,6
581,0.345271716804709,0.277743937866762,0.270360425091349,1
1142,0.230739807803364,0.554926703604691,0.417060272830902,4
336,0.795347880106419,0.897136922460049,0.422098962590098,0
462,0.347639434288722,0.191809196444228,0.352698510489427,1
830,0.322311874234583,0.10713584984187,0.249161523277871,3
674,0.379137567596044,0.279289774317294,0.0986479875631631,2
1173,0.22533387212104,0.563657199225005,0.409445676475918,4
451,0.345481905085035,0.442633805284277,0.206581043172628,1
1464,0.229650276033079,0.531669855775577,0.413993778784275,6
667,0.384244740635622,0.256961271935143,0.0359890692401678,2
208,0.436070886906236,0.67242338322103,0.447558992775157,0
309,0.591090988134965,0.655793917598203,0.629288990981877,0
172,0.594666733872145,0.136414480628446,0.0974580545444041,0
1316,0.230163616517823,0.59353276335497,0.412866573638043,5
435,0.345943274751771,0.359061000938527,0.113353515369818,1
793,0.379441839724313,0.151039010449313,0.121683685434982,2
1395,0.225647907267038,0.603009078956418,0.413060212725438,5
704,0.378158164105844,0.489340396085754,0.339066244289279,2
1514,0.227901366135509,0.529737283883613,0.414660501728382,6
1539,0.234005566135379,0.536846493900976,0.408141512060423,6
263,0.873979861615226,0.248974584974349,0.773033210542053,0
928,0.320243719704449,0.0389821158722043,0.0332434645155445,3
1356,0.22181337012116,0.585257933857434,0.412070677370708,5
1482,0.224704258646296,0.543346499739649,0.422364467643896,6
404,0.34563402649248,0.081707571586594,0.495506279380061,1
90,0.240779374726117,0.68239628104493,0.221742979018018,0
568,0.349395722267218,0.184908424923196,0.149325492302887,1
329,0.667639951221645,0.240468608913943,0.583233969751745,0
1322,0.222101400488989,0.59967284725943,0.423276173023767,5
1543,0.224735094239462,0.533422399424037,0.413856978924329,6
80,0.323576426133513,0.153436348540708,0.320148286875337,3
648,0.380750313187018,0.303697657608427,0.486600323207676,2
278,0.124018334550783,0.73146698763594,0.247339749708772,0
1110,0.217868419684853,0.56964033956908,0.413216745591027,4
917,0.315413509267382,0.36585255311802,0.469490030524321,3
1415,0.232013852022588,0.53386415997771,0.417429334530514,6
942,0.317489271690138,0.329482167446986,0.279545306786895,3
1291,0.234479910178477,0.594377789701796,0.41099690176752,5
488,0.34786229299847,0.362110500060953,0.080655806674622,1
320,0.317533804103732,0.265910801943392,0.190610686084256,3
1577,0.224629465141809,0.54117663320469,0.410621221079449,6
247,0.657012983458117,0.177574342815205,0.023963137762621,0
900,0.324196814803872,0.458170254784636,0.314563653874211,3
486,0.346188359709922,0.145108070643619,0.392299915174954,1
634,0.377256193584763,0.208658425672911,0.295260994555429,2
1081,0.221266841227532,0.56403458817443,0.41163629626968,4
487,0.348648256645538,0.0895211656577885,0.249034005310386,1
113,0.990142226684839,0.80269369459711,0.599967811955139,0
570,0.353632209335919,0.199622007156722,0.261111329169944,1
548,0.354141905345023,0.351199723850004,0.428658448252827,1
1289,0.228539248723473,0.602054223767792,0.411936164308921,5
784,0.378827428868972,0.456540088355541,0.132730489689857,2
433,0.346681744165253,0.1893378918292,0.306500029843301,1
1024,0.234017011326254,0.562295162829789,0.413464874965887,4
1517,0.223086116354007,0.538894524397263,0.413601714061649,6
18,0.466139776399359,0.0921216025017202,0.231410524109378,0
823,0.324002149496228,0.0929517232114449,0.17184569183737,3
227,0.795578896300867,0.201598330168054,0.905800486914814,0
254,0.30622071120888,0.957187325693667,0.13510200032033,0
1150,0.232526798284403,0.567105474879483,0.416482783580041,4
746,0.382294271639548,0.0598032291280106,0.139098046207801,2
1435,0.225188252684024,0.543576591769587,0.412978912548315,6
1083,0.228371839776843,0.576738708338127,0.419296450429989,4
1314,0.232347697994039,0.597359053935339,0.41100311355903,5
953,0.316312137797941,0.382906111958437,0.233019522600807,3
179,0.434261450544,0.519008285598829,0.992091082036495,0
191,0.631925300927833,0.0451870087999851,0.693089211592451,0
598,0.353874251062516,0.47264067591168,0.220056039956398,1
431,0.349055297023151,0.194128183834255,0.236012523854151,1
663,0.376879209529143,0.23048788770102,0.464027918619104,2
139,0.410657023545355,0.990297357784584,0.0798242981545627,0
445,0.350264057738241,0.0820467397104949,0.319008833938278,1
287,0.65695631550625,0.107752129202709,0.874025465687737,0
460,0.34663156892173,0.178470180789009,0.402447554725222,1
882,0.323335097944364,0.269799969345331,0.341021960112266,3
603,0.375479665703606,0.282416835962795,0.268281918112189,2
8,0.547060276614502,0.985912345582619,0.184491891879588,0
150,0.963989132083952,0.582719613565132,0.137597108958289,0
849,0.324324847403914,0.438008236302994,0.177006849995814,3
1382,0.22762037126655,0.599236458021614,0.418447724371611,5
457,0.350940657926258,0.349849017406814,0.351405463856645,1
963,0.320360693638213,0.10803664913401,0.13114350612741,3
434,0.354141957291868,0.417661777418107,0.507691539335065,1
847,0.316426615086384,0.397595954779536,0.161990365223028,3
