1183,0.476640287728045,0.20885508877934,0.277963229455208,6
203,0.310674914855044,0.827505735377781,0.319183749053627,1
552,0.273529510116205,0.58752611191012,0.51432599676773,3
401,0.337802102379501,0.861783519433811,0.672371429530904,2
300,0.334488556340802,0.524787586345337,0.267014935635962,2
275,0.332804012696724,0.630189110338688,0.480241230246611,2
214,0.307502335242461,0.769928861921653,0.450626843050122,1
306,0.336165465065278,0.46998655917123,0.472534533729777,2
21,0.0506794073153287,0.20924149081111,0.227167860837653,0
1006,0.464175426931955,0.271666187047749,0.270880987503849,5
1161,0.463735604420869,0.222853794761478,0.2827852017077,6
759,0.473292462612516,0.2508268412891,0.284091461484518,4
241,0.306534435451031,0.604759646742605,0.291327968845144,1
111,0.307473673406057,0.536133051314391,0.591664490778931,1
41,0.0565942325629294,0.951021870365366,0.0373152915854007,0
680,0.478507147411181,0.246745370228109,0.274704759116594,4
1143,0.470598058197852,0.209523497796614,0.279677989102538,6
695,0.47060763583465,0.253194304601321,0.285224309912359,4
722,0.468436710800127,0.253045834547001,0.281348333561415,4
712,0.470853134032221,0.248501655150005,0.273358157913974,4
831,0.470724196773196,0.252700304325624,0.274323164714775,4
433,0.339215215095319,0.865947339846753,0.526367747597396,2
1258,0.466366886960551,0.218191520155107,0.283597784818793,6
751,0.468866631260958,0.247111516513927,0.271363503954516,4
786,0.473639517750185,0.252191518239882,0.28419487171439,4
6,0.430706430226564,0.985518989851698,0.515277511440217,0
709,0.46058633003894,0.255735673300101,0.280874994333591,4
809,0.473690288292548,0.249460897135002,0.283311887738516,4
834,0.469180779980655,0.246082050395305,0.282896083830119,4
1157,0.476230407935775,0.217957155064197,0.276712388194644,6
315,0.339553511245176,0.695452402508818,0.437023411178961,2
622,0.281526344735175,0.452430684980936,0.755196495121345,3
147,0.30852500018198,0.465155427041464,0.435094944224693,1
557,0.274366534445435,0.759111216920428,0.329071371722967,3
413,0.338075080544222,0.638277844688855,0.534542018803768,2
299,0.335619629207067,0.713567105284892,0.397244409099221,2
166,0.304169442676939,0.856682922854088,0.593603816023097,1
579,0.273927725893445,0.826786386710592,0.403151008556597,3
573,0.275737220235169,0.532432207884267,0.759088643733412,3
377,0.332047101643402,0.425760634988546,0.467818143451586,2
1012,0.475679599834061,0.282549866778258,0.282230391432714,5
31,0.375409679953009,0.125204567331821,0.393464682158083,0
26,0.338899984257296,0.165883142501116,0.851892814738676,0
799,0.466073952974848,0.247663173841656,0.278173617040766,4
1263,0.472650572058301,0.220060319647679,0.28216198864107,6
440,0.341732213320211,0.784529843996279,0.459991996898316,2
11,0.202829296700656,0.517782989889383,0.55192858283408,0
703,0.485478736399245,0.243318737614281,0.284162752947693,4
284,0.332669958584011,0.838422054587863,0.70239779879339,2
598,0.273762543040793,0.404744674963877,0.562872739648447,3
914,0.470738312893555,0.275185229533121,0.276665032090058,5
1101,0.474503545967316,0.212207020450261,0.286585924283124,6
999,0.474440964740784,0.276221875253698,0.278572557032806,5
63,0.0567484248895198,0.0261491723358631,0.949269016040489,0
110,0.308862955272198,0.403273434541188,0.745535051357001,1
824,0.473237051934289,0.244965007093707,0.278947143944356,4
659,0.274822610192932,0.875382459186949,0.689752037194558,3
936,0.471606923638863,0.277915451941717,0.277624202221089,5
849,0.46431655331263,0.250718007622438,0.272711493775224,4
54,0.859359498834237,0.918252041796222,0.877528143348172,0
597,0.273726559714414,0.50991211545188,0.667481755046174,3
802,0.471208967072427,0.248131193426367,0.275260750941611,4
186,0.305791716438253,0.468215688178316,0.658595589129254,1
617,0.280240298246499,0.64065265962854,0.27086921131704,3
142,0.310964413711336,0.764218286774121,0.359857798693702,1
181,0.309262965286616,0.856574981170707,0.725100273522548,1
183,0.307003590201493,0.734161724965088,0.601719954889268,1
862,0.481633732170598,0.245051579501525,0.280560239891878,4
1024,0.469595981159317,0.270438584612003,0.280982066160565,5
720,0.463855864954704,0.253766555256117,0.283985523746471,4
217,0.309542684860062,0.770083141559735,0.655083859479055,1
760,0.465941791766616,0.248422682367433,0.278234370889021,4
460,0.338378252123948,0.664305333909579,0.742634829622693,2
1098,0.474053686629388,0.214646683299219,0.285270773024745,6
1185,0.466902067369189,0.228256927828205,0.278753932223319,6
534,0.279874637674075,0.613777426467277,0.576061798981391,3
158,0.304900017883629,0.458937440230511,0.377007209020667,1
365,0.341380283262115,0.855663103447296,0.539805402420461,2
1237,0.47166002164568,0.221849739226001,0.287550488878476,6
1112,0.470379949212517,0.219499316764909,0.284386456757156,6
238,0.308509361892939,0.750671637407504,0.5703064635396,1
967,0.474680359192814,0.279061681275835,0.284021899848971,5
1026,0.466519376880658,0.28039599815275,0.271041172999326,5
134,0.303739091872703,0.564238995709457,0.579971152264625,1
1046,0.47028064537079,0.274485750506666,0.282281549390814,5
228,0.305500221073162,0.819479275192134,0.566951510985382,1
210,0.307096791162621,0.525809206464328,0.519301783898845,1
673,0.473881285124169,0.251433747906609,0.282454712442676,4
563,0.278636688264087,0.815671524661593,0.722277701622807,3
905,0.463562789904329,0.277621886504328,0.281463749099302,5
230,0.303613077464979,0.765664748079144,0.721597070479766,1
807,0.469665115711986,0.244136078554112,0.269496725954749,4
382,0.332523561355192,0.820227900450118,0.508346901996993,2
197,0.309257241222076,0.705281429970637,0.639771675481461,1
930,0.461382073141967,0.282023081270169,0.287247960609011,5
676,0.479969503606363,0.256855749537697,0.277218988658493,4
10,0.892590112052858,0.150255371583626,0.275267866905779,0
468,0.273147918859031,0.683333239331842,0.557722395309247,3
1230,0.462387419446533,0.211776753333701,0.272451799087936,6
295,0.33702122947434,0.507372919633053,0.317826709384099,2
686,0.473291583605424,0.252918798975813,0.278067225949008,4
568,0.274813474677503,0.535616057273001,0.419505638442934,3
1018,0.463740750766299,0.273873939742683,0.284746458477375,5
141,0.308880451987498,0.750178725621663,0.270931111439131,1
221,0.311744010602124,0.842774006933905,0.434083585534245,1
70,0.311790360384621,0.849541605263949,0.43551442809403,1
801,0.472209935250107,0.240431305738145,0.283995479538064,4
1171,0.468028571491654,0.220873231264019,0.272788578780426,6
1027,0.479007027204963,0.275330839444023,0.278871666629568,5
727,0.472772325114322,0.238853195887193,0.281671021440539,4
1065,0.468062517275109,0.214780422924749,0.278381343095431,6
1013,0.480888218845592,0.275774295420954,0.286382333478983,5
633,0.277364393067546,0.399931237963028,0.752152110007592,3
899,0.475027181836673,0.285711341321059,0.278558390642085,5
265,0.338767199534923,0.708479596348479,0.442340081231669,2
526,0.277346288182307,0.669259916455485,0.619174660439603,3
135,0.30277841296047,0.826410521799699,0.703237135685049,1
823,0.471037799311242,0.251378886420914,0.288297585738594,4
846,0.470870282853657,0.24905790733988,0.282486528367588,4
458,0.334463539069984,0.520036426652223,0.459696805127896,2
309,0.333294717099052,0.410222678491846,0.54632726488635,2
726,0.466346784366474,0.243298438041942,0.261859853109405,4
779,0.468202380345075,0.247618894115501,0.280116714528411,4
1145,0.474310098383832,0.217992162607505,0.281431647227138,6
629,0.273066720571369,0.879033778607845,0.616401648172177,3
1147,0.476989541009578,0.220708348111045,0.281574575475838,6
465,0.275510166394524,0.839406992122531,0.316799363610335,3
326,0.341103373442311,0.773701740708202,0.376178461732343,2
263,0.307917685089633,0.672708447021432,0.38498710540589,1
777,0.472050876849835,0.244549180768952,0.268597269435268,4
619,0.272761909959372,0.61506239969749,0.289385824138299,3
1052,0.471894490920237,0.28298448410188,0.28120886878897,5
811,0.471919600228324,0.254596181670846,0.277117593665655,4
527,0.27734293627087,0.569348602136597,0.27725835472811,3
500,0.276373667051084,0.417131042270921,0.442170565272682,3
1080,0.46854239671264,0.218572195683397,0.277758140845786,6
359,0.334482183919754,0.533002919680439,0.605348982522264,2
103,0.308240385211539,0.753240172215737,0.755915181152523,1
535,0.272269589274656,0.411781710269861,0.729411818343215,3
529,0.280186011998449,0.630378649150953,0.40561685282737,3
467,0.27944647470722,0.815711930207908,0.61225399854593,3
1169,0.466998686405457,0.22495810336495,0.283702036080092,6
1119,0.471425003943813,0.217091454498978,0.295260410483187,6
495,0.277135384564754,0.801779477437958,0.311058220127598,3
236,0.3029703460983,0.614647359983064,0.738986724661663,1
1115,0.468035999817162,0.212500570766099,0.274811966102443,6
821,0.480909972627786,0.256484608315473,0.288233710883615,4
1223,0.472267614421595,0.229635897692413,0.276042671528868,6
1073,0.470491371075523,0.218779165583413,0.271991138446644,6
978,0.473247268903015,0.287387114201702,0.27714275547361,5
746,0.462779869110486,0.236985979963681,0.281385953125867,4
28,0.97188579547219,0.297017384786159,0.877180661074817,0
721,0.470966280432143,0.250020513188958,0.279019649308367,4
1025,0.46789024303535,0.277561663885075,0.278906113751674,5
976,0.475605322853138,0.279594330514319,0.28292830854898,5
788,0.476344591845345,0.244733888577209,0.273343448809605,4
991,0.466062551413483,0.274522678119301,0.277524573490689,5
87,0.308664693722967,0.442498730542138,0.733569027646445,1
1133,0.471628166779075,0.211357883745704,0.276396895848002,6
249,0.310223486884497,0.671368567552418,0.390300849475898,1
954,0.476717779560559,0.276553700371256,0.278928538350801,5
1036,0.461194729665443,0.275298486078973,0.276840763556129,5
769,0.473683198853124,0.256936407994656,0.282747749767454,4
182,0.303282036350574,0.578971131984145,0.357049163803458,1
301,0.332125133138616,0.609018713748083,0.537809474766255,2
105,0.30584748439258,0.865415141615085,0.479209166392684,1
338,0.339726707048249,0.6682506948011,0.646147044165991,2
988,0.475413303349073,0.280535366450754,0.277689265935221,5
783,0.46879797879261,0.245397496379598,0.278250587529672,4
140,0.30319695470389,0.810593660734594,0.728460165695287,1
474,0.278415723186918,0.396735873818398,0.730613679881208,3
447,0.332907952882815,0.661634273058735,0.662989704310894,2
170,0.310161659275182,0.52585234218277,0.283655456989072,1
968,0.473115970618389,0.284046934859222,0.283156044263869,5
993,0.464946197569823,0.283499012430167,0.278590482223939,5
244,0.305944188605063,0.402150842756964,0.74081625349354,1
101,0.305483521197457,0.414487795601599,0.517220551520586,1
650,0.278664702319074,0.535462529794313,0.490391213004477,3
569,0.274848816217855,0.492184115154669,0.627324549271725,3
445,0.341024789155927,0.75926136020571,0.722039365000092,2
1166,0.471925081593121,0.219083543634716,0.282818454074395,6
59,0.548466020962223,0.194157144986093,0.559772484004498,0
323,0.336101340644527,0.699525689869188,0.578680643485859,2
511,0.274619967374019,0.642787099978887,0.710436357092112,3
146,0.305511443964206,0.887222537584603,0.366701858257875,1
91,0.305934394954238,0.702484879689291,0.57482524625957,1
820,0.477701699910294,0.253052273718806,0.28441707024056,4
648,0.281555563833099,0.54414835087955,0.729066070890986,3
935,0.47252976241054,0.289088509586852,0.288782423034846,5
644,0.278507901590783,0.863032172247768,0.382262220280245,3
84,0.30697888096096,0.868637363705784,0.316175380162895,1
62,0.0251703248359263,0.103993633994833,0.949740066425875,0
476,0.281318309856579,0.662992556858808,0.662749785836786,3
752,0.470489031460415,0.252676290927876,0.28356782657059,4
715,0.465114123070444,0.243648030010127,0.276495269447456,4
492,0.272862890691031,0.882659774902277,0.574689315189608,3
149,0.305866432294715,0.703341500647366,0.623596522514708,1
82,0.305286130025052,0.658877231692895,0.702460869820789,1
672,0.466620310880297,0.246800346770332,0.274573835555403,4
496,0.278564306059852,0.845706810988486,0.45876099485904,3
1260,0.467910921587749,0.217774789827459,0.275994068723229,6
481,0.272728087643627,0.884163776109926,0.642068807175383,3
532,0.280305193783715,0.529997005406767,0.446170548466034,3
8,0.853149791713804,0.882672550389543,0.153332543792203,0
1063,0.472002697162784,0.28071920789416,0.28032726535241,5
488,0.273601779749151,0.715858324593864,0.275641673617065,3
1000,0.468459018793549,0.278921891628247,0.281850046241823,5
37,0.504615396494046,0.514198717661202,0.621151740662754,0
791,0.472476306728832,0.248342152848442,0.270428088012079,4
1220,0.481049558433785,0.220829444979105,0.283853578887323,6
609,0.281304363016971,0.790551721164957,0.355180792766623,3
379,0.341809551008046,0.87196424480062,0.345115365833044,2
675,0.470166806061834,0.249630603336379,0.276248224465192,4
193,0.307554749271367,0.744324282091111,0.389304650737904,1
1244,0.476247573738545,0.217540319028393,0.27942432806799,6
1252,0.473384074565863,0.214274117228225,0.280475380079736,6
215,0.304339905227535,0.838163545634598,0.541032308968715,1
1001,0.475220608196399,0.275103319767626,0.268399915214636,5
525,0.276583476765081,0.563160350825638,0.514466580259614,3
1221,0.466302147306569,0.218076735925126,0.288220562070239,6
782,0.469966596998845,0.260855672094221,0.280310221459503,4
187,0.31160758987302,0.556389977270737,0.532998468866572,1
254,0.311645052095409,0.48551678697113,0.267186890845187,1
1042,0.481206629583441,0.283764437246077,0.277049208197095,5
388,0.337683565013576,0.500958128529601,0.340289366687648,2
578,0.276245559512172,0.751991538726725,0.642399068363011,3
612,0.278378127086908,0.707398633635603,0.699529835628346,3
592,0.276586275456939,0.863582068984397,0.523087213537656,3
1102,0.467692111267393,0.223392565324755,0.278030443886244,6
512,0.274288965968881,0.540083116665483,0.72237005867064,3
462,0.337180879102088,0.59550069172401,0.264896261296235,2
395,0.336415888646152,0.416856157174334,0.693479128321633,2
191,0.304956692291889,0.591243571881205,0.549538965825923,1
626,0.276355260009877,0.808666995423846,0.706322613777593,3
570,0.275389373281505,0.557454952318221,0.674745357735083,3
119,0.310303706885316,0.695565894758329,0.330527006206103,1
607,0.272500964277424,0.883052033535205,0.491741870087572,3
464,0.273570173494518,0.525951282167807,0.494359906786122,3
1040,0.466636997966191,0.286982609653597,0.287009826752622,5
1031,0.474080715998704,0.277273419786126,0.279954903390154,5
845,0.475460574719151,0.243580449116942,0.283849474372075,4
398,0.335159068917856,0.875579333561473,0.337373124225997,2
480,0.27793584758183,0.389315117197111,0.311793926078826,3
1076,0.473836197948841,0.210820355148051,0.279702870610331,6
902,0.464278531322366,0.280181685366769,0.279742334742794,5
1196,0.472423576037998,0.218545834366858,0.276707526576527,6
871,0.470042603642785,0.276756598866681,0.276444711388658,5
1132,0.469508481510128,0.228889167774555,0.281911764774287,6
169,0.310894307307899,0.68859774810262,0.403994039772078,1
1248,0.47034502418892,0.21998522058381,0.276264101054121,6
1020,0.468753692620644,0.277539868947683,0.280257366616728,5
4,0.324749802704901,0.113449098775163,0.272570100147277,0
1075,0.484707411396123,0.216162304890112,0.278700546340626,6
469,0.281228289145511,0.72900265622884,0.651666922401637,3
486,0.277031430527568,0.740376110118814,0.559621027577669,3
419,0.333384851652663,0.545056847087108,0.683989085629582,2
1179,0.47290327411897,0.220341744621447,0.275829911152757,6
918,0.472678550755109,0.273549315854737,0.286023593705048,5
1038,0.472069209501473,0.27846111356627,0.272905431387596,5
657,0.273993222159334,0.779558154684492,0.32352733137086,3
457,0.332522008889355,0.604555469285697,0.652732240175828,2
690,0.469090473316826,0.240300229099022,0.284587998293065,4
335,0.340091514822561,0.835608036303893,0.617401108401828,2
503,0.274880589460954,0.501910992246121,0.622289869724773,3
521,0.276416509309784,0.716902695060708,0.277113893325441,3
889,0.476313672107361,0.276035764829659,0.282905667579312,5
470,0.274481300450861,0.646641267393716,0.543094206042588,3
828,0.469621278882677,0.242628017575072,0.285811826531126,4
68,0.310326121449471,0.486288476432674,0.435252383141778,1
986,0.474306242948135,0.283628925069912,0.278314837885748,5
1108,0.475004902105954,0.214696194445482,0.281508458111646,6
1206,0.470013768316716,0.219607313206858,0.288738781613506,6
950,0.468858164642816,0.270207186163051,0.274967962569499,5
664,0.473006448752538,0.242869432725238,0.28188183219426,4
325,0.339976939035114,0.814145797444508,0.341749487118796,2
330,0.338950898104813,0.846673718816601,0.669856990245171,2
939,0.465212385948884,0.276822037936601,0.278035091548404,5
1037,0.477208436574585,0.268175674700508,0.278469549102259,5
1232,0.472713886320607,0.220946755124705,0.269724803193489,6
748,0.469035438780504,0.254609986461464,0.277687280280967,4
903,0.470955987786756,0.270474846138552,0.285989226571363,5
1227,0.466828861405338,0.215991276705506,0.281156008323218,6
366,0.3340320172254,0.519453314761631,0.701584200630896,2
618,0.273990237647668,0.463194974628277,0.516993110207841,3
350,0.338899214686826,0.498685658024624,0.565870036510751,2
594,0.273296303201933,0.628676096023992,0.488343640952371,3
977,0.472541681367474,0.282703129110345,0.279860024789604,5
340,0.33950449335156,0.504060659138486,0.413175451708958,2
840,0.480948536374836,0.25032266842229,0.283205783615677,4
635,0.273868329019751,0.632788269710727,0.688570893509314,3
774,0.462702194150802,0.247519336219081,0.288760549860816,4
520,0.280299243864138,0.828701708163135,0.529547309060581,3
290,0.341066175762098,0.870715388143435,0.672199393180199,2
710,0.471252333305309,0.250457512331532,0.276382431955558,4
763,0.482287947295382,0.249309873247484,0.282160685076183,4
1222,0.474275862286865,0.224650625837706,0.266015706691428,6
1059,0.47408301873709,0.279663590012176,0.27982140982678,5
98,0.307962804364506,0.412210920872167,0.579483685456216,1
778,0.473953498735252,0.246582904511162,0.279446851800146,4
770,0.46552858809002,0.253105959327403,0.283105731469659,4
826,0.463442292087994,0.252417905712324,0.286253566052008,4
784,0.473577865897162,0.256640939993823,0.27900509895956,4
1028,0.4656688682099,0.27830532891426,0.279814466258136,5
1211,0.46844185619234,0.206946324164471,0.278540471164207,6
699,0.469890221870919,0.249510313222605,0.277921250445175,4
494,0.27732106836047,0.447581706615165,0.663300150097348,3
749,0.480404986646371,0.251296725161711,0.271172764328731,4
261,0.307342804700602,0.767198773729615,0.406562500656583,1
336,0.332201902903616,0.469880846492015,0.731890483433381,2
144,0.308957150559872,0.742947509908117,0.283066461817362,1
1256,0.469743195257981,0.217101561429526,0.277282518160404,6
1021,0.466249629588188,0.270667746027905,0.284327336026125,5
227,0.307817557156086,0.415964415227063,0.556900009769015,1
688,0.465620430349355,0.247357903953045,0.280108947758076,4
677,0.464380024186262,0.247141083783534,0.287447566311663,4
925,0.471571611441308,0.282431363608039,0.279341403373068,5
962,0.470232583491799,0.281459340357963,0.286184200920364,5
45,0.0901486582588404,0.712949861539528,0.988224299857393,0
282,0.33525390822906,0.887101306277327,0.553649229719304,2
1044,0.47535493393878,0.274899799155767,0.275768443108803,5
516,0.278649847160559,0.629801068617962,0.469404808268882,3
1045,0.47642116329553,0.278012127093811,0.271908129217955,5
431,0.340551453540102,0.607294856500812,0.660744754387997,2
561,0.280436672181822,0.796318693482317,0.362500717071816,3
329,0.340652098879218,0.836756414198317,0.475135552836582,2
522,0.277185719194822,0.71552428829018,0.647653410118073,3
678,0.480341985335965,0.244338507024085,0.287868995648968,4
1251,0.477584156765307,0.220441430339601,0.284501865540691,6
123,0.304890217559878,0.633389191748574,0.713202157081105,1
830,0.47079859304869,0.245838458222968,0.287507113252058,4
974,0.485622663588684,0.281942036519509,0.27701672253001,5
917,0.471369145080929,0.269083199075706,0.281453813206162,5
1070,0.468809244447421,0.225841765180211,0.276133162370342,6
302,0.338423048839904,0.765875975880772,0.372591581218876,2
671,0.47252209245564,0.248975457106435,0.274611157854234,4
789,0.471164204401986,0.253623244158963,0.270118977374932,4
38,0.293952120933682,0.26087079802528,0.248114008689299,0
35,0.569376563420519,0.777984512969851,0.571862450800836,0
79,0.30926332810428,0.40998771826271,0.628295106603764,1
796,0.47031298146334,0.247968267072103,0.286020368011063,4
636,0.280394886375871,0.781015405943617,0.384977756091394,3
572,0.279462545863353,0.615897755185142,0.279657137487084,3
446,0.336310145780444,0.610768177360296,0.344846317567863,2
1204,0.465731347196871,0.205227581418012,0.281792771511267,6
174,0.302499050910119,0.785025770706125,0.591815918125212,1
586,0.277085224366747,0.883127673342824,0.444391444814392,3
452,0.333072765783872,0.584013549075462,0.398551609623246,2
331,0.335462221007328,0.885735225793906,0.627313366765156,2
423,0.340461736067664,0.837090549105778,0.560168757592328,2
964,0.473222898032009,0.286871866430735,0.282672617724529,5
88,0.303248677451629,0.535621170233935,0.666404280951247,1
514,0.272326409562957,0.659530331776477,0.465931466687471,3
504,0.276767704663798,0.568227182189003,0.479352164338343,3
479,0.27819382855203,0.883097395580262,0.353823181265034,3
614,0.277014728530776,0.452404258470051,0.525449826521799,3
61,0.830464769154787,0.17429385217838,0.114100914914161,0
237,0.306827132992912,0.845414396887645,0.607338727358729,1
1241,0.468136877426039,0.21364612035214,0.278882649214611,6
1135,0.471641639654827,0.213104431257595,0.272091344231157,6
432,0.340926700492855,0.4137747684028,0.525555682973936,2
604,0.275876015033573,0.40536967238877,0.750225854013115,3
1083,0.476723371772546,0.2096709597059,0.273004900428972,6
466,0.272118238224648,0.700273167504929,0.739038981404156,3
1058,0.474328058538648,0.268972730231583,0.27675765244246,5
1054,0.464780966309998,0.276063150905721,0.279149425479476,5
1016,0.475220851842578,0.272126044457252,0.27871150650492,5
602,0.272131363905501,0.824136987840757,0.320077559002675,3
269,0.334449386624619,0.772185001103208,0.326847010548227,2
1050,0.477525116773873,0.284865766217091,0.268085490980835,5
921,0.471493796893197,0.278001923152904,0.275994975772736,5
615,0.281650129801128,0.560184998600744,0.292251970409416,3
574,0.27639294894645,0.471322411485016,0.717026629159227,3
955,0.474179280553987,0.283575243909782,0.280039679484386,5
1126,0.474753380975945,0.210700007807378,0.278424410287734,6
437,0.338487878856249,0.866052041575313,0.442228370602243,2
1104,0.462464798355105,0.223392485536348,0.276236311062582,6
277,0.332312811804004,0.786050145677291,0.408077946305275,2
448,0.337805091154296,0.823016669647768,0.66663939205464,2
22,0.207101269159466,0.26838497351855,0.2266056437511,0
713,0.465181956365559,0.247124931259946,0.274900480673081,4
911,0.474768288923888,0.279986749778647,0.28245622882656,5
984,0.475878794259179,0.278737016656268,0.27613611572943,5
1072,0.480524246935219,0.211963687710602,0.277096878138875,6
1231,0.471539263992025,0.223707381344463,0.274318107399517,6
327,0.333941213192884,0.560225336509757,0.75936574479565,2
1184,0.472400001469383,0.218023639260563,0.278318860603952,6
926,0.464332616671513,0.282748074429622,0.284686580347562,5
204,0.310200884339865,0.836335699935444,0.295576390833594,1
216,0.310318076449912,0.687450182903558,0.6789954229258,1
772,0.477196532766968,0.25233673565654,0.272423301709106,4
1247,0.470024109669902,0.21757304463115,0.285400193658627,6
790,0.471665451679597,0.246281945796116,0.27946394987379,4
289,0.33261683695484,0.654857076867484,0.598412894201465,2
758,0.472034597295457,0.247486903677504,0.282049022495394,4
347,0.339830510225147,0.763361863372848,0.743787014181726,2
1055,0.467203840594444,0.278470090454762,0.283756673259575,5
421,0.334032083454076,0.463147839461453,0.388255238672718,2
16,0.0896334315184504,0.353350582765415,0.13477251236327,0
1165,0.467275585042002,0.222683364532482,0.279495905316934,6
910,0.468932967185788,0.282001932374173,0.281369918625702,5
115,0.306258206292987,0.468655093153939,0.603607996972278,1
544,0.278527427678928,0.48363646089565,0.602673115464859,3
663,0.276051785587333,0.574061180162244,0.543566424306482,3
666,0.462073760390572,0.242248792017248,0.284035853127988,4
1100,0.467157617630246,0.214763155930778,0.281174668573874,6
613,0.281599812130444,0.872846180386841,0.341620271117427,3
369,0.34084677355364,0.656178173655644,0.40653691990301,2
1195,0.457835157105085,0.217793077017704,0.276873564181817,6
1152,0.481248735596033,0.223705966777478,0.28085362730784,6
402,0.338972083316185,0.532024669041857,0.655056719691493,2
438,0.337844246432651,0.540114863938652,0.626977216475643,2
450,0.338165488450322,0.508405073708855,0.510114996600896,2
339,0.337666613920592,0.887485437374562,0.517010023258627,2
1130,0.474216440032929,0.212657947152778,0.272396539311602,6
1017,0.470048298642507,0.280544912801246,0.274135067868577,5
731,0.477410334576248,0.25753747229211,0.275632205825217,4
895,0.472594078997819,0.280346097338479,0.282406803334229,5
1061,0.479115615769419,0.281345383395366,0.281189845943772,5
407,0.340093370089307,0.654959067399614,0.727972228219733,2
1106,0.471868869285226,0.215032438980761,0.272320079552098,6
308,0.336228906901088,0.788967878255062,0.752559917420149,2
701,0.479654530065754,0.249250199221169,0.276158751104887,4
881,0.471673932765655,0.285188955504487,0.273670509833313,5
100,0.302289126066025,0.696478026267141,0.464448104519397,1
869,0.470512070607268,0.273360612213187,0.281246080095088,5
93,0.305568250576034,0.600613513076678,0.441293954174034,1
229,0.310734269521199,0.83219171075616,0.420926400832832,1
1163,0.474734834625269,0.21114004526629,0.281661960255188,6
851,0.474462330864851,0.252141399004167,0.269118420979489,4
420,0.341802270365879,0.855093512614258,0.641907987324521,2
1,0.275859860004857,0.637164190411568,0.96843513357453,0
669,0.46179635674398,0.247445224750383,0.282743528444747,4
224,0.306479010977782,0.832421362446621,0.54843711797148,1
835,0.475409587464889,0.25275952455825,0.276721605655659,4
484,0.273692096706945,0.882084840489551,0.698861237987876,3
320,0.332188440933824,0.750839969539084,0.351332000480034,2
901,0.471134567981245,0.27663402282115,0.277933347469877,5
575,0.27683080609655,0.708545607910492,0.614482553000562,3
775,0.468784509562645,0.237172252620685,0.279437141106684,4
180,0.30662830010755,0.671997983753681,0.705349755380303,1
634,0.274175512441434,0.812407942768186,0.713311378052458,3
192,0.308267824570648,0.847397960419767,0.581611188384704,1
372,0.336182868548203,0.611787052988075,0.398973071621731,2
682,0.480815760697493,0.254102704460841,0.271587070787504,4
1084,0.468787122522104,0.214302385748474,0.271671297714786,6
487,0.279896769598126,0.7473122370895,0.560346405045129,3
933,0.479039683799715,0.27982213444135,0.272271029045328,5
565,0.281821508863941,0.391371416323818,0.402176907542162,3
698,0.477440870386772,0.248194212864685,0.285852530651469,4
165,0.303291143779643,0.855904365936294,0.267012531077489,1
843,0.475330475925301,0.254836548749904,0.280352876127348,4
736,0.477172286018791,0.263722462064444,0.276075256448407,4
883,0.476298404992071,0.266373802014926,0.275119557405044,5
803,0.463396313744996,0.255631143139659,0.284960671338307,4
1246,0.472331992450198,0.218398288667028,0.290287615697039,6
776,0.477045787741533,0.251106548585777,0.269753125688288,4
510,0.280489901155233,0.764243505126797,0.734637918672524,3
1240,0.474655575453815,0.218349564972071,0.269941216485061,6
319,0.334684998118319,0.849992727790959,0.704574525612407,2
213,0.309245768804103,0.632104782317765,0.447698391298764,1
3,0.67616719333455,0.290384598309174,0.731633065035567,0
1190,0.468702117573996,0.20920149524399,0.27465688634661,6
292,0.334966177262831,0.633953788597137,0.274948357394897,2
334,0.341092300983146,0.81699547059834,0.61165360561572,2
1156,0.463246946866933,0.225831683856718,0.270981665614044,6
658,0.279598077139817,0.536944660870358,0.533995710336603,3
1253,0.475700492046854,0.216629523393379,0.271060946629198,6
459,0.341623317981139,0.754063736693934,0.562135447422043,2
2,0.248344694962725,0.680571682285517,0.107729559997097,0
716,0.479902262710438,0.249086568286778,0.277810531754416,4
1170,0.466598718069251,0.205084660344588,0.277600143069926,6
864,0.472214814688717,0.274679702888787,0.278679897905178,5
233,0.304878822858445,0.569636330287904,0.264961446193047,1
556,0.280911908417475,0.741959329857491,0.512106064846739,3
915,0.472607033514753,0.28355422645149,0.28108848256649,5
854,0.474849985406296,0.249893212446144,0.280458533868342,4
567,0.280641865120269,0.88220982037019,0.642551077902317,3
966,0.471106179404592,0.278750857095997,0.284378947730586,5
1151,0.465986143985678,0.220384413923265,0.284638020984694,6
745,0.465157591894833,0.241006046314777,0.280911947086064,4
429,0.332484264622908,0.669534867326729,0.677480981708504,2
222,0.302818960682489,0.450151962623932,0.687333532632329,1
439,0.336029639893677,0.397218819288537,0.329309784015641,2
1191,0.479172418835317,0.210007952517628,0.272368966032786,6
975,0.472958943198928,0.281857743689911,0.275317124503992,5
1214,0.471956250750188,0.22126855592769,0.276641965405844,6
817,0.470755700225608,0.245469617646891,0.277835688037153,4
887,0.473482568526164,0.28338368340288,0.270071926679336,5
867,0.476743236206427,0.279635860688363,0.282168596221142,5
154,0.308766604643315,0.547525521297939,0.34476781510748,1
172,0.303807425163686,0.549226038204506,0.432339963060804,1
891,0.475756742244521,0.276545082200199,0.279032040331717,5
296,0.337055399364326,0.547619751468301,0.521319305780344,2
1137,0.470137175613619,0.215251288782882,0.279171316589789,6
875,0.478910520877711,0.27622223454467,0.275549696613504,5
1239,0.471081424136228,0.210169164314504,0.279091262952299,6
207,0.308472881463822,0.654272704548203,0.56514573181048,1
160,0.306468145446852,0.671323338570073,0.292721104249358,1
882,0.476165336717182,0.274159274260973,0.279244595054657,5
857,0.47490833621567,0.24720941714554,0.272849942109012,4
127,0.305754815062974,0.664077797601931,0.378883527149446,1
1200,0.471440052598334,0.228446686827146,0.280112230388796,6
124,0.304675177007448,0.805758865945973,0.570735340379179,1
538,0.279237046644557,0.553962112683803,0.669869397208095,3
878,0.477546834715496,0.275819944081971,0.285444097155601,5
477,0.274678360167891,0.819429133599624,0.594685404119082,3
531,0.278524340449367,0.427300176629797,0.412878114404157,3
312,0.340623132875189,0.856835818081163,0.734014689014293,2
550,0.279219450661913,0.816788682178594,0.3368644408416,3
822,0.470947819063195,0.237160320124092,0.281666043904965,4
611,0.273769438841846,0.537415841408074,0.74214336022269,3
931,0.465986329786556,0.282079308078479,0.28233039337603,5
1053,0.472296672676168,0.282227676415712,0.284225636539603,5
130,0.304690504102036,0.56800463614054,0.507869378221221,1
443,0.337581823577639,0.565934519213624,0.470589802972972,2
40,0.598295158706605,0.503017507260665,0.487314926926047,0
603,0.278854616268072,0.470568778505549,0.407884243666194,3
886,0.467229983746236,0.274411741507559,0.282626854966143,5
546,0.280595975739416,0.604682427993976,0.39391122260131,3
83,0.310014903715346,0.800627895211801,0.345429896051064,1
278,0.336474226282444,0.688467594375834,0.42348205416929,2
714,0.473608690400265,0.256281199669903,0.279951266563718,4
324,0.337025986737572,0.440023967809975,0.40607023043558,2
291,0.33530073621776,0.446658611344174,0.473473398620263,2
255,0.307204360621981,0.774008594616316,0.47251298991032,1
638,0.276569291674532,0.824340539798141,0.716162403021008,3
1194,0.468049565253752,0.214350179297113,0.280973576366497,6
856,0.475142948432473,0.249651566916738,0.275158575961508,4
1041,0.47654304438893,0.278826171335584,0.281879313690197,5
800,0.469149576262213,0.251873929116328,0.276984766738447,4
687,0.472182491446999,0.249008066415172,0.282924820646901,4
827,0.475752761009967,0.2546630817987,0.272400192722493,4
341,0.332785313047934,0.60137380163651,0.761835717270151,2
946,0.472987377611623,0.272616233764639,0.276814058546298,5
1180,0.476560069401392,0.214742077288015,0.278320899545946,6
707,0.474483915586294,0.249224155875676,0.276219231108869,4
497,0.279558697887696,0.474930568295531,0.660700313304551,3
139,0.304879086762667,0.62339328955859,0.571003065817058,1
1068,0.470925319604095,0.216205437191182,0.271167212831585,6
813,0.461830104787513,0.241713575112185,0.279840638213946,4
725,0.462693196688474,0.244749009899318,0.27652565291432,4
168,0.306732260913123,0.59965537446551,0.594730485719629,1
34,0.0577861804049462,0.962124390993267,0.347186629194766,0
399,0.332238153337967,0.769942672387697,0.419668376934715,2
1224,0.479520915635017,0.219468027387587,0.277226341846504,6
762,0.46368703268356,0.252412330722371,0.282306497351769,4
1113,0.477847929329035,0.214073115142801,0.289565487449907,6
810,0.470574935150268,0.248167684702322,0.28082345268915,4
95,0.304240810752381,0.575260021770373,0.321347790793516,1
206,0.308467168705538,0.476835752767511,0.550018304167315,1
1229,0.474499232786742,0.222235805799031,0.282245649664785,6
1212,0.479312206614941,0.20569680183175,0.276324793552305,6
932,0.478117210216694,0.277226966934812,0.278218486413385,5
307,0.336161374624353,0.733883001073264,0.342921720608138,2
927,0.466292781174339,0.282072404550542,0.280836051312122,5
104,0.30240732975537,0.657912230165675,0.375987141998485,1
348,0.335891806108411,0.681975904782303,0.7001547917258,2
1110,0.478087908520757,0.213467349852564,0.273648913473028,6
723,0.46640355042939,0.249916479552956,0.278322829808143,4
1078,0.473316633288905,0.214857781054282,0.279809061230767,6
980,0.477582249808159,0.273056326367791,0.28114200125013,5
362,0.333170640014578,0.829658465622924,0.702944050682709,2
1226,0.473706266417901,0.214829996568522,0.274351132405978,6
874,0.476818515710034,0.273643416024012,0.270281057850754,5
876,0.472855508575818,0.27715830532682,0.27611793036788,5
1081,0.477941031631107,0.21814515249421,0.29086618921953,6
655,0.278639632558916,0.742326834052801,0.567162540531717,3
541,0.276763387140818,0.463812733348459,0.495187295158394,3
1202,0.471907403735503,0.223185901574602,0.274791466156347,6
897,0.469155192613932,0.283295575860157,0.279237107216542,5
65,0.307939303312451,0.699758272315376,0.633332803752273,1
346,0.340106628693175,0.6865089841187,0.720904508046806,2
1082,0.473774371811798,0.21466667592228,0.275568756493152,6
109,0.302530113714747,0.49050962231122,0.307415181328543,1
972,0.477320011725146,0.27820410854716,0.282757394725784,5
1023,0.474597029782712,0.269978292180355,0.279937312781686,5
390,0.333859912259504,0.793307445407845,0.683218502462842,2
1154,0.461362570977621,0.226279403982202,0.284725147098531,6
342,0.334242792187724,0.720289830048569,0.614874240965583,2
416,0.339551263966132,0.393318608449772,0.331144109158777,2
232,0.307176160495728,0.477787880506367,0.730980486865155,1
387,0.339514849674888,0.547877165768296,0.678024980612099,2
505,0.277407011166215,0.732588882721029,0.545500322268345,3
625,0.272166402582079,0.775117335421965,0.494789615646005,3
637,0.278254980850034,0.734300916129723,0.755357497162186,3
426,0.339758781406563,0.70239714991767,0.461093342886306,2
288,0.333120262441225,0.569300762889907,0.534867113828659,2
560,0.277453752320726,0.853635952970944,0.507637852011249,3
189,0.304545304963831,0.843644428811967,0.276434431923553,1
305,0.340434923642315,0.419262106111273,0.47313732272014,2
1144,0.473674833541217,0.215453870645035,0.283220576624268,6
620,0.274249504350592,0.699801348545589,0.395253951684572,3
25,0.232198743382469,0.466478719841689,0.176970959641039,0
587,0.273043071543798,0.655319890286774,0.714680001745001,3
506,0.272436174494214,0.732266825670376,0.473436727677472,3
741,0.48403650088615,0.24343009015984,0.277492555684475,4
1205,0.466604468896632,0.21869859361507,0.283220027720845,6
693,0.469986063402873,0.247676504814782,0.272273141542879,4
478,0.279283817892429,0.725344188907184,0.701862329174765,3
1203,0.461159617282115,0.218323128964511,0.2838301734295,6
483,0.274526253088843,0.687860848195851,0.480198085680604,3
744,0.472869040767982,0.259697064944817,0.274940088429939,4
997,0.467337935784654,0.283895045388601,0.281534142443633,5
86,0.309409144688398,0.708753801579587,0.76015876387246,1
271,0.332709785900079,0.428090928867459,0.439553338009864,2
485,0.279551545323338,0.457810754235834,0.270710145263001,3
837,0.46883426717387,0.247088185704463,0.273103350830656,4
945,0.469163880116056,0.286076414639515,0.274470244692571,5
1111,0.467011104851076,0.221578013348604,0.277887368159131,6
1074,0.460480495355179,0.222880390101459,0.288190493452098,6
121,0.308053891970776,0.751682874676772,0.608729736320675,1
747,0.473220610774979,0.244765709319337,0.275222360360448,4
1146,0.474502314826757,0.226216810622145,0.278925056768276,6
1096,0.472732356497875,0.21291694911453,0.279248143584315,6
43,0.357262251665816,0.681614194530994,0.233580805594102,0
200,0.304415964824148,0.87469385964796,0.483905107853934,1
15,0.378587483661249,0.0978641491383314,0.124748458620161,0
668,0.476293745896416,0.247456550257346,0.280893204846846,4
674,0.47414154399461,0.250343811431933,0.276736936197275,4
833,0.48463973298008,0.251194868805427,0.278782372429748,4
949,0.473057348209621,0.281199125569368,0.284596731376862,5
384,0.335655035474338,0.680100590735674,0.290250610117801,2
425,0.341166899662931,0.793943134183064,0.554875621828251,2
19,0.771790450904518,0.0937922687735409,0.780988383805379,0
907,0.475405058799474,0.275615356207936,0.277843924704093,5
211,0.30580430166563,0.845368185127154,0.342521739448421,1
844,0.471779221944993,0.246751916260668,0.280161368133322,4
287,0.337600417751819,0.396690807119012,0.531271064677276,2
220,0.307804366729688,0.6640649757348,0.498394152638503,1
400,0.337896218311507,0.86851756721735,0.398582993098535,2
1085,0.471670357705643,0.215005193735571,0.280543783543025,6
353,0.339623484928161,0.828560663550161,0.477340852981433,2
453,0.338143354926724,0.729064231202938,0.70327099787537,2
1060,0.475169330349215,0.270810144581102,0.279630875025204,5
996,0.472088228010044,0.273193905584457,0.274830287235158,5
97,0.304487446299754,0.459985784301534,0.491441577812657,1
513,0.281263401445467,0.68333316273056,0.41273592368234,3
303,0.333189026406035,0.455253963638097,0.725554521102458,2
502,0.27822775359964,0.500963827758096,0.445648817718029,3
178,0.306290184941608,0.390456728334539,0.483905481197871,1
33,0.465705228503793,0.912425450515002,0.425770808709785,0
929,0.479647667653391,0.272786360293284,0.272265230280643,5
89,0.302174492429476,0.845260219811462,0.271932979836129,1
1047,0.471464048897969,0.28524348790422,0.276554725028427,5
873,0.477243072085272,0.273362413359433,0.280730514760217,5
804,0.468751302245692,0.245720408438549,0.27493165775838,4
740,0.475761246684619,0.248791725546778,0.293602123176433,4
373,0.339325819821097,0.496480989083648,0.467160438327119,2
414,0.333584334002808,0.744903047382832,0.59884541798383,2
994,0.470142312202179,0.277159595234167,0.276342521408,5
641,0.274708890728653,0.415230225003325,0.314694221271202,3
1249,0.471984279102929,0.221544312669036,0.27665450051062,6
890,0.46381902650386,0.285061762586738,0.28023420908074,5
354,0.332543523279019,0.659713696618564,0.705105680413544,2
1164,0.473396505253342,0.216528560236915,0.285311560127783,6
1262,0.471012579472628,0.220243358859025,0.285143485672548,6
737,0.463823597908052,0.247294076170666,0.275897336316368,4
260,0.305550831998698,0.430136607890017,0.438428700924851,1
1245,0.472880811150981,0.214651398079956,0.279226963303746,6
919,0.467864422734094,0.275005710486692,0.283134831311069,5
1188,0.468452415141246,0.21580684815707,0.273947332424221,6
892,0.473485840840523,0.276485633182308,0.285884587390729,5
973,0.476510089779435,0.281818303313583,0.279933888326384,5
1199,0.469425518883834,0.226912589457845,0.271802615477228,6
208,0.30764053715393,0.474222481646575,0.429022608930245,1
1056,0.471837965779854,0.285492766066719,0.276675351676206,5
116,0.306258245145436,0.835042335139588,0.475573703902774,1
118,0.302233505221084,0.538931475998834,0.725759607064538,1
1138,0.478755532561175,0.227319735476938,0.277794606552888,6
184,0.307952596361283,0.543335269019008,0.44957465401385,1
391,0.333111870957073,0.812536342698149,0.276466207834892,2
860,0.470878339106244,0.250184221483656,0.294356721848344,4
185,0.307321997226682,0.537256994680502,0.559854053682648,1
922,0.473077779753191,0.273681899108736,0.278723379976877,5
286,0.333065320185851,0.885752601944842,0.593183557875455,2
333,0.333496639339719,0.460347823263146,0.580536680668593,2
78,0.304151874172967,0.486825063987635,0.432200394477695,1
137,0.304439721091185,0.447363053145818,0.636722555756569,1
393,0.340197414327413,0.595340089220554,0.655817845859565,2
656,0.27216297599487,0.7534134991467,0.374403022718616,3
621,0.274701787673403,0.462556614703499,0.33872299597133,3
18,0.815185892162845,0.852687083184719,0.760706388158724,0
839,0.472148719275706,0.241618196017496,0.284061711291873,4
681,0.476682485175875,0.242286345520207,0.275235505328493,4
257,0.310488285368774,0.54944686666131,0.498466098238714,1
1123,0.474970137283561,0.215123283418776,0.270354484318129,6
1010,0.470985724698995,0.273784761127121,0.275959515221521,5
1003,0.468439934777071,0.270383598705676,0.277490274007933,5
894,0.467123355148283,0.281462213999031,0.282193353075475,5
268,0.340249720751308,0.466570757259615,0.713916739472188,2
1217,0.468413829990722,0.216535631798654,0.284919031664198,6
959,0.472000196064504,0.28862238761336,0.278534446360829,5
691,0.474464276212417,0.253377088807166,0.281726395870005,4
1140,0.468696343101776,0.220999777947038,0.280630153290406,6
719,0.469943045093197,0.248476919939686,0.277287048453005,4
1049,0.476714573885704,0.280914838276443,0.279153321624132,5
1174,0.475524272110032,0.219180845770968,0.280747715239604,6
1167,0.468700409642997,0.210287204211077,0.275806305108864,6
555,0.272612449601293,0.535339582525194,0.533698964072391,3
343,0.333717980845831,0.576207404537126,0.712013267003931,2
1182,0.477271920357799,0.219152352308734,0.278567990435933,6
1107,0.472199455070339,0.211213553317416,0.281867060459706,6
463,0.334430953918491,0.691368035669439,0.536917322687805,2
409,0.337375879574101,0.461599668534473,0.44040336846374,2
67,0.308461441607215,0.392722242325544,0.543541339715012,1
523,0.281076502602082,0.52587223185692,0.458995340415277,3
940,0.47507794515391,0.270196017301508,0.283685812701797,5
489,0.281814847860951,0.532457199692726,0.479956402815878,3
151,0.310202973163687,0.855951494118199,0.297246500407346,1
547,0.273234768891707,0.563493097946048,0.501746454183012,3
593,0.27772595557617,0.732171473954804,0.530626659886912,3
1177,0.472449657505993,0.218949756021643,0.281464683841641,6
792,0.460021611471557,0.248777038239371,0.282379849599074,4
195,0.309813774970826,0.817480118409731,0.613333207811229,1
1066,0.470546060585774,0.215688366744377,0.278316880499056,6
218,0.310492909396999,0.476818373356946,0.610651666205376,1
1192,0.469277499257947,0.222681167014193,0.283569095957094,6
226,0.307533763712272,0.510501377098262,0.418765786127187,1
816,0.470972651019721,0.247344183113406,0.282463004756085,4
1242,0.472047432169672,0.213728952302338,0.283147942595056,6
1141,0.469013487342087,0.211552185680149,0.283459246208595,6
588,0.279018479329534,0.763232725020498,0.287217716826126,3
963,0.468374831986455,0.275700899254768,0.285619432363235,5
507,0.274743107631803,0.657724809297361,0.470949709438719,3
661,0.272114237346686,0.673218971164897,0.509664664650336,3
877,0.470438119243847,0.270403368230387,0.280905394832555,5
705,0.479354783522633,0.251881659656993,0.285241797183862,4
765,0.467296171997438,0.248353013668997,0.282739115031469,4
1032,0.473480873829941,0.2774498936157,0.281948061914851,5
627,0.273898508807179,0.595529404864647,0.263492800318636,3
274,0.334551682572346,0.698823572997935,0.65163156951312,2
577,0.273360375363845,0.673029864951968,0.300951388454996,3
1029,0.478833702877868,0.27533048975482,0.281932268264698,5
832,0.46735945853057,0.245999496390815,0.274943856082874,4
403,0.338158271459397,0.836169695993885,0.356828977144323,2
304,0.340841344746295,0.729230619547889,0.623846809752286,2
766,0.475080194116147,0.254660939892157,0.277624953790966,4
1259,0.476901144540826,0.227944243501352,0.278444734000197,6
212,0.307276850691997,0.545285988296382,0.614738462981768,1
344,0.335578031018376,0.817883034516126,0.687202385417186,2
1089,0.470124422026226,0.217583868794461,0.285435194855014,6
482,0.275074556537438,0.72180185134057,0.625195009890013,3
898,0.470458450594851,0.285275404875332,0.277200757088165,5
692,0.475046914224113,0.254205789902739,0.276253574180086,4
1208,0.467847659648555,0.222016309052505,0.271156172699538,6
126,0.306532458991278,0.730957119655795,0.340699581103399,1
793,0.469954098040658,0.248757980160603,0.279547301799373,4
951,0.470193841021645,0.277115937799055,0.283502968795858,5
163,0.304819261592347,0.408548618014902,0.478946888260543,1
259,0.308060660921037,0.406639532814734,0.703478969074786,1
248,0.304086891128682,0.859396353410557,0.625850027916022,1
847,0.474438183780628,0.243041108724836,0.280228321648077,4
360,0.338997847409919,0.696761270216666,0.354745602142066,2
1238,0.468434802821107,0.212086034589842,0.27651560634457,6
368,0.332841066194233,0.730161092989147,0.382490656711161,2
173,0.307392004777212,0.609624677267857,0.388110214401968,1
829,0.473056027008731,0.24442657955494,0.283346851134992,4
742,0.46978564547985,0.248213865056164,0.280454051920323,4
108,0.302470283827279,0.427996627800167,0.596982524055056,1
1067,0.473788672682406,0.221771310831126,0.289837754022994,6
571,0.275659421347082,0.69649107339792,0.488390828855336,3
267,0.332894461969845,0.571965424157679,0.588945139222778,2
1039,0.476633369373478,0.278197572519898,0.271466019045488,5
904,0.483399057955023,0.26793127686509,0.278268666539647,5
1087,0.46746403324766,0.210021553076663,0.273892727531312,6
264,0.336700379955582,0.421345565048978,0.316225830605254,2
276,0.334158799622674,0.405854812520556,0.713528985646553,2
756,0.476702544510101,0.24871996066377,0.282511865827626,4
651,0.277739619880449,0.655502992030233,0.495628566504456,3
1094,0.468289474728899,0.223432063622477,0.28503074286665,6
451,0.336891726497561,0.552394849061966,0.644952645665035,2
879,0.4756886282216,0.281569448944785,0.289542700588097,5
1121,0.467551404144336,0.217920753771074,0.275197104283079,6
113,0.303819409776479,0.548562374943867,0.378865610831417,1
281,0.33869178212015,0.69462428491097,0.313806295301765,2
1215,0.47460652005941,0.218009511140523,0.272554474045787,6
32,0.257093644700944,0.810868176631629,0.826264812145382,0
72,0.302390969377011,0.763536339672282,0.310938869626261,1
9,0.599852670216933,0.463968354510143,0.142400589305907,0
1198,0.471529318050696,0.21435981364546,0.283322032883647,6
662,0.272832072484307,0.519245429127477,0.71364414577838,3
490,0.281193780035246,0.840463513671421,0.285917436610907,3
449,0.335310465751681,0.640963502624072,0.348019087011926,2
643,0.272335942850914,0.847293015848845,0.266069658356719,3
639,0.276233369151596,0.681048523681238,0.361039467062801,3
42,0.56435461435467,0.634791002608836,0.892705811653286,0
311,0.338778493744321,0.472842351580039,0.504075494152494,2
1077,0.476808851616923,0.211446931948264,0.277513317120703,6
498,0.27714092111215,0.438614813657478,0.445207016565837,3
764,0.467113368636496,0.24944797900639,0.281833728724895,4
150,0.309906013233122,0.504473578347825,0.619293813034892,1
47,0.849303712835535,0.423739020479843,0.24500570143573,0
161,0.311640122788958,0.810779521637596,0.640610749740154,1
131,0.310695399744436,0.836906520579942,0.668243613117375,1
1136,0.474686774673869,0.22148954810358,0.271822563522807,6
114,0.302930821713526,0.554464443866164,0.506718249781989,1
1209,0.466413780391695,0.218314982828089,0.279958395516463,6
1210,0.468851922981678,0.222680436979615,0.280968951319907,6
652,0.273829244952649,0.856425187829882,0.343043424095959,3
1051,0.468201963604173,0.278358604752927,0.279390588404484,5
1218,0.470704893642292,0.215723049589035,0.281217325672958,6
1069,0.467725284671952,0.217702666180244,0.28431608570285,6
177,0.303839446529746,0.734610266447999,0.718864665157162,1
52,0.283461615908891,0.666093650972471,0.0513678172137588,0
551,0.274565915591084,0.797450826899149,0.303132267575711,3
247,0.304341785209253,0.529825952765532,0.263896475336515,1
628,0.280282934871502,0.790120413922705,0.678170252148993,3
536,0.275752485140693,0.58356620981358,0.699414627533406,3
205,0.30674170721788,0.85698276902549,0.551797720859759,1
1009,0.472024857361322,0.27264474110254,0.274995076338073,5
697,0.464918880670028,0.248650811307863,0.277698442855376,4
1213,0.466002666123842,0.22969156846346,0.282473015704372,6
1022,0.473671754490866,0.275050021379086,0.274368721013191,5
1092,0.469263399331102,0.218038716000608,0.287626790770957,6
990,0.471887178659642,0.274188245455059,0.276395899738342,5
94,0.305403576106764,0.725947957881726,0.396029249555431,1
27,0.0732706473208964,0.909992813132703,0.711711884010583,0
956,0.469847615319438,0.276263611493834,0.288643967315485,5
461,0.336351576827001,0.802619676035829,0.758387774950825,2
44,0.784874775679782,0.884736640611663,0.67192432959564,0
1216,0.469018547531569,0.216492685047432,0.279395173999291,6
1043,0.468686720619304,0.279592882157786,0.276969757309548,5
1019,0.464539644534393,0.284013028004542,0.284853929638382,5
679,0.476119769395614,0.243362449387897,0.282066939818448,4
415,0.335849922245834,0.788385725044645,0.745757573656738,2
853,0.478378637803738,0.243835728218074,0.278799506587937,4
518,0.272681123716757,0.806765912263654,0.287492759665474,3
1150,0.472906566426029,0.217720902595046,0.284086461421258,6
1142,0.470599646818417,0.222678106344171,0.283079952516367,6
970,0.476482251152016,0.270227614212888,0.282310235362832,5
428,0.340211434222292,0.834806249057874,0.351560835284181,2
30,0.661256939405575,0.449816674459726,0.362496177665889,0
491,0.280558470636606,0.64057637185324,0.668624503095634,3
754,0.480337410151545,0.243662362283107,0.277288228823969,4
258,0.305278177226428,0.821961411670782,0.582851357199252,1
1243,0.475952279100491,0.220002309735862,0.286879820133912,6
908,0.465813828253122,0.279213541380779,0.284773064474136,5
564,0.279279092971701,0.769831692148,0.757456099404954,3
566,0.277021357892081,0.506610538158566,0.379346338706091,3
584,0.277929741044063,0.409922980284318,0.630333642964251,3
1149,0.478414125248175,0.217644566141718,0.278320641251038,6
781,0.475491052981585,0.255137021179009,0.275569252944899,4
808,0.464273556061404,0.243674291707361,0.288500058172231,4
814,0.476383977935989,0.241026626166806,0.277370909946941,4
246,0.303201635056175,0.3947346086381,0.513463998236694,1
1062,0.466081337204515,0.280665367885737,0.275104497654816,5
1007,0.476368235407122,0.278777635331082,0.287600046075088,5
363,0.334714589705691,0.466485222964548,0.464319865358993,2
855,0.465916664108421,0.242312387755738,0.280358749022397,4
51,0.680492389248684,0.252218875335529,0.647070915205404,0
370,0.338934692733455,0.631227943277918,0.301832354301587,2
245,0.31135820845142,0.675015198113397,0.56751202957239,1
795,0.464557334486837,0.249909717487581,0.284528944843013,4
780,0.473182477745321,0.24225813756375,0.275950829648577,4
1014,0.471769048214725,0.276934755176678,0.27159331807958,5
1148,0.476201957040839,0.217965959667643,0.280279712764153,6
1172,0.465639111755549,0.210211793076896,0.273444524428892,6
430,0.33400853762636,0.728728399076499,0.577076570619829,2
196,0.307522437877487,0.444118732400239,0.705981669155881,1
559,0.273733870051801,0.679801994166337,0.668015511264093,3
1261,0.470352391294052,0.212373686973825,0.277910837081945,6
128,0.304546998753212,0.74989928426221,0.577661098004319,1
983,0.473602286107297,0.28629578979839,0.277149849159942,5
1225,0.475688269585878,0.213986766882631,0.275092818628936,6
240,0.309009528085589,0.736172419437207,0.278962270845659,1
729,0.478500381782286,0.240401050342211,0.281387654964028,4
1048,0.469661282675388,0.278861671926903,0.286780177180399,5
533,0.276948406202719,0.559647537465207,0.302355255489238,3
13,0.485690625617281,0.344356355722994,0.422319114673883,0
58,0.568010631017387,0.97180105256848,0.218040125444531,0
689,0.468199798606424,0.24855749364297,0.275390018010303,4
120,0.302811243589968,0.780710434005596,0.725655482290313,1
455,0.341246575450059,0.764156281296164,0.378228721464984,2
794,0.47611278358328,0.239070599029936,0.283609101340858,4
979,0.478078377218108,0.275824269675879,0.284901959360178,5
190,0.30440925948089,0.642507652216591,0.367116235918366,1
256,0.302152286954224,0.795386015134864,0.696780549152754,1
424,0.337107112929225,0.87598378425464,0.321134054590948,2
145,0.308590913293883,0.430770837515593,0.646330575598404,1
417,0.335706998482347,0.583196312002838,0.523274474800564,2
508,0.280131571700331,0.5327042843448,0.747591183893383,3
773,0.478226305102692,0.25221646243813,0.271627556429673,4
385,0.332189324661158,0.556367169530131,0.347079921537079,2
297,0.336280580814928,0.411762105580419,0.365915282536298,2
298,0.332737148352899,0.429148359969258,0.393128299061209,2
1118,0.463106539186691,0.223859548684546,0.275798232324589,6
285,0.339142787607852,0.592171236686409,0.629928341624327,2
434,0.33701289471006,0.585381505824626,0.519939736253582,2
700,0.476989199742366,0.247854674864399,0.286988774183497,4
868,0.471218732286369,0.287347363759048,0.285939715215905,5
885,0.472066741859611,0.27723417284875,0.280476433432214,5
706,0.473955367503514,0.245487456560552,0.27650047755327,4
435,0.333682938588317,0.813736079423688,0.361146989534609,2
96,0.30977829403244,0.863851941586472,0.674113352340646,1
623,0.281203109524213,0.474009624379687,0.668767891498283,3
92,0.304716432201676,0.52012761652004,0.3448550472036,1
356,0.339800535633694,0.854123191256076,0.604984637373127,2
376,0.336956824783701,0.778193587716669,0.501788397575729,2
952,0.469605447276816,0.281487860644887,0.280082137193691,5
427,0.333918997915462,0.731558416434564,0.69245425357949,2
23,0.587385366670787,0.359802786959335,0.274719067616388,0
1011,0.474629173983255,0.284222291993737,0.264494327979616,5
355,0.337420058280695,0.466902736038901,0.569871722045355,2
728,0.469884016351854,0.250729443295951,0.276036990079197,4
836,0.462632122270303,0.253752785667557,0.28177932683954,4
164,0.304827285802457,0.811728560645133,0.756795586925,1
872,0.464868045622464,0.285741763359511,0.287468642646321,5
923,0.467610641475198,0.27164348589609,0.28816265901838,5
171,0.308751638182439,0.668094951356761,0.500645272340626,1
1176,0.467396959292218,0.225240678070017,0.28455853961424,6
806,0.461827569398495,0.255780031737213,0.274257391171111,4
1219,0.483179861331376,0.228283905635068,0.282739660092008,6
1033,0.466233197070943,0.280274534027692,0.284843817719266,5
670,0.467947445433532,0.243890689231138,0.279252428172314,4
861,0.474222235573798,0.250374388079954,0.285435830773456,4
1189,0.470538466653443,0.21066946359162,0.282510043467227,6
56,0.214721727883443,0.986281830118969,0.50841482845135,0
102,0.30976735705277,0.439197747781873,0.669581491756253,1
53,0.774200130952522,0.234799434198067,0.731926071923226,0
225,0.307415686086752,0.745183583628386,0.56432569809258,1
948,0.472448461334922,0.276906686508637,0.281236081750944,5
900,0.463848769551551,0.270979971350447,0.275314185416686,5
1235,0.469211277080536,0.21056824876145,0.280797707445413,6
1175,0.479769991985919,0.214620819079243,0.282252936658918,6
1134,0.466409277615254,0.210760161207156,0.274820214731375,6
865,0.470182047932398,0.2780485219969,0.275238661672927,5
1099,0.472681366100677,0.220131186995585,0.281636900766409,6
410,0.335679457362276,0.748263204982504,0.624065349949524,2
157,0.308161842585541,0.760044971294701,0.424603950954042,1
595,0.276598313450813,0.477765582315624,0.69099712211173,3
76,0.303917296589352,0.603310637106188,0.390093551157042,1
235,0.304534384214785,0.503310174029321,0.286649351380766,1
755,0.465176131981492,0.247476733132035,0.277051332881927,4
842,0.470023502348128,0.256323664354766,0.272084928767572,4
283,0.339535430544056,0.593947886652313,0.747147280862555,2
581,0.27342512804782,0.604741039150395,0.537658706912771,3
81,0.308768366738223,0.774652946088463,0.36898234395776,1
912,0.472078447764907,0.275829823816542,0.276105097482153,5
199,0.302043550158851,0.555873101158068,0.677828414505348,1
1255,0.470603851418316,0.216442909244923,0.277122688500128,6
1057,0.471637556467399,0.278172337758588,0.273698196569192,5
411,0.339553131819703,0.724928146856837,0.37506911137607,2
797,0.471675660134334,0.252940181342851,0.28024662837037,4
924,0.472836564001855,0.273883376724206,0.277670567859912,5
605,0.277516307160258,0.496020654845052,0.648642135225237,3
1034,0.474289589478761,0.282451903404066,0.276802196932111,5
539,0.273633457066026,0.804477479122579,0.632084187841974,3
509,0.2745491309301,0.59687697973568,0.515808707475662,3
542,0.278598098789807,0.400600633630529,0.453297687019222,3
583,0.273866931165103,0.522118374169804,0.396057141269557,3
943,0.466594468121123,0.273840228746137,0.2743548897179,5
1153,0.465691828033097,0.220644294607721,0.28241461728803,6
408,0.341155447005294,0.631184366694652,0.436550812004134,2
322,0.334692484347615,0.840347239910625,0.632369351363741,2
69,0.302761771697551,0.876898550707847,0.55662092755083,1
159,0.307800724634435,0.77958721392788,0.557641275599599,1
317,0.341569825438783,0.701023874268867,0.551772870030254,2
1186,0.479574244073902,0.214698942452289,0.283043447258494,6
576,0.273341138046235,0.849458229891025,0.596001856517978,3
858,0.466773557355435,0.24634688987902,0.276447796313538,4
1155,0.463137039011452,0.223834908196253,0.28492515922862,6
543,0.273877635782119,0.545652331947349,0.542853029118851,3
944,0.48176675763262,0.27686565036993,0.283652597203521,5
724,0.463494265797623,0.243758515408873,0.274244718167058,4
156,0.310472671282478,0.556564882094972,0.425599376345053,1
294,0.338978084938135,0.595987613825128,0.747483531967737,2
761,0.47207765244124,0.253188225827149,0.282485612736103,4
361,0.339009903362021,0.497253267839551,0.569512244686484,2
768,0.476363589751848,0.251908444060447,0.281801150007126,4
771,0.474579976001518,0.247561011113103,0.2776397700789,4
863,0.46782982601634,0.255385029568231,0.279540339999428,4
971,0.471859026828594,0.275936602635236,0.274022240282861,5
129,0.303014714391902,0.714260832685977,0.717565274122171,1
473,0.275561165655963,0.543692916212604,0.521141022234224,3
870,0.464902404880052,0.279395824615615,0.269223224385247,5
14,0.81146709760651,0.829383421456441,0.909807764692232,0
418,0.335488993371837,0.565482807043009,0.518578130076639,2
704,0.472991147176557,0.236487638612997,0.281442300710355,4
880,0.470117016900479,0.273299597619939,0.273491280106008,5
273,0.341326507728081,0.571113304863684,0.279298291681334,2
1168,0.48374129253137,0.211555486527277,0.28037259683269,6
1127,0.478149118786399,0.212901993580237,0.275014841359543,6
934,0.469377976500206,0.285049538866081,0.286957292118801,5
733,0.473540832769322,0.246815158364648,0.2705927668433,4
785,0.468834495954711,0.251717901976946,0.279209637170582,4
194,0.307667019974906,0.478489223099314,0.332335075852461,1
553,0.272894000341184,0.546302354359068,0.405457993177697,3
454,0.334454960951116,0.393792136269622,0.636164503078908,2
1257,0.473049318973473,0.215724061357086,0.278549140944988,6
1097,0.46283407586168,0.218378533957933,0.279750540041541,6
280,0.332791438444983,0.886626707203686,0.490748886973597,2
958,0.479659223759072,0.274871135829283,0.27103028126952,5
471,0.275588880581781,0.873130061244592,0.619716109964065,3
888,0.469406183117276,0.275133699160613,0.275315240275653,5
71,0.306368730319664,0.695179549907334,0.366545846359804,1
1201,0.477432592156328,0.218380363625391,0.279641594455912,6
825,0.471858879895263,0.248533576998292,0.267057573195397,4
117,0.306141982376576,0.550862067309208,0.447850673599169,1
1090,0.46868485574687,0.217742412045995,0.274805130934718,6
201,0.306419458631426,0.774855020502582,0.702826400659978,1
906,0.477439109745905,0.280782952158383,0.284202493588905,5
753,0.46248233989469,0.25043260934104,0.283260665517879,4
665,0.474781560054203,0.232964317102741,0.283610005739047,4
852,0.477568876069807,0.249086580958355,0.275243020535984,4
850,0.469919878424907,0.2491464276666,0.280596558368098,4
1086,0.461174041194847,0.220846967065545,0.283365423491632,6
1125,0.468685174419909,0.220590133919987,0.2856898228304,6
537,0.275957862113137,0.578243440529332,0.486042508063838,3
642,0.276930073695257,0.779877331620082,0.616037746099755,3
515,0.281032507873606,0.789938309625723,0.737556313537061,3
730,0.476325994483729,0.246193222566164,0.283174734612115,4
734,0.469557172396531,0.253636234602341,0.284336667604087,4
717,0.471454572297248,0.251557501332171,0.284723327342492,4
106,0.309280272864271,0.467337403609417,0.605794946919195,1
960,0.468192535026276,0.272132127981458,0.27573240965687,5
941,0.481610521602468,0.272349792609116,0.27789539245879,5
55,0.4466235821601,0.380565918516368,0.254005172289908,0
394,0.333916584586259,0.611590851494111,0.533141320943832,2
562,0.27785736279795,0.415108992299065,0.524884541076608,3
46,0.868041732814163,0.387154376134276,0.591877990402281,0
314,0.336388256633654,0.517974761244841,0.290990558941849,2
24,0.120336694642901,0.672718668822199,0.858461461262777,0
313,0.339086497172248,0.622402231255546,0.582958193519153,2
969,0.475023841123902,0.282348815072579,0.277945965862451,5
262,0.309374376765918,0.397067016502842,0.395427601900883,1
554,0.273505258625373,0.823062791884877,0.448801612970419,3
985,0.468612161502496,0.275404456870678,0.282475525395411,5
1103,0.473407907524788,0.216897113102598,0.277537428205339,6
90,0.303264455606695,0.458527481462807,0.578963761474006,1
148,0.30572957075201,0.739265203871764,0.597181023703888,1
805,0.471968125773831,0.247754940477963,0.284958571265632,4
1181,0.466593259031368,0.230069945764818,0.280042915977425,6
1207,0.472274936670259,0.223438834131619,0.279065384160492,6
1250,0.479771133792559,0.223134120947363,0.27655874917241,6
913,0.466382407422443,0.274880580016429,0.283786107766625,5
1193,0.474123736204085,0.22302032818128,0.280087342658753,6
352,0.334967817228753,0.437946384586394,0.336949229845777,2
99,0.308117061685771,0.639313277718611,0.592158797220327,1
242,0.308932978014927,0.726527776382864,0.301090098475106,1
39,0.248639686731622,0.117554442025721,0.846264823805541,0
1124,0.47091068249153,0.217432537653118,0.281528820937164,6
1088,0.476557313921493,0.215764132999789,0.291617255717501,6
367,0.333081800390501,0.610739240120165,0.513785232114606,2
50,0.430247022071853,0.96568980673328,0.865768702235073,0
750,0.474457307533865,0.243496312464502,0.274473426589666,4
528,0.275023138357792,0.65194098202046,0.502235299348831,3
1116,0.467131087502467,0.220286356286552,0.274080010517063,6
787,0.474088744187436,0.246353154223796,0.280417076833742,4
1234,0.481046130064549,0.219320075089646,0.282283791803033,6
422,0.33733183500357,0.749354813294485,0.702427191799507,2
647,0.272070428410079,0.529613385372795,0.620983160939068,3
683,0.473128190151127,0.236908933256654,0.276446185665631,4
893,0.470380878423098,0.273955498430297,0.278766893253822,5
231,0.307740962710232,0.827751784748398,0.605173786426894,1
73,0.302022375722881,0.867262199684046,0.736052657617256,1
209,0.302777473391034,0.627673062309623,0.289734125626274,1
1105,0.470711870486777,0.221297365523814,0.281499673954869,6
252,0.30650196443079,0.395634895586409,0.41354502774775,1
1158,0.464337622777637,0.212295629579734,0.284984459115554,6
412,0.337516177338548,0.51000314897392,0.707027826597914,2
989,0.473968664249577,0.273267646684956,0.272931493128013,5
179,0.3110948274564,0.648514657909982,0.604736893461086,1
378,0.338858823287301,0.480968197854236,0.550031792744994,2
1015,0.4671642491237,0.271578852356156,0.285979036551999,5
1095,0.468585548794275,0.223560153510903,0.28735914491572,6
219,0.309141839393415,0.719432411645539,0.489388614799827,1
321,0.337808531944174,0.871651126118377,0.52263903003186,2
392,0.337048298872542,0.66303686616011,0.432275769906119,2
590,0.278285731463693,0.722502376697958,0.499085911223665,3
77,0.307937821531668,0.851178196188994,0.459737704042345,1
1109,0.467541464918197,0.219902826270245,0.27453741501861,6
998,0.470626988163462,0.282270336220721,0.27823891981042,5
456,0.337933316875715,0.518457435467281,0.512957592285238,2
239,0.306900210175663,0.746798894763924,0.490353923197836,1
545,0.277228311351501,0.850845969095826,0.75355790045578,3
909,0.465649003206077,0.279632562022684,0.273519428508296,5
1173,0.476698945063284,0.214199478113502,0.291374823874346,6
694,0.474216322671524,0.246939326018095,0.269728558313377,4
591,0.273142242575996,0.704939098260365,0.525016864319332,3
122,0.309382691415958,0.860596409346908,0.428121121856384,1
162,0.30885482595535,0.533419255795889,0.428966710832901,1
608,0.272203834143002,0.414658595970832,0.324531227489933,3
143,0.304843282047659,0.493350136373192,0.756463294639252,1
1114,0.467959115319044,0.209094036691559,0.278956413857729,6
660,0.281367553905584,0.647979683056474,0.511991421715356,3
743,0.475909191003246,0.245591790337363,0.271675095946022,4
599,0.279288277465385,0.867627741582692,0.514292602799833,3
266,0.336917884103023,0.618583529419266,0.550662381830625,2
175,0.305303743006662,0.801052184007131,0.317477124417201,1
601,0.275318155072164,0.496216692193411,0.470503388694488,3
548,0.280484939562157,0.450268063740805,0.270651755412109,3
20,0.538561108522117,0.22402625484392,0.935864519095048,0
125,0.305233135712333,0.792455922160298,0.732465449278243,1
987,0.47207090482525,0.279466879851614,0.281058929976069,5
981,0.469638797900218,0.280818793489389,0.279641309442111,5
396,0.341060132565908,0.547550776554272,0.508906051656231,2
696,0.475694186824573,0.251807846864876,0.28023336832688,4
711,0.467834904367885,0.254864848748563,0.284916590808775,4
616,0.276743453256786,0.422885204479098,0.656803604122251,3
167,0.308640182914678,0.629625096730888,0.449211663939059,1
812,0.477137016485858,0.245431426912889,0.27486510349257,4
708,0.470396547903912,0.239634974658229,0.275822614147993,4
640,0.279951991173439,0.752369964891113,0.280885795969516,3
596,0.275332125776913,0.683400983153842,0.724918259098195,3
345,0.335925182790961,0.406203523906879,0.548025587247685,2
1139,0.468940368924667,0.219337025773966,0.273325626984698,6
7,0.588514652103186,0.540337167214602,0.0356170213781297,0
859,0.475963770787764,0.244266777443225,0.277844213529186,4
405,0.333783739125356,0.72398547611665,0.383866200479679,2
645,0.27602248479845,0.791542534180917,0.664069120911881,3
66,0.310107585978694,0.601066315243952,0.408837058837526,1
653,0.274312685297336,0.525678248307668,0.432663329783827,3
318,0.337232960001565,0.409810636355542,0.602902422216721,2
36,0.182512030703947,0.688740412937477,0.392152414424345,0
371,0.336912792942021,0.878232487407513,0.447534304833971,2
337,0.332129983883351,0.531180937821046,0.413363289576955,2
920,0.481999375091772,0.276899709843897,0.276585620836079,5
1122,0.473343104750058,0.223918404263206,0.280017827754829,6
1008,0.46983955148986,0.277992002728542,0.278810400130106,5
397,0.338741534326691,0.812694682669826,0.43118792634923,2
1079,0.478357343809252,0.220617039330179,0.281294211049708,6
1117,0.477019533403982,0.225682265512807,0.277275786318041,6
819,0.47304563061708,0.243428017609848,0.279401291005534,4
838,0.476309288493396,0.245858093427018,0.273066655238619,4
982,0.47515466460376,0.276736963631158,0.276787530008919,5
580,0.278049230279867,0.598609887808561,0.390619149571285,3
250,0.304386167794,0.52969082321506,0.310171139799059,1
585,0.275765380566008,0.738427622406744,0.697936296602711,3
234,0.308717415821739,0.534167889785022,0.664736342639662,1
442,0.332411758131348,0.48414202015847,0.356584284710698,2
1120,0.463718761356656,0.217451878240273,0.282213578456691,6
1187,0.470504466999668,0.215743713967096,0.274656171580928,6
540,0.273905957294628,0.619595531071536,0.442677745735273,3
349,0.341483811815269,0.694440897135064,0.485751564637758,2
5,0.13891144678928,0.651645553065464,0.453389264410362,0
1197,0.464476606461578,0.213319657253632,0.287377501842309,6
1160,0.475630971037795,0.212850917452344,0.275380588426241,6
1093,0.473994036594931,0.223077484655586,0.278275274392066,6
198,0.311443369067274,0.843383500399068,0.749923687218689,1
549,0.273395972067956,0.49902845795732,0.410178391402587,3
364,0.341571462403517,0.432188744586892,0.693797630514018,2
380,0.340338227120228,0.660775985498913,0.515617745136842,2
866,0.470576900019597,0.280270665024556,0.275543124155179,5
841,0.477683018113935,0.250919371869345,0.274984489314917,4
961,0.462810362320046,0.281702500829468,0.280525230984779,5
582,0.281209872460458,0.439620472071692,0.284542854200117,3
916,0.464181255357891,0.274909791205207,0.281852482906016,5
64,0.30319294388406,0.729318994376808,0.467581737227738,1
57,0.680146328173578,0.635385125176981,0.301461227471009,0
738,0.47006144689029,0.248303073278039,0.285239974893245,4
310,0.340931587328669,0.57280751822982,0.589084737491794,2
293,0.332944871990476,0.709997971937992,0.627511841966771,2
85,0.309539999528788,0.693020316353068,0.409674054151401,1
351,0.337674770490266,0.683513702172786,0.5378282740945,2
1254,0.469432674669558,0.216526954796276,0.281109747640186,6
589,0.273077750776429,0.794382066978142,0.558616737509146,3
358,0.337171110704076,0.57819775484968,0.568066054163501,2
80,0.30872163670836,0.882237628148869,0.528614090080373,1
279,0.335895884595811,0.869730380177498,0.419059911300428,2
646,0.276082611419261,0.508179791551083,0.577440972579643,3
667,0.462684169143542,0.252856730551669,0.276271560810457,4
153,0.302022247165442,0.53007328142412,0.497653009509668,1
1005,0.468231353507219,0.276146290192115,0.28647777707812,5
49,0.943959870841354,0.267288571689278,0.0753378283698112,0
848,0.475267333683705,0.249625950745502,0.273392133467922,4
1035,0.472865996426184,0.281632234875252,0.282525188755843,5
530,0.272632208643481,0.616288108914159,0.416430924925953,3
558,0.275143117292319,0.421563279046677,0.498165227845311,3
243,0.310062774103135,0.735538389580324,0.699363399785943,1
1131,0.470820964993208,0.21442666779318,0.273390984956955,6
957,0.477163910783634,0.285163582370768,0.273191682820973,5
316,0.336522508112248,0.886154568917118,0.504049745062366,2
404,0.340049645553809,0.720622058073059,0.475112384208478,2
328,0.332489089171868,0.837018286273815,0.495974234328605,2
332,0.333273241440766,0.783515573176555,0.613662216369994,2
610,0.278809644363355,0.456255267653614,0.703860619943589,3
632,0.281448837281205,0.851624399935827,0.492947414657101,3
475,0.275623639372643,0.484294417244382,0.708537162770517,3
270,0.338813022118993,0.765891518490389,0.542163619329222,2
501,0.275490820806008,0.80319301893469,0.444707063748501,3
1236,0.463792684723181,0.217895255518817,0.280910843791037,6
718,0.462220323025114,0.239909972437518,0.281867952242259,4
1162,0.475577942001767,0.216248271224934,0.287405738974285,6
684,0.473505122262296,0.254727291159015,0.283755100645597,4
29,0.359964355360717,0.743370191194117,0.775149976136163,0
702,0.47082309681181,0.24237547624936,0.27678783404149,4
884,0.475993722881399,0.279052401180126,0.28039849399853,5
176,0.309534896973055,0.793604191322811,0.591982673760504,1
138,0.30684814875247,0.805598083115183,0.596044574072585,1
155,0.302860066546127,0.566239889292046,0.337973941024393,1
386,0.332179460844491,0.85988616948016,0.436023918236606,2
524,0.274722421925981,0.559852265450172,0.602538655884564,3
375,0.334130979278125,0.631306184153073,0.366301670111716,2
253,0.306346969974693,0.646126030175947,0.276125284284353,1
1128,0.473038430373525,0.217942433946121,0.288202087939229,6
685,0.472214422669911,0.251494944935471,0.280092898430336,4
383,0.340270745137241,0.429539152118377,0.37827449189499,2
519,0.275649668464903,0.88307663698215,0.287048021121882,3
374,0.333457480515353,0.823107068706304,0.445750540145673,2
995,0.465242806966112,0.283028548169976,0.288304087605986,5
251,0.307773807034828,0.84740984456148,0.360429821093567,1
75,0.306260653405916,0.765751025686041,0.464962906693108,1
928,0.466689568776873,0.276605125964535,0.272225098615412,5
798,0.478228770636715,0.237045443605421,0.285886675458438,4
938,0.470267802392776,0.274052678215152,0.276855203600101,5
757,0.469833080254572,0.247018174044479,0.281261620025764,4
818,0.471204143923889,0.246008356421018,0.28726854385364,4
406,0.33571626710007,0.458653840399347,0.645820330735296,2
133,0.310589775142726,0.61283083090093,0.679308933578432,1
815,0.475530404625309,0.235821673451324,0.287546435480793,4
1091,0.477183653340222,0.208687904475607,0.282194224887834,6
649,0.279615814334247,0.394936907617375,0.476439713872969,3
767,0.479641885602387,0.251889072222781,0.28220615358894,4
631,0.273297938122414,0.527227974543348,0.264356669527479,3
441,0.339127910365351,0.625381827517413,0.286949666123837,2
606,0.280330873294734,0.513178603770211,0.559640776156448,3
12,0.605141846230254,0.920815848046914,0.183346450561658,0
1030,0.466846426170984,0.275569245314758,0.274801889550896,5
735,0.470486734750438,0.241370707136104,0.278277541107951,4
953,0.47523865175603,0.276795309877715,0.28687641581979,5
107,0.311298452399205,0.752773015457206,0.543364861654118,1
112,0.305969132473692,0.768374752532691,0.552536181546748,1
472,0.279217799105682,0.576367601333186,0.65573551019188,3
732,0.472336368262835,0.253954629805507,0.284678098436653,4
48,0.981188309146091,0.868383322143927,0.107596584130079,0
1159,0.474599391593132,0.216547147909994,0.280490546798997,6
499,0.277077609270345,0.55810248949565,0.68384186658077,3
1064,0.467255090652986,0.217854981066084,0.285620836464807,6
272,0.336112326188013,0.838475424028002,0.671260935626924,2
942,0.473121658989569,0.269503250831712,0.28043750542549,5
1129,0.483423957750037,0.220729741902395,0.281587334029135,6
188,0.310664396884386,0.544158135703765,0.539878886798397,1
357,0.338936804851983,0.878271054755896,0.332014947803691,2
1002,0.473975223986062,0.274695655561285,0.276961569090527,5
136,0.311474320059642,0.724273911607452,0.468317093118094,1
896,0.462892105375806,0.272215039206762,0.277580588614853,5
444,0.341275788373314,0.658245230955072,0.402308757905848,2
202,0.307108272234909,0.421332664252259,0.549426414794289,1
436,0.3351802390581,0.787251476477832,0.354057777579874,2
132,0.308956166994758,0.563152320613153,0.510286366124638,1
965,0.473961853277959,0.278217521034112,0.286200289006944,5
1233,0.467492964998797,0.21155361346426,0.285397156519846,6
1071,0.475721410203418,0.213133586556884,0.277948942949027,6
1228,0.478302692916432,0.215204425019863,0.280363755766662,6
74,0.306114191780798,0.592024998902343,0.397997180372477,1
654,0.276412065082695,0.832846803287976,0.409576544910669,3
624,0.278093429529108,0.793667547567748,0.75737467375584,3
60,0.229272697819397,0.513279270380735,0.125749436439946,0
517,0.279994136590976,0.662062094127759,0.625411931448616,3
381,0.335938498356845,0.880455877445638,0.752273577172309,2
992,0.46075018708961,0.284404663547125,0.282127251192769,5
630,0.279367116917856,0.773882736265659,0.702467879885808,3
17,0.628954433603212,0.872016946552321,0.747119045816362,0
600,0.272135736865457,0.539905670029111,0.384288748400286,3
947,0.469291063518647,0.277104747260169,0.279972191324386,5
389,0.337264394115191,0.604108418384567,0.691385083505884,2
1178,0.465354905477735,0.210462053345942,0.272548760945784,6
223,0.303049030846451,0.70573330943007,0.725962214311585,1
1004,0.475661967072864,0.278458694076117,0.276432232349461,5
152,0.304696935459506,0.654198839375749,0.625952015654184,1
739,0.469669563021442,0.255884232414975,0.282751032626081,4
937,0.466381860551189,0.282234262560723,0.284797496040067,5
493,0.273709369939752,0.607547934097238,0.67463062228635,3
