584,0.286814467592631,0.556822604453191,0.554114696360193,2
1325,0.761947003183512,0.407790613113548,0.507572435810062,6
1163,0.762782761280729,0.462383456893744,0.492645550195845,5
400,0.255898089243565,0.380927283153869,0.662250311835669,1
1061,0.75852209921146,0.477498920906712,0.509731343997697,5
538,0.284662283954676,0.425642930273898,0.823967587458901,2
256,0.252580551251303,0.290482202963904,0.712977238721214,1
377,0.253412944169249,0.388991993223317,0.534105431544595,1
175,0.0694203570019454,0.766842540120706,0.248484138632193,0
1296,0.765232690699838,0.413093662686791,0.514907204662806,6
898,0.758664481286607,0.433354509897093,0.509240593531243,4
27,0.454364582430571,0.828172023640946,0.660228248452768,0
595,0.290646493432578,0.255398280988447,0.481913882913068,2
169,0.0406536578666419,0.639990431023762,0.389374935999513,0
705,0.221866112640128,0.23831881263759,0.66992552569136,3
598,0.285490758232772,0.0911765287863091,0.76811905533541,2
321,0.25658760702936,0.471575259533711,0.347675157967024,1
1062,0.76742825520204,0.464722605397231,0.510823203891068,5
98,0.836721357656643,0.275077391881496,0.208741892362013,0
79,0.0797670355532318,0.609892201144248,0.013154209824279,0
1237,0.758279822308188,0.404932192504545,0.513266473046528,6
1238,0.758680624703574,0.402982376697725,0.517340466857589,6
113,0.0674715219065547,0.325980631867424,0.0256110981572419,0
399,0.259995747285429,0.490020076348446,0.719567731977441,1
1043,0.76461935121649,0.457580973245845,0.504344508802969,5
986,0.761557415021698,0.435775833197148,0.504238402276776,4
220,0.258424084836151,0.270096800476313,0.624445300456137,1
272,0.256231264104135,0.375482451822609,0.675308243045583,1
727,0.222988397800364,0.148538073012605,0.426744827791117,3
667,0.225130382801872,0.572802057908848,0.772073698719032,3
616,0.22283658339642,0.560667315335013,0.649758725916036,3
381,0.258264932499733,0.177402693848126,0.697335817292333,1
594,0.286067374963313,0.563528594747186,0.482153230020776,2
145,0.472525184042752,0.675840461160988,0.00487499078735709,0
16,0.249705599388108,0.422512694029137,0.977797443512827,0
1106,0.761385280950436,0.46400492727196,0.500741900585835,5
712,0.223870750642382,0.493989241262898,0.738526782393456,3
312,0.256178036993369,0.242245051381178,0.544475748576224,1
177,0.473787039052695,0.568572041578591,0.219824952539057,0
1219,0.758300263540091,0.398363235028788,0.498776522013116,6
827,0.764836134394858,0.436935741675074,0.510871409333995,4
326,0.256848183122929,0.238063706737012,0.635728465300053,1
318,0.259944186368957,0.121165780886076,0.52434446210973,1
5,0.0153447038028389,0.264111675787717,0.303232185542583,0
222,0.257047811157536,0.09499307484366,0.654587085265666,1
841,0.759172417529151,0.442985945294139,0.508984569522019,4
796,0.222387191082817,0.284006965532899,0.423240905883722,3
1244,0.755296279398322,0.411281316029304,0.510619581886594,6
93,0.991796425310895,0.0216754535213113,0.707980292383581,0
1346,0.75992287872621,0.409406536765644,0.500545699369556,6
811,0.223951426835265,0.391554508428089,0.649731326987967,3
340,0.256026125161443,0.133744677715004,0.786562479357235,1
1075,0.755008438580756,0.461917435974075,0.506769104778545,5
1033,0.756795520227775,0.466449157987006,0.51188724135892,5
197,0.863644344266504,0.286809790646657,0.548188224434853,0
1019,0.759783535317972,0.457803617288374,0.499105623859143,5
523,0.288825022527017,0.467405302287079,0.392320039123297,2
1338,0.757691175748644,0.407780254802731,0.509344305671138,6
432,0.289694705838338,0.131451278994791,0.746875573322177,2
976,0.766094589288033,0.440681812048316,0.506032815198193,4
50,0.366015412146226,0.577833488350734,0.533629375509918,0
480,0.282143399801571,0.157113644480705,0.386461774492636,2
660,0.224329669394065,0.186042664875276,0.792391984513961,3
252,0.260849969189148,0.182996758562513,0.475753651489504,1
1087,0.765446482532928,0.465724899559826,0.506266663048625,5
355,0.25435111409286,0.533285129303113,0.485206194245257,1
1057,0.76224749536476,0.456775086220925,0.51038831158487,5
118,0.0145713679958135,0.391406578011811,0.732103363610804,0
427,0.282775999647565,0.0884722476592288,0.42528922718484,2
320,0.253277416045312,0.494244498386979,0.81973675081972,1
802,0.229840625224169,0.30321546162013,0.65581484909635,3
216,0.260877644435968,0.434985769167543,0.390563980001025,1
52,0.379681031918153,0.167783406330273,0.879078010097146,0
125,0.446266777580604,0.473735518753529,0.613020810997114,0
1136,0.756397076068069,0.460951908029265,0.507534122745722,5
792,0.229983472835738,0.422283318662085,0.384996303031221,3
315,0.253604527318385,0.518919339240529,0.578739176527597,1
1373,0.763620972357192,0.405906643838394,0.493682227884807,6
1178,0.767400292690271,0.462958243738616,0.507564024636297,5
1317,0.76294646594567,0.400478457772186,0.511294657466011,6
1041,0.756246906956832,0.466850408957573,0.500766526400535,5
1336,0.770809107806416,0.409808610070167,0.513735058527415,6
195,0.88623538473621,0.232476141303778,0.206458859378472,0
761,0.230643927704077,0.244385998765938,0.607821522303857,3
1171,0.762487477645373,0.467581395310827,0.507679859777715,5
795,0.226612394799013,0.209520558314398,0.380442683841102,3
972,0.773557049622888,0.428983349379837,0.506695447040441,4
868,0.751839239528997,0.434569382180164,0.509590588755964,4
679,0.227116456241347,0.0986914161592722,0.483541550720111,3
401,0.26010917584179,0.283990021166392,0.382165952725336,1
136,0.824539629975334,0.42280880920589,0.549492455087602,0
440,0.282417934911791,0.467355376761407,0.390407984983176,2
1397,0.75747531122209,0.39575751983386,0.504340797282184,6
1343,0.760767726061241,0.416167860287607,0.510924623230016,6
1156,0.760220020065344,0.467504482731925,0.505167492295953,5
60,0.0230437766294926,0.0173894527833909,0.958685486577451,0
300,0.255690268513281,0.420296712149866,0.516329518891871,1
714,0.223086904978845,0.39252153581474,0.759427255624905,3
852,0.76185610292849,0.429458895109461,0.501606641871736,4
1308,0.757664620261625,0.410477274482579,0.505579254199493,6
167,0.479604338528588,0.921724941814318,0.190288725774735,0
1372,0.764024458938779,0.410455566653595,0.520497535807331,6
1334,0.758988200678355,0.411088078159885,0.501253138418349,6
1063,0.761088692940726,0.465075978178575,0.513150946900057,5
470,0.284188502170146,0.108112242724747,0.345008271187544,2
74,0.725754002342001,0.866331270663068,0.89258765662089,0
215,0.252278485212009,0.543289385340177,0.736104206671007,1
1099,0.755974219473029,0.465444269697214,0.511559794696817,5
135,0.905911073321477,0.48817835864611,0.0768372083548456,0
247,0.25830780772958,0.085832193796523,0.542749948939309,1
55,0.480942412978038,0.320584015920758,0.550995813682675,0
92,0.040162569610402,0.447496593696997,0.496712202206254,0
609,0.28709718802711,0.484010254102759,0.769409268768504,2
63,0.482942647766322,0.0838064702693373,0.0691555724479258,0
766,0.230121317580342,0.522279810113832,0.796656926651485,3
677,0.226880486386362,0.455315086827613,0.413202219316736,3
1010,0.757317325199377,0.438007637582862,0.505096209362209,4
573,0.287745447398629,0.49942238740623,0.466539563983679,2
314,0.25424258260522,0.319818692002446,0.37149235282559,1
521,0.282773187875282,0.155933845741674,0.634490387770347,2
1279,0.762209292964016,0.398249194130242,0.497318950700368,6
134,0.219676718581468,0.33398640085943,0.264215883100405,0
965,0.764153975988902,0.429599301238498,0.50181478040104,4
1378,0.754818947818331,0.407940447580728,0.510188936985255,6
1349,0.760269696601207,0.410221243224176,0.512469764237838,6
1067,0.761322630667209,0.467110038631983,0.512438111237596,5
1266,0.763749460782465,0.409962521237637,0.508029872808257,6
1045,0.752605895527884,0.470491900551383,0.509771758473743,5
605,0.284629855756648,0.438696051901206,0.443866561888717,2
681,0.223255353758577,0.375121909379959,0.456666711741127,3
1139,0.762430690248071,0.468231362548834,0.503537632108402,5
768,0.225074932791758,0.204958741739392,0.716403214051388,3
900,0.767511152476581,0.431836862906567,0.502494930512462,4
1124,0.764022669666231,0.475594559541085,0.505670791767469,5
471,0.283383843901102,0.362916428316385,0.335345744760707,2
637,0.224907830427401,0.282056504813954,0.629104209970683,3
801,0.221711130244657,0.14537180874031,0.628048206469976,3
1113,0.755975464620259,0.470381993511878,0.509741692768261,5
887,0.766024867729564,0.434647475796834,0.509184193613224,4
212,0.390313505660743,0.109814563998953,0.38189323223196,0
285,0.259607772093732,0.505283418414183,0.511728319246322,1
1256,0.763584981396942,0.404766938006923,0.510819654665746,6
448,0.287262305370532,0.22155180266127,0.702084229583852,2
974,0.752079045280937,0.431490516858159,0.501198482555919,4
254,0.255885992504191,0.449074102286249,0.342711538681761,1
969,0.76596951041261,0.436688127665222,0.515862682110685,4
459,0.286217002605554,0.557602066150866,0.645258888509125,2
146,0.575959276175126,0.745390239637345,0.29291007691063,0
656,0.222718014998827,0.3207079394022,0.503138220543042,3
1320,0.760693715522018,0.408957099034811,0.503205631134087,6
96,0.221970497397706,0.722224749391899,0.26197992451489,0
1084,0.76529198259433,0.472266277944123,0.511176339963298,5
457,0.284326850837097,0.15521353839431,0.662035887385719,2
31,0.426539023872465,0.549254701239988,0.0118619704153389,0
152,0.611622665310279,0.427349018631503,0.629815910244361,0
369,0.258106533363462,0.497388560744003,0.692043196898885,1
403,0.257541992831975,0.251525963610038,0.448712441162206,1
137,0.803484469419345,0.121852238662541,0.968686864245683,0
892,0.759143735072269,0.42622371224118,0.509454606581799,4
489,0.285959636138287,0.501175849302672,0.480507890018635,2
1270,0.761669174734728,0.409959827866835,0.511970591187913,6
583,0.286478698637802,0.444020891282707,0.774002509680577,2
1245,0.755062164966402,0.41576952125209,0.510178511156019,6
984,0.765199792294024,0.437885511771784,0.498564684655633,4
61,0.805678823031485,0.423348100157455,0.701842316659167,0
37,0.0265934327617288,0.476793498266488,0.584442247403786,0
1339,0.765679988556887,0.406051209044228,0.508335105813913,6
1282,0.76266061734844,0.415004237726162,0.503867429962598,6
239,0.257160117044114,0.150827841786668,0.624234094657004,1
1350,0.763340403334596,0.404686786696817,0.506134973872013,6
1168,0.760099141248628,0.472350909805251,0.508283922035028,5
529,0.288312544929795,0.19826179377269,0.355755624501035,2
730,0.223701517563313,0.339950423059054,0.515716045885347,3
953,0.760705502554597,0.427872790288618,0.517993539422643,4
1039,0.764020987634069,0.460785406884121,0.507959500417002,5
1014,0.758522939304339,0.473752538378989,0.507893560579584,5
632,0.222051708470099,0.115380165004171,0.365744597534649,3
1052,0.768640588874748,0.473300679125448,0.504447156935268,5
1395,0.756411691368168,0.405301921925882,0.516373240522967,6
250,0.258979753090534,0.175809077871963,0.71910383508075,1
639,0.226753021886107,0.127608079533093,0.632281836261973,3
1280,0.760187759346558,0.417448853355411,0.506683802328704,6
1242,0.759865490398616,0.402715557321649,0.50398747596996,6
1307,0.763279771502458,0.407119556337214,0.500461622335671,6
757,0.230945885172114,0.124350749026053,0.606946693523787,3
375,0.251761014231015,0.129591915826313,0.630154553591274,1
341,0.258275694132317,0.323136542527936,0.62886665891856,1
662,0.225027899963316,0.535223470488563,0.414535590121523,3
1054,0.753969450902973,0.466870258503698,0.509578249680796,5
350,0.256172686358914,0.521979244495742,0.337389503396116,1
1217,0.754751587462728,0.411822562551453,0.510734383040788,6
832,0.754745413444352,0.4367162069667,0.507272534260965,4
1149,0.765316828985398,0.464057561492623,0.50753245696655,5
1241,0.763368000098781,0.408724522511748,0.515087238615323,6
779,0.229834608894307,0.334023551852442,0.488247623224743,3
1255,0.75654811449124,0.412583762062827,0.499052398092895,6
1206,0.771674415398397,0.463500336234149,0.509142919340932,5
940,0.767803634392432,0.435714704973073,0.503958260207508,4
1234,0.765371435362741,0.412380046900171,0.511463580124037,6
670,0.222998478927184,0.212574780872092,0.798322360171005,3
883,0.753484056730783,0.444147921889998,0.509655235140348,4
131,0.904642121400684,0.182059875456616,0.355837293900549,0
22,0.415939517319202,0.838054552674294,0.709310642443597,0
781,0.229847394227982,0.374384207255207,0.798372871964239,3
1322,0.763182197867146,0.405632458484593,0.499074183502149,6
917,0.766888556241056,0.434708334205345,0.519090649541912,4
433,0.285513472340535,0.164159478573129,0.394322593952529,2
924,0.764611249313135,0.439165177403004,0.513016629398094,4
498,0.291253026099876,0.265325373224914,0.50088909631595,2
921,0.760941588312431,0.434591037101592,0.503333363068495,4
187,0.189219146035612,0.874030129285529,0.115995799191296,0
1080,0.764171681986368,0.466750105549228,0.504926297195398,5
81,0.0596440276131034,0.0654599291738123,0.0184223151300102,0
1292,0.758680344808211,0.404295979528893,0.500009479825027,6
813,0.773760703411569,0.437628009321035,0.498946362761242,4
54,0.648685741238296,0.628516055177897,0.00793304154649377,0
4,0.97031989460811,0.0172768896445632,0.642403709702194,0
701,0.223532774916384,0.41579642421566,0.379781115008518,3
1299,0.76896012639802,0.404459120909675,0.517100113479415,6
737,0.228224995615892,0.254340920899995,0.41927326018922,3
688,0.228654969129711,0.372179902461357,0.666096346476115,3
387,0.257841643644497,0.572883470752277,0.533830879395828,1
1088,0.766366582293386,0.461701699897321,0.511766103785123,5
304,0.25301982994657,0.123861781158485,0.379775850125589,1
1261,0.762318208243124,0.40545629695513,0.506009110537995,6
1000,0.761494238792417,0.436657568530786,0.502540427343225,4
396,0.258495647492819,0.436527421069332,0.506291706836782,1
829,0.75141937358392,0.437199277545848,0.508072868041345,4
633,0.226828648622613,0.344365084497258,0.627221446391195,3
797,0.227792971490417,0.0836211165413261,0.809084629546851,3
1158,0.759993485391695,0.468219102246864,0.506514694930606,5
474,0.287314173907507,0.17367738969624,0.385077578970231,2
413,0.285182508104481,0.327639512903988,0.736264082742855,2
715,0.228710519319866,0.147668871632777,0.806829751608893,3
708,0.223986566259991,0.509662555600517,0.763751592976041,3
357,0.259780611842871,0.578370240121149,0.416036461270414,1
1377,0.762403328262534,0.413517350114136,0.509073776530168,6
1005,0.751582328557814,0.437753790001646,0.500019998996314,4
1250,0.772226642766328,0.411281223434912,0.50864766635557,6
971,0.761975238895509,0.441439777170836,0.516583073749545,4
475,0.287382012940943,0.383261376945302,0.66512581568677,2
25,0.317185042891651,0.449568193638697,0.670553120784461,0
1402,0.768678453459635,0.409371418943503,0.498591325467824,6
483,0.28642755466979,0.428711097873747,0.636684612859972,2
886,0.764965461872995,0.439706336595673,0.505977504951564,4
439,0.287102677451912,0.420332813123241,0.476485641580075,2
1117,0.76089062046946,0.462697298354088,0.503559582060134,5
1362,0.769627695207487,0.407350632369393,0.502212746268063,6
968,0.761196344633171,0.436417566037023,0.507030996452119,4
343,0.254691979163326,0.306310350960121,0.599511626781896,1
1403,0.764180196473024,0.403031353798672,0.503322358890373,6
1183,0.767948196950149,0.471868965538515,0.501302710571288,5
1074,0.753252784424471,0.467382695220683,0.510616248413646,5
870,0.763186036707878,0.430481256261683,0.508719640035813,4
166,0.493758002994582,0.260573341976851,0.476319154724479,0
210,0.0428818324580789,0.66705195652321,0.746882740175352,0
184,0.668003315338865,0.233915781369433,0.391034654341638,0
541,0.282221129897516,0.39454760805238,0.815305385645479,2
261,0.25523943545064,0.544332110858522,0.677044502249919,1
311,0.256251981721725,0.218678706279025,0.724361612601206,1
951,0.759276711061464,0.43967410391913,0.510753799634072,4
429,0.283847613683902,0.495974234724417,0.486240627733059,2
550,0.291074261346366,0.56292925956659,0.566883610934019,2
359,0.260436724422034,0.561657673399895,0.601801167964004,1
1013,0.758342334334369,0.469858904151116,0.513941285008765,5
107,0.294295839266852,0.500587729504332,0.965741887688637,0
509,0.282120638100896,0.0939408023376018,0.559258806426078,2
69,0.691329199355096,0.297291227150708,0.451431847410277,0
530,0.287534866540227,0.377402341761626,0.443456931994297,2
815,0.765869363773943,0.435890499897123,0.511872454148483,4
908,0.769982199745218,0.439553183747802,0.504305807953955,4
800,0.222697719675489,0.569046174944378,0.488547230977565,3
1142,0.758822146183526,0.467704777670231,0.498882110404439,5
833,0.765035465822324,0.439341528253563,0.507356467015327,4
366,0.255933880154043,0.250398403918371,0.631953764380887,1
458,0.283629922810942,0.368647658335976,0.739875284745358,2
1140,0.761275907795961,0.476578841633798,0.508972565354076,5
593,0.29078068982577,0.476692669978365,0.520377329224721,2
985,0.76256888067553,0.434751845970428,0.503443772886828,4
622,0.22346145255724,0.446952130249701,0.625861365487799,3
1111,0.760104297017057,0.472682891174643,0.515777225850109,5
293,0.261029313383624,0.381053206929937,0.5086104396265,1
201,0.935483769979328,0.588850994827226,0.351726176217198,0
159,0.500864278059453,0.451570084551349,0.235674508381635,0
132,0.801005793036893,0.588888016529381,0.989507931983098,0
39,0.468949597794563,0.176367937354371,0.450723736779764,0
825,0.764359521605529,0.433721810304552,0.509799218995064,4
1364,0.762902527086216,0.412325560097495,0.509236937903134,6
634,0.222790913654026,0.11506843038369,0.341994949057698,3
1182,0.761746776610594,0.471111618210106,0.506586820883958,5
543,0.290624992088415,0.299014635803178,0.342459154222161,2
879,0.76635127101471,0.433468694090222,0.513469403908475,4
1167,0.75971172768994,0.473075325111208,0.506669192490646,5
854,0.761536673874494,0.429846995275643,0.511107976279988,4
725,0.222062564024236,0.108133051497862,0.370701768691652,3
997,0.756935571284462,0.445527788537317,0.500625371388476,4
519,0.291048937914893,0.204074264341034,0.633297638990916,2
783,0.225705681343097,0.556151534849778,0.676813199208118,3
463,0.285023634033278,0.36343543168623,0.38592751279939,2
869,0.762909984509411,0.446190777831444,0.502021835211992,4
818,0.758520346855954,0.440227255345955,0.510235461653075,4
601,0.28253531051334,0.418761654826812,0.403600692539476,2
91,0.529031394049525,0.123784244293347,0.771071053110063,0
981,0.765189592116016,0.430130839912026,0.508088611653044,4
1211,0.755610003341704,0.455143221700518,0.511294047761981,5
116,0.823924360331148,0.408303757198155,0.992436510510743,0
479,0.289933621280361,0.345380171039142,0.34567491421476,2
652,0.225939602139406,0.427223172341473,0.546548416395672,3
561,0.283303964037914,0.54018939700909,0.773330549616367,2
994,0.757684040480027,0.442109945661415,0.50849552227019,4
983,0.756437161510687,0.43748198370001,0.511945587143863,4
40,0.602670689579099,0.220722977537662,0.657962523400784,0
1131,0.765031262936914,0.468548709910783,0.507032441534328,5
428,0.284795915137511,0.560399602819234,0.779622591589578,2
241,0.259916521024425,0.366721639828756,0.576132664131001,1
1275,0.759497490808555,0.409517557265627,0.508221854192298,6
996,0.761286329401503,0.441318416175695,0.50388547564547,4
999,0.761697808365674,0.435423834414624,0.511953861341285,4
488,0.281534130752552,0.143388382927515,0.74088766661007,2
1032,0.765828894248435,0.46046080675833,0.510041564763513,5
75,0.22575112641789,0.781012478051707,0.550327315460891,0
148,0.23744053975679,0.567165994783863,0.933868945576251,0
771,0.225768549558707,0.364253702177666,0.429450719291344,3
734,0.228759947533254,0.120234257611446,0.346928628766909,3
1105,0.766720757272066,0.467841263357512,0.502226169710896,5
309,0.257577337026596,0.559747577132657,0.627622742694803,1
1108,0.76360406593897,0.466004821059965,0.506780011130632,5
20,0.962190064135939,0.965167383197695,0.704614712391049,0
911,0.766223496665806,0.432072196506558,0.509582179514356,4
1121,0.762711573464222,0.46664473578426,0.506419086400804,5
738,0.230715218640398,0.411295347334817,0.405988406413235,3
405,0.252838221292477,0.348540282179602,0.441223279363476,1
1017,0.757661612837501,0.468394861842326,0.515991782628633,5
100,0.410946120042354,0.399924146709964,0.13257169816643,0
376,0.254536346127279,0.443865095335059,0.76579164355062,1
1102,0.770826020572198,0.46491525105352,0.502218284330891,5
1375,0.764859059506137,0.398996851119539,0.504099108260838,6
540,0.28627718192758,0.44775485789869,0.475251277466305,2
412,0.258472718324047,0.418721912615001,0.585758596565574,1
227,0.252975257979706,0.165556685486808,0.517092733201571,1
437,0.286068432729226,0.401731305476278,0.610421237559058,2
591,0.288038093817886,0.377302933786996,0.832245695427992,2
865,0.759447903032842,0.435152051543294,0.519473724547784,4
782,0.23058465690352,0.148282812396064,0.536115499818698,3
258,0.256450001106132,0.328870827401988,0.448556364420801,1
753,0.226770699273329,0.348681905143894,0.497705810610205,3
344,0.259375410361681,0.34880878678523,0.522025859123096,1
716,0.221715193015989,0.213729775114916,0.800580573757179,3
78,0.842628924408928,0.654481417732313,0.592331665800884,0
462,0.285993330355268,0.566518007032573,0.681194935133681,2
17,0.567275594687089,0.438733902992681,0.383012443780899,0
454,0.291178174421657,0.0995126352179796,0.45749708453659,2
205,0.223293305141851,0.995884606614709,0.623212747741491,0
368,0.258329245834611,0.391393498936668,0.552552932896651,1
1024,0.754314900097053,0.462317353159169,0.510709855437185,5
1216,0.761570557694395,0.403419767102026,0.50986757557898,6
1038,0.763962634298394,0.465637506631208,0.503893630351752,5
1172,0.764984711914675,0.465390532673779,0.506229749875711,5
1173,0.762413867449358,0.470529785992496,0.509648678387603,5
1400,0.767786491515336,0.409624724511198,0.505789812148805,6
572,0.288070881085005,0.153923240443692,0.810164691205137,2
277,0.259074347245041,0.172417184757069,0.352096601063386,1
1162,0.757908421282154,0.478178590323116,0.51585294538896,5
560,0.290885767580476,0.576032700785436,0.56874822746031,2
711,0.229293713464867,0.14793696529232,0.650862538511865,3
1070,0.769961653189321,0.46935346072298,0.517341681030315,5
619,0.221955797700211,0.17488136428874,0.380053105787374,3
1331,0.761238213966078,0.406441109097745,0.50611701915457,6
872,0.764799255281365,0.435896107832346,0.510428255122972,4
755,0.222351670905482,0.460167842637748,0.38197796526365,3
1235,0.761783634155968,0.401777887910466,0.510084703252346,6
1138,0.766022511604513,0.460150516848493,0.497387058988655,5
1258,0.761593463999134,0.4111757517935,0.508082191820498,6
294,0.251799287530594,0.108466651244089,0.375832132901996,1
1231,0.756742056847609,0.414247552750514,0.508867474378619,6
57,0.312324752798304,0.293617377290502,0.253559274133295,0
495,0.290638251251075,0.22930766241625,0.412072468805127,2
678,0.223907315912657,0.334957671654411,0.462472661188804,3
1194,0.754240410847568,0.466172131165283,0.514183829282765,5
490,0.283012455916032,0.502821325859986,0.528410752792843,2
218,0.255326311881654,0.157293291017413,0.658368615107611,1
441,0.286703179231845,0.412513178843074,0.530314628989436,2
814,0.756273586153407,0.442628361607157,0.505709118748366,4
1020,0.760453698448459,0.46010662679351,0.516072021012411,5
280,0.259296041545458,0.543401965126395,0.685809276904911,1
1187,0.754533120309627,0.465015711523153,0.509534411541644,5
240,0.251980324289762,0.248598468326964,0.772875740216114,1
1090,0.760941819336928,0.466712513552213,0.503371342232743,5
1289,0.75959218706207,0.399833311719355,0.51096506621221,6
1358,0.762342685401842,0.40665785403723,0.509729377470353,6
891,0.761094139074743,0.433904643606412,0.509549563956986,4
636,0.222651745539624,0.130544720985927,0.412885497114621,3
1047,0.762029260428863,0.465717874414227,0.50687205381341,5
284,0.25831220981665,0.340200532064773,0.380094501678832,1
171,0.992063579382375,0.443574473727494,0.424171759048477,0
237,0.260119262393564,0.219003987102769,0.762907750112936,1
948,0.756683470748515,0.440211331055373,0.506767337415614,4
1089,0.761890143928452,0.465265474053992,0.500533896356296,5
499,0.291280642836355,0.367877408815548,0.625789980660193,2
406,0.261312311177608,0.288735849619843,0.437702038581483,1
383,0.254679840549361,0.368649073597044,0.587752032116987,1
1391,0.765203053318753,0.40977365156106,0.506640448853305,6
1318,0.761386805232468,0.402905338258307,0.507733161748544,6
897,0.761423195715514,0.437472703685815,0.507365361677048,4
1405,0.760805565734719,0.395951454545161,0.500227895598581,6
1233,0.760964350059329,0.408536463224487,0.511686101439483,6
581,0.288069991499651,0.195629744278267,0.756455513206311,2
1085,0.760081200341466,0.457951935606702,0.511304572781462,5
946,0.762132656027828,0.440145078609041,0.509622993892719,4
38,0.160647296579555,0.898202368523926,0.504117175703868,0
1001,0.763162756478149,0.430133059790609,0.508017681623838,4
1249,0.752640572847803,0.396005693537821,0.506804120728785,6
41,0.161055055912584,0.666102492948994,0.0560982844326645,0
482,0.282671844135039,0.286603882163763,0.459168865485117,2
165,0.209386637434363,0.719219646416605,0.910853700013831,0
262,0.253827445583884,0.551343526062556,0.765024889749475,1
704,0.22274483111687,0.495045598316938,0.542065977840684,3
151,0.853361590765417,0.0951140120159835,0.869588693138212,0
1264,0.752296646164548,0.404398499138371,0.508530703244173,6
1031,0.773381069549137,0.470448024594468,0.505466161682434,5
511,0.284728252606001,0.489099773066118,0.565986187336966,2
47,0.633751839166507,0.90177408256568,0.46766242897138,0
905,0.769433513035358,0.442107120378532,0.507145545345235,4
514,0.289153203903697,0.549516339157708,0.410111230588518,2
875,0.760900532038863,0.432230167174445,0.510274987782487,4
287,0.259066800579894,0.111942802625708,0.508891313825734,1
551,0.290811695142184,0.200959335500374,0.527970853983425,2
754,0.22395526724169,0.304481063922867,0.445002291025594,3
1114,0.761232152925218,0.469372562267689,0.50625467356551,5
631,0.230443163958844,0.462365824216977,0.411139129335061,3
1100,0.758578506006884,0.472334409619211,0.512615261289877,5
1386,0.754087914074997,0.406804763539922,0.510189322602766,6
130,0.547856201417744,0.943534149322659,0.857296519679949,0
1112,0.765370430406563,0.465709671016876,0.508946910567233,5
516,0.284894858433399,0.282211111113429,0.808798019215465,2
1202,0.765377617433899,0.46901590960377,0.507940497876044,5
877,0.756359941173973,0.432427865203494,0.505073143008043,4
1411,0.761460825460293,0.400696366652294,0.504634211948967,6
330,0.257860878708307,0.314503492624499,0.414832033705898,1
1091,0.766802510306391,0.468658548069408,0.499943250789113,5
1026,0.759359546519772,0.456750910729854,0.506097045164824,5
1230,0.756658656783321,0.409805795653445,0.510812019195522,6
691,0.225269140042365,0.0972764729056508,0.643005081126466,3
1328,0.765225838946383,0.401828405883269,0.507095938614098,6
522,0.291257792005781,0.112964480603114,0.498830869002268,2
947,0.767077411278855,0.432298247396825,0.512941133025931,4
989,0.753495341912858,0.433810736771143,0.513573438185832,4
70,0.33722060546279,0.663812944432721,0.887464580358937,0
1018,0.764510268501029,0.461694733228613,0.492329966977853,5
988,0.760363385545194,0.432833811606054,0.513933518877224,4
1305,0.756518139962799,0.408702317597238,0.51128917878749,6
303,0.253431032761,0.507367354189046,0.535294850030914,1
1081,0.763456552887314,0.466354066710207,0.506385857939769,5
1092,0.760381771656203,0.471382180379246,0.507930326093954,5
618,0.228883473798633,0.512098668445833,0.606229517399334,3
1144,0.767757524430471,0.469458970068447,0.513473772951233,5
838,0.763676915603686,0.44418743150651,0.50820492392155,4
1055,0.772606252098268,0.464450496445994,0.500035117790584,5
510,0.281593425176106,0.443748127040453,0.746546247182414,2
1123,0.755571121681433,0.463166123609592,0.502803478042239,5
565,0.288252464071848,0.506496882834472,0.720678260107525,2
979,0.758967774766239,0.437160321416181,0.504477189866772,4
1236,0.765378670011679,0.409050459088437,0.498897526353858,6
392,0.252780788263772,0.374303589644842,0.7065108620096,1
1068,0.76146561498751,0.456623891786649,0.504013817555059,5
1370,0.758211652253298,0.403503464569917,0.50894103889043,6
279,0.252361008787993,0.542769187083468,0.825540042272769,1
743,0.2276480551227,0.0946650970261544,0.820641069696285,3
625,0.227841258328408,0.0905510340351612,0.797582745342515,3
957,0.757448735100094,0.436314058068059,0.513146866240998,4
1179,0.766149025025103,0.464745927623785,0.50971375797588,5
686,0.229305016479921,0.185647476883605,0.617696043825708,3
306,0.253185123200528,0.242399899242446,0.751189832249656,1
450,0.28814849593211,0.202741806814447,0.40523809674196,2
1126,0.766412370147527,0.469499377970335,0.507676128486897,5
837,0.754468009813821,0.438269875564893,0.50457592548308,4
990,0.764059572115821,0.436273496204959,0.511781466597734,4
780,0.225819256524555,0.454994739452377,0.740351930400357,3
1239,0.763756872367773,0.398544911718451,0.505323178998596,6
1016,0.762224467448651,0.466800489019021,0.513611893534879,5
1410,0.752951805068403,0.403694095280647,0.509101499886857,6
707,0.228476563231088,0.501089678448625,0.764547624881379,3
602,0.290046393277589,0.57705286431592,0.527432959200814,2
356,0.2537954913266,0.437338954606094,0.812341238278896,1
1347,0.75557061687632,0.408131838771438,0.501712017409975,6
1053,0.762514869912336,0.462897117607842,0.514623443847029,5
610,0.283695642128587,0.546097259921953,0.701499921060167,2
690,0.22378410511883,0.273572418559343,0.717251167423092,3
331,0.255053854419384,0.274614139879122,0.761575687350705,1
299,0.255280189160258,0.489393541892059,0.527042152383365,1
45,0.51761587196961,0.623960226774216,0.44279597257264,0
371,0.260139867023099,0.200851140846498,0.489136696816422,1
710,0.22816549905343,0.327721452526748,0.430354304751381,3
943,0.760108573439481,0.438041375226433,0.514651165735645,4
740,0.222217811979353,0.397559414920397,0.80881121896673,3
95,0.975865727523342,0.489794567925856,0.016075283754617,0
896,0.759730392409442,0.437764993355121,0.516953966416788,4
665,0.229188895819243,0.129382920870557,0.72538918084465,3
319,0.251893567855004,0.148860857775435,0.692786001856439,1
460,0.285424431627616,0.43353595440276,0.400431663752534,2
776,0.223888195776381,0.342328919400461,0.631494546914473,3
149,0.43687792122364,0.458684358280152,0.915100753074512,0
1290,0.767521431840209,0.409662137141166,0.504116107084202,6
1394,0.761092161277781,0.399198905605743,0.501002674197985,6
650,0.223780586034991,0.19089100016281,0.46650919681415,3
949,0.763775864039756,0.443156061534289,0.50742512616474,4
1127,0.764180007179529,0.4673953101075,0.510604240854447,5
739,0.224567944121081,0.278710748604499,0.683792647579685,3
524,0.287792691530194,0.0810627091675997,0.78650213337969,2
124,0.158284025033936,0.201361814048141,0.537746673217043,0
1146,0.757716105852271,0.466071198512877,0.501906308313532,5
345,0.253246579463594,0.197546597174369,0.56970359433908,1
219,0.252946588573977,0.277479213033803,0.378718712972477,1
592,0.281656209616922,0.561287607834674,0.479340632120147,2
1093,0.766318344665533,0.463129848000627,0.507746026028972,5
186,0.766179810278118,0.518909477395937,0.493492437759414,0
807,0.226737461176235,0.465535920183174,0.821495840582065,3
231,0.25624000426149,0.400977533380501,0.701010150276125,1
885,0.753153860135348,0.439731009817187,0.51165329413442,4
1287,0.764552320702006,0.402962055358112,0.512644072090471,6
193,0.47344404226169,0.676122719189152,0.784364011371508,0
323,0.252329390859231,0.532508634217083,0.831545302085579,1
245,0.25360471916385,0.106467610877007,0.597768509900197,1
1095,0.765565607474457,0.466094810251171,0.504559672089825,5
627,0.228802935613785,0.353112221532501,0.825097773829475,3
1283,0.760625067387195,0.405141171131184,0.504954028602919,6
410,0.25461137504084,0.178205572022125,0.635316399298608,1
360,0.261285458167549,0.136352202226408,0.518251533410512,1
1029,0.75995011502786,0.472091842030363,0.506153921794203,5
629,0.224043890403118,0.206881406554021,0.659598769177683,3
956,0.750463993219797,0.437332052339483,0.502445156897506,4
1204,0.764015524181588,0.468582278479923,0.504567978686682,5
549,0.285572223160416,0.410223820782267,0.729688642336987,2
1313,0.755511226265108,0.404642429433444,0.511161738708149,6
1345,0.758126764171548,0.408899383066726,0.51104777949827,6
826,0.758915729433098,0.430307348701462,0.505301961693891,4
348,0.253784054461867,0.32868536603637,0.666773676197045,1
539,0.288711408691015,0.256069770152681,0.790591800492257,2
161,0.307010748423636,0.195184105541557,0.197599512292072,0
742,0.225266932712402,0.575571042206138,0.510096469917335,3
430,0.284775245864876,0.181446997635067,0.449707939662039,2
915,0.760219633112841,0.433427957609935,0.510665304659886,4
1186,0.754681694671796,0.456256065040364,0.504315859549998,5
1060,0.763763336977537,0.468746923825277,0.510183887418482,5
243,0.255852704886347,0.236551623861305,0.664900146913715,1
1361,0.750017809538788,0.405826311312876,0.513194738032499,6
1302,0.759619070097051,0.407240190066766,0.502053573579677,6
158,0.213831535307691,0.281204746803269,0.180320417508483,0
101,0.727020544232801,0.392432960914448,0.279471204616129,0
909,0.764215954499196,0.440088927822292,0.498694428405376,4
332,0.25549437248148,0.226704898127355,0.600903755659238,1
744,0.230703831561841,0.293729482637718,0.716076878155582,3
1207,0.755221165643775,0.466591332012741,0.509822422030012,5
1116,0.765141782324354,0.469898527839601,0.505524490270078,5
789,0.224805376676377,0.370145946927369,0.640094588650391,3
236,0.259346062943805,0.508951362175867,0.602687055268325,1
520,0.290075998618268,0.217518851230852,0.755553889810108,2
491,0.288195203028154,0.113657044083811,0.667757492302917,2
415,0.281887021057773,0.429576573264785,0.577078293100931,2
1240,0.748167235490647,0.404520934981631,0.502759902775199,6
49,0.921014562482014,0.726047617616132,0.292553062317893,0
703,0.223714234756771,0.0847674991935492,0.571900335745886,3
221,0.257133539512288,0.47729575256817,0.473304653679952,1
790,0.227120858919807,0.525111132371239,0.342608483182266,3
658,0.226831419172231,0.466485572466627,0.585775945126079,3
494,0.289593747686595,0.4051734945504,0.765764824254438,2
942,0.766179413310491,0.438277834626262,0.509814946448226,4
1388,0.760194687624363,0.409535292430522,0.502321397053541,6
423,0.283307817059103,0.12782322447747,0.368211139831692,2
923,0.764800043407329,0.432756538885256,0.505395389267366,4
724,0.221596893458627,0.501712085865438,0.7218582339352,3
936,0.766279271237206,0.434190473862673,0.508329905125991,4
1153,0.757480853206215,0.458626851193035,0.505798138703991,5
1382,0.757204312170707,0.407869713458094,0.510229017691022,6
750,0.224299762758892,0.188150145066902,0.817960074194707,3
456,0.282506091841497,0.441280066804029,0.479548264085315,2
202,0.765947761246935,0.790402405429631,0.587798080407083,0
298,0.255101900852751,0.500711984769441,0.43536268689204,1
676,0.221401027673855,0.282961680972949,0.772231851145625,3
545,0.291102917119861,0.26667766245082,0.68395141013898,2
1366,0.766797271208993,0.407230334402974,0.503034083614874,6
735,0.221762887593359,0.568940617213957,0.348953376314603,3
10,0.18957947473973,0.637258927803487,0.861159970285371,0
275,0.253924376906361,0.425658631674014,0.671446474757977,1
1319,0.759234057374275,0.404792153900585,0.500933327952787,6
654,0.223171281891409,0.549637401662767,0.341367392241955,3
1226,0.759408994365631,0.406741958275113,0.510551407522258,6
1128,0.761733332451514,0.465645091786815,0.51123270525475,5
1021,0.761348079941056,0.467906735812302,0.507806980583305,5
380,0.254188067223877,0.405043503572233,0.783381687500514,1
85,0.369884761748835,0.962590426439419,0.154938336694613,0
191,0.213593356311321,0.931260948767886,0.22323806793429,0
248,0.252281998957042,0.293743872269988,0.547936819167808,1
1189,0.760664489068185,0.467535505823765,0.508747417319777,5
582,0.284978139242157,0.318567228456959,0.414494943711907,2
839,0.764196902571388,0.436707915981505,0.513553341245742,4
104,0.370979122817516,0.256649563787505,0.231623854953796,0
213,0.252695834035985,0.505780219985172,0.592740739136934,1
1188,0.763543658290526,0.469260495215507,0.501813756770176,5
497,0.285292778811418,0.379321348108351,0.565300705749542,2
525,0.288664395688102,0.412755352514796,0.630398760107346,2
741,0.228603836675175,0.525523435510695,0.822759766271338,3
939,0.766410858808669,0.43339387279691,0.507875773153966,4
567,0.282821155493148,0.54697322328575,0.698611298250035,2
1040,0.75593493551713,0.466347809836504,0.508581681261186,5
65,0.112912429729477,0.41128106485121,0.653489336604252,0
931,0.768093765558248,0.43694231254553,0.506643575970513,4
604,0.290049325954169,0.567312292591669,0.702225099224597,2
1312,0.761755025985374,0.407510984634794,0.504893496559199,6
816,0.757561338208651,0.435226452267262,0.518439652446984,4
666,0.224802752977703,0.0801059674238787,0.396482004108839,3
160,0.536783608375117,0.644439791794866,0.880944990552962,0
1155,0.763886258218797,0.463512667985228,0.507649467523884,5
554,0.290420036695432,0.138194036390632,0.726223471947014,2
588,0.283823549470399,0.082624691259116,0.772051330795512,2
1300,0.762724360464516,0.406145921194832,0.508849730165844,6
518,0.290795867033303,0.41363951920066,0.51235719085671,2
305,0.252034138848539,0.489833538257517,0.737263130163774,1
451,0.289197712952737,0.367337388405576,0.40719672201667,2
901,0.759202877851548,0.440156514953054,0.512396181762139,4
726,0.230221140566282,0.369802284240723,0.41438917061314,3
1246,0.756764212503038,0.397896357087013,0.505307407158395,6
351,0.251616278972942,0.578633579029702,0.462016881350428,1
830,0.758719492171198,0.431735557115075,0.509902595338729,4
564,0.284063813008834,0.565967827639543,0.832546314247884,2
349,0.257271930640563,0.569732456887141,0.366658193664625,1
9,0.109131501289085,0.938253226457164,0.701561445603147,0
288,0.252383869129699,0.508120589260943,0.657009911164641,1
1243,0.766729335797596,0.414877126834534,0.511195953480154,6
798,0.229413369530812,0.331600856920704,0.798967901756987,3
945,0.762885576649628,0.441145465098329,0.503891162154061,4
1297,0.76483275669756,0.390320264001411,0.510172813813759,6
1048,0.771132721879568,0.467827593388448,0.511795201942181,5
1141,0.761344933510518,0.459806974111689,0.50710996571253,5
850,0.760903294248109,0.434618387805141,0.504935833678707,4
168,0.716966450680047,0.343803715193644,0.592052668100223,0
67,0.297967602033168,0.0807273283135146,0.86864103958942,0
29,0.846995538333431,0.34922701632604,0.806776212062687,0
431,0.288034952818416,0.570660013891757,0.523428691574372,2
443,0.287179696974345,0.0955698678269983,0.788773934147321,2
770,0.229679213077761,0.14148996276781,0.392832845472731,3
178,0.433337685884908,0.186857846798375,0.835971286054701,0
1118,0.761514954652438,0.471235256194485,0.506814494455851,5
928,0.761483605847571,0.438790161639627,0.502477110576808,4
1200,0.754906782940156,0.466729072184827,0.5103371145114,5
671,0.227089531226084,0.333290441147983,0.606041871849448,3
1066,0.752899908846917,0.470049692500903,0.507416676004898,5
1008,0.759690337373551,0.436832583359976,0.510855532369217,4
1293,0.756130134145761,0.40565665990328,0.507795565259938,6
363,0.252454356646631,0.158819741639309,0.59007960583549,1
1185,0.759234003726855,0.461532788158956,0.507850249227022,5
1269,0.767654556599778,0.399822450922528,0.50681954692478,6
1223,0.764633092134978,0.405421045557614,0.497144099931422,6
1335,0.771290646523489,0.409143204401252,0.507878095866515,6
234,0.260650143332314,0.48620875349734,0.696041950630024,1
932,0.764768613663517,0.434143218508553,0.51282867824667,4
44,0.382469992619008,0.840197801822796,0.566227439325303,0
347,0.25321762916632,0.468781357584521,0.691186444507912,1
508,0.286568536884151,0.366854055272415,0.679810652998276,2
864,0.754283462887832,0.436759803179201,0.506705188516452,4
139,0.00300454371608794,0.168147256597877,0.355118352221325,0
856,0.76821599969078,0.43519724839201,0.499779090989636,4
1389,0.765252157863928,0.407731531016825,0.515239855094101,6
1387,0.7649153894994,0.405991431274575,0.507386393554377,6
84,0.107265813974664,0.093186788726598,0.677195256343111,0
269,0.253655116162263,0.555105008138344,0.374480173829943,1
1051,0.769895525847967,0.458977785255551,0.501694535874895,5
597,0.282836617294233,0.330226835631765,0.589433344569989,2
1109,0.751682053114369,0.469856603185487,0.501932394256418,5
902,0.754824496959126,0.435927935456161,0.502010349875737,4
88,0.167022203560919,0.0600791615433991,0.6752000504639,0
444,0.282197030365933,0.117606963566504,0.422068218141794,2
199,0.890031957533211,0.563586685108021,0.398633879143745,0
977,0.756362787127183,0.437742925600399,0.507551068249906,4
19,0.748259992338717,0.572697893017903,0.549936465919018,0
308,0.255205954175908,0.089338039350696,0.606357904407196,1
1103,0.763971317021729,0.470994416314061,0.506992739298732,5
436,0.289204549582209,0.482641671039164,0.700692740641534,2
615,0.226258496784139,0.168498362251557,0.731041956483387,3
1218,0.752042351620272,0.410430439139367,0.510216282267616,6
860,0.761526649776402,0.435906943868955,0.507131706806839,4
424,0.288320131008513,0.514017889811657,0.416728612058796,2
14,0.540859974687919,0.186330080963671,0.431143371155486,0
966,0.765859408248366,0.434959352390366,0.511631244534046,4
144,0.188540673116222,0.217784074600786,0.721864080522209,0
1392,0.765239977188052,0.404743058824433,0.513758331938065,6
385,0.256676850877702,0.114881023601629,0.710060608829372,1
217,0.260352564619388,0.41800842161756,0.394186735292897,1
1321,0.763232518140847,0.40597393048397,0.517480499076138,6
1011,0.7608743474066,0.439013297063166,0.51010384227871,4
695,0.222194957723841,0.161022225697525,0.66405520089902,3
138,0.64020385267213,0.185546798631549,0.259782216278836,0
1151,0.759340826069134,0.468883130711973,0.504959154418047,5
558,0.281948274266906,0.514216203894466,0.568789892969653,2
799,0.227897116977256,0.501699134078808,0.559809738676995,3
620,0.221700249675196,0.17100555759389,0.444671296654269,3
486,0.284689684829209,0.194486792152748,0.407530113961548,2
361,0.25573435906088,0.524403416155838,0.664762087888084,1
1023,0.759629583359087,0.465840326535231,0.511731579939573,5
97,0.312353874789551,0.745500451885164,0.797382883727551,0
575,0.282758499383926,0.277931042085402,0.546911981212907,2
537,0.286870185679291,0.161515417229384,0.380571944778785,2
607,0.282284553381614,0.105291771655902,0.710083959531039,2
970,0.764671590958775,0.438571406426675,0.50676386205667,4
767,0.228492723430973,0.560756947798654,0.810133287007921,3
992,0.763164606843827,0.44711203294845,0.515383626565471,4
748,0.221578872231767,0.453515703510493,0.523543512821198,3
83,0.0942390589043498,0.0650329738855362,0.472555337706581,0
353,0.254465797485318,0.255075854435563,0.360315719409846,1
155,0.501634931191802,0.0761117371730506,0.210686127888039,0
1229,0.751467856541245,0.409751908906452,0.509390181805232,6
346,0.258612008204218,0.404290138464421,0.832330668251962,1
246,0.254581971857697,0.216029122308828,0.577624323451892,1
1213,0.762995194751852,0.405987231698057,0.517440302121159,6
189,0.396250475663692,0.807669511763379,0.577155058272183,0
13,0.271271018311381,0.0272141851019114,0.495915284613147,0
379,0.253302671713755,0.439061509049498,0.496619542734698,1
1077,0.755194237057106,0.46735104627385,0.513326769479448,5
668,0.223600964301731,0.327671348187141,0.602534875879064,3
111,0.616023750510067,0.341144192963839,0.59822948067449,0
1193,0.762512571519054,0.464418300084569,0.502132215680631,5
449,0.283569284130354,0.191744181979448,0.770291145332158,2
1137,0.765797648637928,0.462506875814057,0.500169931979709,5
612,0.283917948103044,0.348348353942856,0.637669979035854,2
664,0.224893659374211,0.3222029624274,0.665939270542003,3
260,0.26108998851385,0.578108915081248,0.386022534244694,1
526,0.290213322939817,0.450085104978643,0.42105115824379,2
466,0.282597223294433,0.382418238860555,0.620037921261974,2
1276,0.752621822611765,0.403411091865891,0.502155522376123,6
59,0.891978478292003,0.337960712378845,0.669075707439333,0
329,0.256244411640801,0.173298983206041,0.498927732603625,1
455,0.290822585197166,0.519454741338268,0.783087476994842,2
655,0.230099253007211,0.361854327563196,0.551951277791523,3
1160,0.755352410660288,0.471152020669744,0.508855198607788,5
1197,0.758863608636396,0.469194771069574,0.50937288689667,5
224,0.256886696601287,0.521456991625018,0.803562128124759,1
8,0.302311190636829,0.571758625796065,0.748041225830093,0
1390,0.755448787897464,0.414873636636965,0.506075727371094,6
1180,0.767265272178136,0.462032425057896,0.509004147588051,5
1065,0.765301001847604,0.462209917880055,0.510605790252273,5
1083,0.757834328569124,0.467502983965796,0.51172472511274,5
577,0.289592829293106,0.47911161086522,0.515179220028222,2
150,0.328005518531427,0.650710670510307,0.77155959722586,0
548,0.284183356470894,0.316022690571845,0.716571608930826,2
1181,0.765980413847822,0.467024226344102,0.514849728594692,5
1315,0.763361869927412,0.412780988263763,0.504301760965014,6
365,0.260807249560021,0.407524589286186,0.377965795015916,1
229,0.257848089784384,0.371062833885662,0.664877850469202,1
889,0.76495213657027,0.42942949818941,0.513061043741061,4
512,0.287287788530812,0.17873032479547,0.725869308714755,2
1199,0.755603766790214,0.45970304422852,0.501409640354536,5
56,0.0901379911229014,0.990713848499581,0.350298489443958,0
682,0.230828270609491,0.0831884241895751,0.619394148723222,3
1002,0.762038025084016,0.437227088682309,0.504313841260232,4
890,0.759869646523467,0.4360943185429,0.511857116819147,4
1412,0.763461227718412,0.415104929804132,0.514259860061932,6
374,0.256178498677909,0.178219811362214,0.546310096071102,1
411,0.256897054845467,0.392124661314301,0.415692855161615,1
995,0.771450416546187,0.434324676410639,0.505821263844895,4
1385,0.763512919025172,0.40319107776996,0.508059027907586,6
72,0.636800362030044,0.791279674042016,0.639220220036805,0
58,0.260526292957366,0.518675138242543,0.261841654079035,0
468,0.285794155993499,0.206203815247864,0.50188823279459,2
568,0.286196037537884,0.278516763192602,0.626436179992743,2
66,0.528839289210737,0.192770242923871,0.570854258257896,0
364,0.252986011768226,0.186892870883457,0.638430765387602,1
1342,0.763943709868179,0.404461951465825,0.501136655114015,6
64,0.993515480542555,0.691954340552911,0.0883637145161629,0
638,0.230607466828078,0.166164014325477,0.640736682363786,3
1205,0.767130823002581,0.46442121807645,0.509814040938204,5
1384,0.768594005769846,0.412360404354718,0.505666292766748,6
147,0.572818430140615,0.803365669213235,0.157571939053014,0
1154,0.764943138226775,0.460487474107232,0.513995106214239,5
651,0.225212221920956,0.507168010529131,0.474872390762903,3
71,0.894404418533668,0.386366066755727,0.275099363876507,0
1267,0.754844241496917,0.404255471132125,0.512793879554227,6
844,0.76579398993142,0.43510797039581,0.504458473516237,4
1224,0.75574286830829,0.409530286314918,0.505993016895686,6
106,0.0215305604506284,0.970117244403809,0.0597471408545971,0
935,0.756592794679122,0.431847245362901,0.503067008523022,4
1212,0.75072139365237,0.472694839653615,0.498081226321223,5
1184,0.76538087752993,0.466799876657179,0.49772510793599,5
82,0.324086433742195,0.626639974769205,0.277033323654905,0
259,0.256445103248116,0.374781918083318,0.589405304542743,1
808,0.229792479542084,0.153330542100593,0.512808828055859,3
378,0.257896658584941,0.461724837031215,0.776807401352562,1
48,0.301762886112556,0.914702113252133,0.41730406996794,0
1329,0.769792320709384,0.40131990827318,0.503531999098114,6
53,0.355293905595317,0.493161022430286,0.343328781891614,0
745,0.227022069045343,0.556631336873397,0.503698574518785,3
233,0.256202747561038,0.405064378702082,0.569703906564973,1
1356,0.759735023124803,0.404610018607481,0.502025842152689,6
762,0.231196961109526,0.438020727667026,0.686596822016873,3
1115,0.75943563073647,0.474826674734903,0.508665468078343,5
388,0.252990621568169,0.146203283988871,0.79357626629062,1
336,0.258618888568599,0.39918526140973,0.374924702942371,1
975,0.755705111744609,0.435745255889821,0.50838059785049,4
1341,0.765040621072589,0.402836509051998,0.508560249300598,6
1285,0.754061371188559,0.419137654626502,0.508599321914409,6
532,0.287333568101749,0.421777141117491,0.586095110420138,2
847,0.76257090708965,0.424933052281817,0.512158420509276,4
503,0.288423094663303,0.374786553275771,0.569639444141649,2
94,0.710504791466519,0.610261342488229,0.594327530125156,0
295,0.259226437795442,0.279502913309261,0.658255797019228,1
426,0.281740290587768,0.233250415720977,0.437768964003772,2
370,0.260012795431539,0.446780076320283,0.439435891597532,1
154,0.112138777971268,0.117675293935463,0.707387986127287,0
362,0.261221501645632,0.559161986643449,0.608039182284847,1
109,0.42999575426802,0.231724032200873,0.646089853951707,0
918,0.757976275809336,0.426612313164634,0.510202319443152,4
763,0.228464026763104,0.337291547749192,0.834438556362875,3
1098,0.763281165760909,0.462101396564125,0.521044585536641,5
90,0.743416304700077,0.254605735419318,0.609833451919258,0
1049,0.760684744512666,0.476819866003203,0.504963174993872,5
1396,0.750433408536408,0.411887755135038,0.496827426148104,6
446,0.287762996626552,0.488955505029298,0.489336501131766,2
1273,0.761405770285021,0.409634396767018,0.508610426826209,6
1097,0.758903367747945,0.464999687429461,0.501738614494805,5
255,0.260608123734128,0.534167305403389,0.512308914004825,1
1012,0.768054982829524,0.438929794112729,0.504969742599709,4
606,0.286294462576043,0.483409298653714,0.49614162244834,2
764,0.230211351197213,0.212198146339506,0.462804284086451,3
785,0.222439259956591,0.299976338120177,0.452218908607029,3
600,0.288697009987664,0.338024806417525,0.567467553331517,2
461,0.291145710763522,0.423056434676983,0.470098703773692,2
1150,0.756212435378998,0.462883509349711,0.517238219069663,5
338,0.256824107915163,0.349777048639953,0.626884763268754,1
822,0.75273398048764,0.44320237443731,0.508778783475909,4
181,0.910958914551884,0.312628437299281,0.996607806999236,0
913,0.765884690092881,0.435914003392496,0.509096023829006,4
408,0.254203444432933,0.101936874049716,0.828953753481619,1
1274,0.750623643794068,0.403885143893379,0.508463012249538,6
500,0.288195757591166,0.307474972982891,0.795996772497892,2
173,0.418223411077634,0.0828544958494604,0.99485648307018,0
809,0.229742130348459,0.36299206847325,0.616842242912389,3
673,0.222819126709364,0.477531280205585,0.52561812128406,3
669,0.222258730072062,0.333014324959368,0.436884309304878,3
1209,0.75439484669656,0.474514063905475,0.504241020102375,5
934,0.761890754526798,0.437012783013266,0.515127574542476,4
630,0.227705964611378,0.151177147589624,0.399182177172043,3
1304,0.7632189942191,0.405958653461537,0.505671145964708,6
1022,0.758395356718411,0.473846974279892,0.500190644807761,5
888,0.762691384958248,0.440136902873301,0.506866690803384,4
43,0.492912925546989,0.366943144239485,0.385689661139622,0
617,0.230534571544267,0.118374056252651,0.699852276151069,3
310,0.261165777260903,0.566453783493489,0.578651559096761,1
1376,0.758424441403386,0.407306123376314,0.493201267942908,6
858,0.763917614847679,0.442886363374397,0.500973663490113,4
141,0.718595911515877,0.817802327685058,0.197196374414489,0
21,0.905185231240466,0.442207196028903,0.121308947447687,0
123,0.905109600163996,0.496947932988405,0.0224131231661886,0
1042,0.763463312463532,0.467715545319686,0.515116034320878,5
930,0.765737630798767,0.438891519604927,0.514098793874711,4
1228,0.761217492320618,0.407018808153,0.513321191068436,6
1284,0.763548507625567,0.419175322618846,0.504516026101683,6
963,0.759333383887094,0.439414460538767,0.511944660831327,4
1125,0.760800513402029,0.464270122232844,0.509821839592827,5
556,0.290105047114193,0.0876225205836818,0.765924717555754,2
393,0.252655537498649,0.565647022053599,0.802677423949353,1
464,0.28707442341838,0.422506589745171,0.584156815800816,2
626,0.223621349947061,0.350090100266971,0.551058920356445,3
687,0.226917723387014,0.385395488655195,0.400668811192736,3
485,0.284620017125271,0.358951821061783,0.832019736547954,2
563,0.289927499359474,0.128466044389643,0.401840275758877,2
1006,0.766977436612957,0.436919452998919,0.512073914798475,4
845,0.759582347066069,0.428860070744711,0.509975084176819,4
722,0.224618475546595,0.578376592206769,0.425535785523243,3
1169,0.747619954301029,0.459908841445453,0.51244254623786,5
1035,0.760827992575302,0.459939143479356,0.514445188812704,5
1170,0.763786249374703,0.464824272029161,0.507136770992994,5
452,0.283103324465919,0.518047844711691,0.607998256711289,2
1398,0.760958765693554,0.396382961446294,0.510201802516417,6
718,0.223646966735832,0.106156903272495,0.58784544726368,3
823,0.758791527179132,0.437027930984414,0.510835995488862,4
878,0.755651134901786,0.441242574862209,0.501867740224391,4
752,0.221941520364489,0.142572217108682,0.337834398867563,3
1265,0.752318406444517,0.410269495679623,0.498186333330664,6
122,0.79088152362965,0.71595476474613,0.340137620922178,0
438,0.283506341828033,0.202315755491145,0.747521447041072,2
855,0.768765776607286,0.43517091000171,0.509812705833915,4
834,0.772774725344939,0.446973855743458,0.511767024411609,4
263,0.25921773375012,0.484586138580926,0.508965225447901,1
919,0.7617734340398,0.43357310873429,0.506779115087351,4
1351,0.75988678481143,0.409456696314715,0.510991903554402,6
955,0.764341751208449,0.43781755530489,0.510125804123798,4
73,0.950485727051273,0.370781325967982,0.886436024913564,0
339,0.258008723640814,0.220164641342126,0.535697189881466,1
425,0.287874832113739,0.434360031806864,0.66442052545026,2
407,0.258390015736222,0.558853397332132,0.761449814797379,1
194,0.239764316240326,0.9313922773581,0.0988249937072396,0
42,0.0377685306593776,0.276779315667227,0.600318512413651,0
1107,0.760141669909222,0.464297890117682,0.502979698632726,5
555,0.284438991067,0.281025106622838,0.598237525695004,2
325,0.259706740945112,0.427921465435065,0.825065549719147,1
644,0.230057047049049,0.188473320752382,0.445131794107147,3
623,0.224852457817178,0.261182493716478,0.690584490098991,3
962,0.762392191069396,0.448463652546167,0.505038058553145,4
642,0.229224487128668,0.262574040633626,0.591389527567662,3
76,0.433983493596315,0.0304595718625933,0.459424208384007,0
24,0.102331149624661,0.459192988695577,0.727403870550916,0
1177,0.768563508592407,0.473306150206607,0.504486897957542,5
1,0.332887415075675,0.254412995418534,0.198313789675012,0
416,0.286471810608637,0.0935690642334521,0.687646871106699,2
115,0.664637744892389,0.855837983544916,0.766396332066506,0
920,0.748438077700198,0.444932992378345,0.507577167488735,4
1214,0.755161655411389,0.401834306363192,0.512300468741087,6
1086,0.76083755269343,0.458211200019965,0.504509380651365,5
114,0.949254667619243,0.625319745391607,0.68269805633463,0
1073,0.76734514100229,0.468132021198069,0.507699032984833,5
810,0.224887284180149,0.480990894557908,0.785281662037596,3
873,0.756650234495841,0.44268778490092,0.514977001795348,4
51,0.176141855074093,0.512497844407335,0.846973677398637,0
1198,0.754299187399096,0.472443362536504,0.508194685321828,5
1323,0.758485224058583,0.407401860698681,0.503237565797101,6
1191,0.76290970316301,0.471221369458536,0.518901791275964,5
1326,0.759146012631476,0.40456068889772,0.508957585341847,6
863,0.765803277117629,0.43951078296353,0.511255987863673,4
552,0.284982404180337,0.422292560292408,0.804737558611669,2
1044,0.764161289986873,0.464014458218909,0.509423522128942,5
773,0.224488424502779,0.450680075515993,0.533706816867925,3
553,0.287810791290831,0.112637318391353,0.396624287031591,2
127,0.072970443405211,0.962023864965886,0.110458759590983,0
899,0.760351381537724,0.437272674579523,0.508178881852213,4
1295,0.755580199109845,0.403671645978133,0.503710608318724,6
278,0.257798452468123,0.515841311146505,0.540890371450223,1
249,0.258508831008803,0.576825628825463,0.503067309642211,1
26,0.420598499011248,0.568487786920741,0.1868343106471,0
153,0.789661911083385,0.0242700246162713,0.221551842056215,0
706,0.225828051210847,0.360378083959222,0.613272051583044,3
119,0.735281503526494,0.846356206573546,0.244640110759065,0
313,0.261104697363917,0.282066395925358,0.42739744335413,1
481,0.283323332804721,0.13269823261071,0.657591606979258,2
35,0.742980485083535,0.153364211320877,0.318692490691319,0
680,0.229268642312381,0.181244094343856,0.35066091818735,3
291,0.256221056503709,0.341524986736476,0.636316428682767,1
1259,0.759735902198516,0.40149469116784,0.496832290016082,6
484,0.289633431623224,0.306273695151322,0.611168863391504,2
421,0.29047280528117,0.156312536168844,0.616941993613727,2
645,0.22856999599142,0.273678711452521,0.480444437847473,3
110,0.181279025739059,0.981553784804419,0.365425135474652,0
465,0.290784033630043,0.225592791056261,0.686220565252006,2
624,0.228171411650255,0.235232536750846,0.404027982288972,3
613,0.2279661981971,0.564376930892468,0.590338466013782,3
675,0.224582988908514,0.512077954085544,0.596031242306344,3
1310,0.763236806049126,0.420068298066717,0.506817724427977,6
1050,0.762490717955504,0.463170204366007,0.508743103813161,5
176,0.676012268057093,0.0493674366734922,0.869152321480215,0
1046,0.757292906418559,0.469897161367,0.509740314506154,5
836,0.760180022118427,0.438531043471721,0.503414930704772,4
559,0.285726783953141,0.556139925448224,0.751429891819134,2
274,0.261046694270335,0.0847586508141831,0.815841218829155,1
569,0.282786281304434,0.57487451187335,0.821812866977416,2
806,0.222629190376028,0.538530472037382,0.709755897312425,3
1262,0.764106040370141,0.404899335241284,0.503718587020537,6
1359,0.762032160926036,0.405522833445191,0.506596098184773,6
206,0.833634418901056,0.471270187292248,0.47943929117173,0
657,0.222823869497515,0.420722494088113,0.500634794496,3
952,0.758219358968776,0.438929850352494,0.510482074429903,4
504,0.291225198484026,0.407994582620449,0.565125911752693,2
733,0.222247298392467,0.319667508080602,0.443426290550269,3
1332,0.766948875085555,0.398678401135514,0.513325898091005,6
689,0.229152474566363,0.415418080822565,0.564453011052683,3
1165,0.77273497690182,0.471674500026361,0.512973809066723,5
435,0.286293113899883,0.572386962082237,0.704371058288962,2
251,0.257812457345426,0.342324108420871,0.553375356621109,1
659,0.222708273655735,0.289287170232274,0.548736331542023,3
646,0.225712139657699,0.111437883763574,0.758185582375154,3
950,0.755417587586652,0.434958552994778,0.508933349077495,4
133,0.749742042738944,0.389907635981217,0.04390435712412,0
226,0.259641714829486,0.320798472454771,0.667801610915922,1
15,0.836071488447487,0.724479286232963,0.579536671051756,0
842,0.758053868917889,0.434832509526627,0.501403861945025,4
732,0.229360833871178,0.39898617665749,0.554993185121566,3
1291,0.756409198692497,0.397390801727,0.510237430176262,6
117,0.681360041256994,0.525838573463261,0.611906053498387,0
723,0.225708014322445,0.495036237477325,0.403580764797516,3
1225,0.760225319029771,0.402881770763472,0.507272978864137,6
531,0.281669072047807,0.495217469474301,0.692896051821299,2
477,0.290580570108723,0.164089243463241,0.380923996353522,2
517,0.282326970256399,0.361727359541692,0.409720694320276,2
1352,0.753546785604966,0.406995891813022,0.508982939079039,6
1232,0.748250424002988,0.408625699796957,0.512653737435254,6
1365,0.754800144665842,0.4056202693929,0.507182938911647,6
209,0.560496757272631,0.99451485928148,0.118177002063021,0
253,0.254513520556502,0.445209423732013,0.381421375111677,1
140,0.87612908356823,0.569159368751571,0.76407107245177,0
143,0.594010229688138,0.860214063432068,0.851481998106465,0
596,0.284648440079764,0.551587582170032,0.786519785784185,2
478,0.285651207987685,0.515299598639831,0.43771174075082,2
182,0.502936488483101,0.862019459018484,0.441737308399752,0
1036,0.754746248944013,0.470915557238907,0.503892915731513,5
1404,0.763467996226838,0.404274298661244,0.508514168708658,6
34,0.868950170231983,0.753852005116642,0.681621309369802,0
769,0.226282915743068,0.179306375631131,0.600809725839645,3
696,0.229676300687715,0.573739270633087,0.823208318813704,3
62,0.628958129091188,0.181021628668532,0.515764507465065,0
1316,0.760065302856451,0.40858984841249,0.505008645395871,6
1399,0.761849672760803,0.400617692711094,0.508522770150726,6
1355,0.756703858777814,0.410342756227782,0.505054114291102,6
692,0.223778033680283,0.338577405270189,0.448741334979422,3
286,0.255338857895695,0.236011036857963,0.458388235094026,1
1161,0.758892213040329,0.471119708818497,0.507416753600309,5
544,0.28749589900719,0.527310199406929,0.338561683683656,2
866,0.754624698796188,0.435171882624565,0.510974462408209,4
699,0.230254482540768,0.530498886783607,0.810851887590252,3
894,0.759648088847308,0.44832235025076,0.514309139814524,4
1309,0.758441385542998,0.395412901955545,0.514483524685634,6
276,0.257377756386995,0.315611204435118,0.65298724619206,1
316,0.253857300952077,0.423456394067034,0.606923869601451,1
697,0.230920354530681,0.251457573799416,0.584874483547174,3
1148,0.76173843466616,0.46725137320679,0.512954441146371,5
1367,0.755889572974273,0.411765376217129,0.506845229424768,6
242,0.257883003086317,0.458969296840951,0.425399755849503,1
819,0.765046406293645,0.446903785074315,0.511337103856364,4
698,0.225738376306836,0.461614004638977,0.608773498353548,3
1353,0.755117116923183,0.405859679921434,0.505407258388972,6
907,0.76843078178715,0.438845176795106,0.511366349259778,4
536,0.281912237550132,0.11082764477469,0.339115223521367,2
373,0.253206627052277,0.349192217877135,0.834405539464206,1
1134,0.757437777339054,0.467203435250037,0.507993543663446,5
846,0.757255384796796,0.443172411038169,0.50723089671768,4
1196,0.759889851571585,0.464672890628853,0.508251918852911,5
282,0.258169218220282,0.36791930377949,0.394013248058036,1
859,0.759623556787275,0.438809172123491,0.502054604713915,4
895,0.759958275387835,0.434602914707247,0.503647512213262,4
1371,0.753082225910857,0.41013911898333,0.512477126466382,6
469,0.286809562854469,0.453828563634306,0.550583229656331,2
653,0.227494368338957,0.262429804727435,0.582109013944864,3
162,0.507223260821775,0.913251813966781,0.942051690537483,0
848,0.760468200933623,0.433255698580396,0.516699248725453,4
267,0.257986548175104,0.2555087442277,0.617751601408236,1
1056,0.755078674139863,0.468531395154939,0.506950639860159,5
1129,0.751214702350559,0.474489781596981,0.499222761646331,5
515,0.285807690757792,0.398726426367648,0.804209951218218,2
354,0.261191028365865,0.528183439583518,0.784211512678303,1
674,0.230002711298876,0.35907154106535,0.719573625619523,3
1058,0.769692912011303,0.472734517979737,0.511531776136589,5
876,0.761097121500544,0.441721574510397,0.507322142359226,4
661,0.221534617464058,0.284129396849312,0.426852698228322,3
926,0.758345132181078,0.43705373625605,0.504785518805001,4
794,0.231243913581129,0.151710484130308,0.55940803643316,3
1337,0.760592944279885,0.396554016857215,0.511621477655208,6
493,0.282689626116771,0.394403345487081,0.497421768284403,2
1354,0.760267571484322,0.412856133350996,0.502749808060972,6
729,0.221953734215349,0.104896439309232,0.501210128213279,3
1221,0.754910198372454,0.41478332785156,0.501603747842684,6
1248,0.764770458402634,0.409721949130033,0.50782718683754,6
476,0.291162002782803,0.285577009036206,0.456223801034503,2
1201,0.754009595260377,0.47890175796826,0.514218129194534,5
831,0.757208515432546,0.439485413869027,0.507599848380569,4
542,0.287435821928084,0.196467521088198,0.751759045664221,2
86,0.614516023779288,0.36557732638903,0.274271017871797,0
672,0.221428112874273,0.220330617111176,0.59359572888352,3
1393,0.761665081662657,0.41390565522627,0.500432560202235,6
1135,0.758993130269345,0.473608132492617,0.506841279484335,5
1203,0.761522410332278,0.466023272751607,0.507571622529618,5
1254,0.751550711172156,0.402843969475209,0.51313869970753,6
787,0.226327496769372,0.310765238548629,0.830686259572394,3
570,0.282879405126441,0.560613472899422,0.728056869958527,2
574,0.289885110245086,0.551799975056201,0.807783336169086,2
1281,0.757217544243456,0.40748102441307,0.508100263782324,6
200,0.00347186042927206,0.33570170472376,0.616444749291986,0
643,0.225413864245638,0.353483768482693,0.493090057536028,3
964,0.757311540162138,0.440581147725286,0.511075202438294,4
290,0.254558077333495,0.454265233664773,0.712704877275974,1
18,0.121699488954619,0.529052352532744,0.345603976165876,0
788,0.222469159041066,0.171045179432258,0.568057913705707,3
881,0.771496758024275,0.437997332635589,0.499018627612839,4
1120,0.770416876006495,0.456074416656757,0.504396508428886,5
967,0.7689374311627,0.440582050217988,0.508338159528242,4
414,0.289274122500792,0.100450550974347,0.816739383642562,2
264,0.257677223877981,0.469102710671723,0.58425103223417,1
1260,0.760756546829888,0.404303185018767,0.501513595157393,6
586,0.284198466162197,0.504192721867003,0.70893233132083,2
1064,0.753511817469502,0.467778994087184,0.503418188608839,5
89,0.921099001076072,0.566500841407105,0.0798993902280927,0
772,0.22232208510628,0.334134581685066,0.370378770539537,3
1257,0.758508993578063,0.406752021043105,0.514741959926812,6
713,0.229877625834197,0.318356753978878,0.759521088120528,3
929,0.770324446224364,0.438214347017988,0.513480488504625,4
1301,0.758284997223944,0.410059263964584,0.512730782634422,6
270,0.257818008316681,0.205181941110641,0.369679328310303,1
391,0.252651993308682,0.550461349613033,0.462215384142473,1
1152,0.766509197160462,0.462608209838629,0.496674638506838,5
683,0.226426402968355,0.546396789560095,0.564624119922519,3
128,0.952649852726609,0.628912635846063,0.644405254628509,0
717,0.221429113307968,0.199873072747141,0.614602351817302,3
1145,0.758380240268224,0.467574919648133,0.501361424038856,5
585,0.286862739536446,0.366347015090287,0.661513485037722,2
805,0.227871042182669,0.469303921167739,0.594174376828596,3
1379,0.767308693593163,0.412113392249185,0.502187899705493,6
709,0.22148764019832,0.143445821083151,0.5468958490761,3
324,0.259393254204188,0.247514225146733,0.485683052125387,1
394,0.254491477150004,0.243322177627124,0.767634476791136,1
960,0.757747878654595,0.438152418120638,0.512637393928489,4
384,0.25263533156598,0.480490179918706,0.626774627855048,1
1340,0.753360662552649,0.406871293921796,0.501504564779543,6
506,0.283825488244183,0.341243506129831,0.776074053742923,2
1220,0.752581863474588,0.408317179766749,0.515981511546768,6
1157,0.756870251588968,0.470119616542431,0.51352840675072,5
292,0.255472148673143,0.499228892102838,0.339924953668378,1
893,0.750344076664772,0.440872667255349,0.511325987270334,4
751,0.230908365224022,0.415518187638372,0.82493179445155,3
1288,0.760161265447655,0.40244425814843,0.503395184760061,6
927,0.769389069381399,0.441028617388178,0.502713419643338,4
1004,0.757126252006286,0.443999992784884,0.503219737708368,4
1374,0.765461972766292,0.405559164077567,0.505102353334597,6
1166,0.757294624104068,0.457397621674765,0.502072027769618,5
910,0.750159588670158,0.443172588845877,0.509324600263146,4
1278,0.751317440101259,0.415541295405246,0.511315338080345,6
1247,0.758191692219548,0.400177979262865,0.512947965128642,6
402,0.25692892992869,0.393236143817194,0.486476598796435,1
1409,0.765740075744818,0.399796907284329,0.515308392294557,6
283,0.254430484662298,0.34221969563514,0.410501657892019,1
933,0.770200590400265,0.433937903211293,0.508440805166197,4
334,0.25360902024433,0.383777675405145,0.345359536493197,1
812,0.227597156031989,0.123765838402323,0.7656784376828,3
941,0.769059474754356,0.429204911940858,0.511540742947537,4
1094,0.754868615487009,0.473482240695332,0.513898766640353,5
1381,0.758323127040203,0.400139572494122,0.510544874050147,6
505,0.284869786056224,0.0977890522452072,0.372159689338878,2
906,0.751870784204813,0.435696150396873,0.510324640291825,4
1360,0.760412686221441,0.408877387127723,0.500623624076872,6
1034,0.757587014749083,0.46730521985575,0.515225263622311,5
547,0.286224124380387,0.31479883491993,0.730828048684634,2
649,0.230013944685925,0.224425664707087,0.523567699734122,3
328,0.254218507173937,0.307006644154899,0.805552996252664,1
648,0.230509752742946,0.535007443465292,0.388224465330131,3
1110,0.76300444174353,0.471837299198705,0.511873838788168,5
1192,0.766643439954303,0.464523221176611,0.508244852596763,5
180,0.971108434023336,0.798877652036026,0.715332741849124,0
1311,0.750987243340229,0.411479499175415,0.508844570824004,6
99,0.734346400713548,0.51577634154819,0.510182155994698,0
265,0.259850090343971,0.490225147409365,0.64062296601478,1
1348,0.755254684376825,0.409514679323969,0.50865124873921,6
546,0.285531549465377,0.454260854818858,0.381801418983378,2
980,0.761530957646036,0.44219084428364,0.514230073538295,4
998,0.756855908501377,0.447577201398311,0.518722696273484,4
445,0.283088208639529,0.218047991348431,0.596280954452232,2
867,0.760709183917802,0.441488378529161,0.506070730058124,4
566,0.28986696816748,0.350289117381908,0.536555555323139,2
170,0.266416735481471,0.428250227123499,0.748527972027659,0
611,0.289324831205886,0.196215772721916,0.60834900396876,2
382,0.259289689315483,0.264903952786699,0.47029593042098,1
32,0.748094816925004,0.274302135920152,0.330185213126242,0
775,0.224468579667155,0.32191755338572,0.818480605515651,3
973,0.769202635568475,0.433931278624366,0.507424648100799,4
164,0.134184668539092,0.0357791881542653,0.163161775562912,0
1271,0.753509652730704,0.406349070129678,0.505829353370499,6
993,0.766109040457216,0.437631226777883,0.508263154207523,4
3,0.465127451345325,0.773920305538923,0.695384276099503,0
1363,0.759743602371913,0.41253576758698,0.511216849453476,6
719,0.226862157622818,0.125877940282226,0.471551209595054,3
1025,0.759229277171806,0.463568727899374,0.508219052345235,5
208,0.130025724181905,0.828996636671945,0.0407670838758349,0
1253,0.753003397048666,0.412229885005702,0.506769379271348,6
1101,0.755038809881821,0.460379241826215,0.501162726305934,5
954,0.759550240262982,0.432049781089917,0.506877833183909,4
112,0.839691517874599,0.623744223732501,0.657240538392216,0
174,0.215939725749195,0.0622796795796603,0.444178607314825,0
419,0.291103799694683,0.341909343446605,0.700293390336447,2
496,0.284503789546434,0.112127322074957,0.696751456847414,2
731,0.223235450186767,0.36468063686043,0.569691440579482,3
1078,0.760698577701199,0.469034145836622,0.514223244430165,5
840,0.763211215223296,0.43634122455781,0.507915373226511,4
803,0.224416609751061,0.450032002944499,0.695812383806333,3
590,0.283829781087115,0.120225088507868,0.438727365015075,2
721,0.224218565078918,0.504540597740561,0.582855722075328,3
1357,0.760719281318306,0.414849196439435,0.509904691393606,6
720,0.224745468420442,0.567786206677556,0.414956685178913,3
778,0.223190185190178,0.109665838256478,0.353888271399774,3
746,0.227644342668355,0.105337840574794,0.760847366554663,3
916,0.758991241089122,0.445177350092432,0.510882062264703,4
835,0.759121100088993,0.438863399168416,0.505329887644045,4
824,0.763395363527005,0.439139856318936,0.502581224013166,4
982,0.764746035941344,0.441496913185261,0.520108633815598,4
232,0.256903502680361,0.443099122564308,0.542852982552722,1
578,0.290578619570006,0.176923229545355,0.442144394875504,2
417,0.289889630349353,0.33045395819936,0.683526963600889,2
235,0.259267639003228,0.473301949631423,0.510269631189294,1
1324,0.757574937654144,0.407917708874965,0.512456435762347,6
302,0.258760301498696,0.559803486871533,0.51845649224706,1
6,0.196400445885956,0.915221859468147,0.730696786893532,0
1227,0.75879425131922,0.411700370289302,0.504896085681296,6
589,0.284648589794524,0.253800969058648,0.544960941793397,2
760,0.221535291003529,0.552111879759468,0.445247406861745,3
608,0.283362090077717,0.456413461780176,0.714391251699999,2
1294,0.776405719376968,0.402719634655034,0.508700767751949,6
641,0.228998319131788,0.314303399482742,0.384996903385036,3
289,0.261227684742771,0.314395761187188,0.639705416420475,1
1368,0.764408194268099,0.412643835200575,0.508716637841126,6
273,0.254231213650201,0.309061399847269,0.473087116866373,1
944,0.761166630691514,0.439720781518299,0.507005904930574,4
1251,0.769200491304123,0.410649105057098,0.509918792698037,6
820,0.754255349283905,0.438577475559628,0.507918876242065,4
68,0.696651712059975,0.492195112165064,0.320405065314844,0
1263,0.763634677554271,0.403314294548283,0.507623523886121,6
129,0.307579217478633,0.249649889534339,0.238386302022263,0
1306,0.757592943384361,0.412330026368142,0.499291735843012,6
192,0.86997413658537,0.939771940466017,0.298183424165472,0
882,0.757904736001878,0.426989039004799,0.499384045068261,4
1215,0.768533370577601,0.40648710943666,0.511599701852087,6
579,0.291078054842073,0.248748044320382,0.683092414890416,2
492,0.28162166119786,0.456538074137643,0.499311913643032,2
230,0.253571807779372,0.235318668140098,0.378813475742936,1
467,0.282988503498491,0.559667969192378,0.39974796785973,2
1272,0.7525058715109,0.410491340860509,0.515254332526138,6
736,0.222301163277589,0.101973269204609,0.513909839466214,3
857,0.778560564565749,0.43454039435672,0.511410106660106,4
1210,0.75558140600544,0.464017370190599,0.507940694430094,5
1208,0.755740093545882,0.47399020978093,0.499391253766308,5
843,0.760794582777219,0.429857769106585,0.509514453952343,4
36,0.799091815017164,0.106043695937842,0.450482749613002,0
765,0.221850585939828,0.350419240957126,0.554151684883982,3
1030,0.75718439679157,0.471360338006866,0.502899818675325,5
223,0.25973490237724,0.149078479921445,0.652830469561741,1
211,0.956478041829541,0.890918713994324,0.905967112863436,0
938,0.759664686696838,0.43722463383315,0.513417717597965,4
1286,0.754311275209667,0.403018892422569,0.510695314712958,6
352,0.259903649447951,0.12071042410098,0.630294665135443,1
307,0.254726671867538,0.0925618360750378,0.348663638718426,1
580,0.286400265127886,0.532221765210852,0.384270671196282,2
777,0.222063224175945,0.206250919797458,0.385992432502098,3
640,0.230700170565397,0.35543457577005,0.507819809857756,3
317,0.253062628277112,0.421377516305074,0.465396611392498,1
28,0.766679200110957,0.970321063883603,0.980392976896837,0
535,0.287315115912352,0.24431020389311,0.467172666243278,2
507,0.286621055789292,0.52701758123003,0.356130328401923,2
190,0.765959838870913,0.27002531895414,0.694116057129577,0
684,0.223472982626408,0.202494629262947,0.823299659672193,3
257,0.257551060651895,0.104957834654488,0.519436773867346,1
849,0.765357391204055,0.432119238893742,0.507702012446662,4
342,0.254553048687521,0.12214437588118,0.537369244522415,1
163,0.269236786989495,0.760735548334196,0.554846359649673,0
571,0.286319680116139,0.210795356845483,0.67655402936507,2
1369,0.757092275075498,0.410876246617549,0.507446440598826,6
851,0.766699918884467,0.433546140973449,0.507170971489779,4
978,0.760461600842849,0.440388484783251,0.51001034946709,4
1407,0.753594729828564,0.404962901734387,0.508362444272211,6
333,0.261055311008822,0.453267243527807,0.614653859543614,1
1175,0.756780675160686,0.467074321648032,0.502856181981795,5
268,0.258497405105736,0.414615798927844,0.459874741639942,1
1380,0.75974416722796,0.404559900709677,0.506883104948039,6
862,0.770270103645172,0.436967968323768,0.510849034698189,4
102,0.892548726173118,0.385076160775498,0.956318598706275,0
784,0.227898244741373,0.383533125696704,0.749352478911169,3
447,0.286868033937644,0.564758772449568,0.627908059419133,2
821,0.761124468548669,0.428227778059669,0.501917634978856,4
327,0.255223507552873,0.358628782979213,0.395827173860744,1
238,0.2540768741793,0.276995342411101,0.726992973382585,1
576,0.286188024887815,0.484832892613485,0.791077406401746,2
991,0.76141916755416,0.437239100320335,0.500633463370059,4
1071,0.756387053024645,0.466549918823766,0.509546983683285,5
1383,0.759458718470405,0.407160752761486,0.503446413045815,6
120,0.852708406979218,0.20072611165233,0.358992473920807,0
1143,0.760202392338121,0.475848291905136,0.510526863705798,5
7,0.573914137436077,0.707616375992075,0.393016167683527,0
397,0.253109846638981,0.113374927965924,0.549642037623562,1
487,0.284064786294475,0.378158955438994,0.438213738868944,2
33,0.0620787974912673,0.605696810409427,0.429085929412395,0
1027,0.76441525789088,0.471100052130718,0.515281085183049,5
172,0.863966282922775,0.394244626397267,0.53720174706541,0
1069,0.771728435297633,0.465457158509573,0.511372577704818,5
207,0.655768259894103,0.355677552521229,0.275946299778298,0
1327,0.757657873560679,0.41325368794225,0.497638146446829,6
103,0.0811691014096141,0.394909486174583,0.466882654931396,0
1401,0.760664809504605,0.403934557506915,0.510777216718663,6
958,0.762719849498498,0.438044643679199,0.506867882768775,4
372,0.258018276582006,0.461141906166449,0.804545849002898,1
874,0.756121463294778,0.437784491857046,0.511360395036357,4
562,0.284232777692378,0.271601372701116,0.489059995650314,2
880,0.763673151809752,0.43596461908596,0.504834086822357,4
685,0.230963021484204,0.437337901396677,0.827935124188662,3
1277,0.763060693718142,0.405257481842023,0.505519184276451,6
390,0.258271532976069,0.382213465939276,0.35282811105717,1
502,0.282790467785671,0.114249623334035,0.376615156442858,2
527,0.284944191705436,0.186519049992785,0.595843717828393,2
959,0.751013785457797,0.440025866454193,0.511422744969156,4
702,0.223863629444968,0.413156924606301,0.797450770647265,3
214,0.260825706347823,0.551958769047633,0.741340757836588,1
614,0.222172425121535,0.264453356107697,0.647328760614619,3
786,0.223003379711881,0.502034681104124,0.586436824197881,3
1059,0.757925036731491,0.466423229459365,0.517617446568351,5
442,0.283184558015782,0.273579641547985,0.398669342184439,2
1195,0.758370971200809,0.476880612255977,0.501629694145989,5
1007,0.759350348095058,0.442426288712041,0.512514936064857,4
728,0.228031165746506,0.490470752655529,0.672227569413371,3
271,0.256509784969967,0.272619198379107,0.634174624248408,1
1076,0.758215576775887,0.470536222543181,0.502793793789005,5
157,0.71314613125287,0.902924567693844,0.561028893804178,0
501,0.283978122272529,0.304741574986838,0.790033442806453,2
1174,0.758948326804187,0.474674309852411,0.505447229209162,5
1147,0.755526183691253,0.467542141818249,0.500605915860903,5
185,0.928844455396757,0.355652952799574,0.63595384825021,0
1122,0.766075998841342,0.463327207570952,0.513181039823351,5
398,0.25880077712005,0.120981483673677,0.565770310373046,1
395,0.254690316221677,0.337300406955183,0.394001702684909,1
404,0.260081017997582,0.137057732744142,0.491305891098455,1
621,0.224353614503052,0.0854521555127576,0.772004867577925,3
228,0.260017922776751,0.275694852531888,0.517701828991994,1
1314,0.760942529360914,0.411434570958994,0.499290141129553,6
774,0.229260070270393,0.415331741399132,0.811907172575593,3
196,0.784897407284006,0.883399543352425,0.800554773537442,0
828,0.765182023220906,0.429963754713745,0.50295737043971,4
1130,0.769100371559487,0.470362903096925,0.50780813900853,5
472,0.288259914650116,0.109275570791215,0.400359503715299,2
1082,0.750622422995314,0.461966530435259,0.509479746397234,5
853,0.758740647565391,0.431982065590307,0.501489988462298,4
599,0.285136562250555,0.563197325402871,0.817956459964626,2
1344,0.763684121701305,0.404839195742288,0.506802781262371,6
1268,0.763306798481001,0.408909605521326,0.517348433230651,6
422,0.284192954932805,0.575876547442749,0.763675150135532,2
1009,0.761922891064932,0.437208896171886,0.507566259997392,4
367,0.254107213062234,0.129135111998767,0.826605288451538,1
386,0.256788119918201,0.219819678296335,0.482524885702878,1
635,0.224984942327719,0.325044927024283,0.682068787654862,3
793,0.225751598954666,0.214075454231352,0.658608138351701,3
700,0.231080662747845,0.555979984416626,0.779243564838544,3
87,0.826517666690052,0.807300138054416,0.477266496047378,0
533,0.281735465526581,0.103726159501821,0.648973523895256,2
203,0.286750166444108,0.760152533883229,0.0735602604690939,0
1190,0.754573982612881,0.468035622230256,0.505166398289068,5
179,0.36309869796969,0.684242338174954,0.0844655623659492,0
904,0.763186849292374,0.443397147342265,0.514621088188137,4
77,0.745983146363869,0.473666027653962,0.893486056476831,0
266,0.258756208510604,0.566305227414705,0.378681776719168,1
46,0.903719265479594,0.202137167099863,0.570734929060563,0
914,0.768411642604488,0.43935229505666,0.503382300032458,4
587,0.282092693462037,0.519765760120936,0.719800221757032,2
528,0.287961180398706,0.4596277912613,0.581386717990972,2
80,0.611916561843827,0.467341020703316,0.855472362833098,0
11,0.956830656621605,0.63663547928445,0.105132299475372,0
434,0.289236435885541,0.14217895695474,0.754016116983257,2
301,0.259436482531019,0.505557882902212,0.807667697453871,1
12,0.308852682355791,0.250254602404311,0.997364080743864,0
1028,0.764131129005195,0.467589722873476,0.509898725325714,5
884,0.766940491098355,0.437580943833514,0.50635152473279,4
513,0.289082738661673,0.158527188305743,0.527038740250282,2
925,0.759077143549556,0.434815273813977,0.50310384637976,4
756,0.230208127680235,0.42351229658816,0.353502355306409,3
912,0.759434502030529,0.43799065747946,0.504024098830385,4
409,0.257703587999567,0.484251022874378,0.354737182869576,1
23,0.936475781723857,0.562379111535847,0.0619536093436182,0
1072,0.76229245972658,0.469901509820723,0.501029366210878,5
121,0.121876890771091,0.713682680157945,0.339413860347122,0
1132,0.762661251346584,0.470874048604274,0.509667221253318,5
747,0.229191265990958,0.107445730781183,0.675566382496618,3
281,0.254213287110906,0.185577032226138,0.776641127327457,1
126,0.548880429239944,0.555055521661416,0.267471975646913,0
759,0.228639346519485,0.0905472276033834,0.35820142775774,3
453,0.28201585513074,0.147538854111917,0.406992811732926,2
198,0.543851437745616,0.0831741674337536,0.617223740788177,0
1015,0.77211344954291,0.468660081898245,0.508621293009739,5
1333,0.7611575473945,0.409768547555275,0.508265112628582,6
204,0.239408986875787,0.637715930119157,0.384307070169598,0
1119,0.759867001186586,0.460252406894232,0.510895181732312,5
987,0.762989460017193,0.430390256390475,0.51883862419915,4
1252,0.761961249915536,0.407919792061193,0.502895727194651,6
749,0.223684316682629,0.491952380235307,0.410049538034946,3
156,0.274490816518664,0.440929697826505,0.101585854543373,0
817,0.758636832925219,0.438557259952501,0.505719455453467,4
1159,0.753136550299094,0.466736125088291,0.504381465686976,5
1079,0.766463350577624,0.470654922152062,0.509438417275471,5
1330,0.770117995435126,0.394491310697142,0.493844544891995,6
225,0.260895057620946,0.123661359609105,0.505288811190985,1
1176,0.759233016416772,0.464169136538153,0.50164804868751,5
861,0.760189270294138,0.432965198504781,0.50384780755658,4
1298,0.764121224337269,0.403879711469655,0.509243859366774,6
322,0.260920930898283,0.423900670092553,0.634700910211541,1
534,0.284308185067494,0.381666998332366,0.35287812249735,2
922,0.760194988074968,0.44820301512301,0.503795236350152,4
358,0.253306998668704,0.445063172210939,0.781694017956033,1
603,0.286689215102233,0.331988976872526,0.51773789410945,2
804,0.222472327221185,0.258340364741162,0.423076343978755,3
337,0.26085879905615,0.254455119674094,0.682611161982641,1
1133,0.757036246634209,0.465673925439278,0.510346316871954,5
1104,0.760543260514521,0.466049617901334,0.506494107057242,5
296,0.257483399931807,0.575051417062059,0.63567758447025,1
1408,0.75224328751011,0.412712191824195,0.518414567782564,6
791,0.222387621102389,0.238428756780922,0.605976962391287,3
628,0.228820789502934,0.445437819883227,0.730806572502479,3
1037,0.763077932700879,0.470228211415925,0.508268770076616,5
1406,0.759264508591174,0.406335667945764,0.505654429792915,6
903,0.760632290669438,0.438319427196777,0.506760181091697,4
961,0.770670869968931,0.440134080355918,0.511284091876446,4
244,0.253900925950147,0.131769920536317,0.735224937461317,1
2,0.360415919218212,0.13574307388626,0.312075117602944,0
183,0.710977187613025,0.290616346755996,0.974806398851797,0
758,0.224450474546757,0.542569044814445,0.568722281395458,3
188,0.67416265187785,0.350025656633079,0.0143825118429959,0
647,0.226400954877026,0.289786286489107,0.36498726871796,3
937,0.763034988186492,0.441427959755328,0.510614647098467,4
335,0.252483088234439,0.188944098376669,0.778639371879399,1
1003,0.760907894567489,0.438696487348637,0.513818470588774,4
389,0.258857471691445,0.325231384555809,0.34033007514663,1
418,0.281611149262171,0.380899479333311,0.732669344195165,2
473,0.287884838825557,0.477781503181905,0.415053808153607,2
142,0.0333353285677731,0.549641703488305,0.885091780452058,0
420,0.289740449737292,0.49589021615684,0.459603406279348,2
1303,0.75339853265282,0.400731355714261,0.509710381097487,6
30,0.331361906137317,0.00209909025579691,0.759247720707208,0
693,0.221374622157309,0.0825951466802508,0.725544801587239,3
108,0.491408803733066,0.727164798649028,0.579574895324185,0
105,0.500704656820744,0.736029046820477,0.535947844851762,0
871,0.756814245688923,0.440522093282087,0.509436250101216,4
557,0.289159370381385,0.10302548664622,0.662533614342101,2
1096,0.767286467623595,0.468656802286348,0.505289666694057,5
1164,0.764108420155559,0.473747584964226,0.514900942810025,5
663,0.226383510339074,0.400797356804833,0.810690561798401,3
297,0.256137076711748,0.278887490346097,0.405486497120001,1
694,0.22735361848725,0.46032136650756,0.449936230806634,3
1222,0.75049766811534,0.412025524703328,0.506288045913795,6
