292,0.326491224763449,0.773720068042167,0.7325340639567,1
152,0.293908798368648,0.520705321803689,0.471681908937171,0
643,0.297797988944221,0.599070599768311,1.01131584923714,3
419,0.366203869325109,0.336998792598024,0.669050166360103,2
1023,0.705322895359108,0.711530244828223,0.758754447522039,5
739,0.30422258411767,0.585742947878316,0.623174750222825,3
264,0.335099855009466,0.331495185149834,0.765534105454572,1
273,0.335452573446091,0.543417114764452,0.820829008333385,1
334,0.33357218695106,0.788810431724414,0.561105763399974,1
1180,0.689788419446343,0.710605472654223,0.755268136924611,5
166,0.984110185643658,0.739408860215917,0.713019025279209,0
567,0.359867356435861,0.492245104862377,0.836337175313383,2
479,0.366449073320255,0.768677933258004,0.742427812051028,2
99,0.298852278385311,0.272525134729221,0.190417348407209,0
236,0.327600941876881,0.308324200799689,0.717123213666491,1
901,0.700890512497307,0.680079438542696,0.767367485265466,4
21,0.0895868169609457,0.858946008840576,0.907603713218123,0
744,0.304132460798137,0.739800409064628,0.613652146630921,3
462,0.360024027042091,0.665273525984958,0.597412703186274,2
80,0.51951557956636,0.438296270091087,0.354680997785181,0
920,0.7117678692254,0.684377334901912,0.758865324012318,4
919,0.70156106334842,0.683851816511109,0.754753995752887,4
1045,0.712024677585551,0.706021426818109,0.756823842609763,5
426,0.365432922358159,0.36071058397647,0.787918339460157,2
728,0.296940850373357,0.438828598242253,0.912945107766427,3
1198,0.714374511832672,0.70872883516424,0.761224003136118,5
849,0.704984589612188,0.673637216460751,0.754425970422165,4
908,0.704428188940808,0.687182246531429,0.760288313120153,4
1343,0.710462333095047,0.656069333715308,0.757985094189669,6
1197,0.71114206711203,0.705674410945776,0.754677838235887,5
1140,0.709569058350016,0.715783308616003,0.75131630636769,5
1223,0.702170096812046,0.652121064579592,0.757730687346233,6
1277,0.712414741028361,0.650733517917369,0.769067082906408,6
276,0.335810864497907,0.506106259999797,0.768822699296288,1
178,0.927832010900602,0.163838256616145,0.544605032540858,0
544,0.362169780409895,0.482893539359793,1.0368731870316,2
4,0.128059888025746,0.527234121691436,0.837777782697231,0
820,0.702398801681515,0.682062755956684,0.75168992275849,4
56,0.252663651714101,0.644018261693418,0.861616678070277,0
425,0.363442674987018,0.649401209433563,0.678556682635099,2
405,0.332342782316264,0.409425167017616,1.02115832266863,1
821,0.704230718635385,0.681429798251019,0.766969713704472,4
1317,0.714208219618666,0.648599135922203,0.756320463186169,6
219,0.334291834325995,0.594195863581263,0.739536381303333,1
936,0.698464594250574,0.670034082834101,0.761497987699102,4
1331,0.71390248241638,0.645587638875299,0.747697015769273,6
797,0.306296770090703,0.770380783826113,0.642028647218831,3
883,0.699159022911035,0.686737869238277,0.753475950810069,4
673,0.306067010583356,0.759353645611554,0.584655778342858,3
529,0.358036393483635,0.644992912886664,0.890970967337489,2
685,0.300966226693708,0.629560193745419,0.68046037745662,3
519,0.357965978397988,0.379104147315957,0.89623944319319,2
1338,0.706516452082524,0.657496504326053,0.754242472032967,6
1410,0.701331828042911,0.64873553227948,0.753500933891003,6
1126,0.70146293031284,0.713854902381291,0.759304907373855,5
1264,0.693574609025988,0.659472646052248,0.767270065782105,6
910,0.708691272586803,0.681144940644221,0.758686209379123,4
1181,0.705084195232535,0.714744798358141,0.74800104965436,5
45,0.48642367683351,0.0116618021856993,0.757786147529259,0
1257,0.700955505028428,0.658018056315899,0.765871683646484,6
248,0.336102061662823,0.356077300617471,0.812932381615974,1
1037,0.6994599828177,0.707747712868463,0.756888609495051,5
110,0.500101766781881,0.943153488682583,0.828097625635564,0
944,0.700749931181249,0.680042859023326,0.753506774406946,4
461,0.362811117549427,0.643336537992582,0.87178452135995,2
1203,0.70324024862986,0.707338087544821,0.764601957589378,5
649,0.305568992965855,0.374962630914524,0.792461515264586,3
723,0.30561519699404,0.74669979524333,0.815078495396301,3
415,0.362673401215579,0.384436114458367,0.869575379276648,2
1159,0.712941483169501,0.706247567403125,0.756124185573394,5
36,0.148614704376087,0.032522379886359,0.518291195156053,0
1241,0.699105235873172,0.65655616011343,0.756864270499984,6
705,0.306400547104422,0.34140434244182,0.558966853749007,3
899,0.701914135875863,0.682128796083685,0.755819482673783,4
525,0.357017539679073,0.58350280392915,0.723956199805252,2
197,0.494509099982679,0.124065976822749,0.261369388317689,0
1261,0.706625412145971,0.655612944185275,0.75308718839834,6
625,0.303232692840975,0.39897633343935,0.866615637182258,3
998,0.695351533039513,0.680257637614766,0.763562464589491,4
691,0.303430982022546,0.319702505948953,0.982086469745264,3
684,0.301612174957991,0.291560670360923,0.56630880581215,3
430,0.363159652459435,0.547074156114832,0.756841778382659,2
1112,0.710392530443335,0.718255790061793,0.765144459102058,5
183,0.718290477991104,0.21209085569717,0.0437315132003278,0
718,0.304304936395492,0.61735054932069,0.606367169274017,3
977,0.699172911307943,0.677338690928356,0.751977137729549,4
877,0.692928757912391,0.676500927012762,0.754412237937688,4
341,0.329656142629683,0.375804371433333,0.689050462655723,1
941,0.704353939218166,0.676409451710555,0.762307545273875,4
299,0.331658116925973,0.535410316078924,0.814342685602605,1
38,0.59341778815724,0.049196517560631,0.596076984191313,0
706,0.296934290891513,0.625889544724487,0.825774296279997,3
483,0.365167447859421,0.544189916108735,0.728998613986187,2
795,0.299234265498817,0.390789304743521,0.861007212405093,3
138,0.681780447484925,0.845742733217776,0.799374461174011,0
288,0.33171822019387,0.428077547578141,0.871324121579528,1
822,0.701356253260901,0.689824420642802,0.754152515984731,4
327,0.335027032117359,0.622366572846659,0.646398315415718,1
986,0.69980160511304,0.670688747877032,0.756992300220554,4
1390,0.7012296627929,0.652832569275846,0.756170178064677,6
261,0.329786887371447,0.394033006974496,0.935431795637123,1
1266,0.707116261195846,0.662022623828418,0.761960527163396,6
655,0.3008559308853,0.461610518279485,0.86970981254708,3
666,0.296951929272618,0.576290687080473,0.840770660410635,3
609,0.358554753279313,0.697962757549249,0.960133938561194,2
49,0.872333582025021,0.389819283038378,0.359832802321762,0
346,0.327573672011495,0.747481138561852,0.844087716983631,1
886,0.70650753510763,0.685079128816756,0.758109649325944,4
1283,0.706207472063112,0.659088476232656,0.7654359671751,6
629,0.303118314892054,0.709125249763019,0.66829246734269,3
561,0.362088791949209,0.30376145336777,0.776565784215927,2
1217,0.706074460524474,0.650235331677194,0.760832758220652,6
937,0.706705434237782,0.675651916912585,0.76204130519764,4
731,0.296879795282148,0.305900232749991,0.82406225099694,3
996,0.710837524563212,0.681683339226543,0.754091690162773,4
473,0.359079148028977,0.427864282624796,1.01612759693526,2
1049,0.701404042485,0.717506094866219,0.762104502567155,5
1285,0.703491218426534,0.646923698338174,0.759620473939301,6
906,0.699172701861759,0.688232767160533,0.762798143842796,4
375,0.332131805887911,0.545241450658068,0.834850143967196,1
206,0.0447603508364409,0.787007403559983,0.826250721234828,0
1022,0.708179355087654,0.715848325179998,0.753726646196105,5
272,0.326788720067125,0.640861519961618,1.00460179811344,1
1050,0.699469080977835,0.712416915544743,0.761025492364974,5
1393,0.707033462931213,0.663857695326242,0.762274383743841,6
725,0.298026795415208,0.602880877675489,0.743175984104164,3
1206,0.701819644266661,0.716448062154032,0.772149340738251,5
835,0.702448987823067,0.681613712124288,0.754414650273613,4
923,0.701660549025956,0.678633586787684,0.761959055832097,4
1299,0.709098534890845,0.655966375322385,0.765353219035266,6
173,0.562765219947323,0.0678351288661361,0.167636558646336,0
834,0.707323905165281,0.686948867718778,0.754662697524511,4
1269,0.701479941738488,0.656989940936201,0.76112097574652,6
1138,0.692200816375738,0.716498836375681,0.761995959396411,5
72,0.61980476975441,0.545709170633927,0.141057732980698,0
391,0.330448062554933,0.754610297619365,0.777837400068529,1
481,0.35785664647352,0.500035942415707,0.853087514732033,2
811,0.298513340579811,0.36565178015735,0.77620254245121,3
431,0.361448037764058,0.590296117588878,0.612140948162414,2
1003,0.706276451309155,0.680502158329459,0.754842318460623,4
1077,0.70853500153574,0.708988441585768,0.755076349643948,5
1282,0.707851856011274,0.649211893365693,0.761945529903615,6
1329,0.70931579979631,0.657906392545105,0.753514623733591,6
113,0.622224741382524,0.352970586856827,0.188401427585632,0
76,0.728930236538872,0.446272815810516,0.715995950624347,0
990,0.698639953611206,0.682534792617033,0.756789463384944,4
16,0.148384076775983,0.162940968992189,0.187357381219044,0
220,0.329075404258911,0.781953616417013,0.587373605673202,1
964,0.703898177813164,0.673359114737364,0.760381543613699,4
1099,0.697104936977106,0.70739947615466,0.760503600598047,5
943,0.698066379629645,0.678997977670393,0.760655976336316,4
698,0.302020979933441,0.612756966263987,0.816352021624334,3
348,0.330571935002226,0.663081879494712,0.85778319076635,1
549,0.365328149835113,0.451707585481927,0.994039650284685,2
1110,0.707627770387128,0.723728251917985,0.749922704716453,5
249,0.328610385067295,0.461372197023593,0.869423268688843,1
1093,0.697481083407885,0.710701443164661,0.771849251098553,5
298,0.333088753838092,0.544120834209025,0.800268087279983,1
143,0.135679742088541,0.535046977223828,0.951111674308777,0
1237,0.70521238098411,0.655258805369174,0.762245947886157,6
1352,0.70487319619874,0.644959315381458,0.767440868913375,6
440,0.364166883567814,0.564770094235428,0.982493178546429,2
1378,0.698628954957005,0.657091682088092,0.762097039020583,6
997,0.712159410316427,0.680794123532589,0.756221997956423,4
606,0.359864347812254,0.649325105943717,0.954076032247394,2
1132,0.706851440407301,0.7077549740991,0.768012042549386,5
50,0.487097204662859,0.724833528744057,0.4813371906057,0
611,0.363628840872552,0.53209689410869,0.934583646454848,2
1407,0.71063284942278,0.651687960909669,0.769374780282519,6
29,0.266137958271429,0.25753291323781,0.364271253114566,0
31,0.572131647961214,0.90646499209106,0.020960929337889,0
311,0.3311025377037,0.700705756782554,0.634922492178157,1
57,0.0361681655049324,0.634698217967525,0.0626429268158972,0
786,0.297179947625846,0.624454707489349,0.841584082669579,3
115,0.974876447115093,0.433716154191643,0.531982629327103,0
557,0.361020961457398,0.531853478983976,0.674563897983171,2
257,0.335547131109051,0.329052337445319,0.838553623738699,1
742,0.299853361540008,0.533838621224277,0.730769484164193,3
550,0.362919321067166,0.323699853732251,0.59378323701676,2
133,0.625196179840714,0.901152653619647,0.0864133988507092,0
879,0.696996043958852,0.679066177199684,0.753457127184459,4
1191,0.705640669004398,0.710958363532496,0.756364776709167,5
410,0.326867043788079,0.474400801118463,0.972288384777494,1
1065,0.709976807362899,0.719038900182529,0.756879014459912,5
1086,0.702892985408136,0.705805822120161,0.75811619227786,5
176,0.792365837842226,0.7516147675924,0.170091862091795,0
1345,0.699531682847168,0.655964821878056,0.770044769489162,6
63,0.984209399903193,0.683801781153306,0.422235937556252,0
1144,0.704678242103742,0.701219458385086,0.760268782801044,5
482,0.365629776103888,0.373263947549276,0.972768665500917,2
277,0.33333926867228,0.684651910327375,0.550144165963866,1
1068,0.698694157947363,0.710300796677233,0.762015490577579,5
241,0.331697313799523,0.410725017776713,0.839794674515724,1
503,0.365784830956254,0.399268348235637,0.97197574491147,2
253,0.335402727236506,0.330168771091849,0.709721022262238,1
715,0.304066840244923,0.535164067870937,0.873284698789939,3
693,0.30197855517501,0.325045253615826,0.875080382078886,3
856,0.700396757008998,0.67766460196023,0.76036080947727,4
456,0.361463595884852,0.350636191782542,0.626429824018851,2
1233,0.703886244982105,0.650497588998388,0.770640837166322,6
860,0.709653772489252,0.685797962736149,0.75965883343888,4
211,0.25776572781615,0.333713402738795,0.742458187276497,0
218,0.335275588009972,0.430516483495012,0.566489529889077,1
250,0.329352132114582,0.415835884632543,0.678384419390932,1
950,0.711113650982738,0.687079285672767,0.774858289398785,4
352,0.330049818861298,0.398600774700753,0.830903506930918,1
539,0.357657172498293,0.67451446945779,0.545574319292791,2
580,0.365742683734279,0.365566444699652,0.697464351868257,2
842,0.7074629850699,0.688166847785383,0.760682650984496,4
754,0.300285477903672,0.478685107431374,0.631023451895453,3
102,0.713275652378798,0.910087878582999,0.692309110891074,0
945,0.69176618208175,0.684553482909936,0.758549475405081,4
940,0.713005863044294,0.682976759283436,0.763861466602697,4
58,0.423072208184749,0.891853358363733,0.827596408315003,0
1073,0.69846567748522,0.716029616224487,0.75265487244708,5
413,0.360094196533319,0.750515089021064,0.838803393160924,2
1272,0.70652690526337,0.653692466239616,0.75381552303599,6
665,0.304843434959184,0.735993033740669,0.798889683769085,3
484,0.362964081801474,0.494558626553044,0.563317351019941,2
125,0.0527235972695053,0.241069258656353,0.341023256769404,0
772,0.296658202351537,0.73069355788175,0.800186040787958,3
324,0.334333297235426,0.554905157070607,1.02530862621497,1
193,0.0546709934715182,0.120599997229874,0.331976872636005,0
1054,0.702780914123536,0.718253989961181,0.757792048293566,5
1219,0.708088124317107,0.662319213306047,0.756068273110233,6
305,0.330773750597145,0.653389893122949,0.554325190349482,1
1369,0.705536228258684,0.652311969959815,0.755030445451047,6
1323,0.710348854063698,0.654115486346763,0.760868531030126,6
949,0.70143883385225,0.680739335704848,0.753935900950577,4
383,0.326985197840258,0.572215679567307,0.739978635427542,1
1146,0.711152847727252,0.708614870719016,0.760675312167538,5
569,0.356821601474658,0.486268322099932,0.672263693390414,2
316,0.331189950788394,0.711283228825778,0.587405712204054,1
1305,0.696835334726382,0.6532156266237,0.760786512420674,6
275,0.332945972050074,0.772334894863889,0.95325422459282,1
1273,0.704973241731273,0.649090297787288,0.76000110609688,6
244,0.328629652401432,0.529693760094233,0.600923634460196,1
535,0.361423530378379,0.75856144214049,0.666600525588729,2
471,0.363517652205192,0.560768752126023,1.0179018530529,2
393,0.329357781067956,0.72893092292361,0.841375957103446,1
454,0.361056315372698,0.640947701758705,0.92334239333868,2
1105,0.704505225948968,0.716562496725205,0.752404085893788,5
1411,0.694686326346189,0.648377006814915,0.761650574448345,6
240,0.328286298951134,0.38489146286156,0.901621209084988,1
604,0.363518163184635,0.360954981762916,0.781560813752003,2
167,0.105378435691819,0.948737121419981,0.379508592188358,0
1074,0.701711267042579,0.722435908582585,0.76272388556617,5
1353,0.706919689663029,0.65331425340097,0.74824972459655,6
507,0.364407535914797,0.29960178816691,0.574721687566489,2
615,0.29658423129702,0.360276140505448,0.831033685221337,3
1239,0.704099550734691,0.64456028735025,0.757202839008572,6
78,0.93403631914407,0.420297431526706,0.8456610951107,0
322,0.330650391802192,0.650177645264193,0.900003968714737,1
496,0.361068967590109,0.785519991070032,0.583915333473124,2
1320,0.705473195349829,0.645881694040456,0.75946486500024,6
114,0.151365082478151,0.980850096093491,0.841698591364548,0
749,0.29650911220815,0.312195196864195,0.666600976814516,3
381,0.327496710249688,0.442554547917098,0.86988953941036,1
192,0.177688552998006,0.434575591934845,0.764034056803212,0
169,0.571414906065911,0.472974967444316,0.0614027995616198,0
1104,0.701261405607014,0.710001382640751,0.765136969476567,5
268,0.328751569243614,0.756837238906883,0.99643899067305,1
1131,0.702227576369341,0.709580440157113,0.767994912802058,5
317,0.333506942368113,0.665591824683361,0.926447930024006,1
1051,0.699151340640688,0.707242032156901,0.762452418998198,5
318,0.334590931455605,0.581581597914919,0.631429391307756,1
1220,0.703979461804774,0.651762594507238,0.768129052947779,6
1387,0.699047591093047,0.652223070649755,0.757585891068914,6
137,0.984351798659191,0.452725523151457,0.760957893682644,0
1340,0.702161610183944,0.656205197840198,0.759070202026963,6
43,0.686944604385644,0.698818141594529,0.263973837485537,0
1324,0.706336203042378,0.6423190607462,0.757577595884637,6
1098,0.70690785672892,0.707128278780197,0.752437980852883,5
681,0.301284829271026,0.531456754659303,0.845725818630308,3
828,0.707117150991328,0.675269451493066,0.762448151984052,4
808,0.304591445538681,0.31833985762205,0.997983097890392,3
598,0.362491729939356,0.398821026319638,0.936690535256639,2
1314,0.710164434646405,0.655730091072748,0.761856458479855,6
559,0.357474520495161,0.297052590060048,0.969039464811795,2
66,0.261608228320256,0.512843706412241,0.38407596340403,0
170,0.137435439508408,0.751327254110947,0.104362844489515,0
689,0.300247180978768,0.649836066528223,0.901642707153224,3
1287,0.711014370520236,0.648661071129377,0.762513640059834,6
974,0.708263949788101,0.682724997479918,0.755709526564683,4
1119,0.706254686997383,0.720450666588235,0.765635212345102,5
603,0.361925230268389,0.764305352466181,0.962580253346823,2
1150,0.700502878128414,0.708673058609987,0.758518097323489,5
1135,0.70271325311742,0.710488804883235,0.758905059291228,5
73,0.128846945939586,0.971532641444355,0.627515181433409,0
408,0.32781784187071,0.449735219706781,0.891039410349913,1
235,0.330254377343226,0.466412157868035,1.02559471535496,1
1153,0.70320731338357,0.709842776702019,0.760266588179734,5
373,0.33361818700796,0.292918549850583,0.970171108585782,1
847,0.702625349186539,0.677323186632046,0.756459794390593,4
464,0.365819303160533,0.535277140908875,0.963671256531961,2
1151,0.702908476962535,0.705894098521305,0.768717327753978,5
538,0.358107238763478,0.502412330359221,1.02340682186186,2
1281,0.714268004662196,0.645506318523778,0.764650389618804,6
862,0.704381063504231,0.68251895595837,0.755471160952059,4
1154,0.703941430383634,0.709260825884109,0.765195473146686,5
688,0.296896366418805,0.64491268794518,0.998830424249172,3
141,0.168175121070817,0.976643107831478,0.68822406954132,0
22,0.660323578864336,0.717110958881676,0.614619835512713,0
695,0.301461538102012,0.669813605607487,0.896253447956406,3
730,0.300917497808114,0.492513651959598,0.606695630447939,3
1395,0.708707625073673,0.65692794061134,0.75485493928018,6
340,0.333740418441594,0.615941892378032,0.570587063534185,1
120,0.865509563824162,0.0592782024759799,0.405836542835459,0
356,0.33597510693362,0.471117664477788,0.70818041425664,1
182,0.821114210877568,0.337428729515523,0.57967393216677,0
774,0.300263010330964,0.656150508555584,0.877958965231665,3
5,0.534302525455132,0.557996673742309,0.0906881315167993,0
1242,0.709666411387635,0.650025470879117,0.756829397195929,6
621,0.29791271088412,0.784977178322151,0.731551828072406,3
44,0.539524069987237,0.831038124160841,0.618356207385659,0
1221,0.70027385880362,0.650488377658741,0.763426389037661,6
644,0.305138410159852,0.557248612632975,0.712475128099322,3
1258,0.698730122082104,0.65037144829933,0.755987455767814,6
1226,0.700375720519813,0.654473432888121,0.751433978794466,6
74,0.969699407462031,0.577236640267074,0.249272296903655,0
640,0.305031877851579,0.363199233077466,0.874959254032001,3
1026,0.698450381897501,0.71093677036423,0.757285044163228,5
927,0.70846876692225,0.688892668347438,0.758649794416086,4
15,0.843890890711918,0.620967194437981,0.915850807446986,0
126,0.0852190284058452,0.777422207174823,0.937685276847333,0
1122,0.702522699629322,0.709566390960631,0.753599919115031,5
225,0.332938010008074,0.768058833084069,0.966072602756322,1
768,0.299995170498732,0.544293699786067,0.754980932315812,3
511,0.361380150786135,0.397654335130937,0.735389772197232,2
204,0.374950224300846,0.226361262379214,0.755817696452141,0
595,0.361894594971091,0.533018181333318,0.683850884181447,2
1310,0.700642208105635,0.653228691309869,0.761301917327081,6
775,0.304713404215872,0.401521218707785,0.992216975404881,3
361,0.328586669429205,0.731936555006541,0.890947668091394,1
1101,0.703434289731471,0.705017899854893,0.760137588994806,5
590,0.365951805245131,0.298789355321787,0.739651219197549,2
932,0.707804071591681,0.681632792887718,0.758451376378595,4
1367,0.704375804133287,0.656759206276106,0.75029477887927,6
861,0.711164889807446,0.680073606961035,0.757137164995082,4
1027,0.708405363913953,0.712332361018254,0.756600340108606,5
411,0.327077167870011,0.478235911927186,0.623527990281582,1
18,0.172212575096637,0.445323305903003,0.802302841097116,0
848,0.705016980196573,0.696330360099999,0.763988454684288,4
890,0.705527238581292,0.684244356628288,0.761311284313719,4
376,0.328243573417421,0.625001196633093,0.977461574459449,1
869,0.709038938195775,0.691027226726949,0.759474616456006,4
10,0.579946932848543,0.558992536272854,0.682654492091388,0
301,0.332556248528417,0.71204873372335,0.846778405690566,1
817,0.706084519557287,0.688538766505039,0.756235113151945,4
1173,0.703958949215163,0.706942114474911,0.762026284750555,5
1113,0.703245340476208,0.700807929161813,0.762454198985711,5
759,0.305228879374918,0.322479783324525,0.575059479544871,3
6,0.629054530989379,0.741606376832351,0.733839900931343,0
129,0.181867720326409,0.687493519624695,0.550554567016661,0
928,0.705568124392589,0.682693435920618,0.755323792324364,4
1083,0.703846205128308,0.704884755619473,0.749831839479098,5
1347,0.711938500607965,0.654988811913531,0.760783172385275,6
634,0.300450859272387,0.567971135489643,0.59109343609307,3
528,0.361376233464107,0.322539395885542,0.657453633355908,2
827,0.697784130957174,0.700339063246677,0.763097043812783,4
771,0.298528745220974,0.608402550336905,0.974568046140485,3
961,0.702452121761833,0.67786617297851,0.763981347094604,4
627,0.300146940501872,0.686322550056502,0.567504137963988,3
748,0.298889517677017,0.677740585058928,0.626265544071794,3
1402,0.698433596234947,0.656387124949534,0.759249327590335,6
639,0.297866144385189,0.56110435561277,1.00339573735837,3
978,0.706179389072561,0.678907596764603,0.765312055897222,4
188,0.301359151024371,0.229800353758037,0.429463026579469,0
179,0.727981470292434,0.440271439263597,0.116557965520769,0
968,0.701279466743948,0.681471841652337,0.753205960189943,4
1256,0.706468762775261,0.65081776832103,0.760284670478127,6
1148,0.702302594333072,0.717931068726699,0.750759334942597,5
1254,0.702204667659096,0.652067858823725,0.754135693200734,6
701,0.296720453314483,0.603402444976382,0.808699771040119,3
994,0.702399954758035,0.69157755240278,0.759456760483196,4
1052,0.703236296552393,0.714061849282634,0.75821130235232,5
801,0.299910126056056,0.765504356939346,0.954129553842358,3
547,0.356578472098336,0.324133155983873,0.587987012206577,2
1085,0.701817234577435,0.713739670280934,0.756525668742242,5
607,0.364195913467556,0.739954442949966,0.602448528492823,2
1225,0.706571139936337,0.661437840001122,0.758030144311487,6
306,0.32758285745047,0.355129313538782,0.683616726635955,1
727,0.302283727147151,0.561338726547547,0.983821959909983,3
512,0.359488584729843,0.614989570109174,0.7372256627772,2
1260,0.704637899539113,0.647251578127536,0.76099388299278,6
320,0.326916086906567,0.534739979659207,1.0257941290969,1
1075,0.703637631424846,0.717862060667054,0.759908466978272,5
1035,0.696036388700603,0.71036318742709,0.759529173524564,5
979,0.709435047877437,0.687159486475576,0.753513665038806,4
1298,0.712103255326355,0.639832285628253,0.760216184767817,6
1293,0.701699762990733,0.652375488984717,0.758938751935614,6
617,0.298789370690938,0.708796176244505,0.957141667581163,3
1062,0.698232310397113,0.705233135926333,0.751255810459217,5
794,0.304939526577946,0.624794634757563,0.594526250008494,3
171,0.123966276179999,0.124481138540432,0.353877202374861,0
1195,0.701349051110962,0.709083647603924,0.759818183862579,5
696,0.299317317756359,0.347361665102653,0.729247696208768,3
995,0.703880880208149,0.684711224451958,0.764242321178998,4
788,0.298268221106846,0.46656645834446,1.02835513800383,3
1124,0.711435753653977,0.714711779023834,0.750184650571457,5
651,0.297711175312288,0.590383205446415,0.553346843551844,3
67,0.485558619024232,0.816402426222339,0.195140574127436,0
710,0.298553648334928,0.326892987126485,0.557414659741335,3
386,0.330946518217679,0.774466267670505,0.784714437182993,1
752,0.297653188663535,0.430108079337515,0.681778311356902,3
631,0.298610873606522,0.438952628755942,0.58430319800973,3
1058,0.70247842359823,0.705815427156808,0.753156914646648,5
459,0.361878928975202,0.518066419521347,0.69430886649061,2
396,0.33481358246645,0.516200507292524,0.7153039655881,1
678,0.299164088612888,0.629296378581785,0.612725905003026,3
421,0.358125996994786,0.298375538201071,0.606644145539031,2
210,0.0421878828201443,0.991537295747548,0.239056163001806,0
1170,0.710518042329793,0.713671867224893,0.762446007983252,5
830,0.701923885277313,0.682472393655779,0.753120347987003,4
545,0.360424457567278,0.776553263189271,0.861308725411073,2
687,0.299642273045611,0.679475882905535,0.929783751349896,3
802,0.305819294701796,0.344453213154338,0.686271123099141,3
54,0.0929933644365519,0.624363803071901,0.0935384477488697,0
69,0.983027089387178,0.617619066033512,0.56666246172972,0
455,0.363652001863811,0.352710494538769,0.998456825944595,2
527,0.356934343785979,0.719605133985169,0.629926692554727,2
1164,0.706223269923783,0.70824910553018,0.755595884066175,5
111,0.465682654874399,0.584650846198201,0.402256561908871,0
255,0.333859924324788,0.601993447751738,1.0011763139395,1
416,0.36636601596605,0.383999764220789,0.560261466167867,2
452,0.364001794417854,0.751269479398616,0.898432595282793,2
1212,0.703439427991584,0.707585658867162,0.756063624917476,5
897,0.696926122600015,0.678293350067685,0.75483260681321,4
463,0.357842979682609,0.66749221610371,0.752264972170815,2
713,0.298279792638496,0.634527696180157,0.73431738615036,3
9,0.434178958181292,0.695527339586988,0.524574185954407,0
333,0.336025699120946,0.665062282816507,0.806743013532832,1
258,0.332745182772633,0.403318518889137,0.985007534944452,1
339,0.330109175732359,0.682264915900305,0.678499146457762,1
85,0.827324599260464,0.869494217913598,0.828913803212345,0
1368,0.701291094215003,0.653930928934383,0.767927954356583,6
717,0.302923345493618,0.673229198320769,0.624464570055716,3
1169,0.697063542507104,0.710041048582246,0.760134587521741,5
3,0.146857472369447,0.708393321372569,0.123272748664021,0
1249,0.716558446196718,0.656287126032977,0.753845482187414,6
442,0.360130300675519,0.643578092334792,0.799608242558316,2
806,0.297390942364,0.359143671696074,0.894974929955788,3
755,0.297846424770541,0.437506167334504,0.648889924725518,3
656,0.298764094903599,0.707386776106432,0.771772081591189,3
397,0.333862756027374,0.401384864118882,0.874451604648493,1
1312,0.703520015327169,0.645563293132942,0.75235242228741,6
1394,0.706216596149307,0.656370442418375,0.757291260850792,6
1290,0.698507068552395,0.649471166170131,0.764284686128988,6
541,0.359116779025644,0.661671714391559,0.900256237224676,2
392,0.330065074260347,0.413303628447466,0.694963731430471,1
597,0.363266713928897,0.390575193334371,0.923844696464948,2
542,0.3605049622152,0.570429043262266,0.64460599408485,2
1008,0.705697010817899,0.67657122863343,0.759233560507373,4
432,0.357444126200862,0.683275869931094,0.98738478505984,2
14,0.641138397622854,0.636940752156079,0.888524866430089,0
1179,0.705921726587708,0.706484775712873,0.759934546121549,5
587,0.361280165484641,0.580076834303327,0.582922764448449,2
1356,0.709922011563215,0.648680019525722,0.753537227423978,6
399,0.327917044686619,0.539935898967087,0.59208444096148,1
124,0.134045763174072,0.261267656693235,0.73072975478135,0
761,0.301155611276627,0.635097939288244,0.955431401007809,3
683,0.299340394339524,0.450850071851164,0.710603327350691,3
515,0.359091123570688,0.723985816934146,0.631888374313712,2
537,0.362019446978811,0.42134227254428,0.954166679852642,2
703,0.297598538233433,0.717455559642985,0.646419651666656,3
1216,0.708120343645484,0.656861588120623,0.758753893294317,6
1336,0.708134567643457,0.65443747369673,0.765901279212075,6
983,0.709316563968409,0.687639390142363,0.757565465573054,4
1259,0.703644180641309,0.657704422817931,0.766438042092414,6
132,0.993365255184472,0.265953097492456,0.784921661252156,0
1274,0.707359549224566,0.641582346893738,0.746810632375552,6
1363,0.707621894174137,0.64441897832819,0.758889330374214,6
20,0.733992967288941,0.825489431153983,0.676995833404362,0
331,0.328358194429893,0.584153232048266,0.556256134388968,1
933,0.707364487333585,0.686741144892011,0.750903582490616,4
1389,0.704595291692811,0.652164061159962,0.762193785245846,6
388,0.333213227691595,0.315798833966255,0.615886181686074,1
116,0.760169703280553,0.617956183152273,0.353482096223161,0
1163,0.696859883180659,0.708746506365124,0.759955191899593,5
1108,0.706271644592139,0.707704401812881,0.753874157853881,5
1129,0.705156955439302,0.710348873089707,0.764997196412637,5
509,0.359449236677028,0.440149280591868,1.02239208514802,2
265,0.333846571729518,0.416344946017489,0.93002519113943,1
1167,0.705792548085945,0.708294557552606,0.761295354555783,5
140,0.985864414134994,0.803151790518314,0.823112438200042,0
677,0.301546259678435,0.36863727925811,0.880897252447903,3
510,0.356565675297752,0.67876139387954,0.716855216864497,2
1021,0.713344041501603,0.725037377511336,0.764700573990033,5
778,0.297409624040592,0.726833959692158,0.847060702717863,3
750,0.2986562939547,0.622276744921692,1.03153399981093,3
1403,0.707589992180196,0.643083541099655,0.765649279461543,6
766,0.298350291277748,0.457831372623332,0.699865595181473,3
93,0.209723335923627,0.573567892657593,0.0448317953851074,0
1232,0.713669646595641,0.654307663819322,0.761297594546008,6
271,0.330228203313891,0.385621630121022,0.65473620928824,1
1214,0.702299261678611,0.653626170061453,0.755823736202662,6
145,0.951317206723616,0.342447755625471,0.105599144939333,0
1063,0.70036129692021,0.709895308713178,0.752432882287895,5
158,0.743935012724251,0.799931219778955,0.101194293005392,0
315,0.32877055816818,0.70951704273466,0.825981841632165,1
222,0.336154773165472,0.50186460709665,0.58124627310317,1
89,0.683723883936182,0.818194789811969,0.995848288759589,0
404,0.326621195699554,0.519327439717017,1.01705627618358,1
984,0.709665845404918,0.691012809170031,0.758609491782924,4
548,0.360544330561534,0.644183604163118,0.913491545571014,2
563,0.35836949090939,0.503618062008172,0.781768691237085,2
962,0.702979406528015,0.685221538661614,0.754043068047843,4
740,0.300886418588925,0.309898478910327,0.695265207416378,3
1092,0.700195479295398,0.712536581800576,0.756938106569871,5
1147,0.701856291343313,0.712192109234055,0.761420923720553,5
445,0.358358244132251,0.415984616382048,0.678639902244322,2
427,0.362193970782682,0.443253326113336,0.583007472543977,2
787,0.296568564639892,0.410277461516671,0.587200081534684,3
1359,0.709695400859495,0.658682795524472,0.764567412779902,6
1398,0.710144136912474,0.643472455282429,0.761704437417259,6
1224,0.705812909396747,0.652726521302801,0.760852232359912,6
657,0.302262931333389,0.598970104940236,0.681422891537659,3
154,0.996960841119289,0.460883609484881,0.831079833442345,0
669,0.301820158804767,0.29465957370121,0.851055593788624,3
800,0.303891757626552,0.559768038801849,0.728111748793163,3
819,0.703361644711861,0.674417580048085,0.753627191711688,4
488,0.359372089626268,0.550245288643055,0.5416854665149,2
1201,0.686200680195639,0.72061647417966,0.759422306119496,5
52,0.480232325382531,0.630140955559909,0.0939589620102197,0
135,0.767801113426685,0.461343614617363,0.451905401190743,0
1047,0.70195055452275,0.710260864511863,0.754558075560096,5
238,0.327197561895009,0.741418346296996,0.987579228333198,1
489,0.35798566589132,0.612522736657411,0.894185126852244,2
458,0.362873366628774,0.625704632373527,0.698764531151392,2
963,0.699728621418722,0.679173237324901,0.761869140979597,4
658,0.299863608642481,0.698165431851521,0.936342967185192,3
444,0.365735655589961,0.543327904189937,1.01909981921781,2
252,0.332567223408259,0.498007844900712,1.03806755444966,1
592,0.361237090986688,0.741876641986892,0.739705225895159,2
1082,0.702762082203882,0.716312717883336,0.764312400044562,5
753,0.300234772707336,0.598562956321985,0.610457832901739,3
1303,0.702738591632653,0.646686686096166,0.754752291939194,6
1297,0.710336904149733,0.644747261378063,0.761574055701261,6
903,0.699698650995812,0.683119931095939,0.74750112147566,4
1184,0.700933392195613,0.71532590456334,0.748587676572371,5
1267,0.712826943843134,0.655330797505206,0.759509102856423,6
850,0.708731491591843,0.691532533638063,0.755824526327593,4
676,0.301334050190635,0.381970471469685,0.642074234527536,3
1081,0.705359697015699,0.716895303443112,0.757920423717239,5
1399,0.70887750502723,0.65291716058181,0.75485917519024,6
347,0.326616690577939,0.649641317897476,0.779785314435139,1
662,0.301840828277636,0.507168788695708,0.821712681651116,3
349,0.334283481026068,0.531857578200288,0.672415534243919,1
650,0.299785236902535,0.570142703712918,0.82676273919642,3
420,0.36203724923078,0.565263216150925,0.958138500200585,2
180,0.788882118649781,0.311193440575153,0.156310854945332,0
612,0.362825846697669,0.455564641975798,0.645308334357105,2
208,0.599860676797107,0.0600357968360186,0.0263191529083997,0
1010,0.710647564590605,0.6886863933275,0.764154975262257,4
48,0.393281097756699,0.144578301813453,0.381426176754758,0
1339,0.703923986420892,0.649245356941229,0.762953775412205,6
1386,0.709444661945324,0.65728793531522,0.761297034070689,6
499,0.364509686576203,0.518769638729282,0.699013887066394,2
344,0.33002497759182,0.704002057085745,0.697316845855676,1
1095,0.699815235913063,0.70686958826686,0.760227975719305,5
203,0.521193326218054,0.316629483131692,0.947348911780864,0
518,0.359666508720256,0.301955590257421,0.798900922271423,2
660,0.30212241330184,0.465546933119185,0.675297648273409,3
168,0.854606994660571,0.432610566727817,0.256054351106286,0
952,0.706086636859705,0.686923937583894,0.755524187206253,4
136,0.784496458945796,0.358517115004361,0.324947407701984,0
922,0.701058705518715,0.684045602869128,0.763153242648092,4
505,0.362745779061224,0.782355044735596,0.622137392964214,2
27,0.12750351196155,0.383518823189661,0.386955750407651,0
8,0.148259151028469,0.185126468539238,0.552078901091591,0
975,0.716170758769432,0.681630231776399,0.762158434256835,4
838,0.70737369352333,0.689738052820426,0.750177859618186,4
47,0.306688432116061,0.851527818012983,0.443967142142355,0
638,0.297353553737048,0.292026744340546,1.01319279961754,3
1253,0.702476152386254,0.642732112130925,0.752924953384468,6
1210,0.697424519481455,0.71178672744542,0.757084434233377,5
934,0.703471993729994,0.679451635797966,0.758275178660111,4
1322,0.703327705241135,0.64393500141925,0.761251824151759,6
1123,0.706104240043317,0.705675115105501,0.759829756254893,5
792,0.29655129525112,0.46067788975779,0.705523033370264,3
153,0.338661635760218,0.172016131458804,0.805412735790014,0
354,0.328497632294893,0.787166062742472,0.627796152001247,1
1335,0.703034810549559,0.65555612415999,0.758974306788855,6
764,0.297636826343369,0.606585601926781,0.947541446750984,3
804,0.299757592058741,0.353883490082808,0.747301799920388,3
551,0.364158512908034,0.486111483885907,0.686524429102428,2
1072,0.70091869157478,0.707890455750447,0.756041086640512,5
707,0.297095318408683,0.412665301118977,0.909742492227815,3
1311,0.704713071383517,0.652328711450526,0.758227094699662,6
654,0.299603870855644,0.337031597387977,0.806243359204382,3
745,0.304522217034828,0.482287444989197,0.944978210702539,3
523,0.364573907481972,0.616326931049116,0.572286281478591,2
882,0.706438846827623,0.687612908492865,0.763584259712545,4
1316,0.706802339179791,0.655375666218263,0.760376566983293,6
486,0.364732761022169,0.369659916032106,0.972867634124123,2
659,0.299723889254965,0.303212799597532,0.75135168931447,3
646,0.306462026480585,0.429770242422819,0.977825769316405,3
184,0.725638050120324,0.989991262555122,0.384321761783212,0
560,0.358848142621573,0.576656469260342,1.01650020012166,2
485,0.36099882356124,0.46311763941776,0.743910714611411,2
357,0.327670236590784,0.76846731454134,1.00846652847249,1
1199,0.708280209554765,0.708227401810917,0.752940452186126,5
1357,0.703780676730077,0.655087696349024,0.751885221896555,6
777,0.298834239291027,0.602175323758274,0.881762623530813,3
165,0.434867596486583,0.636704472824931,0.194202531361952,0
925,0.706521222049179,0.681177186024272,0.761007737868909,4
1178,0.700106049294293,0.701726831576477,0.757042145574891,5
770,0.299776667433325,0.329344656434841,0.850805042637512,3
177,0.900218198308721,0.632308336207643,0.678732195403427,0
196,0.627990973182023,0.523704975377768,0.368798335082829,0
692,0.305131391049363,0.574240515590645,0.552691752649844,3
1152,0.704105286881092,0.706339555537008,0.76355508256503,5
738,0.3008819002565,0.464221454458311,0.653515402204357,3
987,0.700779296776867,0.685654350293402,0.756027724388407,4
1326,0.700287241590582,0.657218740763606,0.759887586284736,6
2,0.736843357328326,0.417836637469009,0.639029810903594,0
160,0.636247661197558,0.0754533808212727,0.301660626428202,0
370,0.335310076624155,0.426345621119253,0.776438491395675,1
960,0.711373289448724,0.683256985309221,0.761587544080025,4
121,0.157260551815853,0.041825289838016,0.988825000589713,0
1200,0.701456693057015,0.709028200819571,0.764591241257683,5
1042,0.707633482844114,0.713009249426622,0.76082255304208,5
1364,0.708149499237893,0.652492517486649,0.756082198090204,6
1162,0.702502867596875,0.715237061365481,0.756166961049082,5
714,0.301345947375521,0.751789790694602,0.589602976664901,3
450,0.364195663558785,0.683221402810887,0.685915041225962,2
112,0.621901500737295,0.419088867958635,0.955849764868617,0
1391,0.710742847482236,0.650243723641702,0.763517862809758,6
1271,0.706068816998428,0.655347275197475,0.759246545284146,6
1373,0.707077203462638,0.654915314110086,0.757756450600795,6
663,0.30442059677327,0.506887625320815,0.91313040277455,3
62,0.00736104534007609,0.180932172341272,0.918268281966448,0
379,0.329529447208624,0.532400971394964,0.549509255541489,1
61,0.728748012334108,0.764279630500823,0.809962763916701,0
266,0.329984559530858,0.579663233016618,1.00367030650377,1
1230,0.699211733336155,0.654575420587433,0.763808821347552,6
789,0.298567858380266,0.784800597582944,0.73020871935878,3
1296,0.700299688433747,0.6525355741523,0.749369570204813,6
130,0.922942173434421,0.966691789450124,0.635292021557689,0
1307,0.700443615857711,0.64497971459286,0.771141101932724,6
641,0.298801712291315,0.545873266644776,1.03239086931571,3
546,0.362311859622132,0.672549005481414,0.814975658175536,2
608,0.36352868804941,0.331121467868797,0.612358558434062,2
781,0.306424496225081,0.322446022066288,0.873551906645298,3
1291,0.7058882201285,0.648118048819884,0.757068822065474,6
1372,0.699994965970054,0.643915793110869,0.756272939033185,6
1243,0.708423630047521,0.656079660444994,0.759297155329149,6
1289,0.705280019699363,0.6532183364564,0.75335847087061,6
686,0.304051555155311,0.726831294712611,0.701151389954612,3
966,0.70232700979161,0.6820946054014,0.753026758043186,4
729,0.304596762987785,0.650626509333961,0.613136048987508,3
875,0.698113810874359,0.684380156980903,0.74746489798935,4
17,0.942581474781036,0.2089790685568,0.247911127284169,0
1262,0.708970919047176,0.649693502035397,0.757180362689414,6
83,0.296891597099602,0.911331100855023,0.316257263766602,0
247,0.335029022055678,0.424456880893558,0.905344513221644,1
366,0.336053499907721,0.611721559194848,0.708227668399923,1
992,0.698966182182383,0.676820961556384,0.758326263255849,4
716,0.299821922399569,0.345799865899608,0.984886624128558,3
39,0.271801790222526,0.786843032808974,0.216259266948327,0
1207,0.70315210094309,0.706857045746301,0.76804242210872,5
417,0.357482108764816,0.381823423667811,0.573807317507453,2
1354,0.694898535445283,0.654499389093282,0.759622577030899,6
504,0.359216076813173,0.373470230260864,0.767431036545895,2
365,0.331056366316043,0.352233676589094,0.835852328897454,1
734,0.298773054534104,0.507321588695049,0.58434693524614,3
12,0.629115637158975,0.52489027986303,0.505821486702189,0
326,0.332973016381729,0.753267868771218,0.958290262822993,1
1161,0.705682470185081,0.705281584903673,0.759011372040555,5
161,0.676114077912644,0.150473117828369,0.575499470112845,0
1246,0.703368316520086,0.648613798669617,0.766452491046775,6
279,0.328953881438356,0.785105654387735,0.881838605948724,1
1175,0.709441329472584,0.718710321174546,0.754022573646146,5
42,0.127236053114757,0.0592198320664465,0.0227617661003023,0
385,0.334815222362522,0.39688573742751,0.949274595687166,1
954,0.707392394932124,0.678487702853025,0.764205126372995,4
902,0.706576427030496,0.681525366018233,0.757259372485244,4
1043,0.708107510182409,0.7127032806285,0.76183930449318,5
613,0.298131181220524,0.309727312531322,0.708840677607805,3
131,0.281350607052445,0.525718267541379,0.00958408205769956,0
815,0.705212651159392,0.687055128629946,0.758390705183374,4
1227,0.707535953455544,0.649616690327268,0.764278702653903,6
554,0.357534905271605,0.571246470557526,0.687977765779942,2
337,0.335793861944694,0.564224180066958,0.738829870452173,1
876,0.706442443289098,0.674079831634918,0.771506905980761,4
670,0.298046818987932,0.630701352609321,0.977186557347886,3
982,0.704434093502578,0.68157247743157,0.759312524878934,4
451,0.359131547019351,0.737155164824799,0.902451140200719,2
989,0.708405449774146,0.683690193762769,0.765840510997099,4
829,0.701849139154436,0.684742575532269,0.760505372819253,4
448,0.362867024189327,0.606650031171739,0.787801138916984,2
75,0.592898162314668,0.827348310500383,0.232318171299994,0
981,0.707746662186637,0.673849168474445,0.75842693952218,4
359,0.332730115652084,0.417105183470994,0.953789938800037,1
760,0.298522095677908,0.58235462824814,0.935630270955153,3
1351,0.695757995647559,0.648719372080371,0.759516462138415,6
297,0.332561845965683,0.385879214387387,0.991524616233073,1
1018,0.693632459440704,0.719171149598166,0.757607727737887,5
930,0.708169513832198,0.675172159900126,0.759931450184546,4
844,0.70813038962967,0.690974790798085,0.756624171990905,4
453,0.359761828733608,0.406524257035926,0.652000757493079,2
1002,0.694573018069489,0.67822688967927,0.764732716448985,4
508,0.364075039406307,0.622005904093385,0.710812781797722,2
1318,0.71157356654786,0.6550729477131,0.75363913188896,6
259,0.33476705763489,0.388820001855493,0.980436952644959,1
588,0.366038393015042,0.672779194661416,0.999779813666828,2
521,0.359757891169284,0.350089939776808,0.876519510848448,2
285,0.335721339783631,0.563297480926849,1.02237081048079,1
1196,0.707118253313338,0.707209474455201,0.754530915492787,5
28,0.500182222342119,0.167203158140182,0.234215816250071,0
1186,0.704361369573585,0.712883565393648,0.75816265969083,5
694,0.304230373110622,0.739644495304674,0.965078730112873,3
207,0.438591780606657,0.885552415857092,0.908667935989797,0
256,0.334914374330547,0.385795422713272,0.92011543547269,1
895,0.704186950663295,0.679494330903505,0.760769625865504,4
269,0.328039643522352,0.740608284249902,0.742143238056451,1
1014,0.704324062863183,0.713854688443866,0.766268402151496,5
562,0.358279021349736,0.538147687446326,0.835131952865049,2
46,0.132515655132011,0.65413852292113,0.251812161179259,0
447,0.364887659130618,0.374309929902665,0.697119910479523,2
98,0.0789365272503346,0.967652368592098,0.220078654121608,0
328,0.328168793595396,0.732838126597926,0.663982525561005,1
1017,0.694984533288835,0.713904854983498,0.760986716342472,5
620,0.298379482624587,0.583613979863003,0.5895854359027,3
472,0.359412450119853,0.310287678148597,0.7809298875276,2
1245,0.703829565652679,0.652577271766262,0.761210548145695,6
314,0.326564030959271,0.739261374459602,0.919233762403019,1
912,0.69518988556385,0.682463989180102,0.766736878865469,4
980,0.708857373728635,0.683756394622135,0.76729347953813,4
623,0.297887286094483,0.601850843406282,0.848147800983861,3
364,0.331123291831464,0.361080843373202,0.971508393855766,1
215,0.327270120659377,0.377615765901282,0.627154315100052,1
367,0.333863470857032,0.545270710485056,0.637863921909593,1
632,0.296832829215564,0.664036731119268,0.73101446100045,3
1275,0.712771358784664,0.652252409561639,0.761737757384008,6
1111,0.701554269625237,0.711419339687466,0.765819570331977,5
1247,0.696842963612529,0.648769274474408,0.761140584822342,6
1234,0.701224007874348,0.648371131184561,0.76058970145673,6
500,0.362172741745599,0.663525497540832,0.730178335309029,2
1211,0.703143934907276,0.718299209418963,0.762596735416315,5
1076,0.707535725735866,0.709969334228067,0.76650456947268,5
893,0.700501351657087,0.680138302498117,0.75908072745975,4
988,0.705711551446169,0.679702647784535,0.763012958132412,4
233,0.332891208922956,0.483056965866126,0.885664663370699,1
517,0.362237626973074,0.546937293955125,0.825180248799734,2
162,0.64490284351632,0.292097911704332,0.413500021444634,0
581,0.365053947565611,0.623950239620171,0.850598945957609,2
767,0.298778668965679,0.678374525392428,0.858042995305732,3
1134,0.708594098478447,0.714004796076551,0.758178283254111,5
652,0.303930590390228,0.543817957281135,0.873391840001568,3
1100,0.699029249659416,0.712549815013999,0.756111500348004,5
814,0.705611160284948,0.685231152191492,0.761239192008973,4
189,0.667394248070195,0.00194496870972216,0.124438353115693,0
533,0.366182664171793,0.456949240411632,0.870274013583549,2
818,0.707420458974548,0.681506103125486,0.754902797505239,4
1334,0.706098567837689,0.652330367938171,0.760269744843785,6
294,0.328729152567685,0.457806069171056,0.769382879347541,1
871,0.716570057046915,0.681015916322848,0.761276924443427,4
1039,0.713055746269214,0.721876363270827,0.764079432602409,5
234,0.327347133250441,0.470756925176829,0.884459536499344,1
836,0.707626346223099,0.678801634309086,0.766752695681411,4
128,0.514099536230788,0.641080597881228,0.89326455979608,0
1404,0.703064457108628,0.647148728692619,0.749627692460661,6
501,0.360724163078703,0.405931839486584,1.02781470059417,2
889,0.702799437193552,0.686230416532067,0.753872878393058,4
840,0.701643538016983,0.67631359514037,0.749916340901715,4
492,0.366124476511031,0.354549986077473,0.841641907673329,2
1301,0.709811578051798,0.651511548602963,0.760383609138384,6
825,0.705872855012491,0.680802776709547,0.762318697997885,4
13,0.0745173210743815,0.457199642201886,0.697946179192513,0
70,0.905837941449136,0.392996219685301,0.592422899091616,0
1096,0.705492424041209,0.711337224891047,0.755717160570195,5
805,0.29980069370009,0.344619231414981,1.01520832090173,3
1252,0.705733252309178,0.651227608610144,0.760666467299765,6
300,0.329299708018079,0.422789286472835,0.776183026353829,1
338,0.328616477467585,0.688019199646078,0.874238196271472,1
700,0.297870054212399,0.600272350362502,0.795180040737614,3
1319,0.696629955180341,0.646558346890206,0.769335769810799,6
1383,0.698663358718803,0.64700785575159,0.756485802799858,6
88,0.530199207598343,0.434327283874154,0.325820106081665,0
918,0.711591490559166,0.689616210405586,0.75541709122203,4
1071,0.712750764675779,0.71334441499992,0.757308708436789,5
884,0.704271199263145,0.675292768400099,0.759797534651231,4
584,0.361056849434972,0.677625669282861,0.611732813389972,2
213,0.329764584007207,0.671374195022509,1.00491070314311,1
1366,0.704197577324757,0.64957950745189,0.761306489749763,6
1157,0.703217417126648,0.710039828193022,0.75359405774841,5
914,0.698380053619838,0.685921712672937,0.765172458960009,4
892,0.699472983802606,0.676344887474158,0.765854891287555,4
756,0.299700432736427,0.555234425934032,0.596105533628725,3
200,0.404336229898036,0.0712024851236492,0.983967270702124,0
1107,0.708503220860924,0.709467240428944,0.757141819308092,5
674,0.304674741190393,0.776974159991369,0.963139571459033,3
1055,0.704372091200746,0.712284538935073,0.745770987007288,5
633,0.303917481594253,0.730744429398328,0.869510721624829,3
1344,0.704501728017703,0.650526060789702,0.763412855658328,6
1032,0.69543402128522,0.713063426048131,0.75663271438019,5
668,0.296826826536562,0.378880904172547,0.986841505835764,3
1142,0.703221658276157,0.715079281892183,0.759269337244309,5
773,0.297961266732309,0.347540368209593,0.891431613219902,3
868,0.704613898677152,0.687629877554824,0.759910092585276,4
737,0.297471804234665,0.752367756096646,0.569567094068043,3
1279,0.705614273060701,0.651370570035653,0.765883175370442,6
1379,0.703213374319472,0.650621598554012,0.760205756218591,6
1158,0.70083872253049,0.706770725510314,0.777953648317486,5
866,0.707581625256752,0.693280949600711,0.750405845420875,4
553,0.366281570771243,0.292884237249382,0.578364872466773,2
91,0.192538163857535,0.49733943818137,0.752534094499424,0
888,0.699158846731544,0.684367418097958,0.770677049372956,4
985,0.710588994404202,0.675890267712696,0.755707536410838,4
576,0.365156594321597,0.600252805277705,0.971603571996093,2
201,0.751232943264768,0.491372277727351,0.875144113553688,0
585,0.361349014190491,0.373910347465426,0.838241601572372,2
237,0.33416744530201,0.782356504467316,0.542352575319819,1
409,0.328816307599191,0.599463093676604,0.861618626140989,1
736,0.301640605994035,0.493920641718432,0.785265098302625,3
446,0.364159026520792,0.767274451791309,0.887340883584693,2
1069,0.713328540924784,0.707551223392932,0.752718413608237,5
122,0.211004149634391,0.00988441216759384,0.377544681774452,0
1381,0.702530505663542,0.651873098834003,0.764222951400061,6
1155,0.70784309706601,0.72029281472506,0.754594907729787,5
1362,0.704731629091962,0.653257542158696,0.757606743807942,6
1265,0.70128975625592,0.653677192140817,0.757230745891383,6
577,0.366104801744223,0.567117509199306,0.649690609634854,2
309,0.335216114416253,0.72683290077839,0.688275902741589,1
864,0.70193036947818,0.686842838119813,0.762111279782268,4
493,0.361802538386546,0.29811941483058,0.588591889920645,2
460,0.362554364793468,0.61160852923058,0.970862549706362,2
1388,0.712823319516826,0.655802823420741,0.757028882600777,6
865,0.707919751186106,0.682884158916524,0.752718984113003,4
106,0.0763176837936044,0.312715944368392,0.987874065991491,0
1308,0.708839118812734,0.655655935216731,0.758963902970608,6
905,0.70648535162116,0.689109277867474,0.754809519888785,4
894,0.709579103696421,0.685199214443999,0.767664398847086,4
921,0.698708076300359,0.685186687196317,0.765882407846691,4
955,0.708434304713888,0.67816012334664,0.764473799616157,4
1028,0.707465940153236,0.706863114870536,0.757779485121801,5
1375,0.704405620349951,0.655977615397392,0.767586457870044,6
1330,0.706912683778737,0.651909547556275,0.766268256950879,6
896,0.694510188529453,0.685939226565167,0.766378833274101,4
1276,0.714540136579694,0.652375117256109,0.756620272593283,6
564,0.364249156296719,0.683654923806898,0.749332120502368,2
531,0.359182653157041,0.637950691394508,0.630770720983856,2
1079,0.713567342352551,0.712548428520167,0.762201475382113,5
1080,0.708987884084086,0.710222163127058,0.767654089581867,5
319,0.334690074615646,0.513373850495555,0.927408928261139,1
1013,0.699557349313287,0.718909056641892,0.751166791401279,5
1012,0.700896562261234,0.682638442850339,0.761695550058552,4
1166,0.702639854060215,0.706668237323851,0.756697821694023,5
437,0.356719315114897,0.684091116883792,0.900123733188957,2
287,0.330368081510533,0.62903463782277,0.563730422849767,1
502,0.361601573990192,0.56298462220002,0.7082092407858,2
1328,0.705481976019781,0.650443187205931,0.763953244296384,6
329,0.334328763433732,0.630466580274515,0.712458612490446,1
958,0.709210806943327,0.683595741635553,0.758271146413106,4
186,0.609162638662383,0.225405213423073,0.0273219284135848,0
661,0.300101826346945,0.641934961662628,0.900465367687866,3
854,0.698551416273936,0.687646482903495,0.755389854641192,4
1025,0.70227539626067,0.708063334699734,0.760548890501517,5
1118,0.710580129897187,0.711188320538991,0.753334442381853,5
96,0.210088051157072,0.377777657005936,0.108085718937218,0
1066,0.700098839591024,0.717318129008024,0.761942230727664,5
308,0.334541653993074,0.443573998985812,1.0278032483533,1
690,0.304285558017436,0.709255455061793,0.676346454047598,3
390,0.329284316569101,0.71243548381608,1.01045602429658,1
1171,0.709828412513912,0.714037559404737,0.759737169694771,5
95,0.0971346015576273,0.476844517979771,0.801093195797876,0
679,0.300021637375466,0.337417727685533,0.880173408170231,3
873,0.705076895688938,0.681412710820649,0.758779512171024,4
947,0.705053282194099,0.671609477681147,0.758546089308013,4
1392,0.7038556752176,0.653040558246174,0.759874154935051,6
946,0.707372649828546,0.682065177828457,0.76588027349943,4
556,0.364238458450418,0.434630123665556,0.763607912673615,2
1333,0.708371347557173,0.642758598929309,0.756961398537809,6
33,0.173289775149897,0.383196803741157,0.235181780299172,0
439,0.360308930678293,0.582615068298765,0.844637147826143,2
1208,0.701058568103857,0.708962984847914,0.753525743378884,5
672,0.299810755478684,0.290707571897656,0.54583744853735,3
1342,0.701972592697059,0.662565639259687,0.765616094109149,6
312,0.331748892934993,0.632969905389473,0.601516306959093,1
904,0.708706917053983,0.675847158901747,0.764120591626646,4
913,0.713065245673884,0.678811016568443,0.760252150094208,4
1412,0.713614153530509,0.653773426952065,0.760569308549882,6
400,0.332131509017199,0.5730552385794,0.590312631078996,1
1067,0.706650558259031,0.706357685903556,0.758224353443323,5
1292,0.704801742704524,0.653265369934538,0.757869204297039,6
1121,0.710456691639174,0.709035037996988,0.766964984671017,5
100,0.190917632076889,0.376484980108216,0.562576227355748,0
190,0.400613991776481,0.156916102394462,0.938991239760071,0
37,0.484468707814813,0.139752149116248,0.354995192494243,0
1070,0.713636104292972,0.712788623543638,0.763515448651768,5
857,0.702059551909509,0.680635751667069,0.754049745570089,4
938,0.707094509484458,0.682026295066208,0.758134089723839,4
94,0.252758645219728,0.17730417358689,0.509774594567716,0
1337,0.703533304920737,0.66030703794687,0.765379851129931,6
403,0.327765429730061,0.496533377445303,0.565518101071939,1
616,0.305013505199458,0.381035269238055,0.765749853430316,3
1355,0.713364643270031,0.649164889832485,0.759714782525633,6
935,0.710123155992394,0.687450111062745,0.762845692087022,4
948,0.704124535674967,0.682414904432532,0.767074875483625,4
51,0.84634907823056,0.181331052677706,0.101713381707668,0
1019,0.705134650107739,0.711271888935737,0.749895925570054,5
522,0.358710308724549,0.384935437701643,0.640217321552336,2
1088,0.704913915629625,0.712317716796224,0.762283702452393,5
1240,0.700438807106073,0.654573921800206,0.753266690781665,6
151,0.148917423794046,0.741063586669043,0.947296340018511,0
837,0.698241608590784,0.690059543870306,0.760745734300181,4
443,0.357004333853256,0.760108162416145,0.998276752396487,2
1103,0.707072500345808,0.709018628352578,0.763158344141554,5
642,0.297327254158445,0.510206968989223,0.840007038530894,3
1009,0.704306793400298,0.680457577044015,0.765386108992376,4
851,0.708509816844964,0.68993325166142,0.761554856085242,4
82,0.87208251026459,0.421801028074697,0.15652214968577,0
1250,0.704174078066435,0.658758593620447,0.768155306687744,6
90,0.508899234700948,0.535600974923,0.976617819396779,0
1168,0.70906026516303,0.710251961933533,0.75441195436322,5
1005,0.698440914899764,0.679249628075451,0.756438224921426,4
570,0.365108601506799,0.716293479781598,0.673473429377191,2
369,0.33639331802493,0.594085728167556,0.624866079632193,1
293,0.336265034193639,0.773624288034625,0.656517283269204,1
350,0.334496951932088,0.788256842759438,0.65052613124717,1
853,0.699816566732649,0.678046824426472,0.764871764330037,4
1349,0.709903825750254,0.652414586348489,0.758974597331693,6
846,0.69663126907301,0.686846212044836,0.75712713534192,4
1143,0.701746325290858,0.716808577083627,0.764656958531469,5
574,0.358350870590657,0.606771423248574,0.782782084750943,2
398,0.334474002006464,0.323336100555025,0.76465935211163,1
1109,0.701478688931848,0.712669909487142,0.768270916348755,5
1268,0.701953070299429,0.648997386101962,0.758993217137535,6
1371,0.707778041850242,0.656301253008559,0.752209497035555,6
1251,0.703448815034777,0.654047461402581,0.760411603928737,6
572,0.363817341758404,0.372976883081719,0.576455458276905,2
1244,0.707675285376643,0.65347475263973,0.751624626347472,6
433,0.358296734185424,0.466294883401133,1.0174200248206,2
711,0.298043621303514,0.503549104556441,1.03257064169738,3
291,0.335740842227824,0.563174820388667,1.00848021833226,1
791,0.306100068103988,0.502450259984471,0.64039366771467,3
155,0.423780552344397,0.796082879183814,0.118400605395436,0
709,0.305923786154017,0.731412923545577,0.72789026806131,3
414,0.365061882412992,0.325649706413969,0.59379198923707,2
251,0.334333634832874,0.637707382906228,0.767656118120067,1
1228,0.704441133348149,0.650280490647073,0.763556142637161,6
601,0.356647930103354,0.30790936970152,0.741234796214849,2
380,0.336315475574229,0.604812716715969,0.997878387779929,1
1094,0.710939607383251,0.715701106920481,0.751547756822524,5
117,0.501062610419467,0.853041719645262,0.184876604471356,0
1024,0.696895821378781,0.720508371532598,0.753590299449905,5
675,0.300295697203837,0.317936960258521,0.721959882974625,3
969,0.709649528626106,0.687058755052086,0.760514398630474,4
1408,0.705471133272262,0.655891411784781,0.745219982993745,6
230,0.329663560253102,0.399242278537713,0.613872782653198,1
1235,0.700143864857182,0.644443602990019,0.757527886073541,6
845,0.700347199537897,0.690467297730639,0.759871289827658,4
1218,0.70832465155007,0.652109640572168,0.76657434823419,6
583,0.359323777309619,0.355232734815218,0.689269091794267,2
224,0.32805184408091,0.341811653459445,0.928945655212738,1
321,0.334933906351216,0.586525187711231,0.573620069632307,1
457,0.357792474031448,0.482709325384349,1.032673758897,2
1000,0.712971542345781,0.677733779664047,0.761818025388087,4
302,0.332273354232311,0.769329836010002,0.777508396748454,1
929,0.701558439886415,0.675913220549044,0.755617506804464,4
1325,0.696814804298501,0.652263809687199,0.758755591382985,6
494,0.357502438270021,0.697693873429671,0.874860100075603,2
389,0.335974411373027,0.306877496652305,0.952728090900928,1
303,0.336354066526983,0.776843738742173,0.949683530582115,1
59,0.706223727902398,0.669690651120618,0.433047152124345,0
1278,0.700961394152747,0.65767350855349,0.749112893696819,6
1087,0.710682474556455,0.707709342536708,0.767851725704334,5
1044,0.70441127013116,0.703774791400234,0.765458194710961,5
1006,0.706267950037489,0.679722591359277,0.758612971499632,4
568,0.360400500663091,0.408623958472162,0.916722353291698,2
885,0.698417613762129,0.687312844515175,0.761386782469047,4
1248,0.702590748050723,0.64937244264902,0.76342739127411,6
40,0.109102447750047,0.374552918132395,0.847654716577381,0
1406,0.698088554287828,0.655763933163794,0.759434677187731,6
325,0.332144991285168,0.608138525043614,0.99427406033501,1
573,0.361795696911868,0.564808583818376,0.598748785420321,2
1229,0.713057899533752,0.654821239272738,0.761175717528662,6
1192,0.710907648258706,0.713789079615583,0.76083200866412,5
199,0.307157146278769,0.99454221688211,0.0375446141697466,0
1350,0.704614308346217,0.647115296869614,0.76350230389592,6
614,0.298774549986701,0.730548211140558,0.799902034201659,3
1130,0.70493377411332,0.714255249764537,0.762709232698915,5
916,0.705627941682916,0.680473037561235,0.758875187876417,4
1341,0.700858826803938,0.651523735741374,0.761281162358629,6
1286,0.709260416934881,0.651035069977801,0.754948718050698,6
1030,0.698146503024068,0.707351964811983,0.756785587688614,5
780,0.301402663199697,0.666717132786289,0.799249331792817,3
1183,0.70807136221202,0.711121801271998,0.755973144802467,5
245,0.329518947156612,0.68683236092329,0.935481216968037,1
474,0.360492067483719,0.543990740785375,1.03624930207152,2
92,0.404034027364105,0.198302699252963,0.906834979075938,0
1177,0.702398245861326,0.705234212450327,0.754927647341089,5
793,0.296718184701167,0.512290216633119,0.780843943217769,3
807,0.30295054421993,0.342064897762612,1.03166242954321,3
1128,0.705357183428189,0.711706487287265,0.756887419042377,5
589,0.359467303005513,0.515382183133624,0.664260672382079,2
1327,0.699504425574597,0.65318666709183,0.759901048252687,6
993,0.709601185665803,0.685859934202382,0.759584127216592,4
226,0.328843505682889,0.734223576728255,0.592906562471762,1
878,0.698232270665159,0.675394907262422,0.749422344446326,4
428,0.363212740842719,0.492961626616307,0.879067295673303,2
438,0.359803170925006,0.341819893918,0.740790191665292,2
951,0.710814992743741,0.682624827934453,0.751205709877879,4
1133,0.698296791456531,0.70482966387767,0.763130410541275,5
313,0.326605646831449,0.545548337046057,1.01327925580554,1
283,0.332749939267524,0.574512508464977,1.03714126811828,1
722,0.300603313161992,0.422074425383471,0.616642137733288,3
1376,0.701399111336923,0.646396787771428,0.761721919571139,6
469,0.356681672444101,0.473264520871453,0.696297061955556,2
1149,0.698026091134117,0.707448657291319,0.762637996253551,5
104,0.8068029996939,0.759267260087654,0.373809546232224,0
1346,0.704564424899786,0.650379796853274,0.758910987107296,6
1397,0.707361115294348,0.65608524560299,0.764294803392759,6
924,0.69830148014041,0.673704527544196,0.758829144721718,4
1031,0.715485945610412,0.714092122594995,0.762540764880396,5
596,0.361033311658539,0.686656127334572,0.628064896422438,2
466,0.363810266070068,0.442979978746735,0.548176969145425,2
212,0.122161598876119,0.168826229404658,0.409397350624204,0
384,0.332545478080865,0.641050761449151,0.617034632107243,1
624,0.297916028636973,0.565609158249572,0.794071426359005,3
371,0.332079184043687,0.697821781854145,0.564744362933561,1
1370,0.711340498267327,0.649267732312337,0.758280121871867,6
1396,0.705357334690831,0.659553738598403,0.759009128602561,6
1139,0.706140930388159,0.71534476616019,0.765260001469399,5
1313,0.708588596176087,0.653672936594538,0.763701853872111,6
53,0.62361190863885,0.742993088439107,0.164568399079144,0
478,0.359139325639699,0.53015522134956,0.908496314752847,2
872,0.703325340702724,0.67654991408906,0.75906735115191,4
290,0.333157291915268,0.413062139647081,0.613227600324899,1
139,0.867024801205844,0.0128232485149056,0.813589660450816,0
566,0.359078931033146,0.729269736912102,0.824689340987243,2
637,0.299007877579424,0.579642415163107,1.03108575320803,3
490,0.358350211447105,0.574869319796562,0.63388388985768,2
465,0.35867404027842,0.56665889872238,0.717860702169128,2
833,0.704493381854018,0.68925645535737,0.754301056158653,4
939,0.697295810885924,0.672635962905159,0.760261294995989,4
79,0.460773575352505,0.546812928048894,0.22354577248916,0
436,0.362124523727689,0.469951486331411,0.590326336887665,2
282,0.328809798089787,0.500187740311958,0.957455357629806,1
7,0.422621227102354,0.350559325655922,0.315584273776039,0
719,0.303659056397155,0.307313929894008,0.749064355832525,3
599,0.359389320164919,0.532323196763173,0.951816883613356,2
118,0.646850935183465,0.816597673343495,0.597124706488103,0
217,0.331575616975315,0.316111351712607,0.818618924333714,1
824,0.70987792052178,0.677137557094508,0.757278278669649,4
1222,0.704018332421853,0.654166714796647,0.762828861698899,6
284,0.328160917770583,0.349022438400425,0.833357253205031,1
1193,0.709848710419696,0.709954827049072,0.753028228669929,5
1001,0.705228193953058,0.688187365179367,0.765165057078627,4
708,0.303496053034905,0.69278987927828,0.802100413106382,3
202,0.430935441283509,0.219541965518147,0.826821447815746,0
358,0.330876224355307,0.764335896586999,0.613748745503836,1
495,0.362321990337223,0.484477667021565,1.01183933296707,2
108,0.508322721580043,0.255665234522894,0.450903286226094,0
1172,0.695829173019745,0.713680004792817,0.758465112836114,5
209,0.257354977307841,0.893644464667886,0.976644362090155,0
526,0.361011387533508,0.51965361146722,1.01416342144366,2
423,0.357554603926837,0.764443652471527,0.980890990560874,2
81,0.881869203876704,0.759480167878792,0.776266308035702,0
1048,0.704712217650634,0.709316793907184,0.761890967359107,5
1106,0.70431415776621,0.718882127863797,0.760480636133768,5
783,0.297504037963226,0.573146238340996,0.908712651324459,3
148,0.399284617509693,0.841196478111669,0.320624822983518,0
1284,0.70298243552611,0.649898773761241,0.767147502564967,6
223,0.331275418449659,0.727550312527455,0.903519391291775,1
429,0.357883125278167,0.342203482054174,0.991456048423424,2
280,0.33057546103606,0.729109512991272,0.77821762857493,1
289,0.329401376442984,0.625018715974875,0.541430253395811,1
101,0.28541674441658,0.305475829634815,0.581461480585858,0
1255,0.710283424398736,0.653667410208316,0.744913758696322,6
602,0.356535187116824,0.476330238976516,0.990784080908634,2
1332,0.705684582043415,0.655561642250485,0.762944424852278,6
697,0.299029642515816,0.622522775549442,0.64606539204251,3
855,0.707528070270795,0.690134051243112,0.751953415699007,4
543,0.358866930606309,0.600006218184717,0.698780141049065,2
1090,0.701971798710228,0.705012279149645,0.756667371182974,5
307,0.330027254484594,0.591397961950861,1.01310681945179,1
187,0.865497440565377,0.974768247455359,0.124243561411276,0
86,0.451751735294238,0.103740761755034,0.991413306677714,0
591,0.358680272416677,0.382108644349501,0.844812188274227,2
831,0.696283266443767,0.679303217950807,0.755800850204556,4
1360,0.707014119079147,0.659428536079172,0.761332820982995,6
702,0.297752722750883,0.619883825071156,0.67042782062199,3
812,0.300322760990821,0.711287356563844,0.635236962791532,3
374,0.326758692639414,0.640531765646301,0.772285311925225,1
953,0.707665498954689,0.680638917924559,0.764315183966993,4
680,0.301302725505084,0.357922577648424,0.964806913491339,3
25,0.619851853232831,0.819133341545239,0.203170273918658,0
769,0.298906850775238,0.672099830815569,0.966750943427906,3
323,0.335426550435368,0.294582171365619,1.00532908060122,1
1315,0.702237674554881,0.661217689723562,0.760541200521668,6
1358,0.70305546226581,0.655364943489868,0.756804235531094,6
142,0.872593282256275,0.196916070533916,0.766936725471169,0
35,0.942797978641465,0.354538303799927,0.604358111741021,0
345,0.330679531062487,0.422273869160563,0.852020610449836,1
231,0.3267323197308,0.360009342199191,1.00323083074763,1
1288,0.700714704869066,0.651882304981217,0.750688228055389,6
1004,0.7068378204893,0.67950873020258,0.762396471176753,4
1036,0.716176161610202,0.714505433765548,0.759619093932952,5
552,0.366131908530369,0.588096107938327,0.682369417487644,2
84,0.0478183061350137,0.545809957431629,0.293720497284085,0
77,0.312669091159478,0.262147467816249,0.653154744999483,0
605,0.356725107661914,0.758537951041944,0.910383201180957,2
682,0.299944079297129,0.596198835060932,0.7755984432064,3
468,0.365992505548056,0.483770334278233,0.676066476595588,2
310,0.330208784763236,0.518595750676468,0.765981900249608,1
123,0.633597560692579,0.505945775890723,0.403696236200631,0
867,0.70136313367191,0.680494762728829,0.7530685631622,4
394,0.332177531868219,0.629249884164892,0.696944868983701,1
747,0.298758985723834,0.556678701192141,0.635001993831247,3
214,0.3357448936929,0.347744102706201,0.580887592956424,1
809,0.303152850188781,0.502361522521824,0.855336485174485,3
841,0.712906815902033,0.679093808127627,0.763741612697524,4
858,0.703592986897728,0.677262856490457,0.759953477190245,4
146,0.973494582809508,0.754526278236881,0.532222365029156,0
571,0.365947619478684,0.540937669342384,0.57956365516875,2
144,0.91173083987087,0.862213329179212,0.349493786692619,0
520,0.362714524751063,0.384414272615686,0.902860557055101,2
1057,0.701317539914348,0.711227579432633,0.763330054872283,5
763,0.302120256398339,0.462679953081533,0.846476206067018,3
1020,0.705027583331283,0.710492177158994,0.762279738486117,5
378,0.327579094590619,0.70243614143692,0.740986415045336,1
191,0.222680899081752,0.836372670950368,0.800423093372956,0
1176,0.703245403787951,0.70848195038324,0.757310909843653,5
1060,0.700252212639568,0.710324978606268,0.765252316983136,5
157,0.385000478941947,0.732109413482249,0.0910488127265126,0
887,0.705274950568547,0.685481420576093,0.754368860445655,4
530,0.362028813259676,0.31263557926286,0.603937622951344,2
758,0.302701253991108,0.365102200419642,0.812620020913892,3
1,0.535767355933785,0.359874073881656,0.228189090033993,0
976,0.711955803225732,0.684477770632036,0.765919048554132,4
765,0.302493844572455,0.739200460957363,0.674192468961701,3
1304,0.708496191899478,0.660232034766994,0.767811602075648,6
628,0.297835769706871,0.341495962813497,0.721235710289329,3
335,0.329534785221331,0.31313143169973,0.753057495085523,1
71,0.703059287974611,0.189654442016035,0.631010610843077,0
343,0.334741709802765,0.568840174935758,0.624636878701858,1
1084,0.706486655337561,0.720917507961257,0.770398123535102,5
377,0.333141882927157,0.448713140562177,0.625956581300125,1
254,0.329676593015902,0.359761772677302,0.905257011041977,1
11,0.663550083292648,0.70502406032756,0.302484076702967,0
246,0.333726223821286,0.440522389719263,1.0401250474155,1
278,0.33093949370319,0.771127998363227,0.804567547258921,1
972,0.71493038456519,0.677555958178382,0.766625196597425,4
735,0.303344642343,0.404069687356241,0.869981604837813,3
917,0.704032144117466,0.670800283449846,0.75613124197211,4
1029,0.712753683504126,0.702998862251242,0.759077309254017,5
1306,0.708871186293498,0.65027117723079,0.756206933153386,6
87,0.723625365877524,0.683058917056769,0.648981172824278,0
915,0.705164953907841,0.676226239694409,0.758384407984413,4
487,0.358548524102662,0.477668812614866,0.915109910164029,2
1091,0.696860316038465,0.705542335517231,0.760356322817204,5
227,0.332978609539568,0.630560953752138,0.561198093905114,1
1300,0.710366266144136,0.653204316030944,0.763675798764048,6
1384,0.701689724343855,0.652184472450148,0.763722424554174,6
790,0.303394062311854,0.601027232711203,0.552893791673705,3
395,0.33412699095672,0.609048458980396,0.63397803644184,1
870,0.710413029059697,0.681754782714326,0.753849354007171,4
1382,0.71742433433954,0.651563990278689,0.75572342142928,6
1137,0.710570621577485,0.721139177682254,0.765439161436771,5
239,0.328800129478332,0.767423899029382,0.934084748709574,1
635,0.297700432708953,0.571678993175738,0.693667463585735,3
41,0.204260554630309,0.530850499868393,0.095255886670202,0
30,0.784181172493845,0.00217334856279194,0.664004585007206,0
475,0.359133380777203,0.522201234940439,0.793440228654072,2
1321,0.708960797919269,0.643857153336943,0.753321254184835,6
900,0.702147111268415,0.676507917261521,0.761985273220157,4
799,0.303685960299335,0.461311705643311,0.616765075922012,3
1189,0.710719073075638,0.716495789136538,0.761920204487598,5
1165,0.705226968532337,0.719778768251216,0.760863776058631,5
195,0.810847240267321,0.97990929405205,0.0484754533972591,0
810,0.298740184777416,0.678489202284254,0.711501183896326,3
1236,0.697389079627885,0.657988715197823,0.761027569484125,6
647,0.298165450338274,0.469409141573124,0.649310372862965,3
407,0.332173344884068,0.738205844187178,0.57496067727916,1
1187,0.700384439083768,0.712058262368527,0.762272754195653,5
532,0.365742843868211,0.614404513733461,0.98793184068054,2
412,0.330841071638279,0.671831691754051,0.903787844092585,1
664,0.299056281726807,0.369447969598696,0.551859706267715,3
843,0.704484648076691,0.685071003236786,0.750982745816779,4
68,0.252193275373429,0.188111602561548,0.670832871459424,0
1102,0.70410482928804,0.716245422775632,0.760506743126679,5
332,0.32784307326423,0.769541207351722,0.853443223028444,1
1194,0.702190257562938,0.712303446328019,0.758813831602244,5
931,0.697794311307439,0.681871210361907,0.761048380873558,4
1097,0.708286385289441,0.709230432207575,0.758607308441463,5
534,0.356824059602804,0.485410851193592,0.768368407594971,2
1215,0.704845579520471,0.655709101177045,0.771798067292101,6
757,0.305357971519697,0.448745469562709,0.756615408905782,3
956,0.699552876678468,0.678917496377524,0.759394771559175,4
1385,0.702000037708099,0.656371509572205,0.753816487461112,6
891,0.702219876001839,0.694136562813344,0.755005440329601,4
776,0.297702871819492,0.420015417854302,0.921132568013854,3
351,0.330521631520241,0.322475560707971,0.94348351364024,1
476,0.359927024785429,0.33681214961689,0.869134886399843,2
1295,0.706989803166168,0.641788622509577,0.757043253933482,6
839,0.700231440919252,0.688006815886942,0.761546775168652,4
911,0.705729707962953,0.69419218624015,0.754713831578184,4
1374,0.698678816148554,0.66400861713444,0.76134840419638,6
491,0.361920839999802,0.66798978287261,0.807817911473103,2
175,0.988772299140692,0.745624200906605,0.102450136328116,0
874,0.709061663226333,0.684835019966709,0.759176983979016,4
109,0.102011126233265,0.0281401586253196,0.1169299390167,0
1011,0.699834081668267,0.686616118627867,0.75010554769557,4
198,0.290348077891394,0.105264321668074,0.448575007729232,0
232,0.331173508157954,0.521877439925447,0.541273303423077,1
1380,0.705429370111549,0.657516686653803,0.765460587153812,6
852,0.70885834878475,0.678371079350345,0.764991675218899,4
262,0.331371264995541,0.33605872571934,0.799646202335134,1
555,0.357949825038668,0.780828473041765,0.77761505052913,2
97,0.705194708891213,0.63823177292943,0.989639456849545,0
536,0.358124044972938,0.543658695998602,0.759032531036064,2
127,0.131058747880161,0.671856824308634,0.945310644106939,0
228,0.327761522752698,0.475307783344761,0.817976784752682,1
1365,0.70844815133918,0.64548593456592,0.761686438427009,6
26,0.983351235277951,0.788067064015195,0.102651581633836,0
1064,0.707489341879913,0.697632000985963,0.747332269466952,5
796,0.306210500283632,0.626757600228302,0.818728908058256,3
645,0.302969879899174,0.488618597388268,0.588502595643513,3
402,0.330123836635612,0.620863716467284,0.71834001513198,1
1136,0.709519897228522,0.707779456978474,0.759921421417996,5
1270,0.701121837246479,0.65526344912564,0.759092403058161,6
103,0.314279133919626,0.603160763857886,0.57772594015114,0
1127,0.712019656177627,0.703107320923083,0.767300554565231,5
909,0.70766981988382,0.686271594632058,0.751169245680904,4
434,0.358662743442692,0.380489634815603,0.922053916822188,2
1115,0.702373469946669,0.708587246037717,0.759793017035851,5
1174,0.708358576840353,0.71171181855677,0.751512808319192,5
441,0.363971265805885,0.384627297287807,0.963476140028797,2
1145,0.704699226546758,0.704892845100407,0.759130191215527,5
498,0.356639061023016,0.468631665455177,0.583886274578981,2
24,0.391902698436752,0.94827010948211,0.639927866170183,0
185,0.838769949041307,0.164235888514668,0.208439143141732,0
355,0.329049930220935,0.425936113344505,0.554462200822309,1
1401,0.707924468655652,0.649255270959328,0.766321669240311,6
243,0.334163081867155,0.341362355742604,0.770948332827538,1
1059,0.696872712267016,0.715784568795096,0.754806457253395,5
286,0.327083977013826,0.384088393650018,0.665459843911231,1
823,0.699987296760402,0.679162454012205,0.757843214372388,4
156,0.849136741831899,0.488510492257774,0.536341983359307,0
1294,0.713818453229495,0.65537660839376,0.756256651565904,6
618,0.298933897211682,0.478304329095408,0.893588100303896,3
330,0.329634976361413,0.488323728786781,0.89907506769523,1
741,0.301807960579172,0.453532991115935,0.76263199581299,3
1238,0.708131906713201,0.656201529369845,0.765020913887317,6
699,0.302857932797633,0.424949759850278,0.758780778478831,3
782,0.306387678023893,0.601182503276505,0.754139399598353,3
630,0.29930993227521,0.41085966816172,0.837082772492431,3
626,0.304733304190449,0.362311050062999,0.580248467251659,3
746,0.302145728380419,0.611902276054025,0.581469835340977,3
803,0.300079121156596,0.692663216264918,1.00555853752885,3
1125,0.70883766774615,0.718436711109333,0.759419784331628,5
480,0.360324186717626,0.788359131431207,0.795689781638794,2
619,0.301490181838162,0.49395607423503,0.898379815719091,3
19,0.305864957394078,0.86977274576202,0.80363658349961,0
1116,0.708061789206098,0.702479533197511,0.760035484202935,5
435,0.365326582263224,0.62790790386498,0.65685741007328,2
816,0.698514191945927,0.688515642983431,0.765020042646103,4
1061,0.712335342472754,0.717059143043166,0.751044118904873,5
304,0.328829161687754,0.49132441135589,0.660422592866235,1
424,0.357561193900183,0.762015335145406,0.910649666422978,2
971,0.708998561052781,0.684858133043438,0.763339597310238,4
1141,0.7007725655542,0.715122065081897,0.765701125181354,5
1056,0.698987784101609,0.704374321310606,0.759223358079339,5
957,0.696766191151445,0.681789087433477,0.761245803119915,4
671,0.305303205898963,0.442994107608683,0.906356126395986,3
743,0.306387942736037,0.485857764608227,0.842525773425587,3
368,0.328057762344833,0.699508375721052,0.982805619924329,1
1202,0.704720218455358,0.712800663404901,0.759432442621121,5
600,0.358829488577321,0.554088283912279,0.642051443317905,2
586,0.365049650890287,0.583001499297097,0.542775276908651,2
216,0.335104116126895,0.75280644535087,0.620270481077023,1
295,0.335483678155579,0.578146253130399,1.01665207729675,1
1185,0.704043831468956,0.712484343664149,0.75291789281207,5
1231,0.715346738514445,0.651814849113782,0.762665778143856,6
1377,0.705085953663426,0.656424431398111,0.757476518954989,6
1114,0.707979674357753,0.718167021794205,0.758841568382708,5
418,0.357011547347065,0.323263106751256,0.682808404299431,2
648,0.306367764063179,0.307832401013002,0.79741520001553,3
60,0.373231616569683,0.804209611844271,0.866098762955517,0
1190,0.714740685690099,0.709840916409399,0.752694458975782,5
1160,0.705421837643657,0.720189759304348,0.753946375627499,5
880,0.707631239502194,0.68031366323149,0.76316108983769,4
1120,0.70564192521534,0.713528424737706,0.761889429345598,5
712,0.305122135400306,0.394173466600478,0.81404531057924,3
406,0.327253412452992,0.580174122704193,0.819565223623067,1
274,0.328715630730148,0.690575412241742,0.734505506209098,1
558,0.361386081436649,0.609986924915574,0.786518145678565,2
582,0.358247188869864,0.39103120425716,0.682483546878211,2
1040,0.703056071576702,0.705298916985417,0.757190610332549,5
1156,0.698935217474261,0.702119236396767,0.757299500198945,5
1089,0.71427956209647,0.715294124714627,0.76417823065492,5
593,0.365309519039001,0.302398450672626,0.935969125689007,2
726,0.305735865228344,0.781339750625193,0.688314203964546,3
1280,0.704424202879728,0.658198174174721,0.760793373356097,6
55,0.820764701347798,0.818053163820878,0.645507470006123,0
907,0.703977034954995,0.67954379924883,0.769336723296092,4
516,0.359124129193369,0.644566848874092,0.791420234926045,2
513,0.364860286652111,0.589857389335521,0.799404485011473,2
470,0.362319798080716,0.456119486712851,0.81623193025589,2
387,0.328745356255677,0.326142327627167,0.542377350362949,1
594,0.363709749409463,0.743608493125066,0.960084510361776,2
23,0.456419192021713,0.214195345528424,0.421494708862156,0
1053,0.705859653163028,0.715039325949798,0.754566962187064,5
832,0.702557482813955,0.682533731037733,0.758372425175291,4
163,0.782285537105054,0.629953413503245,0.970377918332815,0
263,0.334876162607688,0.733936616918072,0.774144144705497,1
610,0.366379528825637,0.765049819368869,0.564428697433323,2
762,0.305807185738813,0.690483046346344,0.79574234711472,3
467,0.363564463909715,0.476439428748563,0.964066630904563,2
514,0.365685185301118,0.388685398851521,0.845963931386359,2
360,0.331647667074576,0.713640181114897,0.551500385254622,1
863,0.703380584114604,0.679301174198596,0.765839743676973,4
1015,0.70645880684548,0.712670093649958,0.756613384828986,5
942,0.710860821883923,0.681709426009613,0.760701559892165,4
898,0.707728478425886,0.688893569435031,0.763964084417776,4
1182,0.709195653114512,0.714994136854579,0.762202255986217,5
720,0.30460707743885,0.73876670957543,1.00538264655042,3
1309,0.701077277216311,0.65365390448979,0.756143490168769,6
1033,0.714146111381464,0.720480122730421,0.764851969660865,5
372,0.330983329352457,0.395866361097433,0.915067569562234,1
926,0.701448435682664,0.677609609241008,0.75579492504632,4
991,0.709743060098031,0.682945138559079,0.763449028965731,4
826,0.703409706568105,0.683762272329336,0.761041158376984,4
342,0.330709614574444,0.341237479471602,0.971805581450462,1
999,0.70572290569576,0.681535670769867,0.759583387568456,4
150,0.932712367968634,0.171091308118775,0.743132147472352,0
1361,0.701433841755202,0.650379372303873,0.759841224585127,6
967,0.705226494434651,0.68558732419248,0.750236816265264,4
497,0.364016950824298,0.767750635044649,0.87579583269544,2
1046,0.703607631805146,0.714766993049038,0.754240045003935,5
704,0.298202270036563,0.506207702332176,0.983447754965164,3
732,0.302343847535085,0.292300717788748,0.645143488282338,3
221,0.335450927743223,0.529419384547509,0.68698282444384,1
174,0.106526430463418,0.701336018042639,0.603016827255487,0
181,0.784659184282646,0.447081205202267,0.154519888572395,0
1188,0.702671561824511,0.718904779442623,0.754858410285791,5
194,0.400270900689065,0.938864916563034,0.0168749273288995,0
147,0.674306138185784,0.0211733907926828,0.192066102754325,0
859,0.709816818551834,0.677509459862289,0.764274446046451,4
172,0.57303601782769,0.822954960400239,0.290487632388249,0
1016,0.71575138586753,0.716091997066088,0.767274231017076,5
721,0.299674177726265,0.488952472340316,0.57449914617464,3
242,0.329834532546811,0.612502065254375,0.912521535856649,1
622,0.297674231245182,0.635462020407431,0.941147510986775,3
751,0.300481540951878,0.725766010116786,0.773922014376149,3
1405,0.707311753110184,0.657952699594994,0.764220533070848,6
959,0.702170555407865,0.687858169192665,0.765688280804802,4
164,0.17131470493041,0.750100301578641,0.0172631547320634,0
653,0.305506866641808,0.520004468853585,0.69009393195156,3
733,0.29836851969827,0.349209776497446,0.892255801334977,3
1409,0.711070671307982,0.659352190566121,0.756401936649596,6
134,0.851959384977818,0.0192318637855351,0.162866674363613,0
779,0.304869549602736,0.788525283453055,0.591059317090549,3
32,0.559763250872493,0.358746781712398,0.872060682857409,0
260,0.336377975281794,0.453265361953527,0.899255698057823,1
281,0.332058632941917,0.770465984242037,0.88834179667756,1
34,0.476238226052374,0.440132203511894,0.273617461789399,0
119,0.0449405123945326,0.532150699524209,0.905667863320559,0
107,0.375115516595542,0.495607828954235,0.277866952586919,0
813,0.700722026116077,0.683616063230242,0.75678535795785,4
784,0.305840343157761,0.605669134762138,0.980780046992004,3
578,0.364745323467068,0.380508470465429,0.777172829816118,2
579,0.359058255339041,0.427462151274085,0.929156748089008,2
1038,0.705800044303928,0.717839305957151,0.760711200345373,5
401,0.333800299656577,0.757332372828387,0.663359883334488,1
1007,0.71343623670208,0.674386654537013,0.76371693497584,4
159,0.610893107717857,0.168397426372394,0.303202449344099,0
362,0.330592616505455,0.624695265316404,0.828092024056241,1
636,0.297262677804101,0.66839796921704,1.03408710027579,3
270,0.333066941848956,0.326099001336843,0.72631209876854,1
363,0.327261280796956,0.633633473538794,0.573982308595441,1
1078,0.719471445512123,0.709179128395186,0.761762475334168,5
1400,0.704211853345264,0.65631764442963,0.76724246870763,6
477,0.361497609936632,0.508973346208222,0.658586701704189,2
1204,0.713848217294948,0.717316488574614,0.758620588840061,5
205,0.52497314917855,0.849970129784197,0.252686470746994,0
1034,0.697831603569036,0.712125943312505,0.756238968655804,5
1348,0.704669662112567,0.652715652036481,0.756520927334991,6
64,0.778252605348825,0.51437840051949,0.885981610044837,0
970,0.707154195798505,0.686425599478051,0.759668819127232,4
267,0.329411475886591,0.474554484942928,1.02319487740751,1
798,0.297363682440482,0.343718002783135,0.879032726958394,3
1263,0.706298763728364,0.652336804334042,0.762615003475388,6
422,0.363642621245235,0.327943081967533,0.709471690561623,2
881,0.711251604902044,0.684517926607081,0.759165976090081,4
149,0.392195727908984,0.435824340907857,0.421186425955966,0
973,0.709760932473676,0.675909576150246,0.755643069520865,4
667,0.297089011429343,0.519679124932736,0.974089850182645,3
1213,0.705641707736937,0.653059314697356,0.757178794742099,6
724,0.300399960421491,0.571137232705951,0.995440558856353,3
449,0.358672810255084,0.533813164685853,1.03208082050551,2
540,0.366369280039799,0.661622754181735,0.997996217897162,2
353,0.329812307718676,0.409461070899852,0.578828358417377,1
565,0.364091625404544,0.316862609004602,0.704954251972959,2
1302,0.708436771190366,0.649623648941049,0.754772353344756,6
1209,0.695461762826975,0.699484285851193,0.758939275761863,5
575,0.366287451556418,0.37455830455292,0.91658764842432,2
65,0.678875229787081,0.451180561678484,0.0712516640778631,0
296,0.327522624083795,0.631193704204634,0.756123838340864,1
965,0.707762085263436,0.683930391494576,0.754755345483924,4
524,0.359194905627519,0.479784501483664,0.566654055821709,2
785,0.298810191936791,0.550803049583919,0.886286987783387,3
382,0.32944843450794,0.323457560269162,0.906319118314423,1
1205,0.702917326421312,0.713607246777562,0.770487174684977,5
1041,0.701976993195203,0.718519478207068,0.764760018417917,5
105,0.506745671853423,0.553668148349971,0.242704804288223,0
336,0.335174842101987,0.468770471867174,0.561339315585792,1
506,0.358400514391251,0.47214326588437,1.03829321984667,2
229,0.326836265728343,0.69582490331959,0.785682288673706,1
1117,0.700451750332094,0.717798125559654,0.764379067810813,5
