606,0.180692075034603,0.399088300089352,0.582743831723929,3
61,0.305974294431508,0.840534009737894,0.872947575524449,0
630,0.182669737346005,0.656304614176042,0.357275765668601,3
774,0.489668342103356,0.233844070310725,0.322828553424529,4
1090,0.478124197626789,0.266334826166947,0.3223492208499,5
217,0.207912860817742,0.522301344224252,0.433848910196684,1
1203,0.472953414375458,0.207751712352926,0.324997935669634,6
876,0.479301778379133,0.230775129601771,0.320961875078871,4
759,0.477470663296039,0.232108476354891,0.326850283685723,4
633,0.182456799861975,0.555724834813736,0.362974660284817,3
35,0.78837694064714,0.441662570927292,0.377204783959314,0
715,0.184945147684775,0.785344564262778,0.437204523640685,3
1218,0.476651413050398,0.211302325506888,0.323308628720453,6
40,0.500465694116428,0.980375894112512,0.713309732498601,0
352,0.242216028498951,0.45491150431335,0.471260047913529,2
585,0.185992424252909,0.42661067310255,0.310626119654626,3
41,0.267382754012942,0.364087685011327,0.55610719951801,0
491,0.239308314148802,0.337950790091418,0.282566227414645,2
8,0.435439253924415,0.00758945615962148,0.20241687214002,0
1202,0.486881395016342,0.213404129337796,0.329456328552527,6
490,0.246713436811697,0.407297638966702,0.503838135674596,2
765,0.48978813691075,0.23424656076244,0.318243349218217,4
703,0.185625308200251,0.543483931478113,0.624865567008965,3
638,0.18352507462725,0.53089584459085,0.521629227837548,3
280,0.209450419328641,0.686072947946377,0.573953162226826,1
1137,0.476274598269398,0.211568583378897,0.31904961487433,6
312,0.214778137973044,0.567273646965623,0.503122772136703,1
1302,0.475057107028273,0.193485207014082,0.325826736527375,6
978,0.482252193946649,0.260688270489018,0.326646057203349,5
1322,0.484310363748081,0.21257606442415,0.318840410523309,6
729,0.18402653164696,0.775498456927016,0.325566495233215,3
387,0.246430035235826,0.604076579702087,0.396955285035074,2
686,0.183925272088964,0.368834914430045,0.692130395490676,3
807,0.480346695187474,0.235771974623361,0.320811999550683,4
1096,0.480132595993653,0.265424305901579,0.324519461507168,5
1168,0.468970314532693,0.204768916790134,0.326368367307573,6
1265,0.474978266857105,0.209022635388072,0.320726091823723,6
719,0.186193332953844,0.733063497720286,0.415055009233765,3
392,0.244189914935268,0.464068328752183,0.275107809272595,2
783,0.478998560273018,0.236399432406435,0.329052611538816,4
1003,0.472705538999922,0.268643510477659,0.322873679312347,5
1232,0.486819196921255,0.204971911301286,0.327081426806317,6
571,0.180950984007213,0.683867490524426,0.296910300781019,3
1110,0.480652004014082,0.268394866898893,0.315301992784223,5
998,0.486015123626331,0.269773324621704,0.322143349926382,5
925,0.482473280094813,0.229864677469128,0.324603842188712,4
680,0.184416580460966,0.748746727732942,0.587539262068458,3
472,0.239284462260548,0.539183402457275,0.226482869521715,2
697,0.185091289740521,0.424622948653996,0.337137178098783,3
1306,0.482000824918384,0.203749865815861,0.328109201888661,6
623,0.179178497525863,0.738805917347781,0.552924169041216,3
902,0.481229617887734,0.235299767451345,0.323812107320484,4
1019,0.482633589701268,0.267615419399807,0.332451279173869,5
858,0.473940896389113,0.234738869963673,0.326022178955992,4
718,0.18652812954504,0.348280291096307,0.496421669656411,3
803,0.467002158410267,0.231348556685355,0.323155981057311,4
149,0.207988448252436,0.405069801397622,0.270380018907599,1
780,0.479456030509815,0.241502575765415,0.321468890663815,4
967,0.483244780536381,0.26404478170601,0.329510894016303,5
98,0.305714703630656,0.818048637593165,0.617813715711236,0
276,0.213251001886092,0.712863957881928,0.220173296099529,1
1269,0.483752793795301,0.218037067367694,0.317700757386032,6
257,0.209818928411696,0.536035980586894,0.622618470736779,1
1074,0.478373878235171,0.273436067779166,0.312420611689875,5
336,0.243126193545759,0.567476721387357,0.548645497928374,2
62,0.601353364996612,0.610598337138072,0.180539282504469,0
239,0.215157476381864,0.609307541884482,0.202315677003935,1
734,0.480014085234765,0.23775461646456,0.324217691292014,4
1163,0.478662708380114,0.210543035268523,0.325309690497724,6
283,0.216312236762606,0.471514397324063,0.30322204278782,1
228,0.213577377232723,0.709388091717847,0.543334520468488,1
102,0.4047368359752,0.742641129763797,0.638652347726747,0
755,0.47988567868441,0.221509327817795,0.316958935550088,4
311,0.213501513900701,0.431067208317109,0.51441783788614,1
701,0.185410794166382,0.36455657556653,0.534417522302829,3
907,0.475921225220267,0.237623910444733,0.312507422027487,4
904,0.488566437130204,0.225119570462278,0.320244065211659,4
1289,0.474364676239104,0.210554698483254,0.325125884851229,6
109,0.0628225984983146,0.823305606842041,0.521459114970639,0
284,0.207102757142857,0.487397892656736,0.435455168411136,1
670,0.181354512402322,0.801203754870221,0.547829109523445,3
843,0.480066466926271,0.242787844541844,0.323367413397727,4
698,0.182302480784711,0.481415642914362,0.341170145012438,3
693,0.179665212808177,0.794524024380371,0.382648316258565,3
1164,0.467531220796491,0.196984122740967,0.325671384730914,6
575,0.18297874037642,0.388449798710644,0.295410331618041,3
725,0.184902989587281,0.506335361418314,0.662272106320597,3
1330,0.469730002504241,0.205387591024927,0.317333151517687,6
941,0.478645943606663,0.275666729503394,0.322142184830951,5
172,0.208625000305474,0.56366800100077,0.201378408167511,1
611,0.178218487151898,0.402679728134535,0.196837222017348,3
722,0.184958351098467,0.688632885599509,0.231346190837212,3
775,0.483209174505169,0.229593022278575,0.329916776752935,4
166,0.209327507077251,0.549810156482272,0.255470207240433,1
26,0.555946262320504,0.924965889425948,0.81247328966856,0
637,0.180524629957508,0.729223775235005,0.31452321743127,3
383,0.238099844085518,0.717884672712535,0.427998451446183,2
116,0.10724143171683,0.266842421144247,0.367456186329946,0
624,0.185499206974637,0.626419740985148,0.509484528261237,3
39,0.383473338093609,0.135613408870995,0.130766754271463,0
371,0.244771059742197,0.491592835774645,0.63985103815794,2
1069,0.47565993547402,0.271087856728657,0.323888668559396,5
321,0.211383181456476,0.389037992246449,0.419071924220771,1
293,0.213210232460406,0.434371516830288,0.300403094082139,1
1301,0.474604863961654,0.209599163104719,0.325705235052694,6
1036,0.482066176502496,0.259639296555783,0.329134165869192,5
827,0.475888264355422,0.241572746606792,0.32440457697852,4
1097,0.477451110434106,0.266653604098543,0.325518655376347,5
938,0.477826480587129,0.268339970478512,0.321580558536535,5
1098,0.480922507489099,0.267502109586377,0.319437034145871,5
60,0.811802471289411,0.337920476216823,0.467837970936671,0
421,0.240793051118962,0.562113734334707,0.678218646952882,2
999,0.476996280123495,0.263272640661171,0.325026799695254,5
415,0.243166038640775,0.802344582299702,0.297057838691399,2
757,0.483853170866904,0.235931685306548,0.322921292724051,4
562,0.182112100447994,0.47277561868541,0.198389165150002,3
825,0.473696446263116,0.233310666853948,0.323906629645658,4
570,0.182049838069361,0.624721530731768,0.493705076095648,3
1303,0.473715271470676,0.208509784818486,0.324461968964582,6
265,0.209012342214119,0.387064991891384,0.374733248888515,1
152,0.212666164429393,0.632253108220175,0.417316151596606,1
546,0.177033908367157,0.667362079513259,0.607959393691272,3
330,0.212863225145265,0.396113845077343,0.646445697103627,1
428,0.242369840217289,0.506242758734152,0.692354203131981,2
705,0.186309074966703,0.587050563562661,0.341423085122369,3
75,0.714035176672041,0.271164231700823,0.13704164349474,0
1290,0.478917493099624,0.208732674593656,0.318185746852071,6
413,0.241695427617524,0.504735458432697,0.432639420195483,2
992,0.476972358853915,0.269793005377261,0.332977153804427,5
1092,0.474771473258784,0.264605903607412,0.321159839288984,5
317,0.215626979595982,0.515978684322909,0.596236879751086,1
1188,0.487560800217418,0.204802338762095,0.327169364587467,6
569,0.183177522646729,0.498743444820866,0.197849218430929,3
913,0.48353030664202,0.235259972578782,0.317745991559014,4
962,0.48357014839465,0.264524052069763,0.329132863184353,5
1172,0.483340211286901,0.204985521958525,0.324743928574582,6
557,0.177560917546507,0.498731189779937,0.487385244620964,3
173,0.212221555532888,0.636325523164123,0.65605359331239,1
1238,0.47344365402992,0.210827458995391,0.325017584530109,6
635,0.178414291806985,0.603052732907236,0.445267731253989,3
580,0.18501680543879,0.322935871803202,0.537637223186903,3
1331,0.480057838580421,0.191834860481837,0.323524149412712,6
1104,0.474722214377007,0.260908243471737,0.318693859186234,5
786,0.470495930107073,0.247297505434597,0.329615289339257,4
1170,0.479145453551402,0.200104656767978,0.316191930401545,6
101,0.0385249240789562,0.792467555264011,0.886821425287053,0
209,0.213362572928891,0.57871000575833,0.409801889024675,1
1283,0.489196094008323,0.20765272529436,0.314800231768552,6
156,0.214883311805315,0.472366020106711,0.688631098181941,1
111,0.31149176415056,0.717586809303612,0.512316500535235,0
119,0.471571069443598,0.863215300487354,0.398390964837745,0
185,0.21421394897392,0.808396850852296,0.239054956752807,1
492,0.241660575850401,0.584733428689651,0.391279695718549,2
1235,0.479237206840597,0.20649344329735,0.318060740030225,6
679,0.183770571884234,0.610080278385431,0.619981981627643,3
473,0.246946665444411,0.785856444179081,0.568723752442747,2
1312,0.472093358700119,0.214372344689378,0.319011160250474,6
1062,0.4740062599693,0.262791852112236,0.3169687394151,5
134,0.214456521710381,0.505234478996135,0.395150637766346,1
901,0.479987489836455,0.234434893436213,0.32548466115405,4
717,0.184336524193641,0.561824359721504,0.194255344150588,3
778,0.47037716145064,0.235635739254103,0.31719848161805,4
861,0.479429390021087,0.240191375466075,0.320521940060419,4
820,0.480156315676625,0.230606324833303,0.31979821606158,4
620,0.178230798887089,0.339051456213929,0.270752316853032,3
1268,0.476262106733454,0.209787394619804,0.314841494596114,6
1319,0.482768678790964,0.203819585144424,0.317282223759852,6
1229,0.482202052316248,0.208324644718499,0.323318460135168,6
692,0.177259550751187,0.681158820539713,0.565893213544041,3
338,0.244257705511991,0.324636671948247,0.595021842676215,2
663,0.183272943084594,0.736502621462569,0.648788151959889,3
1102,0.478056634159489,0.264406434332641,0.31937065621919,5
120,0.0608706551138312,0.509850179078057,0.763578106416389,0
290,0.21671030419413,0.567315331450664,0.447771707596257,1
900,0.480442769248159,0.238159304445527,0.323609708412678,4
983,0.472296431219759,0.272639510611482,0.32089263437956,5
1325,0.480636339262192,0.209290100581441,0.323978613809071,6
905,0.485804274171365,0.232837315450821,0.320701289122391,4
568,0.184743675203063,0.565510429698043,0.404185399226844,3
480,0.246152378674597,0.693657238059677,0.439186481107026,2
143,0.214310326911509,0.369901556428522,0.571340533951297,1
1166,0.467282407051326,0.207945345824841,0.325991828846058,6
990,0.471311728495813,0.266420039075191,0.320030366420895,5
351,0.23928980359342,0.367034468590282,0.197426482499577,2
875,0.472495957396695,0.232542632738913,0.319609416463041,4
76,0.983964607818052,0.397533400449902,0.923568664351478,0
499,0.239341647904366,0.504878572095186,0.354772791196592,2
1256,0.472385089012912,0.211323961169074,0.322597531419358,6
815,0.475046706227755,0.235727611375921,0.321261371519583,4
545,0.186062240118627,0.603235919051804,0.42742974339053,3
657,0.182093343986198,0.79697722629644,0.533164395298809,3
260,0.215231323011685,0.671739004226402,0.431669000699185,1
930,0.477522283057982,0.237310001063429,0.328342101574347,4
909,0.483945170136011,0.236940161630561,0.317479297737101,4
768,0.470898968188661,0.225097415268362,0.322003085554389,4
505,0.245278577338904,0.338361533731222,0.602301510446705,2
1263,0.479519994644418,0.209718449220936,0.323880997317837,6
460,0.242582540442236,0.352033826312982,0.392949149059132,2
647,0.183858091472648,0.744469803664833,0.561318770330399,3
1233,0.478040849258049,0.209345323647422,0.322353745294928,6
211,0.207928867356386,0.423200537241064,0.672348952898756,1
981,0.473607326933754,0.268658417264613,0.32226646817175,5
934,0.474833003614433,0.256174741861623,0.314607124634188,5
125,0.0796942969318479,0.903740463778377,0.125819203210995,0
604,0.182841220919508,0.661343350913376,0.676903931354173,3
538,0.180094540135469,0.553259465750307,0.423542176536284,3
286,0.213778803164605,0.352946607884951,0.637522444408387,1
754,0.484018896878735,0.24398741926598,0.324181480591962,4
848,0.475159718412598,0.223041354398842,0.322720989037018,4
138,0.20979744649725,0.709336944995448,0.613665880565532,1
71,0.554692674661055,0.219036343041807,0.593579778913409,0
227,0.208842302591074,0.528029014263302,0.275405799667351,1
1032,0.476780916816246,0.259725516346652,0.316726204690056,5
1160,0.480068687416089,0.203249710681094,0.320827235615567,6
203,0.211597459092736,0.718530984851532,0.485939509398304,1
1073,0.481328004682142,0.257468155758729,0.326102647690927,5
1159,0.477644962076804,0.195638826344213,0.323116368917687,6
649,0.178837040145881,0.466115555283614,0.5104926222004,3
245,0.211852128182072,0.608063141838648,0.405462717800401,1
497,0.237145945313387,0.463360968069173,0.406824444816448,2
100,0.157257786719128,0.99931311304681,0.880449711112306,0
899,0.485618546638998,0.230545974344173,0.31925187287704,4
1120,0.475682458909911,0.273013940033831,0.325612415925683,5
1107,0.484684111608888,0.266087970616269,0.328405805956886,5
996,0.480753335626508,0.271322215215639,0.31646619054429,5
684,0.185072684194893,0.750598534033634,0.619946388574317,3
605,0.17860548428027,0.685299799684435,0.289702777680941,3
838,0.480037667805246,0.232926403105376,0.326038323903018,4
87,0.230754554271698,0.941725509706885,0.943530541379005,0
1257,0.475691044384725,0.200054036989263,0.334327152587256,6
929,0.477911028525835,0.242799497897106,0.320414835802607,4
935,0.481004026715364,0.276035393167028,0.315344369908444,5
1124,0.468970147800455,0.260339095584253,0.318660823736971,5
44,0.722386821173131,0.302340677240863,0.181455641053617,0
85,0.0817084703594446,0.891003088094294,0.331607372965664,0
168,0.213889900229406,0.420192072889768,0.445356273371726,1
405,0.239412031352986,0.565821490855888,0.568559919530526,2
232,0.214426262585912,0.530110141751357,0.425022676982917,1
1173,0.486300103634225,0.208589403363261,0.326943476459369,6
1226,0.476323420036279,0.213971969726206,0.323399027353012,6
461,0.243574600487482,0.413636397127993,0.61555084718857,2
525,0.237154314990621,0.35166123197414,0.613275553146377,2
1035,0.479361963590407,0.261911445021908,0.323681545304878,5
1066,0.4730039916034,0.259072483493259,0.332629395080051,5
1079,0.480201018597168,0.270454405271937,0.323727742763347,5
258,0.214823902335484,0.625204489706084,0.619924882240593,1
386,0.239352146254387,0.325298909237608,0.670757241710089,2
255,0.213758689430542,0.739830803615041,0.657261129049584,1
853,0.482588178707858,0.237718645324454,0.325758274248338,4
523,0.239064599708654,0.603580495365895,0.3367111481959,2
432,0.239290595357306,0.473990222229622,0.352161270845681,2
91,0.654215332586318,0.313966048881412,0.355121969012544,0
1169,0.482619556424442,0.213414892850553,0.315315516568184,6
1022,0.478773498095399,0.262969887253963,0.315269634700487,5
1326,0.478916531236574,0.197157876317997,0.32575112267782,6
1052,0.476274308381445,0.263440080954741,0.316421653694768,5
234,0.210162596800365,0.725414947979152,0.620014894218184,1
1075,0.473794448882386,0.265786727939046,0.323682792514071,5
1133,0.477949853482133,0.268188276456223,0.322873704069562,5
80,0.876290669897571,0.14840638753958,0.469377915142104,0
470,0.241165533668827,0.781624314864166,0.234803688060492,2
536,0.186974546469282,0.574233234184794,0.67475833457429,3
1248,0.471330712453126,0.205823345380329,0.322636774350091,6
554,0.185591218448244,0.59851437821053,0.214273647218943,3
184,0.212538841101341,0.561712961085141,0.195152206742205,1
96,0.759569833055139,0.546934781596065,0.0910327951423824,0
1284,0.481007049757571,0.205884709135158,0.324139055467359,6
235,0.21230766240973,0.630310124508105,0.615727070649155,1
956,0.475812150998778,0.25506832647336,0.324281219250502,5
436,0.239715658014175,0.717788068950176,0.205521765910089,2
594,0.184503947582562,0.333634128700942,0.621076613594778,3
303,0.207503714736085,0.596152962441556,0.359363712416962,1
936,0.476627423983627,0.262943405929337,0.321674559391923,5
599,0.17961347401375,0.580531033943407,0.432332565588877,3
632,0.183907783597242,0.400730732502416,0.439693630370312,3
264,0.213289326501545,0.688676065206528,0.372084672260098,1
898,0.48575614007376,0.226949893904931,0.31689224006306,4
1253,0.475233529955006,0.203476359211646,0.312796716571692,6
652,0.179545252206735,0.739339276473038,0.232253144658171,3
563,0.185003143313807,0.659223804855719,0.288686201954261,3
839,0.477530420191241,0.229772134103819,0.32125753019179,4
220,0.20819233102724,0.613170311227441,0.249516041413881,1
483,0.245932367169298,0.626614190544933,0.654066351871006,2
813,0.482770468051244,0.235451829435915,0.323770342692767,4
784,0.485549430711806,0.235178342264537,0.318103568122352,4
829,0.477449828271608,0.228229382412518,0.320803741135606,4
878,0.475571666949477,0.236421650857999,0.333602735489784,4
1324,0.487345308694569,0.202450701233482,0.331872642848027,6
154,0.214570484152064,0.541274323849939,0.198840033076704,1
922,0.477363312978382,0.23893147673084,0.323776012013744,4
1108,0.480907187804718,0.268774721982275,0.324004849256422,5
883,0.475556725924721,0.231508274099219,0.326881789288402,4
485,0.239116428671405,0.61525758265052,0.5213917654939,2
183,0.215963471683208,0.785160385794006,0.461643005767837,1
328,0.208057809225284,0.652166362060234,0.298470892524347,1
53,0.336162048159167,0.321772111579776,0.992009590379894,0
1231,0.482965157432858,0.205095931536784,0.316738804725581,6
88,0.311200635973364,0.351929197786376,0.224621002795175,0
1320,0.482746810663599,0.211046023631472,0.317688146828333,6
866,0.482071903462928,0.232657175201081,0.318479172844564,4
671,0.182138822874986,0.498672265117057,0.560285814967938,3
193,0.208878415431827,0.523377771978267,0.240906653972343,1
586,0.183823751327582,0.652902965573594,0.448567582690157,3
566,0.182802937233355,0.500684202206321,0.611519408575259,3
908,0.475235815845953,0.237967312493087,0.319771519468218,4
442,0.240493577902671,0.451457297801972,0.25853126978036,2
1063,0.48179042666115,0.268687678442997,0.315719234213911,5
426,0.239911570139229,0.658102692826651,0.231005068332888,2
522,0.238901536944322,0.498794825654477,0.387047093058936,2
710,0.183957266823854,0.444451047829352,0.262375503825024,3
248,0.207297000661492,0.568801175826229,0.604717085300945,1
408,0.246891389782541,0.603571631736122,0.509624467045069,2
653,0.179052006418351,0.462798380781897,0.273654222302139,3
1277,0.475962326598455,0.208877427418459,0.313755267235872,6
1255,0.477936758443317,0.21290178580816,0.324006991004407,6
126,0.22629052773118,0.250563539331779,0.688416375312954,0
1205,0.472770631460511,0.211917734761927,0.319123940362336,6
656,0.182138776653446,0.575156612694264,0.371863038325682,3
1162,0.484607175899642,0.205782684257757,0.317842421692347,6
811,0.474211341498567,0.23217781722487,0.318141067114031,4
449,0.238440718960483,0.50428787493147,0.585053068748675,2
669,0.179721419524867,0.402224838756956,0.393909583380446,3
242,0.209288696423173,0.418760497262701,0.578551799803972,1
77,0.295471139717847,0.933879740303382,0.691539406543598,0
1206,0.479453430832361,0.204459346448189,0.321770818299318,6
612,0.186127250560094,0.370164714427665,0.382215879904106,3
212,0.215417036118452,0.798278318275698,0.533384097670205,1
521,0.244139941968024,0.697072347416543,0.466837897826918,2
447,0.246472344619688,0.660399666195735,0.286682554683648,2
202,0.21597643021727,0.686905106552877,0.499310592352413,1
123,0.894135820446536,0.183140608249232,0.724274317035452,0
416,0.23757047902327,0.658744206791744,0.585646014125086,2
298,0.212794847351033,0.574923262256198,0.532582075963728,1
364,0.238912279859651,0.643655952671543,0.223429669439793,2
527,0.237527857411187,0.491213926952332,0.216466072062031,2
507,0.245440276288427,0.568814673833549,0.292560288612731,2
746,0.476432212869545,0.232642958688493,0.330780269374822,4
455,0.238695022123866,0.661552970902994,0.547696605138481,2
79,0.720020150067285,0.236433308338746,0.0283301281742752,0
561,0.181585214608349,0.614518279000186,0.364533643634059,3
266,0.215873822565191,0.553832724248059,0.271485856198706,1
1029,0.471709179543863,0.270276355117997,0.330077616817423,5
518,0.243878599435557,0.804054909641855,0.575230796635151,2
1191,0.477604611382851,0.198911396791859,0.31815501230768,6
27,0.410532666603103,0.270405221264809,0.920706248376518,0
668,0.177517558655236,0.699586779600941,0.353272674418986,3
354,0.245084402614739,0.460238160355948,0.371463820617646,2
766,0.479823388202249,0.235697009433656,0.330849773085323,4
304,0.207861752575263,0.792912265192717,0.535893745417707,1
1054,0.474095491384089,0.268089686777298,0.318302006274379,5
810,0.476819761070614,0.237826671099668,0.325686792466287,4
14,0.840275316033512,0.232804521219805,0.30298902047798,0
307,0.215560669552069,0.62242613141425,0.689685075357556,1
372,0.241031493251212,0.790134719130583,0.289773873100057,2
360,0.243268371208105,0.546275793132372,0.541134748188779,2
943,0.474270004688768,0.267085400507839,0.314793461515735,5
528,0.241630220762454,0.5913732992718,0.255182734737173,2
897,0.488403022999645,0.236599631538956,0.320297442480162,4
1089,0.474198630219817,0.26644829007396,0.325482346909008,5
1001,0.476427150298621,0.265407687073381,0.32290548337731,5
95,0.179536330979317,0.832337036263198,0.952419847482815,0
1299,0.485198470695192,0.208208216434184,0.331990631210311,6
1187,0.475044994068933,0.201671147639699,0.330450180224629,6
1207,0.468493103644423,0.205059519619307,0.320955084366238,6
1112,0.469764293081151,0.259460254598645,0.318148675437017,5
1081,0.481235588305453,0.260245871375648,0.322953814304411,5
250,0.212095414435025,0.744379185512662,0.59212046423927,1
1158,0.477833825368961,0.209738779409039,0.32049440153285,6
107,0.176034171599895,0.303556364495307,0.264877231791615,0
576,0.177040752430912,0.668563348031603,0.302759642060846,3
411,0.24011302789906,0.550564472936094,0.194880345300771,2
133,0.248699275311083,0.896024626214057,0.561886687064543,0
537,0.180975898616016,0.334921868541278,0.306897558667697,3
600,0.180428974141832,0.754763313359581,0.267341084475629,3
54,0.549463275354356,0.543341627111658,0.331191021250561,0
1024,0.477050156102641,0.266045998996713,0.333435517645421,5
682,0.179436703778338,0.400159735605121,0.488623159634881,3
944,0.481693441011717,0.269944830360796,0.318483303275442,5
662,0.178972332433332,0.719591527385637,0.206171929650009,3
464,0.242849083808251,0.506164055573754,0.689575028070249,2
894,0.484141579149736,0.240154044740613,0.328883296634947,4
672,0.186476996524725,0.552076984220184,0.243362239608541,3
731,0.180969818013255,0.808730253274553,0.450134214875288,3
602,0.185360254589468,0.674601567699574,0.220537584670819,3
267,0.208532767456491,0.588045916426927,0.411868952028453,1
1224,0.487631894078048,0.202800779047026,0.325022331495479,6
1068,0.475064486230254,0.269336156099261,0.327433918568064,5
572,0.178548509189859,0.621945883985609,0.484633105504327,3
337,0.238356593772769,0.677177888713777,0.294887129613198,2
539,0.183095558597706,0.614960914850235,0.420628524315544,3
1042,0.477888719953863,0.278100988979943,0.326683794312074,5
494,0.239892300644424,0.783633112348616,0.259208648162894,2
315,0.209467266211286,0.407066558627412,0.436547630862333,1
131,0.421248355181888,0.72764476784505,0.761545996414497,0
826,0.473480833898246,0.241804612828319,0.330977024972958,4
761,0.477222042057119,0.229073762180709,0.325604393436855,4
90,0.510288497433066,0.113074438879266,0.60336989024654,0
824,0.475027485351241,0.234877373017388,0.326160314130505,4
1018,0.475280447794217,0.261668439175161,0.325398700964738,5
802,0.480621605778279,0.242124313110105,0.318057155387301,4
237,0.208957576397806,0.731398696568795,0.479987772810273,1
339,0.241021085737739,0.799419364100322,0.360386974574067,2
221,0.212631684280932,0.515514211752452,0.319688746868633,1
285,0.21415975144133,0.327775917272084,0.261526827514172,1
1114,0.474990128026949,0.275606368428645,0.31732258402444,5
531,0.237715854737908,0.77496574181132,0.408406964899041,2
10,0.145631960825995,0.316969604697078,0.412485420471057,0
377,0.245313461683691,0.714628931274638,0.451853340538219,2
529,0.239056424323935,0.359570850641467,0.612721657427028,2
834,0.478626146699767,0.228619848186894,0.320608717716643,4
391,0.242290128346067,0.449684341927059,0.573528520809487,2
331,0.212813231030013,0.510189445945434,0.246813176944852,1
263,0.209259058269672,0.439741593110375,0.342849254305475,1
626,0.184951860681176,0.408905731420964,0.608562617027201,3
42,0.87364318408072,0.226756415795535,0.695366022409871,0
948,0.479625172252657,0.272653579199972,0.327806591687974,5
674,0.181986506800167,0.707509445748292,0.255768868187442,3
439,0.238586880112998,0.592508126422763,0.449404172296636,2
772,0.477775341698855,0.235799715911308,0.325230591111051,4
1040,0.483336488968748,0.252029140677515,0.325228153735316,5
1121,0.479431749099907,0.268122314070886,0.328022163539448,5
676,0.180613338889089,0.389594814414159,0.320618939981796,3
488,0.240796948636416,0.613026601984166,0.519263676996343,2
140,0.208654967166949,0.3845904531423,0.509212217456661,1
712,0.181797139393166,0.68569229405839,0.664469610597007,3
808,0.474757216628946,0.242550930923564,0.320981608392442,4
644,0.179462075901683,0.580668422533199,0.425457253865898,3
424,0.240044417008758,0.535127433738671,0.417320152441971,2
1197,0.488147176287942,0.209952063857093,0.325286043493143,6
1143,0.480355797120357,0.206003905693287,0.323455117897884,6
964,0.477791961100935,0.261098910965845,0.31910660297576,5
549,0.18500422363868,0.404595725727268,0.676547501166351,3
1305,0.473808441664073,0.198911388304954,0.317061955902321,6
1009,0.477588458758907,0.267536471852945,0.3122926821523,5
891,0.4782396438011,0.223681269939412,0.328061914407756,4
989,0.475392130102425,0.266819624602041,0.318040480181157,5
817,0.482354542519385,0.238050475338419,0.326033392720549,4
1002,0.484139254054471,0.261691875518715,0.317000941314702,5
31,0.580280739115551,0.909662472782657,0.480550177628174,0
1264,0.477487049443236,0.206500643986063,0.321439007278106,6
942,0.476999299681665,0.264101528667468,0.322976946721504,5
728,0.181314619784243,0.732879738579504,0.265962473396212,3
1185,0.477770906013277,0.198490111868454,0.324384676333278,6
208,0.207893513881136,0.674076217366383,0.635959083028138,1
556,0.186516205244698,0.392449221480638,0.340997357666493,3
748,0.485817743775902,0.23462706450863,0.328083959986003,4
1241,0.48816421010322,0.200046029115352,0.319002322926864,6
437,0.240276385871694,0.522610134584829,0.357024509971961,2
496,0.24204653803492,0.723367817490362,0.378229851648212,2
695,0.18682831507409,0.440661556227133,0.20961753167212,3
513,0.241749614854343,0.729075678996742,0.242566201533191,2
501,0.241407895600423,0.731653041928075,0.595104647031985,2
1183,0.478649366459294,0.205628454219451,0.325156436082588,6
1251,0.479426187927991,0.205510453760142,0.323581919163576,6
305,0.21131704834057,0.47964806612581,0.592136526177637,1
961,0.479132738720907,0.255268208275459,0.313907324671828,5
1149,0.483344434478076,0.206394951671194,0.313389386828932,6
792,0.480192120757954,0.235009498513566,0.315918055518554,4
1214,0.481202420969371,0.201663409050606,0.324418037174881,6
949,0.483545353474221,0.264019617949317,0.316640218774686,5
1293,0.479992406954045,0.209281465946446,0.318256583879,6
259,0.21483717316296,0.544201563368552,0.361666819127277,1
1077,0.475017396748254,0.270253149091941,0.323354835641002,5
210,0.214453830097336,0.474738225713372,0.450734930974431,1
1228,0.481479871636263,0.207549304545462,0.323098817984236,6
453,0.246719780152198,0.527135052043013,0.512776671489701,2
857,0.471081481222391,0.235317291581185,0.329560065371151,4
1329,0.479641822602071,0.201378886439271,0.312192721467453,6
870,0.482600586942379,0.241785712241735,0.316414631564338,4
667,0.181757665099576,0.490918287448585,0.487334481021389,3
926,0.47783695217877,0.232446320660806,0.318520718805515,4
389,0.239279042892158,0.398164846492,0.195829749153927,2
524,0.237674524502363,0.671441565873101,0.268887739442289,2
512,0.24677327764919,0.551682579237968,0.228895714320242,2
756,0.472860743767693,0.242328627106516,0.330456445303737,4
1138,0.475542752822415,0.206580905183,0.32151416471693,6
342,0.243897359916009,0.769702005921863,0.428300018818118,2
1260,0.483763484359546,0.213380956496266,0.31244242572762,6
787,0.472951616249049,0.231576507019803,0.318430370221841,4
270,0.215549763019662,0.382665463979356,0.246645810361952,1
306,0.209482275191695,0.697770726308227,0.594944021594711,1
796,0.47338150294595,0.244034528530569,0.323978533228896,4
438,0.237843569635879,0.491684852307662,0.603343039331958,2
821,0.482319636478494,0.241046889006723,0.31820003570352,4
732,0.181657075202093,0.60131652771961,0.567737529915758,3
323,0.215819633519277,0.735966509464197,0.300359835894778,1
1070,0.474245651496499,0.269808698592501,0.328305958955585,5
709,0.180354503931012,0.615930916299112,0.444334968854673,3
828,0.482056827202041,0.234138014874185,0.321114828194017,4
319,0.215688446538989,0.728567975829356,0.254741907399148,1
450,0.237005935807247,0.431586517510004,0.463841787003912,2
835,0.475796082622536,0.235400236886704,0.32661403022092,4
1105,0.477763178884496,0.26912400750119,0.320912531484187,5
1039,0.482785070413569,0.270931734604486,0.323616929416939,5
396,0.240935972528532,0.632496863277629,0.346728431922384,2
836,0.471908291405135,0.238486410351173,0.321777559327858,4
770,0.47553341842736,0.228228809463918,0.318614085599309,4
809,0.477509464122193,0.237076292308781,0.321900945678206,4
969,0.47544904342891,0.265655855459251,0.324173694525168,5
927,0.471835196347181,0.234089177651082,0.32501524768336,4
745,0.482760260589568,0.232538231149955,0.316272321116058,4
587,0.185447931771632,0.602621595398523,0.556537152430974,3
1047,0.481182508048617,0.259912158516705,0.329461081881023,5
801,0.48506176905001,0.231839908908861,0.313522631837958,4
986,0.475443478796141,0.266224918650634,0.322382506182739,5
954,0.478588039784912,0.262511510587801,0.31869451688446,5
128,0.532319856574759,0.954237362835556,0.974648523377255,0
1273,0.480895861021997,0.198311998567124,0.329167146891929,6
327,0.216038816210348,0.369598990096711,0.471428097854368,1
542,0.185532023096457,0.666056965501048,0.588114612898789,3
246,0.211878999692854,0.766570782312192,0.610060007823631,1
159,0.207528500375338,0.505465660616756,0.559289729967713,1
253,0.213108050064184,0.385665648058057,0.68202226695139,1
310,0.207714161346667,0.667870101076551,0.661118133971468,1
33,0.923105309484527,0.882184537593275,0.842192277312279,0
1027,0.473230732708301,0.259609079406189,0.318312953382999,5
639,0.181707157066558,0.603369220765308,0.432405436690897,3
540,0.181763377320021,0.728495510201901,0.523497895267792,3
914,0.4799727570212,0.240108657171151,0.327496721855578,4
167,0.21031209765235,0.472924207127653,0.542895368812606,1
482,0.241669370885938,0.670754106156528,0.256351977749728,2
862,0.477329988412853,0.24094960955805,0.325751347128054,4
29,0.70590562466532,0.504722120938823,0.587550044758245,0
1261,0.475308880418355,0.212067551486429,0.322744766076849,6
440,0.242113446290605,0.531572540663183,0.246699670259841,2
244,0.208545962776989,0.670115075679496,0.619244035962038,1
427,0.243285995782353,0.813813714683056,0.329942772677168,2
410,0.243278182749637,0.571489957417362,0.429426393983886,2
1279,0.480997408140741,0.191777982329162,0.330846056761478,6
1125,0.47756917498669,0.265830103062848,0.32766014094009,5
558,0.180725740061607,0.317592879664153,0.30083930217661,3
794,0.471999140188046,0.23433764672125,0.31753973877403,4
541,0.184218506540637,0.624443311034702,0.221439971984364,3
534,0.181162091058213,0.612349925818853,0.529793534241617,3
1053,0.468323414894365,0.272360023969596,0.317204802978072,5
1060,0.480225898635172,0.262509058221895,0.330919118690227,5
840,0.475308406279136,0.235668334980281,0.319549928228903,4
884,0.482901960737249,0.234899894492377,0.321385373819449,4
194,0.211570827935357,0.411693853815086,0.244332382967696,1
1103,0.484367170065898,0.256017036219418,0.317841721133067,5
332,0.207259001727216,0.546120559470728,0.555531802517362,1
616,0.185030461710412,0.608638025610708,0.315396957611665,3
1095,0.480981536621544,0.263581360018543,0.318239474465175,5
851,0.476788356507874,0.235194123744095,0.323818575039675,4
1106,0.47483256120278,0.270033896415641,0.327063336813675,5
565,0.185792948959861,0.636834932630882,0.53268494065851,3
1045,0.479402409091478,0.274455067210391,0.318981891144287,5
958,0.479108018157317,0.268134699186592,0.33126853496667,5
1271,0.469760559648012,0.202249858984622,0.317721452757206,6
89,0.639019558671862,0.304235355462879,0.422802871093154,0
365,0.245258733604569,0.359690784499981,0.25263454397209,2
797,0.468434694879705,0.251342630751437,0.323573861386093,4
407,0.240158350705169,0.738051396119408,0.549376698373817,2
1333,0.481602405169298,0.204399051991395,0.332903465626502,6
631,0.181995308918413,0.567808491550386,0.471316938684322,3
465,0.243906727433205,0.497890166845173,0.275984730850905,2
435,0.238077128429431,0.387405440118164,0.623049081466161,2
1050,0.476387968936877,0.260510165159664,0.325998986419771,5
845,0.481099087527591,0.234990178378902,0.323694079745784,4
675,0.177776315105148,0.796180796832778,0.392829719511792,3
279,0.212545345518738,0.352877766964957,0.651976887183264,1
199,0.214278566143475,0.688219511555508,0.655715905991383,1
69,0.911955878604203,0.873097656061873,0.97079191938974,0
7,0.426792836049572,0.381698763696477,0.648451742017642,0
216,0.210132762205321,0.711497639212757,0.218014736357145,1
844,0.476870383448754,0.232043150390944,0.3259827335388,4
559,0.183075111203361,0.31866887435317,0.29278864483349,3
1294,0.485913539492421,0.209329641141186,0.324591929168555,6
164,0.214846411303151,0.665745835890994,0.634954956406727,1
1222,0.477207779077311,0.204376021311061,0.320436027642103,6
677,0.180674139910843,0.816270146775059,0.30391880851239,3
288,0.212356364573352,0.461559753422625,0.357093825866468,1
1179,0.481523741226889,0.199216843158653,0.315848230834862,6
610,0.179177500784863,0.554650804516859,0.673668725928292,3
544,0.184391156318598,0.665710000926629,0.449216775526293,3
1080,0.476606020923612,0.267471001285539,0.313210244856225,5
1087,0.484429138112436,0.263902297278081,0.316980352650152,5
251,0.216923669045791,0.374578166892752,0.267684972425923,1
1287,0.485676574339403,0.213542384932544,0.318230916044593,6
1186,0.468221695274091,0.208201808248216,0.321419460076705,6
573,0.180659161873627,0.373142575635575,0.639560360042378,3
1295,0.476485254398476,0.206686001038042,0.317621826189363,6
833,0.474871327321635,0.235350657700509,0.316119696472698,4
1101,0.476409746802291,0.262854774030498,0.317035439682215,5
163,0.207670181875583,0.34404852790758,0.603930160216987,1
121,0.6929593058303,0.24182339780964,0.327072604093701,0
291,0.20895488349488,0.713481863518246,0.630932655581273,1
487,0.241189483001363,0.554796005389653,0.334705469128676,2
865,0.476307453400664,0.242906810495186,0.317148842235454,4
1209,0.483685263862458,0.20282846017355,0.317306310272394,6
1010,0.482088849069485,0.269941690458541,0.330749789172803,5
779,0.483485675938922,0.22774471699629,0.320520737286541,4
1292,0.477488060354981,0.206179938238613,0.322398051823136,6
864,0.474901977325193,0.239700038289627,0.327997891640049,4
165,0.208317102463916,0.432947981194593,0.43004802595824,1
201,0.209970149169676,0.526854440593161,0.520958353229798,1
430,0.243742612772621,0.379712585033849,0.271935035986826,2
1122,0.477612010040349,0.262380716258229,0.325691212801649,5
103,0.231470513856038,0.570561826461926,0.263735517393798,0
685,0.181673688641749,0.687884815991856,0.632440180680715,3
63,0.0701987268403172,0.916383354458958,0.333016487304121,0
947,0.478449637623398,0.26123798568915,0.327551390842646,5
704,0.183928239729721,0.676892163371667,0.39202842132654,3
394,0.240225179272238,0.512366857402958,0.555079396395013,2
174,0.207774003143422,0.454764152201824,0.273855656897649,1
1266,0.47771578990211,0.199709102815476,0.319637213611753,6
313,0.21565150273731,0.718565781274811,0.460408809175715,1
945,0.490292771854131,0.259044485501458,0.32393146221258,5
648,0.180960885023233,0.600868552713655,0.451699106185697,3
1013,0.468168898886966,0.269505052672385,0.320547131309908,5
636,0.177384255710058,0.404519464727491,0.509941926039755,3
855,0.471854816820878,0.239413469616845,0.322475262632489,4
988,0.477929627485317,0.259688907085636,0.325826904097929,5
789,0.480667224510305,0.231738053627934,0.315273744293112,4
841,0.478502797636102,0.231020604273808,0.320806307253158,4
970,0.470760427436005,0.26079443825585,0.324661523067946,5
1240,0.483326106837128,0.198335025239071,0.326027164174631,6
268,0.207296680260915,0.654601011797786,0.312168740364723,1
467,0.245541458225343,0.579370779241435,0.639557531964965,2
1236,0.478668908205114,0.203028027647714,0.323504027018366,6
198,0.215540296302643,0.617376801813953,0.489180196239613,1
991,0.473731214323432,0.261603669339025,0.31622198600194,5
856,0.478944173664989,0.237178376217115,0.318275714465677,4
1148,0.483032138915575,0.203960744873056,0.328762553071507,6
681,0.185032406924292,0.783434145292267,0.198730518738739,3
1230,0.474484960148898,0.208087970388125,0.323863927072628,6
19,0.153114777524024,0.547316249227151,0.737345191417262,0
301,0.208435176666826,0.577095652138814,0.301049309014343,1
49,0.406245078193024,0.964601391460747,0.480697790626436,0
708,0.184040616732091,0.600920537742786,0.587028205557726,3
1153,0.47939306297646,0.20270993218943,0.32841768277721,6
4,0.745290329679847,0.418405810138211,0.97530847764574,0
951,0.476410905433223,0.261164239542144,0.324767774621809,5
552,0.177830711791757,0.714253712585196,0.599478525272571,3
1030,0.482241008702449,0.26390178829263,0.322329236787059,5
373,0.238209397781175,0.358118828758597,0.358708097180352,2
1254,0.478578061111982,0.198347337625371,0.310015388564505,6
70,0.537318399641663,0.673812778899446,0.0939710347447544,0
965,0.473220053898081,0.265319097728175,0.329953936307855,5
335,0.2405884298007,0.447830748301931,0.545045947935432,2
655,0.184518057086971,0.804056137125008,0.309272529021837,3
334,0.243306576549076,0.436865405552089,0.425304342107847,2
1023,0.47827414235244,0.273432176343453,0.327010217021114,5
892,0.47547291730725,0.244277008851456,0.324760629139347,4
863,0.472198553263275,0.229150094812634,0.317457476502369,4
618,0.180411145950202,0.413161112368107,0.447930124518462,3
24,0.707477814750746,0.790117431432009,0.830490531865507,0
974,0.47953006856129,0.26364894111617,0.31916769047449,5
50,0.258794918190688,0.527837959118187,0.163667010609061,0
191,0.207163953024428,0.758205865533091,0.204817061126232,1
744,0.474673023343086,0.244463489888608,0.321200568473272,4
1280,0.472633285606132,0.196521264497417,0.326619523339467,6
262,0.208553840860259,0.606446575163864,0.323265735222958,1
1242,0.478369892595108,0.206593905477313,0.31590421327564,6
1147,0.473123588483775,0.216538014449976,0.320985105693356,6
595,0.18505416022148,0.625084028602578,0.419790382310748,3
358,0.245899590135086,0.447704162006267,0.346832526777871,2
1014,0.481159948128283,0.268950770854424,0.323664674342401,5
30,0.245897265151143,0.743747679749504,0.312172768870369,2
615,0.183198662989307,0.379680672683753,0.358292403328233,3
1051,0.477539393322713,0.261742874659581,0.32560595425,5
468,0.23993768497603,0.761301476298831,0.465825079753995,2
781,0.471122869569313,0.233187202891635,0.325553466015287,4
99,0.351738658733666,0.629765518708155,0.920704189222306,0
1193,0.484371716212755,0.199875768489765,0.325169361173652,6
1015,0.474288936739049,0.269277425022057,0.327420490628042,5
1007,0.481914047837647,0.263825363284452,0.311875995998138,5
333,0.210233370217029,0.397170926816762,0.507145451777615,1
1150,0.479955393362847,0.203213985289486,0.316151977340815,6
1267,0.476585448083934,0.21086514825804,0.320287602589059,6
895,0.476790175116673,0.235726351714356,0.328930460604402,4
158,0.209552699883934,0.497736798971891,0.23039402095601,1
294,0.207086803233251,0.734891945170239,0.512930348794907,1
175,0.208057181409094,0.638157848990522,0.64287398038432,1
837,0.474375706407324,0.232047849681838,0.312967227001474,4
422,0.237592233587056,0.811087287752889,0.43394586914219,2
475,0.242047383796889,0.763674456882291,0.35829228668008,2
344,0.246443471245002,0.422388961678371,0.558823200804181,2
366,0.241671499605291,0.630307503649965,0.676457805605605,2
359,0.237498168386519,0.351159386010841,0.298606348969042,2
1071,0.477268120854557,0.265099067409041,0.322930466418911,5
434,0.246382627396379,0.793331183400005,0.547008122131229,2
9,0.964816971914843,0.203306688228622,0.0655186679214239,0
1285,0.475403099457668,0.21229592492068,0.320691117511306,6
256,0.20795912566362,0.63682115522679,0.586220101732761,1
506,0.237293885671534,0.622315567359328,0.563313970156014,2
590,0.179116507126018,0.327297256584279,0.550394510198385,3
289,0.211983178472146,0.63459893038962,0.336019017896615,1
462,0.237691321568564,0.604545758129098,0.673374172346667,2
64,0.875962349586189,0.163392096525058,0.634320513810962,0
994,0.480004454546191,0.271964474060053,0.324033879128869,5
788,0.47616659968331,0.242294494935,0.32156544292922,4
503,0.239131809535902,0.729980522789992,0.691302717360668,2
1082,0.486147005933627,0.25546505775123,0.320452099215186,5
1064,0.472314240163072,0.25994981400781,0.321771575930295,5
3,0.28707981435582,0.617751905228943,0.683446829207242,0
45,0.892068405635655,0.08230438712053,0.899198560742661,0
187,0.210273504226934,0.463438497064635,0.633617882779799,1
661,0.177146052538883,0.324080031504855,0.280844420124777,3
749,0.480150543059398,0.240896885005679,0.317920887660468,4
1259,0.483047081952933,0.202528042335884,0.32721778680644,6
287,0.215445492954459,0.383298509195447,0.476139552122913,1
17,0.869242444634438,0.948420934611931,0.133808194193989,0
924,0.473410469450212,0.237909241267438,0.323273918721971,4
380,0.241593972526025,0.638629888440482,0.693470574961975,2
254,0.211782865494024,0.602737758564763,0.325467593548819,1
299,0.209591328431852,0.412639279174619,0.528047050512396,1
214,0.213856599871069,0.639552956703119,0.423123257514089,1
896,0.479552140623321,0.23756869479344,0.316696267509535,4
261,0.214619117197581,0.778004097775556,0.223821189533919,1
547,0.182050492241979,0.633495984156616,0.290778592391871,3
132,0.642270054901019,0.768841770477593,0.0536271147429943,0
385,0.240240396731533,0.493336322391406,0.527063051750884,2
316,0.216058899846394,0.547643092833459,0.426204802980647,1
429,0.240349326520227,0.515826307609677,0.647269465192221,2
495,0.244002102487721,0.402726820344105,0.619223051518202,2
118,0.44961391040124,0.323652879102156,0.437131565995514,0
448,0.23915762009332,0.711982581322081,0.691726492764428,2
740,0.473658395815053,0.241396932457584,0.328438062860888,4
20,0.73224370344542,0.36134966602549,0.759299255441874,0
597,0.180804743710905,0.811927411844954,0.650591920525767,3
1151,0.467281018787697,0.209080046915259,0.320010777011126,6
720,0.182105279497337,0.80986528461799,0.631712449644692,3
1016,0.484610267169868,0.263623702227452,0.325536290182651,5
66,0.85741477785632,0.238537545548752,0.384060753276572,0
886,0.47514234532572,0.224240759764452,0.32414477881031,4
177,0.206999906583224,0.812448340374976,0.459465787443332,1
619,0.180301045528613,0.439173428714275,0.465878686448559,3
1317,0.482940785308396,0.211083728040469,0.322492276154423,6
995,0.483888369162156,0.276513464325561,0.316934431692385,5
420,0.239510908289813,0.543478555302136,0.415802980354056,2
738,0.475039074974675,0.240523333622856,0.327198414805036,4
1100,0.476606882515559,0.257892791027416,0.329266310506613,5
1249,0.474626201608693,0.209245795780479,0.320571649385827,6
854,0.483078564405677,0.23869876408066,0.324246684481698,4
56,0.121395834488794,0.3323931961786,0.934920812025666,0
68,0.295354277826846,0.660308944992721,0.467708667274565,0
269,0.20759730553953,0.422661278652959,0.304488344746642,1
880,0.478176377252835,0.230445441634983,0.324709542325696,4
104,0.359535325551406,0.778008206514642,0.467166823102161,0
412,0.23704090499552,0.619775989698246,0.539749173028395,2
318,0.207888272402342,0.485673627140932,0.663143784669228,1
1190,0.473422209561784,0.210052180531944,0.324466991625392,6
433,0.237533263606019,0.652899730508216,0.670985022024252,2
106,0.473794513847679,0.291616413975134,0.881219185888767,0
673,0.186693463965785,0.453495776071213,0.391267730202526,3
1220,0.482955181577042,0.209956885915202,0.329113759661052,6
654,0.184509165585041,0.337574619823136,0.272064699023031,3
417,0.243367740109097,0.570543995150365,0.271887929108925,2
368,0.239793277403805,0.371040975814685,0.222097158827819,2
454,0.240070785460994,0.692304170946591,0.420376980723813,2
219,0.216619235889521,0.562933046976104,0.279115802887827,1
997,0.484789015720178,0.269854593064488,0.322942607418361,5
381,0.245062829079106,0.452423463831656,0.550087635684758,2
723,0.180416368576698,0.811468467838131,0.553559071896598,3
215,0.209159685114864,0.373682069848292,0.475792573112994,1
1315,0.478490951053037,0.212963286532468,0.323003060206757,6
329,0.209374204867054,0.807543154014275,0.477895091217943,1
730,0.184127679795492,0.662165078124963,0.693540629395284,3
153,0.214334250125103,0.744254827755503,0.362809881963767,1
688,0.177894422330428,0.454427109356038,0.618294435017742,3
2,0.683465274050832,0.805511173792183,0.344598523806781,0
401,0.246548259917181,0.652388191688806,0.432563330908306,2
445,0.243017733453307,0.341022801143117,0.215388067229651,2
646,0.182074843789451,0.801488669379614,0.393988336366601,3
690,0.186571530457586,0.395169445686042,0.519428327027708,3
736,0.489483613736179,0.230394217903945,0.313014358470306,4
1000,0.480272513142327,0.270520495859769,0.320988900491125,5
1078,0.476370622315077,0.271709631940458,0.321151245315066,5
105,0.712355881230906,0.923369771102443,0.260149105452001,0
402,0.239941937203985,0.574266163888387,0.675615235511214,2
1011,0.477821693390086,0.25967344858623,0.318746820585463,5
982,0.479038598290058,0.279160394156129,0.3221079965532,5
593,0.179738713304978,0.500712630245835,0.516190839512274,3
1140,0.485714962492847,0.202430696037635,0.316542851328162,6
1272,0.481351910247438,0.203222862870638,0.331037271976181,6
1327,0.480431842302076,0.201896366443964,0.320948453923577,6
151,0.213696003057994,0.471668534469791,0.234479543799535,1
218,0.2129218502203,0.61759516261518,0.66098723646719,1
733,0.185350477052853,0.567020783340558,0.518076028022915,3
37,0.290800638031214,0.911310222931206,0.145992179401219,0
425,0.239418846722692,0.499003456695937,0.662092845584266,2
689,0.177110178128351,0.813044077041559,0.207911856751889,3
493,0.240496563324705,0.744359991652891,0.586790843796916,2
578,0.185897503425367,0.807371717668139,0.265195902250707,3
751,0.47441067455027,0.229940093437142,0.32480367838049,4
699,0.179838418981526,0.480032615503296,0.322690948657692,3
141,0.213000590323936,0.505373417423107,0.646216700016521,1
1128,0.485231292039441,0.2638193017848,0.325041338072532,5
831,0.475450142189811,0.229304190486959,0.325933902493044,4
659,0.17803936657263,0.474029360944405,0.203853558562696,3
241,0.208364457709249,0.732646897691302,0.577601535758004,1
750,0.461600559529272,0.244682474120575,0.317825569237539,4
1332,0.489582100924385,0.20751842254031,0.329709897056375,6
979,0.47642525018973,0.264761865929127,0.316833153168076,5
591,0.182748219894711,0.766997889522463,0.601076217996888,3
1258,0.474566964085536,0.208855738757896,0.321786116218503,6
510,0.243055723705329,0.735317279142328,0.371076648053713,2
1310,0.476683906767528,0.202134144852739,0.331728296678295,6
1308,0.482519382351673,0.205915925627416,0.323232880675714,6
800,0.472610071970866,0.234504678366201,0.325802844031199,4
67,0.678295612800866,0.540339952334762,0.453207582933828,0
230,0.212563243100885,0.413697947189212,0.377251992747188,1
195,0.215172633065376,0.732466593640857,0.52443372043781,1
458,0.243264316129498,0.377504081837833,0.195845031226054,2
443,0.241395313551184,0.644113763375208,0.386938359285705,2
1109,0.474652560263815,0.256977157314511,0.322122811019011,5
972,0.476204370166048,0.264476102674536,0.319582191648796,5
589,0.177886103997007,0.767558276676573,0.315984527161345,3
804,0.472336253507459,0.238219659941127,0.320265506039177,4
1129,0.471876539512255,0.271233626296443,0.323394823109071,5
885,0.48222034671883,0.229036539296052,0.318669311706505,4
345,0.237557457147632,0.461881977529265,0.462143602129072,2
742,0.482131178892615,0.240404034361591,0.318931022077659,4
1278,0.469028374079887,0.203195528657535,0.320946133697966,6
124,0.838741244981065,0.541810131631792,0.144197111949325,0
1091,0.478655947886557,0.268146751275721,0.315912674962407,5
785,0.474893012857901,0.234948037153975,0.315013509635201,4
1275,0.476053766712823,0.21454117867473,0.319920302903884,6
150,0.213469942132942,0.664812290831469,0.303744527092204,1
326,0.213133974971715,0.603793870797381,0.608380352775566,1
519,0.240035132565536,0.535127733042464,0.617628951952793,2
179,0.209029449347872,0.573506637732498,0.405261430470273,1
1021,0.476549405852284,0.261150663643664,0.326035853480274,5
1155,0.475471400090553,0.210736774837929,0.322198432570986,6
92,0.921934126410633,0.139732904266566,0.719330708496273,0
1274,0.482883476203228,0.213275086283238,0.323367506684533,6
564,0.180734165110625,0.496179532282986,0.486264134454541,3
1044,0.475552769782564,0.261936563271562,0.324548710759764,5
418,0.239660389458295,0.527476474549621,0.463724953052588,2
1017,0.478198719974023,0.263970593924481,0.310880961190842,5
55,0.499550787033513,0.040762057993561,0.937787585193291,0
1116,0.476388423076008,0.261022214071035,0.316460844465169,5
1130,0.486617631348503,0.274498307761813,0.316634947245191,5
842,0.469999830466609,0.235042531911468,0.322082385887506,4
22,0.590287983883172,0.598531684372574,0.39942146721296,0
888,0.47799201588288,0.237925566604723,0.324444344082218,4
397,0.24101654025726,0.326570427883417,0.615063968976028,2
97,0.888550459872931,0.436660999897867,0.519197025801986,0
223,0.212550127657596,0.593682110914961,0.528942826134153,1
1192,0.486870802317414,0.199766066971508,0.322673397945849,6
1117,0.468121797152689,0.265482238639956,0.326224253103079,5
879,0.481105895765991,0.238026516702729,0.329107100138787,4
975,0.476524471555242,0.264556978028995,0.324926820653332,5
308,0.213322079910431,0.57592875326518,0.355862585641444,1
952,0.487332325425229,0.261352934168018,0.319928396294505,5
292,0.211807401652914,0.586455130856484,0.549536261055619,1
903,0.473500439470178,0.244700239016267,0.321788012296505,4
950,0.479531453652869,0.258027150787528,0.326758674594752,5
451,0.238407179631759,0.536483998899348,0.480528765753843,2
347,0.244342620649841,0.786518579721451,0.671681584487669,2
1048,0.47720522737337,0.260208089942748,0.327488112915704,5
592,0.185341234174557,0.73689070136752,0.458894700673409,3
645,0.179015000360087,0.757490558340214,0.592197390901856,3
987,0.488845093277203,0.274313597332355,0.324988661947221,5
1134,0.477133985904643,0.208346092295937,0.317913277574543,6
155,0.214589268569835,0.455824452009983,0.52474049681332,1
81,0.91950133559294,0.111641715513542,0.914298031013459,0
1204,0.475573901534178,0.206226302027748,0.319084689946707,6
1247,0.474677085024321,0.202518801371508,0.324498559911064,6
384,0.243222529792693,0.599930366058834,0.670307661336847,2
346,0.24190863244934,0.59656972521916,0.446374120819382,2
872,0.474024608732462,0.229415674799861,0.326949142951258,4
1161,0.475201345850332,0.202628190980004,0.321950413694896,6
1127,0.491623742850453,0.260520773064162,0.325896710395791,5
743,0.483929885274085,0.239498245766389,0.315189799255424,4
916,0.481076352084329,0.234514863580291,0.322274515736123,4
911,0.483550915418259,0.228812329775987,0.326023934747247,4
1115,0.479880930080635,0.269057823464816,0.314234597530097,5
739,0.478455088166145,0.237966896043185,0.326388350106161,4
871,0.483703507781384,0.24482165081612,0.3192871953208,4
243,0.212520036497153,0.624094974971376,0.33163565134164,1
1113,0.475165808271835,0.259574285675768,0.322255730048571,5
574,0.183711972560268,0.393464488699101,0.463634174596518,3
920,0.480543318049389,0.237539227342263,0.317910097478426,4
86,0.0784730019513518,0.134065182879567,0.356317820027471,0
887,0.481406292881019,0.235805967951196,0.321648850795247,4
629,0.177144795537461,0.787771430937573,0.29960862621665,3
403,0.246980422483757,0.456675647431985,0.490993285831064,2
273,0.207904733316973,0.331776009080932,0.623471998888999,1
650,0.183053126626182,0.606943317595869,0.556571290176362,3
58,0.621621503029019,0.643614950589836,0.0184335738886148,0
47,0.781684055691585,0.836948046460748,0.637707209447399,0
1028,0.479037066999494,0.266751958314526,0.326507519577868,5
921,0.483294698263663,0.235249180875704,0.323770048784817,4
622,0.177210525607225,0.485311394929886,0.583652635035105,3
968,0.476544996797081,0.26618584765655,0.321556177111306,5
1243,0.48008963001774,0.203737718805371,0.316160817608317,6
423,0.245348757468164,0.377290640864521,0.299324712413363,2
933,0.473227152606906,0.240098802846446,0.326705216576192,4
859,0.482393835907317,0.229204289669726,0.326331511042077,4
666,0.178397905505262,0.694886074308306,0.494541612267494,3
388,0.243522822302766,0.583801430906169,0.641507420619018,2
973,0.473901432284057,0.267407808994203,0.324354467541827,5
84,0.0482123824767768,0.354919818928465,0.308971968945116,0
48,0.496078520081937,0.143741151085123,0.413341153413057,0
1323,0.485871523500366,0.190969506649294,0.312107101274956,6
16,0.243227682076395,0.922677333466709,0.393590436084196,0
694,0.183585535797756,0.770500297332183,0.571187303797342,3
1250,0.484951357116142,0.196788979816902,0.320462092362325,6
795,0.483893947767242,0.235310033285022,0.326515086436847,4
469,0.238458154627588,0.590615403745324,0.450527918338776,2
601,0.178086669882759,0.330217347620055,0.244983874657191,3
181,0.216161666032858,0.673519708705135,0.606071210396476,1
1177,0.483215255413314,0.214369064792314,0.314264126646293,6
939,0.47977837830028,0.263475335974371,0.313705396232262,5
724,0.180783036120702,0.506661050859839,0.6377203801414,3
976,0.480398627048875,0.268331218646367,0.321377015546462,5
1055,0.473837313154194,0.272194720519522,0.31352251461377,5
57,0.318563377019018,0.29618270858191,0.924340424360707,0
136,0.208878063489683,0.641807077941485,0.571407887898386,1
910,0.485274768848315,0.233280620464282,0.319972358216281,4
52,0.423976158490404,0.0663652704097331,0.428483407944441,0
613,0.180387361322064,0.502897981810384,0.346444146404974,3
112,0.663572641788051,0.0543572923634201,0.966148145729676,0
1313,0.481363800352304,0.210141587588135,0.324850715637608,6
348,0.241542780015152,0.814823729125783,0.527423067879863,2
852,0.471809754683805,0.228136191213188,0.321676970140777,4
1281,0.475831374663717,0.20706245515478,0.326486567137835,6
161,0.215207023911644,0.453661540430039,0.648485988774337,1
818,0.474690423092685,0.227036094361609,0.320302653576009,4
651,0.185121297293808,0.503394805500284,0.356910593272187,3
737,0.478079028548729,0.234157359131938,0.321210660441894,4
142,0.216634259114508,0.760008184378967,0.279501848551445,1
1201,0.470187072921078,0.209530604526873,0.320000012880697,6
200,0.213995026829653,0.436966142174788,0.309717854065821,1
806,0.47135155389367,0.238419260539138,0.321780239697208,4
598,0.180554046542384,0.404995340760797,0.197967574978247,3
457,0.238530484833755,0.765285876602866,0.630747037054971,2
1298,0.472511000153616,0.196540778236954,0.319218139695954,6
498,0.244488965959754,0.3836043786956,0.658764936309308,2
957,0.473009087460103,0.266029023744146,0.32034216001554,5
753,0.478748794188137,0.231406519625365,0.31201754392178,4
15,0.277744492748752,0.85000283154659,0.523370507871732,0
714,0.183136704678182,0.507960367854685,0.502793450187892,3
1152,0.478030848146575,0.209084355406672,0.319605675670661,6
474,0.239458092532586,0.740655133291148,0.616376024484634,2
382,0.243437310182489,0.354564240807667,0.23470598696731,2
341,0.245302456703503,0.533634104789235,0.384782641823404,2
791,0.480612806508117,0.242028518033168,0.312496555419124,4
297,0.211593224608805,0.718569053825922,0.553951390134171,1
444,0.239848120475654,0.482830397458747,0.505571257835254,2
1297,0.475700084875322,0.20921580149303,0.328026842800277,6
1139,0.478437876873526,0.210203181644902,0.324146883457595,6
236,0.211332997030113,0.390481390547939,0.249461963353679,1
1300,0.480235309710697,0.206908221372038,0.322570605442978,6
1176,0.487229809971472,0.210627443676694,0.325149156817114,6
148,0.211444164202549,0.389518660865724,0.295115370699205,1
1189,0.482606285272577,0.208674177048584,0.328347988968623,6
931,0.473710228693151,0.232156376194906,0.323189920460334,4
1123,0.480554698933234,0.26450653180319,0.319203642669621,5
1245,0.477960010244301,0.198956450124785,0.322000796396503,6
665,0.183996143387631,0.489586871955544,0.655535106710158,3
34,0.3845122277271,0.065317208878696,0.434927192283794,0
1286,0.474886877685277,0.203597163334937,0.318684618788809,6
1314,0.477833984232753,0.212023610003934,0.316366932735379,6
758,0.488097593926287,0.241367068681667,0.319795644478689,4
296,0.211898923385888,0.520357896946371,0.440091808489524,1
350,0.240331436132547,0.74430073928088,0.455940770613961,2
274,0.208066397428047,0.723740449431352,0.366216924088076,1
295,0.213518522935919,0.753493268182501,0.650599063071422,1
78,0.80923963803798,0.0316593702882528,0.0727725841570646,0
790,0.475512793683301,0.240577538707928,0.322250093326785,4
1119,0.474104243313628,0.269029151645395,0.316191667163482,5
767,0.48129899784839,0.239480153283093,0.322969212040858,4
1237,0.479999749182593,0.198391444454804,0.318468543291007,6
799,0.480975759680223,0.227344390436936,0.319435895259059,4
229,0.21688531631371,0.494855532795191,0.24437094880268,1
395,0.237514092838392,0.712198227201589,0.607342106220312,2
1175,0.479524842644865,0.21082651624001,0.325033424516083,6
1154,0.482938733158372,0.21204514859336,0.322860069851252,6
1246,0.478914325526367,0.201884557366241,0.325610658100309,6
1252,0.484252771969979,0.212854101257631,0.323499852686983,6
741,0.476172603384506,0.232892608023974,0.327036646726811,4
1215,0.483645742913294,0.209154391095547,0.322297820912528,6
727,0.178924485980533,0.517000863933936,0.202293742960319,3
23,0.509614810347557,0.189646701794118,0.852757435990497,0
36,0.666770189069211,0.454370980616659,0.104110486572608,0
176,0.215528895815369,0.43027292159386,0.522864142828621,1
226,0.208720462038182,0.563615075103007,0.359533554920927,1
567,0.181853901785798,0.480726107978262,0.375677267019637,3
777,0.47884323777038,0.231028705460609,0.316930991205092,4
1304,0.47066141356458,0.209838420610153,0.324882849465515,6
700,0.181106254549231,0.604226074437611,0.446964343357831,3
171,0.216213622430805,0.673507078690454,0.206841720547527,1
1178,0.487598197288879,0.207355383247595,0.322513949176493,6
822,0.475359593094261,0.233949235170266,0.325751044998223,4
1200,0.474152454311281,0.211230623530428,0.325147566569209,6
869,0.471600309738096,0.235027371609937,0.331151764684444,4
1311,0.481559563611697,0.194864935020099,0.328912461325234,6
113,0.869376299437135,0.789327053818852,0.15470857033506,0
1126,0.477782073928899,0.265797898021865,0.324214975470227,5
322,0.216716654915363,0.799917778372765,0.361059883306734,1
1216,0.478848533110624,0.199595238428327,0.321059450282602,6
1213,0.476181226552151,0.211451458590352,0.314704016024465,6
912,0.490801055147693,0.237096716078335,0.319192987956859,4
233,0.209617346513551,0.721841504238546,0.370608581625857,1
441,0.244551934122574,0.577483880356886,0.668765953206457,2
1291,0.482454155690151,0.20554148399868,0.313143924357301,6
1038,0.470754764547888,0.261738477866612,0.325972342168648,5
271,0.216517001558095,0.477693814458326,0.639902184414677,1
696,0.183449834519997,0.645685302349739,0.348103278130293,3
127,0.471673290245235,0.419539171969518,0.0537551883608103,0
1006,0.472492479270905,0.264132201553739,0.318003674728338,5
390,0.240363572265487,0.358455223287456,0.238834843202494,2
1057,0.47373658955866,0.270076834072388,0.316524541498972,5
583,0.184965815236792,0.469069282896817,0.284252464585006,3
919,0.483256661321403,0.239249873282185,0.320975049791896,4
238,0.208085308456793,0.579060449753888,0.300607108906843,1
993,0.474329647389676,0.269005018111609,0.324699852350554,5
1157,0.475503949155664,0.207881393311845,0.322515705476405,6
1046,0.486770914116045,0.263427578061726,0.315767191579505,5
1142,0.483726467458206,0.20633097041598,0.317731554768151,6
1212,0.477361863593395,0.209460908815101,0.326555131755956,6
379,0.245631474973634,0.619083949737251,0.329759713658132,2
769,0.484784397169868,0.239864909736004,0.325047138801607,4
25,0.755128106568009,0.0229488248005509,0.795884527731687,0
370,0.246987355968449,0.504133345000446,0.42977745521348,2
205,0.210274701402523,0.816137749725022,0.553449777234346,1
516,0.246182636367157,0.714018947351724,0.60061748214066,2
1058,0.471681319240728,0.257995237001946,0.32129141093442,5
1135,0.476289613428127,0.214251809739303,0.321065362060206,6
178,0.208160719810985,0.699630178068765,0.633819943806157,1
621,0.181958748411853,0.676305582071655,0.613044197950512,3
147,0.212488130466081,0.699519489216618,0.532116934005171,1
65,0.114816386019811,0.781204759841785,0.875056500313804,0
1208,0.479321107438496,0.201322454489166,0.321663343367919,6
771,0.470487483257498,0.233226564045968,0.320575146259235,4
325,0.208094412200153,0.591042461711913,0.480189114389941,1
356,0.243339170967229,0.702457405184396,0.514526738831773,2
145,0.213603826097678,0.321226653433405,0.410187348769978,1
1086,0.485789921893312,0.270294225484626,0.326169277810555,5
5,0.330567335709929,0.234433929435909,0.592860688688233,0
1072,0.483366257518318,0.264902230645085,0.325444365445252,5
980,0.486566515816772,0.263396152794241,0.325455591657457,5
1146,0.48064683556073,0.199363951284435,0.323299392551319,6
135,0.209214618883561,0.518655539280735,0.365514110121876,1
877,0.479050442040359,0.238027466486754,0.319812305594118,4
404,0.244754007840529,0.334712248551659,0.363730818312615,2
782,0.477604560436294,0.234223512121025,0.327661732310708,4
511,0.242119104950689,0.653004533401691,0.478441502479836,2
882,0.479404230299956,0.240496491374237,0.323592500447095,4
946,0.482029387853516,0.269034102254774,0.318895825849795,5
367,0.244272114033811,0.381918982043862,0.52220838626381,2
832,0.474998870294107,0.237498825948912,0.325857021365249,4
59,0.281815210124478,0.735836071427912,0.308338786009699,0
847,0.476477170094409,0.238187136878499,0.32144118218978,4
940,0.476192078356764,0.257849971120998,0.319368474228625,5
32,0.65198889398016,0.251623938325793,0.957010084996,0
868,0.475338466428612,0.232118535457171,0.319257791422643,4
122,0.337290758267045,0.552398290485144,0.956874169176444,0
343,0.24073538355995,0.441803397866897,0.55737621341832,2
959,0.478713916642214,0.266592706581075,0.324875661951602,5
1217,0.476318325337456,0.206364114788981,0.322595267781208,6
190,0.210859957558569,0.689861552696675,0.256930227321573,1
1244,0.477152417575382,0.200486922302197,0.318433564314177,6
1199,0.476096114748575,0.201818761163536,0.318568699556921,6
186,0.215548732599709,0.560665947524831,0.242206104611978,1
627,0.183513047706801,0.372093038656749,0.636690886039287,3
18,0.948701915796846,0.114369335584342,0.285289674298838,0
548,0.186897067287937,0.405890796240419,0.249966735416092,3
1318,0.472708570774394,0.207343768929706,0.321272923893429,6
1026,0.481064205773046,0.269980583418365,0.324725126313119,5
162,0.208474674434401,0.428211914515123,0.5386418025475,1
805,0.481965108827494,0.235327896312339,0.321462888172673,4
726,0.181202921769582,0.37249183470849,0.383853761060163,3
579,0.18032929237932,0.637009271560237,0.681658502365463,3
207,0.215638532342855,0.319135250197724,0.47141750510782,1
1309,0.481159573591225,0.210002896598423,0.325289285447501,6
1316,0.479477628354062,0.21118019067842,0.32524757200919,6
874,0.474896261703731,0.235794515875974,0.318611362036051,4
129,0.867721821647137,0.706084168283269,0.937331137480214,0
985,0.469632200359986,0.262188372545954,0.321941969733054,5
1221,0.471852388052017,0.202813805647704,0.318355069771651,6
716,0.181846801943611,0.722507177176885,0.444046879815869,3
747,0.476888482230007,0.240047764809111,0.321051828307191,4
532,0.238271400469821,0.367676456132904,0.459846912347712,2
51,0.290062306448817,0.953995049698278,0.367991325911134,0
660,0.183806625637226,0.806000765087083,0.224750116630457,3
1085,0.475832449246748,0.273908014552699,0.337735642471361,5
1171,0.480017611204137,0.204784405511355,0.325181520506123,6
12,0.931310438318178,0.731640969868749,0.820687448605895,0
144,0.213339380114339,0.486322458623909,0.209052691282705,1
249,0.208643085611984,0.473428531223908,0.333340134168975,1
1037,0.473207353924052,0.264514925609767,0.321795418867962,5
481,0.243358982256614,0.532943475316279,0.332947206730023,2
1076,0.480325595925536,0.270970461846235,0.327133064986156,5
520,0.244989456278272,0.470953217265196,0.492041779495776,2
752,0.480772390539844,0.227385189981254,0.32132903104923,4
281,0.211784738947172,0.729836167558096,0.281905460800044,1
252,0.216310905891005,0.338966603879817,0.470240140380338,1
192,0.216687382422388,0.574302688846365,0.5538829049794,1
640,0.177596169542521,0.69911831910722,0.467187668592669,3
798,0.472462427001592,0.243482537078139,0.322534142204417,4
706,0.180850126277655,0.741259615309537,0.473070506984368,3
1223,0.466408639196003,0.208447786091735,0.325645916155721,6
1088,0.473239263660848,0.262644773997027,0.327618651249477,5
642,0.182914286118466,0.35264205748681,0.493949039303698,3
357,0.240910565170925,0.721494845836423,0.30554543195758,2
1227,0.473095359915132,0.207167900594891,0.32503393863025,6
966,0.480719613471192,0.259994324092441,0.324236490688718,5
1180,0.480348567291451,0.201854028425592,0.316832260859008,6
1270,0.480841223201113,0.200982734875818,0.324519871782329,6
361,0.24489217661554,0.330333629529923,0.542568904161453,2
400,0.244902877740096,0.326007513003424,0.230606250045821,2
923,0.479697146961323,0.240759058598823,0.317333322294073,4
760,0.473434918655569,0.232639547268128,0.321088564622501,4
1141,0.479319095350764,0.208142829674682,0.317888229378739,6
225,0.210661727210972,0.494639984820969,0.430981457279995,1
502,0.241220556325279,0.395492386561819,0.202233299892396,2
309,0.214659635496791,0.631872412306257,0.632040716172196,1
658,0.184468259790447,0.459862622572109,0.443911040131934,3
553,0.181858497182839,0.704871258605272,0.515146977547556,3
378,0.244390057998244,0.331914035975933,0.522358833625913,2
146,0.207255419266876,0.524727134522982,0.619293074053712,1
1239,0.48505385408652,0.201178749334953,0.323065796496553,6
94,0.286734150955454,0.0532049294561148,0.623146316967905,0
1034,0.481892748026947,0.269124540043053,0.328587245553744,5
1321,0.479696031261514,0.215140030856072,0.316724887209679,6
11,0.72661104449071,0.0794119632337242,0.677257692907006,0
678,0.178521557722706,0.449038216751069,0.474113998981193,3
1184,0.478809890219959,0.208128385191756,0.327197487885968,6
977,0.479454110431786,0.261743472503498,0.323441302602267,5
1094,0.479344111832773,0.276581511808171,0.325686209496705,5
1182,0.472494831928311,0.199840959136193,0.323002275385899,6
634,0.184499287421349,0.771778464922682,0.511912880744785,3
515,0.239283711861353,0.362331260018982,0.684304019366391,2
1234,0.486578592788992,0.201993916977348,0.320853828571514,6
459,0.241358987085987,0.424255751911551,0.220599131239578,2
353,0.238404391291551,0.60458618614357,0.459747480042279,2
721,0.182111030230299,0.351721657114104,0.632070548995398,3
582,0.184316694440786,0.816118707438,0.523437167098746,3
514,0.243863880387507,0.74360980282072,0.201791466143914,2
555,0.177370948379394,0.529209675989114,0.429752745479345,3
816,0.475127320864881,0.235779349907129,0.322687968054977,4
399,0.244755053175613,0.806942205550149,0.531790647469461,2
500,0.23868361130124,0.675560252997093,0.314368112990633,2
707,0.186561052843463,0.529548910935409,0.318390260846354,3
414,0.24590549161192,0.738674788642675,0.658296271739528,2
533,0.244249480296858,0.317851324938238,0.583672608761117,2
13,0.0282322417479008,0.536314422730356,0.834302043775097,0
953,0.473260752335173,0.260230533015463,0.320905513724882,5
1008,0.481693525306797,0.260366107741513,0.329065935663139,5
1049,0.473558270868038,0.259887634925895,0.317859517274585,5
114,0.437103030271828,0.912996603175998,0.645585800055414,0
108,0.434154954273254,0.642753717023879,0.188841947587207,0
182,0.209731029286049,0.489081131201238,0.621209211810492,1
683,0.18179251839174,0.413594738137908,0.553549999650568,3
117,0.221932280110195,0.199134400114417,0.81807029643096,0
139,0.212747118584812,0.494554325379431,0.517260965239257,1
38,0.565393403870985,0.213080459507182,0.730742470128462,0
1084,0.48093415423178,0.267440471765722,0.321871397026135,5
74,0.766411200165749,0.656567708123475,0.725273495540023,0
1198,0.476588317863567,0.20349967875583,0.320120349777489,6
560,0.180391171979718,0.761812959006056,0.589494657283649,3
93,0.372207706328481,0.938620697241277,0.465701500419527,0
550,0.183722560724709,0.773578294692561,0.583309022174217,3
984,0.488240978983979,0.2638531623782,0.323296493642473,5
609,0.184460984889884,0.658267605956644,0.363464286131784,3
1033,0.482099099194423,0.259496518800502,0.333834567407176,5
1145,0.488543193251771,0.204238634686684,0.325864857370867,6
735,0.474711609355821,0.225385193838343,0.316546733596179,4
918,0.473753231709527,0.237717478823147,0.321982172558685,4
893,0.473541714627727,0.234833263869858,0.324402138358937,4
82,0.592327331891283,0.659159097122028,0.146802001865581,0
83,0.993445625295863,0.0449411300942302,0.591268433490768,0
72,0.0148772071115673,0.480899911839515,0.740287079941481,0
1083,0.47843775079621,0.261818644460643,0.325819967293951,5
169,0.211957488376647,0.781141623761505,0.567044218117371,1
157,0.208549049948342,0.558283665822819,0.261835774453357,1
1132,0.484158841126178,0.262136450678561,0.314096495271723,5
431,0.238799523145426,0.438578397408128,0.346420617471449,2
608,0.17862445888808,0.462462224089541,0.28148999302648,3
110,0.558782782172784,0.790348732843995,0.577976238448173,0
73,0.870431096991524,0.360418812837452,0.697390300221741,0
419,0.246647455161437,0.596972455759533,0.311999455024488,2
1025,0.471319940477583,0.261943255055687,0.320828357129086,5
300,0.209531760676764,0.406012084009126,0.580351651459932,1
355,0.245345722481143,0.601728403847665,0.460920045431703,2
213,0.214836559437681,0.682925761584193,0.653303209156729,1
486,0.237016596230678,0.657320241234265,0.278363725915551,2
222,0.20747428240953,0.490219032997266,0.296731246099807,1
137,0.214034269123804,0.485396130732261,0.414000337990001,1
596,0.178155320982914,0.717127468110994,0.609476703498513,3
224,0.208207560467999,0.41045617966447,0.629653815808706,1
915,0.482600201172146,0.238670576622511,0.318164749792452,4
830,0.471694323518477,0.248010437425612,0.327292948680495,4
1194,0.475053521441965,0.209119698098162,0.311468331197263,6
603,0.185168827909511,0.640382077451795,0.397203999501653,3
764,0.475115375376552,0.235890419463136,0.329484349180625,4
526,0.242864059247077,0.758184934873134,0.260912616318092,2
43,0.00687550380825996,0.905058397212997,0.969986752606928,0
1195,0.473539273497481,0.201979074201284,0.325115108731016,6
873,0.482068098110671,0.23953685912556,0.316757250186659,4
363,0.243093331181444,0.656410335469991,0.482379867974669,2
376,0.243420615682844,0.614873741194606,0.584585523395799,2
625,0.178918706260156,0.44885147982277,0.234623567480594,3
814,0.474955066627079,0.229188701934584,0.327746781076018,4
867,0.474312948265585,0.225940931824342,0.316623597928451,4
484,0.241305083124898,0.353934448119253,0.557227946049534,2
188,0.208766487932298,0.790822239033878,0.38137325369753,1
115,0.76407737378031,0.857634995831177,0.745896520093083,0
170,0.208807664406486,0.494131112843752,0.391097621922381,1
1041,0.48146211204607,0.268486939904297,0.321407791318879,5
1065,0.476882038450415,0.267276599565288,0.320749762330719,5
160,0.216503350043204,0.703481250233017,0.371319153159857,1
819,0.486362572616868,0.22601674685163,0.321333795131024,4
823,0.477811326776898,0.238314563395219,0.327090040536198,4
1196,0.467721124433111,0.211044994176812,0.317538038006075,6
860,0.477236634791553,0.234493871195917,0.323985692028948,4
917,0.482336296223823,0.231085957687357,0.321740329999386,4
1328,0.470206553865677,0.203744835048311,0.319918511619774,6
551,0.182281963592395,0.363456093496643,0.331799030583352,3
713,0.182248162233736,0.404069587844424,0.507267732801847,3
776,0.473479244576752,0.231330262492786,0.322356210347334,4
21,0.382253367220983,0.81951962527819,0.659351421752945,0
812,0.477000725855792,0.231584117116135,0.319291701720937,4
1004,0.474451454979694,0.262419963872972,0.330732505824392,5
932,0.482640171003274,0.237547856179199,0.321829326267124,4
664,0.186711501590908,0.759282314474695,0.417061378178187,3
517,0.24653742945753,0.349903693795204,0.638863280578516,2
928,0.481847662549519,0.227452228730987,0.324380586685524,4
362,0.242762601329014,0.810359369171783,0.667846717918292,2
1093,0.472687203689998,0.265783863018282,0.329504822301501,5
691,0.186201138072647,0.447966539440677,0.440744705544785,3
960,0.476289153781014,0.258485322300108,0.327902425667026,5
340,0.238756763131823,0.560146907018498,0.563322227145545,2
278,0.21611476912396,0.656754229823127,0.549135769880377,1
349,0.24024019462755,0.353970797872171,0.60377424552571,2
937,0.469004745196221,0.269814105349663,0.321840209964078,5
456,0.238500157108065,0.750066882255487,0.493849762529135,2
1056,0.474074354994198,0.264020956469489,0.317204687104877,5
446,0.238994948191103,0.64216803133022,0.485047280020081,2
6,0.0348729284014553,0.201729767723009,0.183219789993018,0
282,0.212770023518242,0.769451171415858,0.53163309074007,1
1307,0.481080882967471,0.204932950935679,0.325315687285384,6
577,0.181861494355835,0.39189535358455,0.234848898416385,3
477,0.243786899163388,0.811319548077881,0.342777777393349,2
890,0.474746734713562,0.240310896768038,0.322465717762928,4
398,0.238633607060183,0.51674328991212,0.530144191160798,2
471,0.243484415500425,0.612182939099148,0.223846811731346,2
971,0.479910992162208,0.270589416818751,0.327233141412834,5
1067,0.48291414402164,0.268035265869153,0.330362444128707,5
504,0.245595116098411,0.663047811039724,0.260763011802919,2
369,0.246033057474997,0.479762436496094,0.43260120046325,2
1059,0.475390364281039,0.267835475943865,0.318969694197548,5
277,0.20888782320777,0.407233559782617,0.284668877767399,1
1181,0.472930613636029,0.198958916002392,0.31952446060434,6
272,0.211287194860633,0.628972959029488,0.286981583968736,1
478,0.240306519230362,0.483618318475783,0.455971836508252,2
1174,0.470401023289304,0.209491146554387,0.320507702817223,6
479,0.237751386882737,0.459530535177328,0.540620055096224,2
206,0.208710279786028,0.545334135205485,0.458831458748318,1
881,0.476460311443388,0.236124153930477,0.329235143366514,4
762,0.474492703242314,0.235392278782362,0.321241955102268,4
476,0.242250014015008,0.491419462976046,0.56978639755398,2
374,0.237888154115062,0.498135386058129,0.648994452483021,2
28,0.121869420167059,0.720799108501524,0.420133323874325,0
530,0.237397007714026,0.616246054088697,0.53845075732097,2
1282,0.480194198698531,0.207176393047523,0.318763878927504,6
1296,0.477217256354395,0.201843126570801,0.33013020293019,6
1262,0.480522743337921,0.196691313107229,0.323624245179963,6
204,0.21003131397767,0.705377602623776,0.346487353020348,1
247,0.207953219034243,0.384076238400303,0.505046755820513,1
849,0.483436135822905,0.232741999522338,0.321981832174242,4
1225,0.481904892040246,0.210081634480956,0.321049473888346,6
1210,0.48322790596621,0.202610445172155,0.340629782079122,6
643,0.186191609753296,0.749682111805305,0.652105468837544,3
850,0.471851548788419,0.238108502509155,0.333541736326397,4
314,0.207862344041932,0.712660047016107,0.5458953932859,1
1099,0.481393130532248,0.262475098782505,0.324014701345362,5
535,0.184553187878337,0.461521312617697,0.544228579313494,3
489,0.243021017808933,0.737568532954902,0.579973501665518,2
1131,0.484894156384183,0.258830412047246,0.325978480562273,5
130,0.747043812647462,0.733337251236662,0.154716292163357,0
1,0.212089846841991,0.566631510853767,0.632589899469167,1
196,0.215734484561253,0.682256168359891,0.311711561097764,1
641,0.178002790685277,0.567104682582431,0.63384307064116,3
1144,0.485140967253964,0.208153860408036,0.321463903068307,6
180,0.210730885320809,0.374429952725768,0.413383151916787,1
466,0.24020009880187,0.481443966994993,0.416587278759107,2
197,0.215459570826497,0.345212764246389,0.201937823137268,1
906,0.482392726100552,0.240843732715613,0.332207355080866,4
320,0.207930840631016,0.640617221500725,0.304795962222852,1
409,0.23867798402207,0.744797557615675,0.428554717614316,2
614,0.182026830089744,0.405212861741893,0.29235330845695,3
1043,0.480359702559693,0.258554391820562,0.319947690755578,5
1288,0.473166878959499,0.21652419523154,0.319146598402779,6
955,0.468800279008078,0.263285104213159,0.322912388846762,5
1156,0.48407902543623,0.20239654082454,0.31705371613285,6
1020,0.477414175218736,0.276705115732657,0.329428075630535,5
508,0.238978860508651,0.371809977828525,0.26044769496657,2
773,0.473543542094466,0.240447816034865,0.320343162516441,4
393,0.23920032500755,0.450795705686323,0.568830825784244,2
1167,0.483012241442184,0.208951387037742,0.315349397707766,6
1061,0.48121253300129,0.253983639008446,0.322651096054889,5
687,0.18000465315301,0.357101903436706,0.465201858244836,3
231,0.216551082837395,0.63312600881327,0.456837556138635,1
302,0.216456819660962,0.605643705604598,0.688787426613271,1
793,0.475261026750689,0.232229406018745,0.329210500019788,4
1211,0.468280537840844,0.204562888669482,0.321283495125228,6
763,0.475909745639618,0.233134534083773,0.332968840111163,4
1111,0.47744253034084,0.264992590738974,0.320872942967696,5
406,0.241517948287074,0.435794093203731,0.473241545422934,2
889,0.476805169892996,0.243295956241896,0.324301019917465,4
46,0.702092996565625,0.579156354535371,0.611177963204682,0
581,0.186918799558189,0.530416281917133,0.607923430902883,3
617,0.179253556369804,0.348890934395604,0.45470229506027,3
189,0.212661299360916,0.418572264281102,0.358984429202974,1
607,0.177611528942361,0.589687746972777,0.482197558553889,3
963,0.478169929598347,0.274093643551215,0.329233557194302,5
1005,0.48534523839724,0.268569371218692,0.315728425231645,5
846,0.488546831340698,0.228558030310762,0.327603761572195,4
1276,0.475859718113476,0.208942152421172,0.32076787896476,6
1165,0.481123870885043,0.211523823322218,0.316307448629624,6
275,0.208570955994073,0.813557282229886,0.255370441288687,1
509,0.246866198885255,0.616086866613478,0.211067925603129,2
324,0.211293948437087,0.389683380513452,0.610521798534319,1
452,0.238969964343123,0.552330959262326,0.600097944424488,2
1136,0.480241135128463,0.206248007874835,0.317908929585705,6
1012,0.474253747437945,0.268639246105455,0.325182140673561,5
240,0.211122732786462,0.437195855565369,0.553640744346194,1
463,0.241716091511771,0.579105863487348,0.622360709751956,2
588,0.183172958611976,0.578303044801578,0.580994600709528,3
711,0.184861020708922,0.683482189686038,0.295681720413268,3
584,0.179637281526811,0.731539708701894,0.380827438947745,3
628,0.184958002436906,0.325521837128326,0.348994041024707,3
1118,0.46630341554621,0.272419028902932,0.316368377894479,5
375,0.246111404823605,0.508711205702275,0.197011161409319,2
702,0.182332104770467,0.74916354091838,0.497291503520683,3
1031,0.473769156298761,0.270688517634629,0.32915054992418,5
543,0.180091430270113,0.733492464083247,0.571964019723237,3
1219,0.477269125567245,0.202675054823689,0.327919650652856,6
