310,0.249673647806048,0.238699786132202,0.86046313168481,0
1434,0.227134480343538,0.297715644455565,0.749077769903744,6
512,0.703816081478726,0.601068410067819,0.587163446936756,1
1066,0.23040322002738,0.331559325923099,0.744834217679149,4
230,0.451206733472645,0.100470544304699,0.754837587010115,0
888,0.670196954093408,0.768068390991539,0.660274500376545,3
78,0.618394960649312,0.979892003815621,0.328095459612086,0
806,0.671799181718379,0.637354357144795,0.536428320105188,3
983,0.672541984075215,0.430825080000796,0.543700909125619,3
882,0.67635478959186,0.473063158430159,0.534332056064159,3
1235,0.225968086475445,0.354245206057601,0.747075711183765,5
1143,0.225550490371179,0.32509459359532,0.743598628526938,4
1155,0.232344188249069,0.315603675951387,0.735431144987277,4
1287,0.220421629151479,0.359815520710112,0.747852156009805,5
407,0.706028777544852,0.662366872048006,0.293333124485798,1
23,0.0765749276615679,0.912979498039931,0.169382693478838,0
106,0.990165010327473,0.887227320345119,0.966611484065652,0
35,0.616364341694862,0.344958702102304,0.489125418709591,0
191,0.377220357535407,0.219612359302118,0.719983274582773,0
669,0.72950003298698,0.596451201569289,0.668135451967828,2
1339,0.226230735363498,0.348859642895424,0.751602776085968,5
1182,0.229944852671648,0.313953556846136,0.757005749318665,4
627,0.728632587443572,0.795068845362403,0.505533630726859,2
904,0.673577184767928,0.476725789345801,0.437218287261203,3
839,0.673844344201498,0.713650444964878,0.576430878369138,3
26,0.935847859829664,0.394487401703373,0.966838634805754,0
1267,0.238735358635617,0.351290118461844,0.741874236995093,5
294,0.449069749098271,0.755498796468601,0.764075269689783,0
206,0.17362147429958,0.187671968713403,0.63279083929956,0
1128,0.221512467278468,0.320633847326827,0.731458784644686,4
314,0.712480444228277,0.394988745916635,0.0114417150616646,0
580,0.707369216284715,0.34911565980874,0.513327104388736,1
1570,0.22279034309658,0.292892864913115,0.735065918677214,6
1537,0.225843649345873,0.296388472792797,0.742573702638184,6
484,0.70061427869834,0.320491832657717,0.274752319790423,1
1324,0.232697310448799,0.357074782966016,0.747237271472134,5
947,0.672975555998273,0.610256306454539,0.728497452917509,3
915,0.676990084550343,0.532755346246995,0.643133803503588,3
1409,0.22600659906222,0.288408214527782,0.742358723951227,6
81,0.219846799038351,0.362962647806853,0.219495390541852,0
1469,0.232853079219165,0.291718527985282,0.730552601892404,6
68,0.339254869846627,0.759782922454178,0.301172697218135,0
702,0.735453686146066,0.32703377304133,0.50819751911331,2
394,0.600568655412644,0.292244679527357,0.162043613614514,0
719,0.730498544452712,0.608254132652655,0.642523889546283,2
103,0.262741589918733,0.576644465560094,0.973411549814045,0
57,0.739291029749438,0.709471692563966,0.884378925897181,0
780,0.729563256029505,0.433155069220811,0.356388539890759,2
1104,0.243893429703756,0.3326691695726,0.751560246281207,4
1304,0.229612469054334,0.351044088173801,0.738609205060396,5
446,0.707230629674159,0.338251459272578,0.400325962458737,1
1543,0.226892384736252,0.30407639976735,0.747158335141818,6
1540,0.232302883351374,0.289917087936486,0.743272252575782,6
56,0.92200660542585,0.425482626305893,0.418027740903199,0
988,0.670483038467355,0.540441654948518,0.7496000736719,3
836,0.670215441670734,0.617882304335944,0.570689583779313,3
1009,0.239251693696506,0.32939264923653,0.74275184666146,4
72,0.755117834545672,0.109066284261644,0.996633193688467,0
1419,0.235090323271845,0.28697422021107,0.746424315324821,6
1500,0.224979296674429,0.286781804609405,0.73960326639071,6
500,0.706527065872215,0.624102783948183,0.543342875200324,1
1505,0.230994531167309,0.299292181574504,0.748932804150521,6
1420,0.232182065497702,0.294579542269121,0.736547828792277,6
1078,0.230067610264578,0.331549121692693,0.741754996130561,4
1392,0.227017429667296,0.349417242639565,0.747278743932395,5
1036,0.224841972894927,0.316128874716943,0.745385670675897,4
91,0.874110612552613,0.292788081336766,0.780505676288158,0
1243,0.225135223613123,0.351981165044789,0.744388029911772,5
986,0.676971004267689,0.687929442245513,0.741603586473502,3
1209,0.227391936090411,0.365446019504291,0.743103507085028,5
1524,0.234803162716522,0.284103346421633,0.741693073805868,6
1520,0.227104108607361,0.293443014818452,0.745721683308859,6
1197,0.229070651843211,0.312359921846124,0.751044673309674,4
1265,0.225185229556838,0.350118945338018,0.744279282945169,5
386,0.694582855794579,0.108500354690477,0.393293820554391,0
632,0.73684960491024,0.383422515331768,0.325336155947298,2
744,0.729002569688018,0.791313547035679,0.577596698072739,2
461,0.705605093201157,0.611626521428116,0.48277216590941,1
747,0.735715909325518,0.76933335964568,0.739326481823809,2
161,0.314956587040797,0.610968133900315,0.540335197933018,0
885,0.669337219032459,0.468117935326882,0.357879478251562,3
786,0.735934203674551,0.741540023335256,0.474760377663188,2
750,0.728238083422184,0.382831726083532,0.749816616415046,2
264,0.571355611784384,0.0235284694936126,0.874638244276866,0
395,0.906510787317529,0.027560054557398,0.629261388676241,0
1306,0.235072321687554,0.36544863045382,0.741920669819381,5
1298,0.229177574205949,0.345933910656892,0.736445262095646,5
1098,0.233500403155552,0.321251966179195,0.735882068432423,4
855,0.67585264979396,0.374277608678676,0.692986736888997,3
1221,0.222170457103941,0.347127616970473,0.738537257685368,5
1046,0.241398225612293,0.330415343169402,0.74614257557214,4
53,0.149218189530075,0.137768569635227,0.104632512666285,0
305,0.349851580103859,0.875629883492365,0.813286624383181,0
639,0.735719875032082,0.509069030499086,0.645549404318444,2
391,0.579140455229208,0.838422491215169,0.803219986381009,0
654,0.731971000325866,0.673640386527404,0.530392452608794,2
878,0.669788248005789,0.724195300345309,0.328504127450287,3
205,0.246597509365529,0.879978673066944,0.453832949511707,0
318,0.48245293693617,0.123072601156309,0.307483395794407,0
141,0.23565998673439,0.574008084367961,0.362233862979338,0
1068,0.233695950112718,0.311237299530475,0.740849817507149,4
1171,0.228071160879144,0.330552501620087,0.74632252849264,4
1375,0.237004257177785,0.353397249755734,0.74240862837385,5
634,0.73492643276928,0.493048953567632,0.617606446496211,2
1299,0.231602992888652,0.359312049618771,0.744271204423799,5
1254,0.227450284740872,0.35794816444448,0.746697916292054,5
825,0.669941918901168,0.496471691853367,0.638154285028577,3
1065,0.232687958410074,0.326331559953403,0.743708867280031,4
1384,0.227931024514153,0.350227671086874,0.743429872734333,5
234,0.476295531261712,0.645411027595401,0.514635922387242,0
1496,0.230515042436689,0.287436153936503,0.743952339621806,6
1153,0.231610586759517,0.324404829442115,0.73921745329902,4
34,0.159058667952195,0.617429498117417,0.209174127550796,0
432,0.705020785850938,0.479285181709565,0.536783625837415,1
782,0.73204944643192,0.600846539693885,0.655958658782765,2
1410,0.235742165933332,0.289599741201351,0.750992949495529,6
423,0.700201222472824,0.604667262616567,0.353735030745156,1
995,0.675697268904187,0.604380613169633,0.496846615918912,3
379,0.773921308573335,0.264246980426833,0.212165850913152,0
1535,0.231472560152032,0.286576373344113,0.746324273081156,6
1152,0.236167897170371,0.329885197551022,0.748684928729975,4
197,0.0946915433742106,0.418221296276897,0.317280321847647,0
1467,0.223603189846813,0.299933891155865,0.741503660187344,6
275,0.682392731076106,0.998825121903792,0.85901329247281,0
196,0.604896573349833,0.864334543468431,0.112227654550225,0
442,0.704450354697183,0.766434146417305,0.36317270679865,1
468,0.698413401830476,0.576162537769415,0.716461265459657,1
1418,0.237820434181944,0.298276294630623,0.743673192758043,6
449,0.704774473905563,0.422784180706367,0.304404995054938,1
1206,0.224569042118217,0.343030806048356,0.743798217374745,5
1059,0.237221532143453,0.321505681882147,0.746508052716668,4
608,0.735930521271657,0.376305026444607,0.483630683971569,2
466,0.702879777080379,0.801224943809211,0.479120789445005,1
718,0.730121499663219,0.706909495033324,0.654859417583793,2
1415,0.226423782160229,0.291085261608903,0.744951829463542,6
1351,0.237028710904333,0.354778242223133,0.739576803780132,5
160,0.723557949298993,0.694278839044273,0.956520167877898,0
238,0.252115664770827,0.467746392823756,0.903564934851602,0
1144,0.229101685551704,0.332198741892712,0.738695998496946,4
1114,0.232089779332085,0.324657627404743,0.739183699057105,4
192,0.738043824443594,0.766226795502007,0.277647049166262,0
218,0.767596662510186,0.627067207358778,0.760516754817218,0
1122,0.225973456272917,0.322435832108376,0.742663444453688,4
1150,0.225136016582533,0.332840074171401,0.739272181352981,4
344,0.166139607317746,0.624825191451237,0.182425029110163,0
565,0.698416955561843,0.550018264190294,0.280651628389023,1
690,0.731667131062131,0.555784327653237,0.544266153592616,2
1549,0.229421423501831,0.299084023119547,0.739530074419956,6
1294,0.224661540981488,0.353960791917129,0.742730532208827,5
1138,0.227042131572419,0.329464402900909,0.740287694498303,4
1273,0.23066735381423,0.356100269777841,0.748438124764255,5
532,0.701039554714225,0.47582058745902,0.544635329162702,1
431,0.705496156809386,0.575446307635866,0.654907909105532,1
689,0.728101921863854,0.532458169129677,0.592379071749747,2
607,0.728436544947326,0.724541332665831,0.33200978464447,2
249,0.535920436726883,0.949891728581861,0.978114963741973,0
422,0.702362738079391,0.377222348796204,0.705880715162493,1
851,0.672447243481874,0.787233791290783,0.575564549770206,3
439,0.70149017659016,0.463606829848141,0.662203638348728,1
1170,0.231684205298564,0.322650107271031,0.742841843388695,4
1198,0.227331433524955,0.325480092173905,0.740929153434883,4
731,0.732634741298389,0.789974866993725,0.747148433350958,2
695,0.729514071566518,0.786140543501824,0.450464343535714,2
942,0.674049232653342,0.531439118064009,0.41745254280977,3
979,0.675746158834081,0.5655196568463,0.361869020620361,3
984,0.671505820099264,0.569443853781559,0.748002078966238,3
50,0.186491006752476,0.320506536634639,0.313744123559445,0
256,0.36336550838314,0.875453277025372,0.152349900454283,0
1239,0.229572092771805,0.342042625159445,0.744143193365751,5
378,0.0347453872673213,0.333206945098937,0.348876886535436,0
1097,0.230924203917562,0.324168232167277,0.74456736376716,4
1110,0.234541467639967,0.323641234820824,0.734977603714725,4
204,0.0793630350381136,0.681935597211123,0.188775014597923,0
129,0.728946197777987,0.865629920968786,0.819903201656416,0
1011,0.22990557439159,0.319156332143355,0.741230661739702,4
1320,0.221660223879306,0.35528413264974,0.752396880606588,5
260,0.731657211668789,0.0356922140344977,0.318430275190622,0
721,0.729850075133145,0.466379582392983,0.395092047401704,2
515,0.705102621819824,0.67807917422615,0.686534453183413,1
450,0.705052295241039,0.388171802600846,0.374918949673884,1
945,0.677762196019758,0.460790391988121,0.44144152244553,3
1426,0.231174575480799,0.295771171000383,0.744236063611263,6
1180,0.236537791662472,0.32310466018857,0.749042097384943,4
335,0.973541843704879,0.239331616088748,0.0957102011889219,0
1266,0.24020400046876,0.347812288096998,0.732666426716868,5
99,0.343457009177655,0.0342726439703256,0.47435554349795,0
919,0.675480975571554,0.642209469899535,0.3713555468712,3
1250,0.225728009961089,0.356969074194616,0.748125739334939,5
881,0.66977033524774,0.36535761107225,0.748068169341423,3
834,0.675737688546069,0.705682083475404,0.711399428662844,3
514,0.703068008001428,0.622777378861793,0.668825737899169,1
38,0.52518164832145,0.111014048801735,0.960604493040591,0
315,0.514688938390464,0.817647143965587,0.944127303780988,0
1099,0.22643504648042,0.324715209079187,0.746251189226373,4
1191,0.227074748043105,0.315539860406154,0.739824647976749,4
179,0.119349075015634,0.799043965758756,0.406933673657477,0
635,0.732825209458824,0.523713151202537,0.61151519510895,2
1168,0.236140191561148,0.320171413096062,0.739753021103802,4
1297,0.236719334566028,0.345205356219071,0.739626401588742,5
1536,0.240997397172094,0.29171029333074,0.745002407843778,6
1447,0.236027771011254,0.292173213674861,0.743686399462437,6
371,0.875096008181572,0.0697411599103361,0.132258844096214,0
976,0.670715109487064,0.443358088238165,0.467455504578538,3
699,0.734939682194963,0.7231551888166,0.290382372564636,2
1129,0.224476967592697,0.324653639377743,0.735870524769141,4
93,0.0876094722189009,0.849529819330201,0.799620447913185,0
202,0.291149454656988,0.554308394435793,0.182302427012473,0
931,0.672486631330103,0.547439692169428,0.682553681894206,3
1342,0.23656831307526,0.358300341443818,0.738119961239431,5
150,0.373419088311493,0.490573236718774,0.659001516643912,0
1597,0.235125696502061,0.291290201833792,0.739022042427553,6
940,0.67517982377205,0.683344974275679,0.33246226911433,3
1012,0.233821505018202,0.319566945523491,0.739155230862633,4
1215,0.239189992823692,0.358589920343,0.740816302591488,5
548,0.701637418316677,0.419097065087408,0.464384767576121,1
18,0.124249556334689,0.212544797454029,0.637209929758683,0
768,0.733387475193013,0.759691826393828,0.397920847404748,2
801,0.670408289225306,0.722669018874876,0.690285956603475,3
1483,0.231057754210011,0.298031320449866,0.747414489131899,6
1503,0.231450034431992,0.288655854944681,0.744751269763573,6
1474,0.231791064189774,0.2937954320925,0.744129031137612,6
980,0.673077452806756,0.607836370915175,0.418013270827942,3
1357,0.233505217517781,0.345859620644605,0.738568997005553,5
250,0.891745837405324,0.103527498198673,0.408863147487864,0
772,0.729276214297861,0.620406377338804,0.365089060273021,2
1236,0.232164551642645,0.352168710842272,0.748541590726875,5
778,0.729303807134274,0.552802595170215,0.571281045442447,2
242,0.89304965082556,0.870525828795508,0.653464810922742,0
31,0.731203072704375,0.486934346845374,0.0879929766524583,0
292,0.476714788237587,0.338188362075016,0.475231503602117,0
348,0.174867488676682,0.676640391815454,0.67824450484477,0
33,0.108761585084721,0.200653371866792,0.728031572885811,0
337,0.645499151200056,0.803067281842232,0.694828443229198,0
789,0.734057591820601,0.487552953860723,0.566333433031105,2
28,0.216196270426735,0.821396867278963,0.878972021397203,0
252,0.489206655649468,0.968001737259328,0.804848902858794,0
672,0.735842047242913,0.558395306905732,0.323933890205808,2
788,0.733020629608072,0.437938488763757,0.336791145266034,2
917,0.673466829431709,0.63546796455048,0.477421534829773,3
811,0.670042998986319,0.621352272783406,0.700135317631066,3
746,0.731872948778328,0.333709318982437,0.56398346927017,2
724,0.73317468668567,0.394050593115389,0.27109759405721,2
455,0.700498598283157,0.526284692785703,0.512169141788036,1
994,0.671974069715943,0.637527445424348,0.698647007113323,3
2,0.512761220801622,0.918026656610891,0.902190924389288,0
460,0.701092398394831,0.749954592180438,0.542954026721418,1
611,0.736508403634653,0.601151176937856,0.70271105482243,2
1396,0.228761748688424,0.33969757802978,0.738468023478849,5
1220,0.234473513916434,0.353426418378789,0.73902492690806,5
322,0.110694385133684,0.0588204227387905,0.142463892931119,0
90,0.816662677563727,0.671003318624571,0.888817301718518,0
1446,0.220367277680463,0.287613748101049,0.744455492312009,6
255,0.340667810989544,0.850715495878831,0.247163515537977,0
416,0.700851730313152,0.504459890979342,0.293715741485357,1
86,0.0564465038478374,0.439443883718923,0.032750274753198,0
181,0.110234724124894,0.660665264818817,0.250290085095912,0
505,0.699708405199926,0.412064053327777,0.623409210355021,1
559,0.706130230869167,0.675814469205216,0.346575716743246,1
363,0.413249088916928,0.0214602393098176,0.84166911104694,0
436,0.706207715091296,0.567304061236791,0.311854937346652,1
619,0.733740586948115,0.776022242824547,0.454733817372471,2
404,0.702888862597756,0.341477047512308,0.297291537397541,1
430,0.699845819547772,0.490688133146614,0.448645673226565,1
102,0.881782598095015,0.963477439014241,0.426577077247202,0
1464,0.230154429088007,0.295424784200262,0.739550828555615,6
897,0.668777587553486,0.311030966322869,0.345813360414468,3
15,0.852266983594745,0.107366745360196,0.973938065348193,0
709,0.736918442244642,0.598142296867445,0.499206981505267,2
474,0.699391114348546,0.656606987211853,0.407721924595535,1
156,0.305532496189699,0.0219127610325813,0.904518988681957,0
599,0.701209485249128,0.549939723312855,0.511891542701051,1
970,0.671765901909675,0.495254066982307,0.266565947909839,3
1541,0.224784593459865,0.299828372224892,0.743840484566041,6
114,0.524725837633014,0.955464545637369,0.658271674066782,0
385,0.242258796934038,0.791714994469658,0.993552897591144,0
1309,0.225468038244125,0.348403890541581,0.750332964206273,5
365,0.445470038801432,0.607461428036913,0.616836874745786,0
848,0.674758727541193,0.450051040248945,0.430112117435783,3
1523,0.238531674793319,0.286454204783909,0.739074959683746,6
374,0.988930381368846,0.24467968265526,0.279538327362388,0
1344,0.230312153060855,0.349053865628122,0.734025891130063,5
982,0.669865520675667,0.362783487280831,0.721296397852711,3
969,0.668445558447856,0.478570241341367,0.497186183929443,3
911,0.677029357282445,0.48553510683123,0.413641717866994,3
105,0.939303925959393,0.766093272715807,0.0153449326753616,0
1082,0.232030997947967,0.328483850155731,0.741411690213757,4
844,0.671914177471772,0.481354723428376,0.419805251061916,3
1462,0.230255672028458,0.29076436343439,0.741405108453844,6
1261,0.230571659564866,0.361099057110077,0.740950193202965,5
688,0.727999520944431,0.467294574924745,0.326358929974958,2
278,0.119932767236605,0.863436826271936,0.786469715181738,0
495,0.707656896996777,0.75222633718513,0.356120793730952,1
1308,0.229430287918764,0.34767112209134,0.744079044495334,5
1303,0.228267320328522,0.348498104547296,0.746899670804611,5
1386,0.226792033242779,0.349663847095457,0.735580300368539,5
154,0.293625019490719,0.0671212044544518,0.202758439816535,0
666,0.728740574119147,0.535969883413054,0.473264338448644,2
452,0.707091228945646,0.494632760970853,0.537854320253246,1
999,0.675555994177703,0.339062451594509,0.712643780163489,3
1401,0.235594638569319,0.297690367086826,0.739009208700515,6
428,0.702414722065441,0.774305281788111,0.5563464385923,1
155,0.378041800344363,0.559448254760355,0.354213846381754,0
602,0.728769484320655,0.583224844397046,0.399193897261284,2
1577,0.230913738581387,0.299953713574075,0.743190534104273,6
807,0.67516154153971,0.31115807404276,0.454383790376596,3
941,0.668884830868337,0.800792017579079,0.378022059099749,3
1327,0.224446603456809,0.350558944991942,0.750177165395062,5
1493,0.233324840206544,0.296869878004222,0.741856852194034,6
826,0.672714011087082,0.684058550721966,0.430681428639218,3
415,0.703705635454971,0.68827565163374,0.340889902086928,1
1412,0.233898118029773,0.290484195085792,0.742492894114569,6
1391,0.224468359164005,0.357306799438287,0.742495103123719,5
958,0.675994461125229,0.739223130606115,0.655337234726176,3
400,0.205634374404326,0.171424153493717,0.0874006112571806,0
149,0.640164243290201,0.648803227115422,0.0636972188949585,0
1189,0.236649669982412,0.329021324536294,0.741736105053347,4
1288,0.225828461198269,0.352046896442045,0.742950057109509,5
1039,0.230540884686599,0.321061568182987,0.746574881927682,4
1013,0.221044804472662,0.326100446244148,0.743866057029464,4
898,0.669480247306637,0.532729727774859,0.679089263197966,3
1020,0.23142080214792,0.326415634062765,0.741545164129803,4
465,0.703767742488999,0.443628379586153,0.408320359885693,1
573,0.702750801588409,0.609510212414898,0.640416351961903,1
265,0.629503265488893,0.37775620049797,0.251840737182647,0
380,0.687084614764899,0.129524775780737,0.563191255088896,0
186,0.676321880659088,0.897918167989701,0.0427305055782199,0
761,0.73388401539065,0.626844738586806,0.529880296904594,2
1424,0.220403459209738,0.299354704398819,0.732735959066709,6
1161,0.236885078950985,0.326337985067629,0.745605541439238,4
1389,0.235324057149317,0.341999104635335,0.744237878917478,5
227,0.210886351298541,0.579101913608611,0.837050859350711,0
1015,0.231830776376717,0.32671647621198,0.746674895177687,4
87,0.67339111212641,0.447300142142922,0.782700965646654,0
1454,0.234912664288611,0.287885963215193,0.742347701330136,6
1315,0.240162600409767,0.359864160750028,0.74484464302566,5
7,0.557726718252525,0.98141032224521,0.0694785411469638,0
1558,0.233203053519747,0.293446488568977,0.741701223289209,6
1513,0.231340434795422,0.297404266612154,0.739593924529399,6
1135,0.229226090458963,0.317661973547494,0.748782320480942,4
130,0.0979654199909419,0.410920481896028,0.322955025127158,0
127,0.324779344722629,0.482548447558656,0.199865467380732,0
1365,0.228007201955757,0.351341302162792,0.747747395697595,5
1224,0.2311068028546,0.347597302324636,0.740012051834817,5
1600,0.233133246910713,0.293293608386928,0.743909633045148,6
51,0.00285674957558513,0.42004797491245,0.440951959695667,0
1083,0.226442797648278,0.319299668411653,0.745356670639662,4
22,0.0588721665553749,0.290174530353397,0.243412627605721,0
784,0.729360113122966,0.424063575314358,0.301473567844369,2
60,0.121614807518199,0.322160556679592,0.965819280361757,0
62,0.525093227624893,0.819003674201667,0.852466526441276,0
651,0.737581372710411,0.340005118842237,0.629157542600296,2
1142,0.227754573549932,0.320055065354087,0.735799575636739,4
384,0.197660115780309,0.442272793268785,0.62018391257152,0
1111,0.220014844585977,0.325920408209085,0.74471637789035,4
1272,0.233595609274416,0.350906984067122,0.745755710420952,5
307,0.517440066905692,0.735996823292226,0.815726088825613,0
510,0.706473308745772,0.460260077007115,0.311057072831318,1
946,0.670319819306023,0.65096161942929,0.439832766307518,3
1133,0.229681919724766,0.336408304443276,0.744417772689825,4
328,0.773376483935863,0.764028072357178,0.273993839509785,0
815,0.674996612053364,0.560435941070318,0.626728520030156,3
1573,0.235083911999122,0.292128509086499,0.737557123578269,6
136,0.615740944864228,0.914382219081745,0.441500128712505,0
492,0.703694145330228,0.337953559565358,0.532510619494133,1
134,0.937481893226504,0.393764828564599,0.475465637631714,0
667,0.737559215519577,0.66619730447419,0.672186486888677,2
830,0.67044038156746,0.661764724855311,0.411367912311107,3
1407,0.219450669135236,0.293618507093851,0.736070866845933,6
1234,0.24261569337097,0.350188656242482,0.740042408090441,5
1374,0.228538788559485,0.350057452428794,0.747091107441162,5
268,0.956362815806642,0.565346776274964,0.452969356207177,0
1353,0.235370044460447,0.35671626100256,0.748094737363693,5
266,0.955853240564466,0.130194837227464,0.855722734704614,0
1157,0.235189051112877,0.331229197544129,0.745581579736361,4
1362,0.233996262524657,0.349956727350957,0.745049681245103,5
665,0.737046847119927,0.42064990287181,0.710986396181397,2
1387,0.231954736851656,0.356406987696425,0.739387240587446,5
769,0.72830062742345,0.387824542331509,0.504374048323371,2
1428,0.2174333046525,0.283587486205093,0.737687224784032,6
259,0.839091863017529,0.678169316379353,0.816485836403444,0
574,0.704076534162741,0.735092213470489,0.338063449948095,1
312,0.294161313213408,0.900874987477437,0.0102944753598422,0
1027,0.234293260460645,0.325946521185824,0.73872318700627,4
311,0.13596587954089,0.755782246123999,0.324798924615607,0
467,0.699569957288913,0.617965813120827,0.423561611096375,1
1584,0.229664431321758,0.279495176987049,0.752576966945615,6
11,0.498150020604953,0.599938102299348,0.398462246404961,0
1060,0.230299064385845,0.31726934177869,0.739644875061701,4
1107,0.234041199334661,0.323642532498796,0.7456916879532,4
356,0.674426727229729,0.462209918769076,0.850972750689834,0
964,0.67026862203842,0.530726714269258,0.32512753282208,3
707,0.733574407349806,0.504560559731908,0.411880277213641,2
173,0.713987010531127,0.873298626160249,0.282455606618896,0
377,0.931501165730879,0.692939015105367,0.371747581288218,0
273,0.575746433576569,0.757847843458876,0.927660137880594,0
1259,0.233236409642926,0.347776511965949,0.743329461887413,5
1284,0.240322707702457,0.352582669758318,0.739481716702331,5
433,0.704435484916903,0.432036751043052,0.291585400584154,1
1199,0.229213635223416,0.318987472072615,0.736317245745701,4
771,0.73144685749663,0.365888796257787,0.44672302226536,2
1442,0.229167630475133,0.295922751811382,0.74759085254569,6
1120,0.225190823458602,0.322357684388423,0.738887191860624,4
1151,0.236044021751944,0.313580448838437,0.732381459968925,4
585,0.700108120057266,0.682727255369537,0.739801984163933,1
1148,0.231619966064939,0.32013092585522,0.748637710058055,4
1400,0.229146897509607,0.347866992483362,0.740638263479809,5
1187,0.226619086848788,0.319275555682999,0.733988767335872,4
1119,0.227979519963879,0.323166082741623,0.741450853493258,4
1156,0.230562408096752,0.328137846545687,0.738369298624866,4
1595,0.22732117611728,0.287175190945066,0.743574169142218,6
590,0.703287888763007,0.746015975461342,0.525330115808174,1
631,0.735504729272798,0.377680794894695,0.523518257192336,2
1062,0.236140207161254,0.329802765704075,0.744347407044475,4
41,0.105820127530023,0.100288086337969,0.190206178231165,0
1289,0.235214345914917,0.350250760353613,0.736202403653156,5
226,0.484426909126341,0.459427746711299,0.179032519925386,0
309,0.376786231296137,0.659247481497005,0.931189706781879,0
797,0.73438774918206,0.513994761370123,0.533304771757685,2
1349,0.231560697990878,0.360865589501369,0.745121114769349,5
992,0.676234570639208,0.761340594710782,0.525531084742397,3
488,0.699962326830719,0.477593649271876,0.45018626190722,1
893,0.674098780476488,0.445769742224366,0.33110862202011,3
1376,0.228302704355564,0.346437604545985,0.741127976575703,5
653,0.73755129807163,0.635875576036051,0.530831070500426,2
783,0.735588669674471,0.497829456208274,0.46724989276845,2
195,0.809257656103,0.788370670983568,0.544072346994653,0
409,0.697951180064119,0.775483350479044,0.575088083278388,1
215,0.23536241450347,0.411281561711803,0.999505209038034,0
1240,0.22483633035893,0.352294853085078,0.739704922095412,5
373,0.701369456015527,0.0446164892055094,0.277862588176504,0
132,0.946649604709819,0.708168936893344,0.238823116524145,0
417,0.699478638796136,0.503852218366228,0.357980352942832,1
1340,0.231563753464311,0.353858827849334,0.744644323648388,5
589,0.702347463693004,0.523562020016834,0.523442418663763,1
271,0.170264122541994,0.661491480190307,0.77759537496604,0
483,0.70024106142344,0.590466090687551,0.554911225452088,1
861,0.669643796503078,0.790063791535795,0.267781822360121,3
1509,0.23295039954234,0.296641165240765,0.739185644864622,6
1145,0.229083701203409,0.319100556650704,0.739126904565741,4
1514,0.22337390937478,0.287412102676804,0.741342455245599,6
1417,0.225958453207658,0.295052158578628,0.744864789107768,6
144,0.768478089012206,0.768208300461993,0.477051202207804,0
383,0.818148409714922,0.149648933205754,0.43387816217728,0
1582,0.232108072885103,0.290627703238498,0.73616407541239,6
610,0.733128636567853,0.374172810907476,0.664643991854973,2
17,0.979189621517435,0.381792295258492,0.557650060392916,0
399,0.0853402416687459,0.326442250283435,0.501705121947452,0
661,0.729881207959261,0.341199331427924,0.685532910516486,2
1159,0.228535626226223,0.324910477203169,0.745936046012974,4
236,0.541876637842506,0.693032820476219,0.642485684016719,0
658,0.732233207889367,0.795148976589553,0.468858891050331,2
1001,0.23529555989019,0.324590439210583,0.735130604164252,4
1528,0.22983683009852,0.291673025250429,0.749635155138623,6
907,0.676494620300364,0.375022163591348,0.413279176922515,3
293,0.331321305595338,0.643170931842178,0.181905459379777,0
1219,0.227748748939914,0.347566994501565,0.733723814201445,5
107,0.962525668321177,0.600892077200115,0.13063380215317,0
1575,0.228484610034615,0.287019294157185,0.736203614438684,6
1355,0.238144816664416,0.345845592669054,0.736609034288087,5
720,0.728365371816326,0.655964859738015,0.426860297331586,2
169,0.889606464654207,0.810589540516958,0.840799572179094,0
152,0.723302653990686,0.114964844658971,0.0130672843661159,0
146,0.670528957853094,0.824030352057889,0.236240035155788,0
1275,0.22639385550996,0.351168313032658,0.740986372349583,5
1585,0.227049457832617,0.290272430892761,0.744880053194664,6
361,0.457060160348192,0.233211992308497,0.898448445834219,0
842,0.674812380522489,0.402066051936709,0.62453694420401,3
61,0.568758620647714,0.391386491479352,0.0780303259380162,0
625,0.734009042873513,0.549599966825917,0.328877254505642,2
283,0.662884693825617,0.0720767576713115,0.637041278416291,0
1174,0.228911011313356,0.31758813080759,0.751277383911424,4
516,0.70152020029258,0.447561252606101,0.594991532387212,1
894,0.677218851645011,0.714426010008901,0.305796052096412,3
437,0.699318709950894,0.455150140076876,0.59410611493513,1
177,0.10007960232906,0.936041228007525,0.695577030070126,0
42,0.90082849515602,0.256625620415434,0.239956158446148,0
792,0.736501663362142,0.744568737549707,0.641239308519289,2
170,0.480122883804142,0.328841598238796,0.470986710861325,0
1441,0.226096925652999,0.289424372929046,0.740639225359281,6
871,0.677509454798419,0.665320619684644,0.707688314490952,3
1051,0.226544454624378,0.320918320280474,0.748609209458102,4
138,0.382728672353551,0.854930182918906,0.895551366498694,0
375,0.934116093441844,0.0959354066289961,0.014698367100209,0
1137,0.226217322594686,0.311259289639432,0.744352649815456,4
487,0.700268064439297,0.72788551854901,0.593602972570807,1
1050,0.233084411998865,0.313798345881309,0.740027881586977,4
944,0.671876865439117,0.572230435651727,0.53856402519159,3
1054,0.233044783177129,0.326436816370936,0.741273791085963,4
749,0.730162074624095,0.695262426952832,0.275642601307482,2
285,0.795141163747758,0.457818754715845,0.984472741838545,0
272,0.955558604560792,0.153532531345263,0.29215880506672,0
92,0.756959464401007,0.397909562801942,0.802931697340682,0
954,0.671182582024485,0.466347209969536,0.57518644630909,3
710,0.728416324206628,0.376351687218994,0.564670763793401,2
743,0.728368114447221,0.5225670655258,0.500285422313027,2
332,0.058507970534265,0.249543378595263,0.859003810444847,0
677,0.737021438861266,0.351617347775027,0.440172189031728,2
1300,0.228982228813283,0.35615231201172,0.744688147268744,5
36,0.643431133823469,0.811701142927632,0.876044792123139,0
287,0.376438469393179,0.0296654058620334,0.923281176481396,0
224,0.775693296687678,0.71927590155974,0.761342281475663,0
638,0.734127533510327,0.778833929309622,0.398013445897959,2
856,0.677748617075849,0.335170630807988,0.479494972969405,3
239,0.517945964355022,0.239974329480901,0.611668181372806,0
852,0.677353867376223,0.683969706390053,0.38803445152007,3
1588,0.22696027492,0.292746523891092,0.74425234424284,6
821,0.669894768984523,0.389585988689214,0.351087203249335,3
288,0.103681171545759,0.224189426749945,0.0949989189393818,0
1025,0.233027459921713,0.322742086747854,0.752774777294218,4
687,0.734679976827465,0.331354856467806,0.372443358413875,2
1023,0.226478702064691,0.316461038788265,0.742746866069159,4
349,0.510987187968567,0.941269721835852,0.498477512039244,0
685,0.730161851516459,0.361102473549545,0.580551460618153,2
1079,0.232979865324796,0.316092840312928,0.739664486185054,4
1456,0.236576245452357,0.289905355517057,0.741232504024667,6
1188,0.230120997875875,0.319790181862816,0.738674651797145,4
364,0.695607020286843,0.142133085057139,0.251740080770105,0
1201,0.231810599863982,0.350335629253369,0.743390728285662,5
508,0.70136778303422,0.310664467257448,0.483845899463631,1
58,0.290598351508379,0.540795728098601,0.410648222081363,0
521,0.699994575739838,0.601988743501715,0.446136505226605,1
1360,0.236670533344409,0.352769079675464,0.736811294768328,5
1554,0.229500936015848,0.29486506863677,0.744017068975091,6
1358,0.22833731015414,0.352181607394414,0.746296745467322,5
194,0.202515083132312,0.32147356076166,0.718823199626058,0
1330,0.233215004310491,0.345008497130167,0.739736145982931,5
819,0.676665403482039,0.361574784130789,0.286379625671543,3
108,0.623680105200037,0.7847082586959,0.853232611436397,0
241,0.592224074294791,0.330937022110447,0.573784831445664,0
291,0.630631847307086,0.26073233038187,0.380241375416517,0
372,0.319290511310101,0.0785539424978197,0.493737003300339,0
45,0.948020314564928,0.758818954927847,0.881915127392858,0
1229,0.229423128399567,0.353308841438085,0.738611910209403,5
1470,0.232680172080565,0.287820148637173,0.747604973904788,6
874,0.673681817403994,0.575166686065495,0.353001346578822,3
586,0.698312139448244,0.670718871848658,0.542453074012883,1
729,0.734576266948134,0.566856605908834,0.456786360940896,2
1101,0.230409009900692,0.319395465954992,0.738077219469497,4
644,0.728765024845488,0.570031026354991,0.591185669065453,2
178,0.79431369015947,0.823460011277348,0.650680196005851,0
396,0.7690382481087,0.347223155200481,0.377755943220109,0
732,0.728917233624961,0.625940884789452,0.448265755781904,2
1089,0.226390514618012,0.319051338079251,0.745729302266662,4
340,0.942525612888858,0.00939409760758281,0.118310182821006,0
100,0.227653646608815,0.387531112413853,0.410902114817873,0
187,0.197752266656607,0.847511938773096,0.618778157513589,0
413,0.698140120091848,0.380048706172966,0.477779344539158,1
587,0.704949117493816,0.377190263220109,0.334412181517109,1
1422,0.229118645592001,0.298330849090588,0.74050719169829,6
1310,0.222978364736411,0.347117176896056,0.743716494202742,5
541,0.704487356033642,0.405173539277166,0.364726203610189,1
975,0.673459550642874,0.369470818876289,0.573016491602175,3
509,0.701722470126115,0.498828388378024,0.467008132603951,1
1257,0.21887807609623,0.351411657567862,0.733916339791446,5
551,0.706848561074585,0.497132468945347,0.630435104714707,1
279,0.760404843837023,0.250851860037073,0.989867825061083,0
1183,0.234425760917026,0.3268390958734,0.736899447520473,4
1276,0.237093841638488,0.352384501733952,0.752652873817856,5
660,0.731841950537637,0.653869943087921,0.590589576866478,2
403,0.69937019395642,0.695175292296335,0.650794443790801,1
1599,0.232623380324415,0.2862416209573,0.739071065013189,6
1109,0.235556787659226,0.322402452226141,0.75003094679375,4
398,0.295529448194429,0.685047289822251,0.627538178348914,0
1277,0.236916423545064,0.345604961566312,0.743612017467232,5
1485,0.23453143560194,0.298203415927068,0.751204301411019,6
1162,0.225212502275004,0.331377139846586,0.749233716031119,4
1404,0.220016210312362,0.290847787831944,0.737678159520809,6
922,0.670757655473426,0.369585412996821,0.603425110923126,3
526,0.699551107410807,0.528785294829868,0.616311027202755,1
299,0.727256100159138,0.66087672370486,0.0828837249428034,0
656,0.729728221162222,0.320494730817154,0.635678489110433,2
3,0.515264990273863,0.0355374051723629,0.498501765076071,0
59,0.223215462174267,0.280188707634807,0.916381096933037,0
1466,0.223234431346176,0.294765148620847,0.733722072423805,6
774,0.734064910775051,0.783861169335432,0.635158640798181,2
698,0.728967750694137,0.315538766072132,0.341273770318367,2
734,0.728433503825218,0.803225620277226,0.737551605212502,2
96,0.652441029204056,0.553142782533541,0.598099199822173,0
1501,0.233986254672325,0.293295241372867,0.734337079619545,6
1090,0.225194072582689,0.323795064684969,0.742738094263843,4
1511,0.237175452811908,0.293673860821435,0.74424773028339,6
730,0.729424195934553,0.788249252573587,0.623789860634133,2
1596,0.230956297751659,0.285627849298544,0.743542071210272,6
1381,0.229368398735712,0.346680127644071,0.743698677753665,5
324,0.0194675172679126,0.810898912837729,0.802730538416654,0
16,0.120092391967773,0.111761002102867,0.265251317527145,0
162,0.487739174161106,0.928232011385262,0.797826554160565,0
506,0.700359332985245,0.759467357746326,0.487587551819161,1
1053,0.231897634998019,0.324208190531765,0.749076293600434,4
1010,0.225979066374865,0.319456790571476,0.741357024834624,4
489,0.703958554037381,0.746043975558132,0.469866995117627,1
222,0.241371573414654,0.559326566522941,0.0780842264648527,0
1092,0.239663366002426,0.32173437037967,0.742146791315187,4
1117,0.227988305265029,0.316399310571626,0.73861484108021,4
1479,0.224898895220274,0.291331724033182,0.750550295766954,6
1545,0.229167816382864,0.283674036913647,0.743005594455274,6
471,0.700854761600494,0.72312486844603,0.34583573078271,1
1515,0.231243485438833,0.287171234388765,0.742114465114365,6
1204,0.223047280379663,0.354559124045856,0.738571011664568,5
965,0.673016007177066,0.503983338107355,0.420911487191916,3
54,0.699765163706616,0.863938752794638,0.923758506542072,0
545,0.703626123620197,0.549298120406456,0.6675616488792,1
1325,0.233018719739036,0.35306909804405,0.751318229775674,5
434,0.699115134384483,0.559382152371109,0.745961179258302,1
593,0.701175034316257,0.783690955699422,0.467835470917635,1
924,0.675089825424366,0.441630520485342,0.575981826405041,3
397,0.607293190434575,0.160960886627436,0.503221418242902,0
280,0.778847894631326,0.914945281809196,0.239702414954081,0
926,0.670803523927461,0.546404456580058,0.629867923562415,3
1581,0.236904911709352,0.287983315653884,0.740143704639693,6
1542,0.228865582825849,0.285651016829719,0.741924621594487,6
1147,0.235151069396412,0.317870279035838,0.748048457198912,4
44,0.499999598134309,0.932696582050994,0.327477648388594,0
366,0.888803089503199,0.0865445367526263,0.220218958798796,0
741,0.728156653961632,0.336276775435545,0.325542691862211,2
577,0.699088178097736,0.311035056691617,0.538892416283488,1
1561,0.227229563744811,0.293494952446648,0.733795906863195,6
812,0.67356256100582,0.775039169215597,0.59279246267397,3
1176,0.221698119482022,0.320035522991201,0.753052754767582,4
1301,0.224382840138135,0.358257580686938,0.744293291958642,5
1312,0.227682200831055,0.344843127139782,0.751888709709081,5
425,0.700340412252117,0.511605812213384,0.512468531611376,1
876,0.673868711958639,0.777350439783186,0.61749705823604,3
1019,0.221650149717432,0.313892780079414,0.741759187881939,4
618,0.730589777696878,0.578734608576633,0.456059803953394,2
76,0.204718814231455,0.672083311481401,0.574524527182803,0
595,0.705685048459563,0.556670202268288,0.659170753089711,1
1548,0.238237578557169,0.295789090383723,0.73799828033126,6
1252,0.220554891971877,0.339724273770842,0.747595100596974,5
456,0.704622579487041,0.5415548248915,0.26539955928456,1
381,0.218973606592044,0.246093300404027,0.336120398016647,0
754,0.731873671161011,0.702337092231028,0.297334989067167,2
1449,0.227687635755381,0.293348168574654,0.734433715418656,6
1058,0.231655727073724,0.309764821460357,0.750536802671937,4
5,0.798206686042249,0.0298060679342598,0.146264846436679,0
1190,0.239783742595733,0.321236015644859,0.750944123073524,4
939,0.677591574329417,0.378419664315879,0.564649704727344,3
167,0.603101106127724,0.571730326162651,0.298165178159252,0
623,0.73280399315292,0.687292546010576,0.537203299463727,2
756,0.730746223337483,0.771490719262511,0.684275940759107,2
840,0.670108202483971,0.702063502022065,0.739657447906211,3
849,0.673863027382176,0.765321455639787,0.261056236573495,3
558,0.706796093266457,0.532532522082329,0.660259284079075,1
1106,0.236245235557401,0.323252278449921,0.742524979355167,4
1416,0.243125273201681,0.292284800532026,0.7384046286068,6
1437,0.231998795824339,0.277722920401301,0.749284389055844,6
563,0.70017022305401,0.546308033028618,0.71017348091118,1
176,0.00278692040592432,0.447547321207821,0.936437038704753,0
1283,0.224558649707892,0.352596524072438,0.745361394483005,5
216,0.103234665235505,0.891489360947162,0.191776672611013,0
1296,0.235221432774191,0.350858772459066,0.739478333441846,5
952,0.673819349757396,0.337837177189067,0.609287560218945,3
824,0.668098030108958,0.722094988077879,0.451137191033922,3
615,0.734055938567035,0.635209202743136,0.412098677945323,2
320,0.605618155794218,0.0367668264079839,0.265822847140953,0
524,0.704255636315793,0.385756869311445,0.703843758907169,1
1100,0.231475916949316,0.31994149422182,0.738855939634297,4
556,0.701608430088963,0.562781050312333,0.473293734830804,1
1569,0.230508543464498,0.282400784272914,0.753517258330558,6
308,0.29923617024906,0.36129460693337,0.630928177852184,0
1488,0.227917376894161,0.284084675149262,0.745605578735324,6
426,0.705658900309354,0.564772372459993,0.682300508953631,1
1253,0.225173275767819,0.349943174756987,0.748198814739856,5
633,0.728710061742459,0.636828489229083,0.58383869077079,2
569,0.704827266049106,0.548198790266179,0.757025003666058,1
37,0.263643917860463,0.308117401786149,0.36762169143185,0
1228,0.226694099953894,0.351521400473685,0.739755561313364,5
543,0.700671967435628,0.451089751301333,0.51639001024887,1
932,0.676783770003822,0.656469149375335,0.541801451588981,3
110,0.715280675096437,0.840504433959723,0.431337286019698,0
850,0.67036309810821,0.599120193021372,0.633911439217627,3
457,0.700837274522055,0.418879487295635,0.465808348846622,1
1491,0.228450951164192,0.293959064059194,0.740798666670255,6
973,0.671665140662808,0.650434430898167,0.540196204558015,3
513,0.699815306446981,0.736415452999063,0.750478441710584,1
1329,0.228391127987596,0.35868143476591,0.739393132160208,5
1278,0.22680801026887,0.350841317523258,0.74075013372938,5
762,0.733084871727042,0.603019841341302,0.331365277175792,2
1087,0.228591686614716,0.32370956076742,0.737798286268342,4
389,0.677648440003395,0.971493412740529,0.573953063692898,0
785,0.733305338243954,0.713412143965252,0.595716581330635,2
748,0.737053605939727,0.572809947282076,0.318155356566422,2
1055,0.230680573092615,0.324345449935405,0.741838070144204,4
481,0.700607945583761,0.463719793804921,0.309961407678202,1
248,0.384226637193933,0.982950366800651,0.874340353300795,0
49,0.902042469009757,0.255991077050567,0.814740450354293,0
809,0.668347732096445,0.534038303163834,0.532575122895651,3
486,0.705225045632105,0.619064561766572,0.3841407551663,1
1105,0.238152685226922,0.322523299317695,0.750145703543497,4
1403,0.233382819815027,0.291902682699365,0.74653449242199,6
1489,0.227249760144575,0.297744287226509,0.744300525145654,6
496,0.704681920418516,0.767780690430664,0.369423064286821,1
330,0.305656567914411,0.14667924051173,0.382071884116158,0
497,0.701906474060379,0.522677016537637,0.598086518584751,1
1064,0.240432576456529,0.322209379595007,0.74464893329099,4
1432,0.225928074247962,0.286831489792811,0.739844311224121,6
1033,0.231620983521774,0.324058745174345,0.745238745694702,4
503,0.697854229910299,0.370687684835866,0.400843741022982,1
213,0.268562469631433,0.668155240360647,0.460287223104388,0
1160,0.235923685127669,0.320198889417821,0.745122760988286,4
1208,0.22780958433595,0.356414075964204,0.741352103549718,5
190,0.470427773892879,0.707052344921976,0.823313852539286,0
1311,0.22878506927854,0.353354970294885,0.750675741572791,5
918,0.668065169216134,0.669384524202906,0.621680302778259,3
295,0.83371725701727,0.304380388231948,0.462929038563743,0
1371,0.235552867208893,0.351846095774919,0.751179676575867,5
1399,0.237702864346201,0.345330943350573,0.732586738761385,5
990,0.671265238369815,0.590078975283541,0.272963549243286,3
955,0.676923028307501,0.404308955161832,0.414380843634717,3
277,0.535761307226494,0.636783340247348,0.256103351013735,0
1242,0.233157718102036,0.356345886436741,0.740320514869573,5
111,0.72963180532679,0.0275042110588402,0.417190552456304,0
1269,0.229791318353951,0.351816607151672,0.736940139203301,5
1347,0.231675230850432,0.347633741356789,0.737579482441364,5
123,0.914510381408036,0.176107141422108,0.534545143833384,0
989,0.675966283446178,0.483928991574794,0.359890873427503,3
1302,0.226745256223499,0.347508061452634,0.750906305028591,5
159,0.0830838994588703,0.601036805193871,0.854319234378636,0
686,0.730207915296778,0.474120875215158,0.539189694798551,2
985,0.673781368269119,0.73442378428299,0.674611669033766,3
1172,0.238790367046781,0.31763594387144,0.745521375854718,4
480,0.699414052558131,0.658832681225613,0.366053321980871,1
901,0.676225919479039,0.327780793164857,0.577196171856485,3
683,0.731780405004974,0.370681890263222,0.343917137943208,2
845,0.672902024982031,0.465763806458563,0.749125150847249,3
581,0.702303617389407,0.421168254083023,0.522705436684191,1
32,0.861175584839657,0.0855494337156415,0.292755753500387,0
387,0.257076137699187,0.115603462327272,0.724638294195756,0
440,0.702881212444045,0.48604565623682,0.656155186588876,1
739,0.735615390301682,0.558561055315659,0.699293036828749,2
1262,0.229942027053905,0.352869168591259,0.745295253326317,5
678,0.730408320594579,0.554918576823548,0.420073091634549,2
334,0.44533271016553,0.215215667150915,0.119036669842899,0
1458,0.231400356306039,0.291121488035773,0.743230092342284,6
1480,0.229548507476844,0.290486893585711,0.747395683904049,6
584,0.697832406891976,0.334136830735952,0.393408752395771,1
914,0.668990726512857,0.586281443922781,0.263650197652169,3
948,0.675944544179365,0.446557012945414,0.61793149728328,3
578,0.703951695137657,0.445382758369669,0.291110236081295,1
1394,0.228855061884119,0.347153198625037,0.737148115372221,5
493,0.701967345948797,0.620115975476802,0.597981777507812,1
454,0.703027095247526,0.39394393840339,0.509445455274545,1
1589,0.222498000525358,0.30028721665104,0.731091054947765,6
701,0.729322479537223,0.335310087981634,0.395405827905051,2
663,0.730438168754336,0.695312645379454,0.653252755641006,2
1356,0.223461160167951,0.353000057274648,0.745946885587301,5
869,0.677446909386199,0.738762714993209,0.688032487174496,3
459,0.705940033823717,0.315457150666043,0.606485239462927,1
1578,0.230891449752592,0.2911586879862,0.746449220538228,6
88,0.882979134796187,0.917957832338288,0.792682872852311,0
916,0.67776399997063,0.783847524295561,0.63707502221223,3
122,0.418848931789398,0.713566662510857,0.261571411043406,0
101,0.405004909262061,0.196736786747351,0.950343649135903,0
981,0.677505778435152,0.693829312664457,0.309059156686999,3
498,0.707549911483657,0.330351238348521,0.680341916158795,1
1163,0.22687625026892,0.32111159381477,0.746191163164143,4
137,0.52619287208654,0.587640788638964,0.278634974500164,0
475,0.704031633192208,0.621131115453318,0.625284924171865,1
877,0.675592382452451,0.370067697227933,0.369746891199611,3
1038,0.224544856508708,0.324931528453491,0.746371188814963,4
810,0.67538234282285,0.42405861124862,0.292942439555191,3
247,0.753002493875101,0.0175745727028698,0.974922062130645,0
711,0.734960362822749,0.79871914323885,0.686366952722892,2
1108,0.230876096514002,0.315752372229636,0.735598865548285,4
1382,0.224222249858077,0.342880351449631,0.738251335584092,5
1507,0.229041438347757,0.289119140741899,0.747079827353822,6
200,0.703824445372447,0.0201996278483421,0.0570981148630381,0
1414,0.226925123927444,0.279733294860989,0.739387160747826,6
1576,0.22952569638403,0.285879916987211,0.743011208647673,6
321,0.736933564534411,0.991816555382684,0.568831230979413,0
1465,0.226412607100096,0.290218490682891,0.746003209913291,6
189,0.582458715885878,0.0149007551372051,0.0159754462074488,0
143,0.821805939311162,0.928291454911232,0.976902062306181,0
993,0.676387863929849,0.756268324423581,0.664035204914398,3
1042,0.224377948083957,0.330948647091015,0.741683909591679,4
269,0.605027944548056,0.137935900362208,0.982274620560929,0
453,0.703272869300563,0.726900729909539,0.726033302722499,1
1525,0.242450995213763,0.300051022451828,0.762069066188484,6
833,0.676734658102505,0.32896177538205,0.357656678534113,3
566,0.70705793953035,0.807092376495712,0.643700423534028,1
502,0.706581782929134,0.406719875498675,0.420443341368809,1
798,0.730834174377378,0.762376191420481,0.641371563426219,2
938,0.673488291881513,0.627749380748719,0.677631865255535,3
188,0.282301308354363,0.586356167215854,0.637949140975252,0
445,0.706713210525923,0.314214597083628,0.379433760768734,1
706,0.731172658721916,0.520165020809509,0.756617534789257,2
166,0.725609491113573,0.630350678460672,0.305524565279484,0
598,0.704875603462569,0.516144852130674,0.446668671211228,1
1594,0.236432644208634,0.297629593365343,0.747511159261192,6
165,0.662414425984025,0.326847453368828,0.643638832727447,0
764,0.733679316730704,0.66785034686327,0.299102999386378,2
382,0.668965988326818,0.559736015275121,0.702679898589849,3
1123,0.225802639241074,0.321188140619686,0.74926520224627,4
1572,0.230672943287928,0.295826074726478,0.734027552238577,6
9,0.401389745995402,0.434322328306735,0.551440318580717,0
1379,0.23198908484231,0.351655222714648,0.741803884895569,5
1154,0.226217966825284,0.329668162463888,0.745287879686588,4
183,0.236118034692481,0.291640697279945,0.661260064225644,0
1538,0.228680908821817,0.292102822660253,0.744738484214188,6
891,0.674867757661268,0.658675306104124,0.742540474049747,3
765,0.735800853415858,0.4087228709599,0.690867674886249,2
547,0.699303223253228,0.610161158349365,0.554112423444167,1
967,0.672340477551334,0.715389807685278,0.327982824062929,3
770,0.728227276811376,0.696397674246691,0.522732531302609,2
276,0.24889143044129,0.336199067067355,0.247039347887039,0
297,0.182813518214971,0.797531113959849,0.0424282618332654,0
670,0.736932091023773,0.456712442659773,0.701561445835978,2
1510,0.228640826312806,0.293725356603729,0.743002373192984,6
609,0.737650764063001,0.545026313723065,0.460657347925007,2
1256,0.226866657428804,0.354773321663949,0.746166787685909,5
773,0.732996171598788,0.731142243579961,0.270154405850917,2
588,0.705278114539105,0.631676842900925,0.510573534411378,1
674,0.730460551409051,0.429223373858258,0.327347514918074,2
412,0.701281189753208,0.496571695059538,0.380169131560251,1
949,0.675371950340923,0.801197223924101,0.715052205370739,3
1453,0.238991388655977,0.283303934954979,0.734579597271229,6
1203,0.231145987112367,0.344220171622913,0.741147225087532,5
552,0.70608980760444,0.741109943226911,0.393782898900099,1
831,0.668614601744339,0.400946947606281,0.391184998559766,3
612,0.727864594925195,0.359591045044363,0.269438287010416,2
331,0.295408523408696,0.968524245312437,0.104326399974525,0
525,0.707329577910714,0.799219094775617,0.293768497300334,1
490,0.704858538156841,0.405726845236495,0.592839007265866,1
680,0.729317608238198,0.446104331151582,0.279668749077246,2
74,0.332283708266914,0.541621281765401,0.746502868132666,0
1181,0.227158503704915,0.321294041728451,0.749657487931772,4
1132,0.228406022176582,0.32249720985818,0.748532858309883,4
572,0.707682073677424,0.435190195776522,0.706283734412864,1
482,0.702075300216675,0.676923866360448,0.452793313888833,1
791,0.732799996128306,0.69703807993792,0.608543442212977,2
905,0.668167192721739,0.797141204099171,0.320862969150767,3
1247,0.227660391813567,0.348962783491172,0.755039892105412,5
1583,0.236701306652831,0.298269852144692,0.740418424954486,6
1093,0.23651997239698,0.329261910155206,0.738653119189786,4
1423,0.234023999800405,0.28676222672473,0.743273284423001,6
1482,0.223530535933571,0.291445097792391,0.75113131237544,6
601,0.735488637110684,0.810500290803611,0.71120730729308,2
1095,0.239823161078996,0.321464122185477,0.734874873323013,4
1195,0.247360942617104,0.319115112959464,0.73900932912157,4
912,0.671380721447058,0.361330655380152,0.391683840076439,3
1043,0.239714493978775,0.318912431325259,0.731614277580098,4
1592,0.236924896390522,0.293400325684345,0.73961181011634,6
1185,0.233780099552281,0.318112318440315,0.736347888438998,4
1333,0.234571640999906,0.362220873487628,0.739967735126859,5
1139,0.232025800802321,0.324286783318749,0.745242208622916,4
1124,0.235738934756377,0.322072521757183,0.742489096138109,4
1421,0.236979570735058,0.2962739709248,0.735941804077941,6
1057,0.231756349967449,0.320176336051254,0.740556479858158,4
1274,0.234953647061038,0.354575472985242,0.745821112678244,5
1248,0.237424706242488,0.355240612176957,0.736541423293658,5
1022,0.239589748694423,0.326795456029103,0.740506530139756,4
1177,0.223772163719038,0.319694156928697,0.740467966767832,4
554,0.707488916649017,0.680815307400189,0.541589364991523,1
304,0.293974419357255,0.177258668467402,0.951199727365747,0
617,0.735711549583357,0.37663231077604,0.560036820708774,2
895,0.674871654899325,0.507979192398489,0.73107575206086,3
163,0.423337061423808,0.457542940042913,0.937037721043453,0
519,0.702494614885654,0.688411263842136,0.543111915350892,1
646,0.732632517963648,0.72624013570603,0.515988044789992,2
865,0.676673580289353,0.748829900030978,0.618450680747628,3
1337,0.232086576019334,0.342179797848127,0.74041344205433,5
125,0.331032874761149,0.0439688062760979,0.635492541594431,0
367,0.508677589474246,0.295896163210273,0.991226556245238,0
1562,0.233051009364319,0.296020196609737,0.741634678210833,6
528,0.700356688729953,0.670775603246875,0.669644469511695,1
630,0.730998509526253,0.727602683450095,0.712016507983208,2
232,0.370239756302908,0.507350840372965,0.68177084531635,0
184,0.333122722338885,0.694351203506812,0.768506440101191,0
115,0.606849609175697,0.0807227031327784,0.92815142753534,0
1230,0.232915984880787,0.35209179322303,0.731514546105542,5
700,0.734694395489059,0.514092650590465,0.34722063690424,2
317,0.383345598122105,0.789933353662491,0.25539916800335,0
55,0.355662730056792,0.124647511169314,0.515261480817571,0
1460,0.229902742132875,0.289975299337931,0.745800552333012,6
1370,0.227948072636527,0.350872267994305,0.742554928495511,5
726,0.73554647163488,0.408831370738335,0.40095402742736,2
1586,0.230641305319446,0.289227462289754,0.737118454164343,6
1440,0.235020544093548,0.288209443190547,0.741004773031131,6
1271,0.230166982712332,0.358369279687848,0.7391827877586,5
540,0.707092876685783,0.373142548697069,0.456345484592021,1
257,0.137766560772434,0.696571584325284,0.522489073686302,0
1564,0.228911599058976,0.291593197534527,0.75158382405492,6
794,0.737571425864007,0.786998048634268,0.330399953294545,2
30,0.986279642675072,0.675569357350469,0.60062734852545,0
1118,0.234278979923395,0.317719814713774,0.746421309231879,4
1526,0.232316887064135,0.297520864419999,0.744530161540677,6
935,0.673153258075472,0.474403510545381,0.657974894158542,3
1565,0.22519664495066,0.29842440282606,0.73933014496239,6
1552,0.227554278656592,0.296630818850895,0.744200853284243,6
185,0.757547651650384,0.808410612633452,0.0833715749904513,0
1178,0.230428035956892,0.331154923013891,0.752735771039917,4
696,0.730770155044738,0.587590938061476,0.276774164987728,2
1295,0.227474000870743,0.35201966720906,0.736769492795411,5
727,0.736736260384787,0.351618386781775,0.62522886111401,2
827,0.675331842012238,0.369350309111178,0.334465876105241,3
327,0.414471987867728,0.010087029542774,0.743123064050451,0
751,0.73027066960698,0.373145819269121,0.566063771490008,2
582,0.707494905167259,0.461196323251352,0.671896502375603,1
362,0.232438233448192,0.438919967971742,0.719478518003598,0
499,0.704733207533136,0.348821088997647,0.493003390147351,1
1317,0.227673732167439,0.353499135912968,0.736861281804103,5
286,0.77845029742457,0.290394670329988,0.0887343524955213,0
1214,0.239642194191254,0.355873720948487,0.743122198940456,5
1550,0.237899557092577,0.297221095367971,0.741852101369719,6
263,0.594777645077556,0.15371696674265,0.611284917686135,0
866,0.668337683894206,0.525952303293161,0.655833229189739,3
1069,0.231729800038293,0.310629308585824,0.736784370103468,4
1081,0.238951901357402,0.316542242542276,0.739283746639219,4
1255,0.231658159413309,0.363540615061202,0.750036189249538,5
1473,0.233738010231095,0.29032281282714,0.735746739083428,6
817,0.674943783318158,0.3975891871145,0.479999655508436,3
1169,0.226219927810421,0.3216396735342,0.744500483806163,4
85,0.711909855250269,0.00980859762057662,0.67331889201887,0
1002,0.226402940816718,0.32403195308217,0.738761135700467,4
1593,0.228480575048019,0.294602604544423,0.73979864798032,6
968,0.674100020446349,0.750383417797275,0.551172725972719,3
959,0.668145447627176,0.380863897246309,0.709374779486097,3
536,0.706506223026663,0.638201271509752,0.266511309309863,1
1192,0.233984911967555,0.323180571934024,0.743715420117074,4
240,0.109713942511007,0.304110401077196,0.564238907769322,0
25,0.691622508689761,0.793087992118672,0.395752055337653,0
539,0.702737054908648,0.403777300822549,0.38776661735028,1
636,0.733191930635367,0.72011719699949,0.495750638190657,2
928,0.670851743521634,0.449632312031463,0.435075768851675,3
800,0.728486366148572,0.468728561396711,0.71046524879057,2
714,0.733323867081199,0.646021755272523,0.291190762422048,2
681,0.729007302671671,0.471781448903494,0.41619885689579,2
621,0.733326317481697,0.487312949122861,0.39994508260861,2
1205,0.23958190520484,0.358008884337438,0.749202033305409,5
473,0.698742687776685,0.681412163167261,0.305588807095774,1
929,0.674662801376544,0.54277679019142,0.610080699669197,3
360,0.218414388829842,0.181960101705045,0.410992892691866,0
1222,0.239136161660997,0.350793791222867,0.744382665028946,5
435,0.70284260924207,0.494431531266309,0.593122077640146,1
1293,0.230894198927969,0.346348951613666,0.741282156023572,5
883,0.674443044443615,0.681177698168904,0.599604098475538,3
517,0.70410382992588,0.734799267002382,0.34940011613071,1
1238,0.235949856154101,0.355308448266536,0.754130753420455,5
1091,0.234984859291826,0.324456271043732,0.742246060479233,4
1322,0.225643675953194,0.354858019166512,0.749952232830129,5
613,0.733676008821931,0.472351568378508,0.323741317377426,2
355,0.103808325249702,0.453701150603592,0.921006830642,0
220,0.195557064376771,0.519318968290463,0.533080215100199,0
66,0.862254910869524,0.944033825304359,0.965004523517564,0
1030,0.230523103194692,0.326282453325322,0.73899409444282,4
533,0.702551498773973,0.411302375118248,0.71071306464728,1
1130,0.230304114358731,0.323322964907185,0.743915859305933,4
458,0.700631984488573,0.408114007534459,0.632608905783854,1
1210,0.225648785451612,0.359857541558492,0.734905992737022,5
1004,0.2349254209545,0.328900209853933,0.748046287970158,4
67,0.192801746306941,0.184315481921658,2.16085463762283e-05,0
829,0.675342450968455,0.422445972193964,0.521233054576442,3
892,0.670027564247139,0.674873465881683,0.497355627128854,3
534,0.706961272798944,0.689749933872372,0.258333221077919,1
708,0.729132392816246,0.506782694114372,0.752141791512258,2
1348,0.231781129231597,0.358399113955221,0.749780735994891,5
172,0.508172218687832,0.255050102015957,0.705210406798869,0
542,0.70758832188556,0.416057011322118,0.344676652806811,1
879,0.670833362215199,0.427065150788985,0.383830213453621,3
884,0.673350048984867,0.568734825216234,0.568613373441622,3
1368,0.234266237962638,0.349830324197497,0.738968536821911,5
1313,0.228891310815927,0.352828250710634,0.738586674563437,5
52,0.297784156398848,0.630853964015841,0.611159145599231,0
591,0.702979590720497,0.608291407325305,0.397486140485853,1
329,0.548020992893726,0.0713401520624757,0.156255533453077,0
847,0.668415796805639,0.627457917295396,0.481207669945434,3
120,0.077485833549872,0.860784250544384,0.972237698268145,0
647,0.729448908634949,0.519253761251457,0.552640629932284,2
913,0.674126350553706,0.337539979931899,0.571098498650827,3
139,0.585207395954058,0.15488533070311,0.404302963521332,0
953,0.675723687103018,0.803206473914907,0.50085505482275,3
354,0.936401202809066,0.0499261368531734,0.206555734854192,0
1285,0.225937302978125,0.349962550445308,0.739399190103035,5
214,0.93897613696754,0.580840629059821,0.970689367968589,0
405,0.701083871170413,0.589820331870578,0.464339003781788,1
174,0.417290539946407,0.157267596339807,0.0851026177406311,0
522,0.7014953444805,0.402189449733123,0.666297242511064,1
682,0.732198391698767,0.363440272724256,0.646311465650797,2
1495,0.23145963296111,0.28699283294314,0.743418986600027,6
705,0.736092084834818,0.423269955534488,0.71939882892184,2
1286,0.227473628416381,0.356013344476033,0.744853084376169,5
1202,0.23887801751936,0.354729005402436,0.750977315252925,5
1332,0.221504009641702,0.346908944659298,0.7394953485312,5
1026,0.2320689822938,0.331364354258974,0.743126319187964,4
641,0.728031184624415,0.662858296046034,0.615224040811881,2
752,0.729965187311173,0.484020977956243,0.744278742233291,2
1484,0.24005480501661,0.291194023960085,0.734260935257138,6
867,0.677298431969248,0.358341072313488,0.559930575080216,3
1359,0.231229982115726,0.347963237451233,0.748473429409116,5
655,0.736950270689558,0.401887895050459,0.453193213208579,2
208,0.608705644961447,0.78978485125117,0.608364593237638,0
84,0.0830341677647084,0.473755564307794,0.867528082570061,0
1251,0.219834498193359,0.357929948898362,0.748534966811901,5
1127,0.227809494939073,0.331715635336111,0.749862814461362,4
300,0.896582496352494,0.0374994687736034,0.666090823244303,0
716,0.731023234825116,0.421535848383792,0.308606659644283,2
555,0.704415312074125,0.681638186424971,0.667796838097274,1
1430,0.234679040865188,0.29461661361552,0.743800500814447,6
251,0.689878847915679,0.812618377851322,0.848266949877143,0
1000,0.674428899306804,0.627219770429656,0.293924850644544,3
838,0.670428492124192,0.753801419376396,0.419110516202636,3
1270,0.22813872197704,0.360276288471339,0.733388191413846,5
956,0.671816285182722,0.482145897787996,0.306659536785446,3
1567,0.225980612250573,0.292972464926524,0.744620017456355,6
158,0.731453878572211,0.698284686543047,0.0508368469309062,0
390,0.684938989346847,0.933491173200309,0.418308918830007,0
1405,0.233466930411445,0.290603367787567,0.748814583420745,6
1345,0.236786297437836,0.355930659025011,0.74799981748044,5
501,0.704997885937337,0.350227070017718,0.601000540307723,1
694,0.73317156705074,0.580110577959567,0.580135198775679,2
1146,0.230352896968977,0.325502592057698,0.740141500073715,4
1378,0.23518626778431,0.353726418763909,0.734557064664272,5
738,0.734341370733455,0.441889332002029,0.551308907568455,2
873,0.677678328454494,0.518457369622775,0.617049924563617,3
1352,0.233871805943718,0.349809927998223,0.744474557130205,5
549,0.701990953455679,0.33475936667528,0.75575671182014,1
270,0.988145674578846,0.768325350712985,0.394209062447771,0
427,0.700484713828191,0.401496166572906,0.659135540365241,1
1346,0.243942893878796,0.348396685467515,0.741792097038747,5
210,0.237854910083115,0.900811634492129,0.931270926026627,0
1521,0.231840041393645,0.303224143830246,0.734033976138393,6
841,0.676712023101281,0.571793328365311,0.553326620603912,3
1263,0.235192391377715,0.351067222677868,0.748100986228305,5
63,0.910901990253478,0.0652251443825662,0.242295653093606,0
168,0.476315872976556,0.232448478695005,0.678481960436329,0
1439,0.23390781550199,0.301551987833295,0.746309168785439,6
971,0.672399206832051,0.359487286629155,0.593165890895762,3
148,0.228436058619991,0.954724055016413,0.885622119763866,0
1551,0.230312879974614,0.300017440242614,0.744616169550759,6
1237,0.229763291043609,0.356016138710904,0.742091766806802,5
1307,0.240979914540509,0.356716780161224,0.737206156082328,5
575,0.697995270218234,0.372835955093615,0.608814710634761,1
507,0.705317615801468,0.539523094519973,0.352758202236146,1
388,0.387480572797358,0.584826805163175,0.848490511998534,0
1049,0.234602648905503,0.324787012497419,0.736221138371526,4
974,0.676693088423926,0.355752713605762,0.431906322599389,3
79,0.51033071661368,0.37992295040749,0.732525618746877,0
1094,0.228627030428111,0.326822707059818,0.738793060090911,4
1086,0.236359256254414,0.322792477405612,0.737077856333983,4
511,0.705562201403081,0.65447653408628,0.674202612019144,1
24,0.491584937088192,0.375157844042405,0.425164608750492,0
1519,0.231497384477258,0.293117232245041,0.757185529549527,6
182,0.0407766690477729,0.5659809212666,0.378695927560329,0
1411,0.242887022997445,0.293001452786177,0.739768328861334,6
98,0.844687580596656,0.986322616925463,0.329884183127433,0
887,0.668345431231428,0.493979687313549,0.650403308682144,3
1244,0.234478765003682,0.349765540065029,0.74287338669887,5
725,0.734582403453533,0.541614330234006,0.412101212656125,2
243,0.236992862541229,0.260848313104361,0.88399761216715,0
231,0.138505154289305,0.633393910480663,0.000678229378536344,0
903,0.677545099658892,0.673019260726869,0.285289799445309,3
82,0.648253256687894,0.985670989146456,0.99658436817117,0
1121,0.223123494744474,0.333296157672222,0.749457920608045,4
464,0.702209051763639,0.690813240688294,0.347048542927951,1
97,0.813849325058982,0.00217358209192753,0.68765717651695,0
637,0.731957895678934,0.353418415854685,0.355811603716575,2
117,0.968143860111013,0.848412749590352,0.572888388764113,0
1518,0.234101476560403,0.297623011407383,0.747446411378294,6
301,0.244764380156994,0.618423872161657,0.238063192693517,0
740,0.729892255265731,0.645714599150233,0.744132277788594,2
1448,0.229807333366471,0.29502042368735,0.745755536333704,6
1366,0.226038570380287,0.355719186915257,0.739319468473006,5
520,0.707158938874491,0.58210083944723,0.387251551030204,1
567,0.705258046733215,0.568211043230258,0.719737829291262,1
441,0.7038828448602,0.323309222445823,0.712211572215892,1
899,0.677503105523065,0.760857542254962,0.26934250316117,3
909,0.673376511081587,0.678316927608103,0.560431789490394,3
237,0.174335216870531,0.0643495677504689,0.105645293369889,0
128,0.53961541550234,0.592287595616654,0.867516219848767,0
564,0.701483859308064,0.524072238919325,0.461217936011963,1
199,0.0627963023725897,0.132867956068367,0.218302891589701,0
568,0.702473415527493,0.559786802716553,0.272748765768483,1
219,0.636240721214563,0.78816229221411,0.711120147490874,0
1529,0.227681997769018,0.300586227215888,0.745433774243799,6
1166,0.231647061003726,0.329095434967092,0.73958300650996,4
603,0.73013810218079,0.429247754020617,0.652318015345372,2
1354,0.231367172565847,0.352549962224456,0.743889236186202,5
684,0.728673964620102,0.752598743513227,0.388412900967523,2
20,0.535006257938221,0.415438699070364,0.400627485476434,0
1512,0.22885085194018,0.28493995074404,0.749144068713264,6
1498,0.232936923519276,0.286421148140754,0.744328798038969,6
1487,0.227885664441888,0.311432822043889,0.730234443864784,6
298,0.713641185313463,0.484769485192373,0.735917773097754,0
462,0.703441623186227,0.423816354107112,0.47152605978772,1
628,0.727890344846528,0.357577373366803,0.642977536772378,2
223,0.973821663297713,0.0259667194914073,0.809326999122277,0
1350,0.227165304653285,0.351129969814764,0.737590026600685,5
624,0.731714769650716,0.543250648980029,0.612488877493888,2
859,0.674928498098161,0.363751970790327,0.639493760187179,3
1072,0.238055472965175,0.323649426987272,0.744569905260592,4
1290,0.231175237851589,0.350935302686014,0.746093339832352,5
790,0.73245560299838,0.715970998839475,0.406897349050269,2
1052,0.227738606272847,0.319217558833843,0.740070725136597,4
1102,0.222904505027451,0.340164350768582,0.738296793999861,4
1452,0.238055880035979,0.293613542151776,0.7384327069492,6
649,0.732737560877576,0.698144588712603,0.496859432896599,2
1018,0.235632059157562,0.322825696486851,0.747468322092069,4
1451,0.228762548944193,0.293086453521481,0.737261777504799,6
414,0.69983540229965,0.642929402040318,0.61182577861473,1
1425,0.234828677144101,0.290948976218621,0.739652987508149,6
1566,0.227438248311044,0.291583522773738,0.749443228065046,6
418,0.707224965104833,0.478507842728868,0.594672202714719,1
1457,0.233104701272839,0.298097956558039,0.742724688131539,6
1463,0.225945568381053,0.297346020207601,0.738680195639421,6
1149,0.231444756656879,0.323488062677783,0.735848876185154,4
1125,0.237133089320852,0.322252214573966,0.737474221128091,4
1140,0.234154988733265,0.323583570500915,0.751472014600099,4
65,0.816601928556338,0.175436168210581,0.826980184298009,0
217,0.167354101547971,0.281087656505406,0.205264441901818,0
1587,0.233060357965689,0.303734465810661,0.742024870916346,6
1217,0.242071838961022,0.352522211250846,0.748458200908864,5
991,0.671893525463529,0.446790993888863,0.552178275189362,3
1032,0.233534727007819,0.319578934067341,0.740744272482374,4
662,0.728554869724903,0.612880161823705,0.510539348819293,2
823,0.674297710820101,0.666513707581908,0.532953734858893,3
697,0.733781398963183,0.344742638152093,0.412742721615359,2
766,0.735973107567988,0.730553059699014,0.354722044547088,2
860,0.673940258303191,0.4661659889156,0.646212972933426,3
1041,0.218909416378837,0.314838038115602,0.748593654215766,4
1194,0.233301504038907,0.328700826633806,0.74351010006577,4
529,0.701007257527672,0.4900172223337,0.493003891315311,1
1282,0.231179442663102,0.353737869749851,0.74000996746312,5
469,0.699066787457559,0.379545234353282,0.278064913814887,1
820,0.677819154819008,0.619882552977651,0.264692311291583,3
323,0.742703167255968,0.152126765111461,0.874753771815449,0
75,0.890638217329979,0.687287287786603,0.0669551056344062,0
401,0.700690580490045,0.701210282486864,0.29241343960166,1
643,0.728595274772961,0.720591113646515,0.285591033869423,2
69,0.0410335659980774,0.628995697246864,0.511695859022439,0
229,0.546847089426592,0.00126959150657058,0.687123987590894,0
302,0.984818678814918,0.13651423365809,0.894075462361798,0
1492,0.234890437397014,0.290355276244621,0.74501386908441,6
118,0.0165206626988947,0.803173546912149,0.419705686857924,0
477,0.706108713408466,0.797324554855004,0.496347970911302,1
1372,0.230034459724697,0.3562498344713,0.748007582998863,5
113,0.0370419325772673,0.630295941373333,0.561968417605385,0
890,0.677249863340985,0.61470939356368,0.280766620533541,3
225,0.812617030227557,0.887842599535361,0.322893146192655,0
402,0.705153219054919,0.764745127037168,0.388008361449465,1
261,0.696077521424741,0.373607773333788,0.751200314145535,0
147,0.381500157527626,0.757762207649648,0.732729524839669,0
1044,0.22982402831424,0.325297591907192,0.743702654498868,4
1486,0.22441970717287,0.298036227519928,0.742187058712745,6
854,0.670714746578597,0.693095792992972,0.581297861412168,3
1173,0.227286914818712,0.32751682948429,0.736885068160396,4
1472,0.230014139507065,0.291881976529354,0.738428819212086,6
1031,0.231853297628798,0.322405248976833,0.744250372365514,4
1499,0.234179774053693,0.288088362836283,0.745986038871673,6
795,0.729780877747107,0.337272281735204,0.665585413924418,2
504,0.703273440788034,0.339009185531177,0.531378248357214,1
972,0.676732292335946,0.54593078289181,0.281120591564104,3
392,0.407059725141153,0.229254186619073,0.359007456805557,0
950,0.668480796632357,0.66366923598107,0.747153183678165,3
1040,0.225307458005683,0.310670107403857,0.740924151105791,4
906,0.675500290067866,0.729106408171356,0.314865584368818,3
1158,0.230737257994276,0.326935099662365,0.733790125818303,4
937,0.668712118323892,0.539051980571821,0.559408876346424,3
281,0.917288266122341,0.142684375634417,0.0613451497629285,0
64,0.178209223551676,0.569954988313839,0.666949527570978,0
1361,0.243424319004913,0.351204385958478,0.740336431541217,5
1367,0.23080470172921,0.360504973959439,0.742509127139051,5
1103,0.2326379574512,0.330419634380841,0.738797644797361,4
657,0.728176081818528,0.772675738413818,0.602975519490428,2
1336,0.224693127831041,0.356866507222168,0.744495579519024,5
411,0.699670315477997,0.463761827303097,0.370289027341641,1
40,0.695410580607131,0.624046184821054,0.795908650150523,0
759,0.732002028995194,0.629162872303277,0.518457074067555,2
652,0.734319092719816,0.312610316067003,0.351921258377843,2
135,0.720491224434227,0.384027174208313,0.250240202527493,0
1113,0.237368066014743,0.324727647451966,0.737769934091777,4
642,0.736087065883912,0.712909638741985,0.586977681377903,2
485,0.698025443211663,0.469844671408646,0.620552915730514,1
862,0.668888453037944,0.461019898974337,0.259625934413634,3
201,0.0816246683243662,0.559572107391432,0.0357529502362013,0
1045,0.226561782974517,0.325234126054541,0.736230371884043,4
676,0.736673561516218,0.553104322962463,0.369443798903376,2
479,0.700742885489017,0.66925396558363,0.573074365383945,1
538,0.702141427723691,0.418835325026885,0.467369304038584,1
463,0.701654905949254,0.453451978601515,0.42426708235871,1
80,0.256724826060236,0.72722232574597,0.614900140557438,0
369,0.441761745139956,0.828422751044855,0.684938579797745,0
596,0.704362337847706,0.520860074763186,0.282472991268151,1
735,0.736815589664038,0.744254608382471,0.312048288877122,2
1380,0.228460945160477,0.355304875552241,0.739401507171719,5
209,0.966137231327593,0.883733390364796,0.362729078857228,0
910,0.676578650537413,0.50344273748342,0.344294102513231,3
370,0.694988699164242,0.139262108597904,0.256227309582755,0
606,0.728640319916885,0.333394540799782,0.754252940299921,2
1249,0.230639575864275,0.345846736391267,0.734580728318717,5
1331,0.237887337724635,0.351918051797956,0.745489169681625,5
1316,0.228270488738724,0.357078870529625,0.745379709983482,5
951,0.674556702172849,0.547676459746435,0.50868300057482,3
1126,0.23041754975379,0.316402880342429,0.741728401334137,4
212,0.2893106052652,0.10477512399666,0.53653620230034,0
1559,0.23461967337562,0.291252061989203,0.741798231350851,6
274,0.55215411237441,0.916862293146551,0.0127327861264348,0
616,0.731515353892464,0.331180929066613,0.601716494420543,2
1232,0.227505024350475,0.352727279590825,0.752457593703276,5
303,0.920614534756169,0.797276792582124,0.375584353227168,0
47,0.908099814550951,0.827989791752771,0.556763126049191,0
1223,0.230291773366224,0.351673234315665,0.757713376230743,5
296,0.0418616412207484,0.972875863779336,0.503381874645129,0
476,0.700953973173164,0.414735588571057,0.628585520316847,1
1373,0.240088695788504,0.350249431077768,0.742511671306019,5
1429,0.229410017913232,0.291344273115873,0.748627767730905,6
715,0.736817929239478,0.797129852208309,0.591818241169676,2
629,0.728350707835052,0.341495361970738,0.428800728288479,2
13,0.0331879556179047,0.124212940922007,0.375286745140329,0
245,0.371783025329933,0.637121096951887,0.244730868143961,0
1226,0.235947286944578,0.355829419373169,0.744387625739205,5
1034,0.229617673549231,0.31117120367451,0.737966362572254,4
622,0.734747988991439,0.795636135013774,0.672240666113794,2
1444,0.235174248350311,0.294236685567833,0.732363085853701,6
1116,0.237412593803155,0.329334756119052,0.74932038351881,4
963,0.673155646054074,0.635690050525591,0.383193409652449,3
1292,0.232351502234535,0.348868170839873,0.74778230275291,5
557,0.706248582694679,0.461374899582006,0.306413733051158,1
728,0.734849832060281,0.648187539167702,0.348998731467873,2
319,0.640598214697093,0.346438980894163,0.764108213130385,0
1534,0.241246337305752,0.28569470639699,0.745205106782075,6
376,0.0440296705346555,0.278608231805265,0.767361475387588,0
857,0.669975433179643,0.499179582321085,0.706526548136026,3
518,0.703257143713999,0.612194900377654,0.436368417227641,1
1598,0.240873360860859,0.287557069041109,0.736488353609625,6
1530,0.229183973261817,0.296433156473093,0.741583530549453,6
668,0.734265612196177,0.44967525054235,0.484950479120016,2
886,0.669293836746365,0.60639140077401,0.406019526300952,3
1539,0.232330687903333,0.291951522444736,0.742174206556932,6
1497,0.23957467294835,0.298998576585869,0.7377795103015,6
1200,0.2194305390771,0.329863220455432,0.738835937952483,4
673,0.734131490229629,0.780542769329623,0.625220102374442,2
1165,0.228601217899723,0.325013730011594,0.740992914888598,4
164,0.546300171175972,0.42436391976662,0.455533856293187,0
570,0.704963233815506,0.759941253787838,0.44395535485819,1
1063,0.225787922648853,0.326542818794539,0.737915536690876,4
863,0.675948437745683,0.457671073125675,0.613358222530223,3
875,0.674917962232139,0.766232723928988,0.606636932352558,3
1077,0.226171545841968,0.326695086792184,0.738371410966479,4
1024,0.232072304305885,0.326849863741558,0.743778059824489,4
1037,0.237904965365927,0.322920839871696,0.741415951661457,4
1335,0.23215634060019,0.348076897165419,0.742812439097596,5
1563,0.229370902577254,0.293910878523679,0.742424534385174,6
1258,0.237366449498007,0.359942009148885,0.736073265538195,5
900,0.671638035122305,0.798522585514002,0.646367523353547,3
1544,0.231098904265447,0.298948461063762,0.753833766556028,6
443,0.69944592540618,0.500912453257479,0.432121866033413,1
553,0.703346867656801,0.533362283231691,0.581734524108469,1
1003,0.228538419819054,0.318457739672872,0.743162475673045,4
723,0.72786355165299,0.32023235745728,0.492688903352246,2
645,0.73615452849539,0.710301089542918,0.390752978739329,2
447,0.704933537736069,0.639072790485807,0.420764538226649,1
1580,0.230282692958913,0.287775616657088,0.740155418090089,6
1080,0.233079083593034,0.314153247930112,0.738685902562035,4
1555,0.23161141503817,0.298537239710819,0.735349045693552,6
1328,0.238116628598874,0.353379322990795,0.746833643809937,5
470,0.701479008856695,0.749108100286685,0.367446720483713,1
908,0.673069830634631,0.349815280851908,0.720947194844484,3
579,0.702845587502234,0.695722772949375,0.597623189562,1
6,0.742756175342947,0.907434046734124,0.777878385502845,0
597,0.702568409291562,0.539039486530237,0.310303549398668,1
870,0.671035514269024,0.317788787162863,0.720506631419994,3
1084,0.226919618600616,0.327869231699172,0.742133687457999,4
357,0.221371175022796,0.672210739227012,0.547226608498022,0
960,0.677086811591871,0.793680407316424,0.356369748478755,3
1179,0.232693938679901,0.327878998874956,0.742298494707882,4
359,0.993396658683196,0.534046640852466,0.0460264564026147,0
550,0.702139871751424,0.396552196796984,0.327238939586096,1
650,0.734899039468728,0.359917518077418,0.512888489407487,2
832,0.674774529952556,0.423160811630078,0.532721187570132,3
1,0.890832419740036,0.558274158043787,0.550288382451981,0
420,0.703935598221142,0.480634996062145,0.593580638756976,1
822,0.676303947949782,0.538852830859833,0.677321962779388,3
1021,0.227125023223483,0.319361015688427,0.745794444535991,4
336,0.686842184513807,0.816140724578872,0.521326989866793,0
868,0.674684685254469,0.569887797208503,0.320338972960599,3
1522,0.223037506063105,0.287681658421614,0.740830947940915,6
1557,0.235803953678613,0.287056206272124,0.744852886751244,6
544,0.700468866557349,0.804441513353959,0.468959798221476,1
175,0.0546458051539958,0.793517125071958,0.925209215842187,0
1067,0.230839820201314,0.325826179423771,0.74483077816295,4
333,0.883250198559836,0.299748498946428,0.953125545987859,0
1281,0.231977132933438,0.350335220903172,0.743887149907365,5
1070,0.224298431818096,0.331988477087957,0.738590809271045,4
1508,0.233935469419672,0.295069117576544,0.747651140064103,6
1076,0.229613393693804,0.322219454536905,0.752311429738349,4
925,0.668423758898862,0.654699660697952,0.534982641343959,3
1490,0.236720280168044,0.295419141807919,0.744116912528663,6
1504,0.227214461851457,0.294255958378102,0.737797236966745,6
1517,0.229793179499823,0.294459866328041,0.740032244220855,6
444,0.700367486122996,0.593574361037463,0.569684672169387,1
793,0.733245950676501,0.582181331445463,0.313619029242545,2
1085,0.230558826340864,0.327285998370623,0.746930141904556,4
896,0.673672171656508,0.464391932683066,0.410523725207895,3
605,0.735927122940775,0.587237527570687,0.551687497529201,2
343,0.978348686126992,0.827659880742431,0.312098875641823,0
962,0.668602161547169,0.381288408394903,0.387423042557202,3
21,0.722183901816607,0.825779026839882,0.167695618933067,0
104,0.350633584661409,0.906901530688629,0.333328757900745,0
1531,0.221789613919843,0.297487665256308,0.747977539479632,6
1264,0.229139574927649,0.344458624859175,0.745144498526676,5
109,0.311924632405862,0.894678094889969,0.60488300723955,0
1377,0.232758728465862,0.356782820589297,0.741789538303964,5
73,0.491209668107331,0.950079695787281,0.930879142833874,0
561,0.699637836313341,0.507525989413262,0.388378370320424,1
930,0.677750862513203,0.415769456396811,0.269896009122021,3
140,0.74048954830505,0.512222206685692,0.285965792834759,0
679,0.730731123790611,0.74504298272077,0.736443084198982,2
1218,0.236215404511775,0.341694198006561,0.75304565952656,5
1115,0.227955617391884,0.321444388733806,0.742419059543474,4
145,0.250517961801961,0.163094392279163,0.209064979339018,0
338,0.0189291392453015,0.214772758306935,0.209008876467124,0
1385,0.23707667072665,0.356325502019806,0.738681123176804,5
1445,0.242924294355947,0.299219696256105,0.751425098460951,6
843,0.671553234574385,0.52048423208762,0.619811504031532,3
933,0.66829594328301,0.574849832663313,0.366369071998633,3
1571,0.23790177151192,0.292088943010341,0.738821158951638,6
1245,0.237888664983747,0.351679954242353,0.743645255299236,5
221,0.530833493452519,0.457173167960718,0.942702706903219,0
289,0.639375930652022,0.0191531314048916,0.757787658600137,0
14,0.508322548354045,0.914883473422378,0.0264435538556427,0
346,0.187555969925597,0.740352525375783,0.230144603410736,0
531,0.701956154636573,0.783743939688429,0.563565768301487,1
978,0.669901561797597,0.637822743365541,0.647198282997124,3
421,0.703635293443222,0.74664361726027,0.366822670330293,1
776,0.737671533725224,0.442735373019241,0.476025995565578,2
4,0.73346077860333,0.68606010149233,0.673893761588261,2
246,0.229890101822093,0.82267762767151,0.514989617746323,0
290,0.600783467292786,0.119754015933722,0.316558358957991,0
451,0.702579356741626,0.797532479953952,0.488998586195521,1
1207,0.229132674968222,0.355123493168224,0.738139863160054,5
758,0.737063022390939,0.793410420278087,0.564077961957082,2
1546,0.231198645941372,0.298338364871785,0.742786223249101,6
121,0.309706851141527,0.385840859031305,0.390739730093628,0
1279,0.230844972390099,0.356398484460848,0.742413933488404,5
1005,0.225726967632087,0.311500391316922,0.746605309005607,4
1476,0.23377659917221,0.289949946612199,0.734082753123179,6
1061,0.227358058759612,0.322994991503378,0.745548953662438,4
1364,0.237115883331066,0.349076546429512,0.747085043434396,5
1468,0.234412970568628,0.297790511771198,0.737375975810795,6
198,0.37962648505345,0.584167196415365,0.782718777190894,0
1459,0.230431530699847,0.298552640062681,0.746965219363326,6
1112,0.235415745917241,0.330557558900431,0.737354491857586,4
1369,0.229423508787294,0.349865559096854,0.735772455063707,5
43,0.559444821206853,0.0564512736164033,0.0587004760745913,0
1326,0.228772453802346,0.352356669494549,0.739489117685866,5
880,0.672923135170713,0.69175920621492,0.318118806928396,3
535,0.698175895169843,0.723723454144783,0.60898351133801,1
347,0.640058006858453,0.313817388610914,0.441206995164976,0
1074,0.232032755503795,0.323248774727014,0.747765062175869,4
419,0.70031793134287,0.387879501306452,0.336357518215664,1
410,0.699723968843464,0.515968943573535,0.577888920786791,1
1533,0.236331998346038,0.289258196396523,0.749205564888317,6
1574,0.223496406528285,0.290446263716906,0.74390762240892,6
1241,0.220850257792533,0.359016216677156,0.749640206744806,5
1334,0.233501070953265,0.363083929255619,0.736950113491918,5
671,0.735566880772822,0.437943837698549,0.309915006626397,2
27,0.438030666671693,0.238736808532849,0.407076845876873,0
1341,0.227799389221159,0.349994482952312,0.740226909077991,5
1075,0.240087029679328,0.325867777981243,0.746508141455629,4
1383,0.234303590412767,0.35349612309216,0.738602160401061,5
478,0.703136495461222,0.740335859335028,0.610953949275427,1
1435,0.234670923164344,0.288042737453207,0.738934282013372,6
153,0.453437155578285,0.042454706504941,0.954455439699814,0
1395,0.225478097635126,0.355005766089072,0.745556569842149,5
562,0.705223030010238,0.761253897659481,0.379535940359347,1
1028,0.229507177515246,0.319011782760161,0.750074962364078,4
592,0.700558119637426,0.500221871747635,0.589948453125544,1
961,0.672871099216863,0.782799166021869,0.407160516013391,3
1305,0.231244074980698,0.350228853895704,0.741419102905968,5
126,0.616477974690497,0.74875415628776,0.951131481677294,0
921,0.670917733341921,0.443962025316432,0.523541322210804,3
1461,0.229984933702238,0.287738886748536,0.741787249494706,6
717,0.728254133125302,0.657975972141139,0.388256616774015,2
1193,0.235858586527341,0.325056814804964,0.734855659397519,4
1006,0.234553886174629,0.322509125683054,0.741760551763833,4
472,0.703318744825665,0.590272855688818,0.647831169655547,1
112,0.888863126048818,0.188449303852394,0.00240032188594341,0
1212,0.233070044458879,0.346333818458847,0.74116854278472,5
713,0.733151961159892,0.805280928360298,0.431382669950835,2
8,0.127920988248661,0.636792296543717,0.26194874336943,0
282,0.973003768129274,0.507837572367862,0.962153509724885,0
804,0.673573077251203,0.406861615227536,0.719240898033604,3
977,0.671650858942885,0.370514805987477,0.367601128527895,3
1213,0.234034661667222,0.355314627333379,0.74645099062013,5
818,0.674393867996987,0.79353383006528,0.307365456363186,3
1056,0.223623333660314,0.319345446820201,0.743086868269946,4
923,0.671664923229255,0.664569887658581,0.713170327013358,3
837,0.669212231226265,0.705146819795482,0.394367055385374,3
429,0.702341259038076,0.525441590906121,0.708877810975537,1
902,0.669105465661269,0.725325369369239,0.315119288745336,3
1494,0.230650669136887,0.293275047631935,0.739248965661409,6
46,0.894052799791098,0.757396342698485,0.295836808159947,0
1398,0.228469580422227,0.362305009388974,0.748334456256653,5
1590,0.223099613107471,0.294190129511608,0.738741156223533,6
1338,0.226868479000389,0.353354365629089,0.739531136668657,5
1131,0.226352091812847,0.321011559406708,0.747043166871437,4
1506,0.237228956335252,0.292061689752973,0.729893549983579,6
83,0.68061460996978,0.477056489791721,0.265139305498451,0
1017,0.237565064474852,0.317372585276488,0.736268664832238,4
675,0.731271705022082,0.702088802680373,0.279370113974437,2
325,0.00154821178875864,0.321538771502674,0.186742545105517,0
1071,0.234873532009773,0.316511811868567,0.738025716921632,4
494,0.703678553323261,0.704761294391938,0.606686382903717,1
1196,0.225809745453693,0.321779632427942,0.757588236717513,4
1408,0.237359356457804,0.295904914998319,0.746092574595668,6
722,0.735048983769957,0.700422120140866,0.281143253552727,2
326,0.604268128983676,0.583225606475025,0.596753588411957,0
1532,0.23214623969834,0.300180646697641,0.738166986109836,6
267,0.652077907463536,0.250799240777269,0.89847753662616,0
966,0.672634895488154,0.725748154427856,0.680252252612263,3
691,0.728612415564712,0.326196062355302,0.51428965118248,2
712,0.734331669183448,0.678235795442015,0.302845161408186,2
1016,0.230523605353909,0.323035716889536,0.747989859286099,4
757,0.734860881543718,0.372901928122156,0.702526650507934,2
1321,0.228235718561828,0.349229164845514,0.750455436479,5
576,0.704723119242117,0.627909166715108,0.3332916169893,1
424,0.703931293038186,0.726887652161531,0.315025733900256,1
927,0.67333334445022,0.67826255816035,0.335179321817122,3
737,0.734006060415413,0.385982974991202,0.510359702399001,2
1096,0.238459305559244,0.316863107762646,0.739074122394198,4
1268,0.224928025758569,0.36270947534369,0.742322777722504,5
816,0.669802826910745,0.600714617036283,0.298787535168231,3
763,0.730195198706351,0.472297899983823,0.312549821101129,2
180,0.66144025255926,0.778265956090763,0.974092913558707,0
1319,0.225434785028159,0.347571588253886,0.733029747925484,5
491,0.700035095107742,0.702434227080085,0.494039235170931,1
345,0.288168802391738,0.95225105737336,0.885154430288821,0
1450,0.232667328160302,0.298239425212086,0.739631200789985,6
95,0.078588534379378,0.323850870132446,0.76035868562758,0
368,0.327845354797319,0.0779988991562277,0.335030034417287,0
133,0.370836691698059,0.774603663710877,0.807880820007995,0
1363,0.233359668725089,0.343852138709164,0.743658623696055,5
1433,0.233470744478758,0.298149067545599,0.745177803249828,6
350,0.761293605901301,0.289407714270055,0.440617229091004,0
998,0.675322447603103,0.636019220319577,0.551930187502876,3
70,0.374085033079609,0.221568913199008,0.97659520059824,0
853,0.670597218405455,0.481248937989585,0.475895324256271,3
1455,0.233514338624854,0.292386790421616,0.749014157212409,6
1579,0.232354350728353,0.293832460068089,0.741081597748839,6
987,0.673750907126814,0.438020322332159,0.300769341294654,3
659,0.730897338415962,0.506737629626878,0.542240272276103,2
803,0.672484590001404,0.630106289265677,0.744173754937947,3
1167,0.231820228276831,0.323143349326735,0.738454030876561,4
936,0.677046744527761,0.385801614238881,0.267750509665348,3
29,0.373400028795004,0.382895025191829,0.564982637995854,0
1436,0.235918809696255,0.293043956511225,0.739104167114651,6
253,0.518737552687526,0.143799293786287,0.773093421943486,0
781,0.735195256567095,0.401825574203394,0.633659561397508,2
1014,0.229953096370353,0.326125842297468,0.737393648433668,4
1527,0.230088958116959,0.292956853723331,0.747818745292055,6
742,0.73706615075469,0.667187955905683,0.393894770299084,2
1280,0.22572307218833,0.363027184746929,0.744197939435821,5
1438,0.232068908115493,0.282423597665853,0.741393560945481,6
233,0.903883868595585,0.242222398286685,0.982442182255909,0
1323,0.230899704301747,0.354432086031453,0.742880501480818,5
1471,0.231218364080896,0.293332808630277,0.743888398590485,6
1134,0.229981404046398,0.317408564749179,0.738778808842535,4
151,0.804253304377198,0.970805642660707,0.34167896816507,0
193,0.220081400126219,0.332820415496826,0.76077466760762,0
353,0.14942810847424,0.540849947137758,0.275665123714134,0
813,0.669667588321026,0.600259623466991,0.331401264527813,3
889,0.671482618229929,0.676115082204342,0.360842700116336,3
693,0.728223839914426,0.484344277507626,0.386985565070063,2
342,0.707717083161697,0.613675179658458,0.690573752857745,1
805,0.669025176211726,0.629467104421929,0.725306797889061,3
640,0.731125794472173,0.367407508171164,0.56480616168119,2
546,0.707191592974123,0.762381339422427,0.459675652906299,1
614,0.732295350136701,0.769067051797174,0.507941283169203,2
1216,0.227041512920316,0.351634763115778,0.737516059495086,5
1175,0.235347843376897,0.320248637519386,0.740523983484489,4
1343,0.230672986907343,0.347102208852574,0.740633992380519,5
864,0.672077414332889,0.644049154222012,0.755124905495904,3
775,0.736070313092787,0.325154198310338,0.365251486422494,2
1211,0.230067159376887,0.357167078326914,0.750070795175502,5
203,0.0624436903744936,0.697878309059888,0.274842989863828,0
1568,0.23482675602201,0.300185082026784,0.75542809925547,6
767,0.728000420124736,0.360756293265149,0.315418944577686,2
527,0.702079099288676,0.516021278314293,0.43008892016951,1
1008,0.239919330121712,0.32203636808098,0.739852338447505,4
211,0.73734909016639,0.41576978424564,0.833002843661234,0
438,0.707175482688472,0.41055123412516,0.579317325726151,1
258,0.37165807839483,0.0602926267310977,0.307905848138034,0
846,0.674768182628322,0.636286790226586,0.732569426414557,3
1393,0.238289918327435,0.350890215797905,0.751777756596923,5
808,0.675093775726855,0.384497418510728,0.654522367520258,3
1431,0.225714907455278,0.297881860742351,0.750035604908015,6
1048,0.237844486530817,0.331224282951399,0.738075290731205,4
254,0.167043998837471,0.552942734444514,0.336538176517934,0
316,0.597899824846536,0.156214981339872,0.143164940178394,0
704,0.732368053174578,0.460471251606941,0.717165170004591,2
1502,0.233469490714671,0.298338887984723,0.742507596351023,6
858,0.672330610095523,0.769224858586677,0.458193500293419,3
157,0.208877830766141,0.663716814946383,0.499665296869352,0
284,0.535136654740199,0.194549362873659,0.644525510957465,0
760,0.737352096294053,0.489341095066629,0.66726314870175,2
306,0.0534592140465975,0.0756185089703649,0.999140545492992,0
703,0.73178483629832,0.422510476410389,0.718157459050417,2
872,0.66858395943651,0.333398322435096,0.372770269750617,3
341,0.972413716372102,0.189552516676486,0.0181218034122139,0
142,0.368767483625561,0.354857710888609,0.106297691818327,0
1164,0.24173739151749,0.315655795904821,0.73878314238248,4
448,0.699509821697138,0.684688335261308,0.70410276541952,1
116,0.0843941490165889,0.0255377851426601,0.62728400179185,0
523,0.707187082802411,0.393014699895866,0.549500674242154,1
1029,0.235520833415707,0.329870824032633,0.737676662653609,4
406,0.705447747800499,0.425975957862102,0.733580588712357,1
1553,0.224805941697668,0.30042782867263,0.744087425133236,6
1560,0.225797474258728,0.290742323026598,0.740661736309753,6
1427,0.231168316993923,0.299845497386218,0.739891457430519,6
1318,0.233519243967406,0.352973177496423,0.742269185309909,5
664,0.732049337718636,0.756522101443261,0.433553851791658,2
1260,0.231612545159951,0.351721730956418,0.745195969665113,5
352,0.986149266827852,0.227920000441372,0.203126575564966,0
571,0.704507145325188,0.779683357430622,0.397930276580155,1
1556,0.233212729007428,0.297507272148031,0.739980252507675,6
1141,0.225010701317908,0.317091505833053,0.74469427271989,4
1413,0.223861182634404,0.297798226332962,0.734775437186367,6
1246,0.230789798474173,0.358736603283898,0.743843494404412,5
1397,0.227611408604796,0.36422018410681,0.748987430924952,5
339,0.939656775910407,0.103473656112328,0.405240139225498,0
787,0.7286889563757,0.615193345444277,0.672798247076571,2
600,0.705977887902409,0.701498530199751,0.724608668475412,1
626,0.732267161109485,0.495791347208433,0.502789837075397,2
1231,0.22721345602771,0.352391452297705,0.742530812122455,5
934,0.673450881156605,0.532957424852066,0.273356592166238,3
1388,0.237943803421391,0.359722817323515,0.749990186000042,5
131,0.877049873815849,0.486873070709407,0.654242428718135,0
10,0.878739945823327,0.546023346483707,0.659774485742673,0
1390,0.22749662181875,0.353974652185952,0.745717182489917,5
755,0.730077657494694,0.436199030815624,0.653059382922947,2
1184,0.234876360439289,0.328872612141602,0.744038558763246,4
1516,0.241067733983802,0.291262036476345,0.743768162214578,6
244,0.258516412461177,0.454379634931684,0.664528957335278,0
745,0.733691162613686,0.472656987351366,0.450069552985951,2
736,0.733305694020819,0.722146032238379,0.384724600473419,2
71,0.709317558445036,0.205297429347411,0.887347458163276,0
957,0.667827293311711,0.589885056461208,0.528993052314036,3
1227,0.231782272219989,0.349933424409166,0.74684880724499,5
1547,0.234689571689336,0.294473430367895,0.735137075510542,6
1475,0.227177767456309,0.285316573413045,0.735428582303942,6
77,0.840300320181996,0.126947052776814,0.00318712508305907,0
997,0.670458294053096,0.541187340836041,0.438062755158171,3
537,0.699124309476465,0.574732913845219,0.631670173956081,1
351,0.661930838832632,0.869195994921029,0.708258879370987,0
648,0.732062613193411,0.426680190465413,0.745509773958474,2
48,0.675101374043152,0.389726000837982,0.535937607754022,3
171,0.39937279978767,0.557259136112407,0.049476663582027,0
1481,0.224599030370236,0.289821128349598,0.747032390247186,6
1291,0.222094544901489,0.343631546315221,0.743733523001565,5
1186,0.234395738537869,0.323946096478527,0.738793121662554,4
796,0.737646479913965,0.579750317009166,0.270591783104464,2
12,0.792947832262143,0.370248308172449,0.59022377198562,0
393,0.906033892882988,0.370584466261789,0.291761995991692,0
733,0.732061033323407,0.514251618855633,0.331693238345906,2
39,0.166922369040549,0.317303290590644,0.366964713903144,0
228,0.14574888185598,0.276966712670401,0.239263368304819,0
594,0.704370362414047,0.518429320747964,0.467926223529503,1
920,0.669384207357652,0.800337074766867,0.390396870905533,3
530,0.70431035554735,0.617590188141912,0.493954436853528,1
1233,0.237643811019594,0.351343541347964,0.743810060203885,5
814,0.669437816087156,0.556019448535517,0.276629562024027,3
604,0.736607335454319,0.672556564770639,0.486503948224708,2
1406,0.232681122902718,0.298735512662325,0.741587100932868,6
828,0.672330213398673,0.364174521504901,0.327697414089926,3
262,0.950389592442662,0.57328364579007,0.712607104331255,0
408,0.703121538225096,0.610091527318582,0.636932931724004,1
235,0.169288302073255,0.890379192773253,0.454382301075384,0
1136,0.233664120585966,0.32187998351503,0.746221097591234,4
89,0.0931621203199029,0.567756866104901,0.594399721827358,0
1225,0.23015991553141,0.355124438994828,0.740199599787891,5
1073,0.22371147797746,0.324109956373479,0.746520549038613,4
94,0.4963181365747,0.229576044948772,0.080764185404405,0
835,0.67479517013533,0.338397760270164,0.692951201228425,3
1591,0.234888727760159,0.291348153839912,0.738369863005176,6
1478,0.236023203201741,0.285443139777571,0.74696495329584,6
1007,0.228284338605871,0.327579447488311,0.735739379259458,4
777,0.736583233177662,0.32656400683336,0.494032720802352,2
1088,0.223812674716243,0.324546561368482,0.750609182725405,4
313,0.35353318345733,0.716108636697754,0.51427497738041,0
560,0.699264858511742,0.652466596313752,0.638308931374922,1
1314,0.231171202325803,0.355377958593359,0.746719025925748,5
620,0.731297032826114,0.763713086000644,0.310365393408574,2
996,0.671821399971377,0.393963447515853,0.536480510374531,3
1035,0.234228990982515,0.329917257379257,0.737665319537909,4
124,0.0843110277783126,0.486027401639149,0.373339252080768,0
358,0.736565934261307,0.653910018503666,0.784721614792943,0
779,0.729204712323844,0.379001380386762,0.454938157927245,2
1047,0.228924342287295,0.322765117525673,0.740220605973954,4
1443,0.236757047103076,0.289481631376179,0.744767137930378,6
802,0.675392896898557,0.392092576692812,0.433876816299744,3
19,0.343734572874382,0.867081278003752,0.557052626274526,0
692,0.736605930766091,0.630851004482247,0.450664255185984,2
799,0.736060960898176,0.336283836257644,0.377318956656381,2
1402,0.224768995544339,0.293875818631971,0.738097393929685,6
1477,0.230541728938959,0.297510846765333,0.742677358382565,6
583,0.701454077987,0.600097811990418,0.754087742301635,1
753,0.731239976093639,0.318939648196101,0.311746297054924,2
943,0.676243329376448,0.442072624666616,0.462143861455843,3
119,0.82946903957054,0.0155819195788354,0.862788504222408,0
207,0.0153340173419565,0.841373793082312,0.211798863718286,0
