127,0.209960259729996,0.635532038519159,0.918688308214769,0
1233,0.20091702903447,0.320827611514519,0.663731521874496,5
1418,0.205939676533668,0.255056704523128,0.660243081616912,6
1263,0.206341739264681,0.307616520810982,0.660838305892787,5
964,0.204633410514146,0.288818607735969,0.673469482915466,4
1079,0.202342366809052,0.282220872841776,0.666326415701031,4
132,0.132175792008638,0.662998746614903,0.855918695684522,0
765,0.221617585490458,0.75790653435979,0.69603730936069,3
135,0.788625190034509,0.281870207982138,0.51310228696093,0
1018,0.211631955602722,0.280697334389647,0.663600215107317,4
829,0.221101497544441,0.836121910833754,0.493890863261186,3
1376,0.203089133218522,0.251710806041645,0.657678333433301,6
479,0.249465488670394,0.926597809651867,0.479316378943622,1
1289,0.202676067269303,0.312030976670319,0.658078253554026,5
1257,0.201376744203279,0.31724917241038,0.670060174038161,5
491,0.254523887454998,0.812220559455454,0.962303649983369,1
240,0.432746388483793,0.614155487390235,0.80672889156267,0
1133,0.212401078889892,0.304913563416573,0.661230070806634,5
1175,0.207418017394528,0.316723737490226,0.66729685179028,5
1191,0.205847182515413,0.315481966178312,0.666682424411466,5
1398,0.205427146476994,0.250779141718099,0.670217216769312,6
816,0.219841101781931,0.71688828652259,0.922030493733473,3
1500,0.209383348714001,0.249421688764999,0.665484462977597,6
95,0.869722781935707,0.488056450383738,0.0912774694152176,0
1470,0.204484806326465,0.247716304169933,0.653148276358207,6
965,0.201494205751075,0.27847956039685,0.668208906431814,4
1495,0.207044458140399,0.253600714312652,0.673833294925936,6
784,0.223055476490408,0.769371033529751,0.72935901908204,3
670,0.278826172053814,0.845673959585838,0.524738984997384,2
1259,0.204369712747802,0.308793662546606,0.65578541673443,5
1469,0.204047345432228,0.252490502806551,0.668819702435365,6
1264,0.211394603154468,0.309723804350374,0.665422280763813,5
453,0.256857251238544,0.765974930953234,0.727846562745981,1
500,0.247002792973071,0.733397493138909,0.78477757028304,1
332,0.256337732186075,0.540474492125213,0.612507661106065,1
580,0.278101317281835,0.56933224957902,0.777563874959014,2
309,0.252457871823572,0.959789571701549,0.527634121128358,1
1114,0.211888224808321,0.314023318550004,0.668111672292067,5
371,0.251514005037025,0.909399073221721,0.948642047354952,1
1185,0.203968178750474,0.305869408936382,0.661425207400325,5
995,0.192484417233936,0.285617649026761,0.659936219981391,4
225,0.263462371192873,0.811516297748312,0.758512459229678,0
1316,0.216204152221724,0.24701358591737,0.655285552868996,6
781,0.22584445578279,0.921903454931453,0.802016947767697,3
1429,0.206014431522894,0.250014653643344,0.662157858387713,6
1169,0.204017760019569,0.317104358874759,0.662428377259754,5
387,0.256598790255375,0.814968001679517,0.544356051133946,1
1139,0.202332688758329,0.312321798507807,0.661519622696738,5
684,0.277173127606511,0.606198966852389,0.771518145455047,2
926,0.192594720838763,0.284604309151026,0.659200573822462,4
1135,0.213019595474787,0.316921899738596,0.665110575248836,5
1027,0.20875209152059,0.272215215673228,0.658402535491712,4
1072,0.205264322413926,0.283534292153477,0.657638557103346,4
579,0.280141375553794,0.745530228829011,0.804123902693391,2
851,0.219542494677007,0.685955129330978,0.626174892531708,3
614,0.277256936398335,0.890169765800238,0.887894183862954,2
1030,0.213515497262504,0.289064988992853,0.661853951004589,4
342,0.253610004505608,0.968248863122426,0.536447378108278,1
1325,0.204175505774528,0.250154646264625,0.668408952628052,6
235,0.279223782243207,0.292748488252982,0.789390227058902,0
798,0.222868511709385,0.788352484232746,0.771897693048231,3
635,0.278874561535195,0.705514648812823,0.50576918583829,2
937,0.205976849696729,0.28413707099901,0.66865434503592,4
242,0.846258145058528,0.992384176468477,0.711258672410622,0
1463,0.20909524402371,0.247654125874959,0.656367269135922,6
116,0.00411055819131434,0.192571586696431,0.561350926058367,0
1410,0.206030161865345,0.251762540690057,0.667353421175404,6
962,0.211742078513262,0.2831089071891,0.662762490348721,4
200,0.597665459383279,0.640555582940578,0.662883030017838,0
438,0.248564291163348,0.909612684510648,0.900422286358662,1
1350,0.209715757668922,0.24915047614523,0.663467867861727,6
1353,0.199965478863291,0.246036657260111,0.672084098273742,6
485,0.256161918081343,0.742632918991148,0.496484483592212,1
1031,0.205290449854171,0.28495017605298,0.667335614845385,4
224,0.140934437280521,0.15413952129893,0.695750665850937,0
1378,0.200127974666625,0.264455412647884,0.663602585902504,6
581,0.27715215338394,0.723071460379288,0.885445133433677,2
959,0.197620653711437,0.271428447281644,0.656022465724293,4
1294,0.209080302109404,0.305647026983365,0.658529703230438,5
1124,0.208920133060575,0.306543957844628,0.658172367318304,5
845,0.226217422708869,0.891784187173471,0.558059415547177,3
427,0.255523433967028,0.527573488769121,0.92078909825068,1
1110,0.202588178263024,0.316436885098586,0.670433051595445,5
821,0.223520663576201,0.630963157280348,0.603222424047999,3
1234,0.203595596508157,0.309718800463879,0.655347990972426,5
806,0.226933369189501,0.833248157869093,0.673270222498104,3
518,0.2816968529718,0.793694694992155,0.851024528616108,2
122,0.744724223623052,0.379632072290406,0.319033534498885,0
278,0.735209592152387,0.18875545845367,0.114636564161628,0
180,0.947229525074363,0.876076451735571,0.438679704675451,0
114,0.501024090219289,0.803502253489569,0.338960717432201,0
1283,0.207894930980911,0.31314820891405,0.665099880486918,5
398,0.247206429403741,0.593580049229786,0.76037021400407,1
1465,0.202366943731183,0.257105953341879,0.666691617285732,6
915,0.206374434695558,0.275317042289363,0.661333256480765,4
1141,0.215819117111315,0.302678156919313,0.660210526939269,5
454,0.255359831431415,0.781793582485989,0.919898769469,1
1235,0.213146222151582,0.303751571656871,0.661617901228185,5
750,0.220264523560181,0.894646974164061,0.698525571846403,3
1095,0.207119172172488,0.288820767128563,0.655933117710983,4
1317,0.200918303237616,0.255295928691814,0.656236273095211,6
921,0.207291519091938,0.283340237846363,0.655820098733711,4
809,0.222748319054954,0.502594218938611,0.717753596487455,3
442,0.253840313390829,0.785601799027063,0.58973079174757,1
694,0.280550772130955,0.513034034403972,0.677406319533475,2
233,0.478405994130298,0.729877033038065,0.232882764423266,0
492,0.250129957920872,0.78673272067681,0.754305718815885,1
490,0.248454004239757,0.815596246044151,0.743913428043015,1
1036,0.215235339886719,0.280746885181685,0.664167140385266,4
792,0.224948012807872,0.789565410115756,0.517185676377267,3
1282,0.206198736333538,0.308438553209423,0.668363280534701,5
1049,0.201398348498331,0.287800791619859,0.659392711864952,4
201,0.125937265809625,0.0917197039816529,0.45466485619545,0
1421,0.20139941638653,0.264467517929215,0.65810588951805,6
1046,0.206795992241956,0.282318421025592,0.658462264192386,4
605,0.277448928146623,0.744275260367431,0.654840791714378,2
767,0.225969663460273,0.805708364932798,0.594145868788473,3
1324,0.204215124140117,0.251377871453104,0.671733352463511,6
447,0.255930850340519,0.657725860830396,0.765317768324167,1
1481,0.207619163496917,0.25597425865092,0.668878813241819,6
802,0.221893539233133,0.53813474078197,0.631073748110794,3
1205,0.202964663315834,0.317325545086112,0.657608350670391,5
143,0.269089204957709,0.538052551215515,0.173492295434698,0
1485,0.211409909147757,0.234822392067815,0.664355851813813,6
1299,0.210353504569696,0.30884731997657,0.658292691987546,5
754,0.221784080350772,0.85524274862837,0.812269439455122,3
626,0.281500479765236,0.745845015742816,0.899914455483668,2
1066,0.21240578611321,0.286192324099881,0.659243990101009,4
47,0.79689567303285,0.258768650703132,0.745035612722859,0
660,0.277046009076294,0.502630306873471,0.952547384425998,2
830,0.220242729554884,0.792751648812555,0.495788602158427,3
324,0.248157047510613,0.814610825036652,0.755939547321759,1
1156,0.209176332875842,0.306448555260121,0.656894790815162,5
1101,0.204779708947022,0.315498802227591,0.670783672420926,5
1452,0.214095383304055,0.253238347415552,0.666780999743948,6
710,0.220056649064645,0.707719447906129,0.468493787455373,3
450,0.25570531134028,0.693205719580874,0.745258949231356,1
990,0.207465143390507,0.281835703344372,0.659929896360166,4
1092,0.216041371234122,0.274381812257036,0.664428237019786,4
465,0.253612960884348,0.879734595539048,0.930363436113112,1
800,0.217425211034715,0.590883437194861,0.557016141247004,3
1190,0.206180448615061,0.318798788541467,0.655906256896753,5
464,0.252648269459605,0.738211487303488,0.847116890479811,1
377,0.25662829621695,0.932376053649932,0.473558180499822,1
818,0.225786820626818,0.799366849823855,0.924966051592492,3
1142,0.209523613877377,0.309617113962057,0.665628571532282,5
1395,0.206040054729439,0.254763406187385,0.658790372105004,6
1211,0.201088454794981,0.313695248732994,0.654492085365074,5
546,0.278408800272737,0.608975552604534,0.466817222186364,2
1176,0.20756491633927,0.306359237072873,0.660900963398154,5
1136,0.202740416802089,0.311829649986471,0.667777275487747,5
185,0.91206622403115,0.0393317069392651,0.602293333271518,0
1241,0.213507674518294,0.311857747979444,0.666351601268671,5
576,0.284020389027428,0.792184255900793,0.582292133010924,2
14,0.228068473981693,0.718146218685433,0.474950875621289,0
359,0.255510296721477,0.965123473899439,0.735987514141016,1
204,0.786897709826007,0.395187749294564,0.520190923474729,0
736,0.223347376533784,0.655298290890642,0.615644292556681,3
1012,0.201319512279528,0.290001080659578,0.669797778350771,4
509,0.279618057513144,0.854844874469563,0.593101906357333,2
1006,0.211507964988209,0.281601731096684,0.662533733955716,4
594,0.281345001575537,0.788348719128408,0.543487417162396,2
929,0.202169170932791,0.294388908244759,0.65698205496239,4
129,0.157383396290243,0.877952316077426,0.518005515215918,0
1178,0.205373815541411,0.302796638680853,0.667303001059766,5
550,0.28193817692576,0.896393850678578,0.581522826687433,2
771,0.219394768329803,0.82101479487028,0.821262315730564,3
979,0.210321348617031,0.279563806658045,0.665978392648923,4
489,0.249467469165102,0.753358976333402,0.654193333466537,1
55,0.199490986065939,0.835745525313541,0.685523147927597,0
764,0.224732718442101,0.673550819861703,0.869770087650977,3
992,0.206036280121159,0.280898355972083,0.668186823843449,4
544,0.278850444308482,0.482418353203684,0.532015527249314,2
1154,0.206146203842737,0.312718258364841,0.662232069168755,5
994,0.21210715010477,0.27881854534513,0.66366650971994,4
1194,0.210873507810403,0.320541609009047,0.65623473792475,5
1153,0.20658160875192,0.318930076157995,0.66069920413048,5
177,0.142949091969058,0.243206714745611,0.808514493284747,0
414,0.247125936050434,0.580592675483786,0.835361656965688,1
346,0.254275403560605,0.549074645619839,0.781136268517002,1
1138,0.202871435579581,0.303081222921965,0.656229226528844,5
595,0.285982721936889,0.918239322723821,0.709598686080426,2
604,0.280219566395972,0.549565893830732,0.46673045377247,2
88,0.0975902518257499,0.831146142212674,0.593715667724609,0
151,0.604382396908477,0.0327966876793653,0.690364805050194,0
1107,0.207487182047006,0.308931123316053,0.668342412495291,5
1045,0.209303349640608,0.277853063108525,0.667049311809835,4
627,0.286454474315979,0.90675973019097,0.951245860662311,2
883,0.220354382402729,0.843615247285925,0.87734150455799,3
364,0.250937230947893,0.647939004818909,0.821337246568874,1
421,0.253086811057292,0.66205614071805,0.786020524450578,1
1047,0.204506040896491,0.281214381156383,0.657461108884499,4
1309,0.204243025159231,0.258245167602135,0.671792564215446,6
369,0.255307737940457,0.564536763587967,0.907025436055847,1
674,0.277211911180057,0.72508995141834,0.879040876287036,2
258,0.776286359177902,0.619926117826253,0.83871565759182,0
804,0.224884653878398,0.822479669936001,0.904458799515851,3
124,0.632349138846621,0.656877999892458,0.109422894893214,0
637,0.279187996359542,0.795213256380521,0.929659174522385,2
1403,0.209951015111659,0.253376485682857,0.665558692904555,6
1213,0.207175608964864,0.302598094301048,0.670157818803419,5
219,0.883360195439309,0.0531580932438374,0.0703059744555503,0
1210,0.204199710721188,0.30930687647805,0.662743557707349,5
80,0.997939855558798,0.790702989790589,0.277994086965919,0
609,0.282507950984873,0.850527337635867,0.715150748263113,2
259,0.83103747642599,0.351074490463361,0.395908154081553,0
1111,0.202499896906165,0.308018625651013,0.657673162303365,5
51,0.113832576666027,0.167054009158164,0.186565284151584,0
115,0.351577321533114,0.475925941485912,0.857158910250291,0
1267,0.20553228440326,0.305283028785546,0.663207557667155,5
1146,0.216709921179028,0.307570747105037,0.659067598087129,5
126,0.794937882106751,0.0556508041918278,0.222995328251272,0
934,0.20565049986795,0.283097997726177,0.658941998071282,4
1360,0.20180421770297,0.247521189178315,0.652703242890309,6
1120,0.211481604840679,0.325463244329213,0.664061615579675,5
904,0.211914996341983,0.283986636610919,0.659252809284346,4
1002,0.205361394352062,0.275860798670285,0.666137747669315,4
328,0.248628003045451,0.902039456414059,0.83932473603636,1
422,0.250672656593379,0.769174786866643,0.539914211607538,1
624,0.281520802113228,0.503555562114343,0.59350863203872,2
109,0.858986757928506,0.167805416509509,0.833064014324918,0
669,0.281871360011864,0.67429599200841,0.484261096105911,2
649,0.282637372671161,0.518000624375418,0.672039691358805,2
542,0.277359602537472,0.87099287007004,0.615597386145964,2
611,0.279859504322521,0.65354538243264,0.863367864163592,2
1491,0.199735522493753,0.253972798557491,0.666731458739719,6
803,0.225826621085871,0.780976517708041,0.942164867999963,3
647,0.284701466148254,0.757507095928304,0.771051631891169,2
516,0.278995750576723,0.538011552998796,0.734721079003066,2
24,0.344732722034678,0.105322938645259,0.160984520800412,0
599,0.283206616945099,0.666290056891739,0.791415371582843,2
539,0.283568879149389,0.671902800211683,0.943743615178391,2
400,0.255342639149167,0.889196046045981,0.892716009169817,1
1297,0.200093381833212,0.315960544502459,0.665082471988269,5
1080,0.210049886465589,0.283716593404696,0.666175030224259,4
87,0.00424348912201822,0.88779707136564,0.254683428443968,0
153,0.161312199663371,0.360121306264773,0.74280621111393,0
110,0.0160328885540366,0.629400121513754,0.293118318310007,0
495,0.248414097218774,0.90642029454466,0.656452934257686,1
869,0.219208051899914,0.542920346138999,0.94415580923669,3
1171,0.211007883290333,0.309565342572251,0.668759059719325,5
372,0.253770807080437,0.653100372874178,0.789241026970558,1
777,0.226769897094928,0.698838606476784,0.650143830338493,3
1086,0.205772282213069,0.278905192345207,0.6598471656053,4
1292,0.200577209397801,0.303257507613811,0.664739510625712,5
32,0.491713772993535,0.273195918649435,0.878566028783098,0
893,0.222778215892613,0.918904269230552,0.511014271178283,3
719,0.22425095917657,0.75529560900759,0.905118660884909,3
1379,0.211309194654383,0.261916180007678,0.659785602119034,6
691,0.283620056281798,0.617097166134045,0.620314238476567,2
1189,0.204861021714438,0.315389230769391,0.663219705115628,5
1145,0.212638870120955,0.314003504917536,0.657172424453504,5
1358,0.207402738570713,0.248116597279875,0.662841556043333,6
46,0.500914116855711,0.125966002233326,0.368280531140044,0
208,0.00224102195352316,0.424904057756066,0.546010282589123,0
616,0.283782951412722,0.761054839473218,0.565012669889256,2
406,0.247485164876562,0.653870705980808,0.947019489016384,1
383,0.255743125358131,0.583653284236789,0.893067158292979,1
210,0.970112730981782,0.498421132564545,0.928669332293794,0
310,0.249117360748351,0.952815915225074,0.764138117432594,1
445,0.254391995568294,0.940186242340133,0.793775626923889,1
790,0.226195774574298,0.512725049629807,0.739278949797153,3
348,0.247786161114927,0.484078679699451,0.787724887137301,1
381,0.253296110262163,0.85378866805695,0.626525755156763,1
1109,0.201612053547154,0.312757546465911,0.65723510111862,5
1140,0.209987879908654,0.305743561120425,0.660626410594089,5
1122,0.206042811338189,0.311935070918305,0.666150398435077,5
1197,0.213273255564865,0.31741456586395,0.661319245896875,5
165,0.126684664282948,0.0495230960659683,0.348301021615043,0
588,0.280037989991251,0.720756145543419,0.584468006156385,2
396,0.254149331848603,0.698104461887851,0.658116349717602,1
374,0.24762710479321,0.866316806874238,0.58058510790579,1
53,0.620222026016563,0.650116956327111,0.0127910419832915,0
564,0.283177030065563,0.824027302325703,0.676252147415653,2
18,0.592683238210157,0.0526189771480858,0.572999897412956,0
1091,0.207181946164894,0.283473913597758,0.663563760732763,4
1248,0.213071710987464,0.316207179456802,0.662329817877293,5
337,0.247868275034707,0.710997504880652,0.804645663476549,1
1474,0.205872771010828,0.25340664758381,0.667887321665397,6
1389,0.208821295194272,0.247954720853616,0.666787826931424,6
646,0.278654497792013,0.769701945362613,0.605148346396163,2
949,0.207456589368731,0.292140187336084,0.668696406387799,4
159,0.256033485522494,0.493352327030152,0.990963949821889,0
793,0.226153898942284,0.712719485280104,0.636343896156177,3
1391,0.204257775032917,0.253567835511434,0.657489160547995,6
697,0.280658493894152,0.762585603049956,0.526371640968136,2
1221,0.208691919114485,0.310550725420037,0.663619826805076,5
597,0.286820383472368,0.618402503896505,0.653746441937983,2
968,0.207173281889051,0.290948986263367,0.665058697514816,4
367,0.256541199956555,0.812762944493443,0.69189868925605,1
673,0.279004759718664,0.657173131010495,0.9457835808862,2
705,0.219421167324763,0.788425173494034,0.817987277288921,3
169,0.0439024984370917,0.673831677529961,0.455898663261905,0
917,0.205258274258043,0.275928990496872,0.664573568991405,4
1445,0.20772692792079,0.248101584474048,0.659521066680301,6
1023,0.212131285148761,0.277556765495312,0.66531668315076,4
854,0.225916850795038,0.561751025496051,0.63388705602847,3
413,0.250938638625667,0.809743004618213,0.950655277585611,1
1348,0.200130909926754,0.243406154466891,0.648967694198959,6
67,0.715820081299171,0.339016603771597,0.0282238367944956,0
884,0.226929054930806,0.782759734429419,0.573946903692558,3
1367,0.213349695748196,0.259683101928717,0.660721978831276,6
1436,0.206145835653306,0.257223036069657,0.657750137083935,6
1374,0.203691191789372,0.243758664316054,0.650067786148068,6
460,0.248202324616723,0.477448407444172,0.58321775670629,1
1466,0.211202781627684,0.257088552352092,0.670503138346944,6
391,0.248311087233014,0.93591106927488,0.515949941589497,1
1212,0.211575148003058,0.304468212121275,0.656564976797192,5
1170,0.219155136075979,0.311355156709686,0.669138006767995,5
1035,0.20656294992335,0.287698466721985,0.667881786318241,4
1025,0.209968741958716,0.276036627892743,0.664362942563917,4
267,0.0190486996434629,0.872940415749326,0.0210731220431626,0
1250,0.204793424401804,0.311264288158393,0.663324230072147,5
10,0.740978770656511,0.450862105935812,0.0764196689706296,0
256,0.472146152285859,0.759080584626645,0.980340053560212,0
857,0.218601579782553,0.883720404701307,0.791760632186197,3
758,0.217965205034707,0.727755060768686,0.69708814821206,3
530,0.28055098721059,0.786613933276385,0.463145058951341,2
1478,0.214430656039651,0.241054759100444,0.660311137999194,6
1115,0.215814682195027,0.3135782263467,0.665996505561388,5
466,0.247541459267959,0.855871774139814,0.610298521351069,1
756,0.222961812682916,0.555530693964101,0.762135658529587,3
1155,0.20918559405186,0.308908223954693,0.664989208816724,5
12,0.866845753276721,0.627326400950551,0.157456571469083,0
1371,0.202776173280121,0.260628601931633,0.672342720607692,6
1427,0.204643913694021,0.249158783765161,0.66003683515686,6
405,0.252363716748077,0.828276919783093,0.548448801389895,1
368,0.252746016003657,0.764911377802491,0.58634506596718,1
532,0.283761617171112,0.860394078423269,0.809963422478177,2
1287,0.212670911964549,0.312162061620943,0.654836816742581,5
1013,0.206796868961264,0.279124423303999,0.669335692509951,4
813,0.218833998346236,0.712607304449193,0.96025611681398,3
1118,0.210145944420463,0.311011427634531,0.662558515122429,5
619,0.286820777165703,0.667600206565112,0.705199721152894,2
907,0.209754460554064,0.292202288211228,0.662012071555774,4
425,0.252751147157978,0.634254884906113,0.777609311859123,1
362,0.256766044809483,0.83851011400111,0.50148745556362,1
300,0.729565621120855,0.880131171783432,0.540850728750229,0
1007,0.203890583652451,0.288332719374115,0.659170055760503,4
1394,0.202066216095909,0.251301565476454,0.657783337532898,6
834,0.224523828662932,0.558745585381985,0.633236620225944,3
156,0.243603700306267,0.0657161932904273,0.430081233149394,0
1332,0.209943224116636,0.241605586329044,0.65682397345192,6
40,0.161652733338997,0.244933475740254,0.53431642241776,0
895,0.22104868840659,0.884546111919917,0.884312606300227,3
1337,0.203319946882598,0.252560905892434,0.664864017732863,6
866,0.225470624871086,0.853058391716331,0.854533264180645,3
395,0.24791580808349,0.630223705316894,0.908622293616645,1
1486,0.205309490197459,0.241229159869781,0.662041512450106,6
645,0.285329376335721,0.853238213341683,0.925323181785643,2
340,0.254700931259431,0.588383634691127,0.870995782432146,1
727,0.220331881092861,0.827685193973593,0.714110063505359,3
533,0.284050998594612,0.503070967388339,0.640298483078368,2
78,0.9318072355818,0.736909423954785,0.310244566295296,0
1301,0.214620820399552,0.255842067502781,0.65431174551585,6
354,0.248740054008085,0.915432250010781,0.955498820403591,1
615,0.280884923147969,0.567659955471754,0.679000284289941,2
1387,0.20632513531585,0.239863313745032,0.669031591048898,6
45,0.74222100735642,0.364227587124333,0.184229002101347,0
974,0.218140578133183,0.284771702717585,0.665297486848923,4
2,0.685588088119403,0.503191580530256,0.614920294145122,0
1157,0.206878834407233,0.313284395904789,0.664286549480033,5
1277,0.202393118109008,0.311805361516644,0.665239423131122,5
1085,0.209627362193975,0.281497375500473,0.657822068094355,4
261,0.938889242941514,0.00528350775130093,0.0873956922441721,0
1419,0.201403499612813,0.25048157279058,0.66551535048813,6
568,0.285239311009645,0.739227441023104,0.600877757999115,2
587,0.280840276745148,0.551919060642831,0.519377666991204,2
1314,0.210794356886736,0.245874931152985,0.667750697432832,6
334,0.255715172204655,0.924789701588452,0.827785650384612,1
634,0.277686399756931,0.813369957264513,0.653068555984646,2
1352,0.203393362260941,0.255767399299171,0.670131067766478,6
1396,0.211716800622068,0.253634714863637,0.662406634837763,6
780,0.223136520960834,0.862860700115561,0.534494371153414,3
1432,0.215119074500551,0.247090433839935,0.664983034882295,6
567,0.284209496227559,0.491438850876875,0.770707488176413,2
945,0.208641545824985,0.28281729759978,0.655083138860081,4
184,0.94114977773279,0.52667630976066,0.793119246605784,0
84,0.0452140928246081,0.387806300772354,0.280367421684787,0
1048,0.201655607379097,0.287340930569949,0.667715812099609,4
287,0.448347157333046,0.600519615458325,0.690150230657309,0
638,0.27956337972777,0.933596359682269,0.639396587503143,2
983,0.202757586391822,0.290450229222319,0.655619433512687,4
1334,0.207506094724854,0.253598272502385,0.659387814754415,6
1302,0.219722879324663,0.255642473296903,0.661111467333485,6
861,0.221707500512712,0.814629383268766,0.595113848568872,3
1117,0.217587774342342,0.31142631718922,0.66335182701428,5
868,0.224666891368106,0.969401859096251,0.594682091847062,3
1042,0.200667682613933,0.280962537716686,0.664905841236332,4
203,0.735998559975997,0.123625288950279,0.188630379969254,0
819,0.217580001279712,0.502141335280612,0.833129385136999,3
654,0.27884545909008,0.596391238039359,0.80053811322432,2
1431,0.213413670705264,0.24869312507209,0.659971543332255,6
1073,0.21128527072153,0.277384467648684,0.662559111839587,4
531,0.285205008592457,0.675526171573438,0.913647834793665,2
522,0.28318474855274,0.840510092908517,0.801777359098196,2
766,0.221765360434074,0.780907711130567,0.469665224081837,3
1152,0.205391161613344,0.307117035117237,0.662665496269406,5
512,0.283249828016851,0.878594382433221,0.580181246623397,2
92,0.577182352310047,0.14751245919615,0.138276567682624,0
351,0.253990625757724,0.621787090669386,0.763030701666139,1
591,0.281506672352552,0.761346003971994,0.542946233530529,2
574,0.281623591035604,0.857793251634575,0.919256936293095,2
56,0.281705331522971,0.925155267119408,0.479092566296458,2
1083,0.21206730032405,0.282137000655097,0.660323216616868,4
909,0.213690606191,0.289184209128014,0.665813803268426,4
1090,0.211292466926554,0.28077051733373,0.664398063598563,4
920,0.20969670636747,0.273491391207878,0.659856318129127,4
739,0.220978181657847,0.693698531016707,0.835789203061722,3
867,0.223641862648074,0.555342385545373,0.75976199505385,3
1335,0.205672760574711,0.250604551697759,0.66464542948126,6
586,0.281759395000991,0.761897011660039,0.664383361814544,2
1255,0.207932474948512,0.314000200651744,0.663082129682272,5
82,0.964255711995065,0.119614200666547,0.0890041254460812,0
1279,0.208257179997815,0.311197725467377,0.666424762384596,5
623,0.286021596570499,0.53938363189809,0.505162968649529,2
1296,0.206351264468514,0.304718614679306,0.668024348337348,5
283,0.0603644461371005,0.351309503428638,0.69171914155595,0
1300,0.204357697117772,0.307751746624975,0.652030404899649,5
1480,0.209767164438269,0.246335808080341,0.654695057822208,6
57,0.0204758946783841,0.635724875843152,0.981890708440915,0
30,0.609097797889262,0.275964407715946,0.148896372178569,0
903,0.207181279543865,0.28020925779298,0.658517405152924,4
846,0.219359976479318,0.620091497432441,0.71256523381453,3
881,0.218402003515512,0.846284612431191,0.92378552025184,3
382,0.254688152754679,0.957632225239649,0.517524791415781,1
1015,0.202294712124722,0.280686853131668,0.663758941159601,4
932,0.211190764844377,0.291976955102849,0.663597153415736,4
1458,0.20504976998143,0.247217252007035,0.656542626643975,6
642,0.281722573642619,0.649011279456317,0.656089273397811,2
408,0.252233053310774,0.923105153487995,0.642415311303921,1
98,0.231970796128735,0.651191509794444,0.000944240018725395,0
333,0.248585466786753,0.680019451770931,0.519146506674588,1
1390,0.205788431044674,0.247588723829535,0.663425854216393,6
566,0.28371092468733,0.59205452830065,0.525492576882243,2
865,0.223296012419742,0.650458658346906,0.948005752870813,3
832,0.223605503244326,0.619398047565483,0.722160197328776,3
923,0.211239690338034,0.280992594387171,0.66260607750974,4
265,0.744092143373564,0.815915645798668,0.0576958877500147,0
982,0.205645244236852,0.284071364082401,0.661818940658151,4
1192,0.202406217317494,0.30781562250637,0.665614920390438,5
1338,0.210815035402137,0.257312744136543,0.657694120991548,6
1251,0.200513642099645,0.300668139672133,0.657778613593192,5
1295,0.209169368735282,0.310983537987642,0.663025596002951,5
593,0.283006096705794,0.841920165228657,0.620417375001125,2
843,0.21816993633518,0.596516000805423,0.828982114093378,3
72,0.936883239774033,0.264035732951015,0.0106429306324571,0
662,0.28317395338323,0.962772291270085,0.867095384979621,2
1149,0.196056962733535,0.304358725629763,0.662800794034127,5
498,0.249411046877503,0.519954210962169,0.684798306669109,1
892,0.217177865910344,0.711997291306034,0.793582920799963,3
988,0.207750583653434,0.278899156833449,0.657964174379213,4
1238,0.2054071327115,0.320495015445927,0.656740795098292,5
1328,0.214910771261313,0.252335751430023,0.654914461175017,6
394,0.247538534847554,0.643497734563425,0.958023774437606,1
358,0.250426156439353,0.652601292706095,0.620869307080284,1
263,0.483513968065381,0.462830015690997,0.939721250440925,0
39,0.69795328238979,0.413505282485858,0.0228428691625595,0
1105,0.205919540363762,0.304967240482857,0.657638596987574,5
746,0.225814009166788,0.91134423983749,0.613354517612606,3
1160,0.20924589284265,0.311822446094344,0.662105767382498,5
79,0.435027371393517,0.56251188647002,0.7606589240022,0
797,0.219922966696322,0.706261764164083,0.662811695015989,3
1183,0.20048384573263,0.311706390055192,0.670237836247432,5
661,0.282538610715419,0.486464561196044,0.620109075447544,2
262,0.441983300726861,0.481797348707914,0.0863318119663745,0
1370,0.206818446007605,0.251440750653136,0.651929691770372,6
714,0.225267411589157,0.936879459535703,0.613492420292459,3
1163,0.210384679426232,0.314418883600669,0.657931990737659,5
613,0.280565265321638,0.895051059313118,0.86975714575965,2
123,0.220126791857183,0.806789150927216,0.568254255922511,3
73,0.989702380495146,0.0117849567905068,0.853257151786238,0
295,0.287293020170182,0.785869989311323,0.001868438674137,0
541,0.277227035257965,0.889539913740009,0.558671967475675,2
687,0.286520008302759,0.71134969452396,0.736907173180953,2
735,0.22542646214366,0.874563033576123,0.775258908979595,3
70,0.0745936944149435,0.622034258442,0.0500822027679533,0
303,0.253903649363201,0.772228384856135,0.823724825400859,1
1041,0.213489218882429,0.283664029943541,0.66375719402659,4
537,0.285365460913163,0.664422503323294,0.721561180660501,2
631,0.276995157101192,0.81732404162176,0.831724746036343,2
451,0.253288272253703,0.483953222166747,0.873429140308872,1
1450,0.21148727283728,0.249108603662898,0.672937361684466,6
799,0.225743930737954,0.681621072581038,0.865355113754049,3
1349,0.212396657352727,0.250727449303182,0.668469614359754,6
1103,0.203944917770159,0.301986832169438,0.661659661715326,5
933,0.213656561655708,0.270227714728172,0.663698517104809,4
1116,0.21176313456093,0.316661428018947,0.667492015910787,5
873,0.22339884435758,0.660984465270303,0.606030358816497,3
353,0.253844224328641,0.74196422402747,0.493624397669919,1
1008,0.207572989532287,0.275035882396816,0.665480987784283,4
1402,0.20251595128028,0.25034219934815,0.658711499358328,6
253,0.289843032136559,0.96365872817114,0.704834316624328,0
474,0.256041921605356,0.596253622323275,0.82013210922014,1
872,0.217263343813829,0.707606032607146,0.465453561861068,3
62,0.699154906440526,0.9572542400565,0.341431194217876,0
993,0.20745947617248,0.285980386044801,0.660749299658556,4
33,0.657931149238721,0.886691860621795,0.206141291651875,0
665,0.284586325914133,0.537010353757069,0.810038662049919,2
254,0.556544450577348,0.14570688828826,0.240327463718131,0
565,0.28693517214153,0.545298089738935,0.542007278068922,2
8,0.738822577521205,0.290136445779353,0.588531802175567,0
1269,0.204396746080327,0.314124744674977,0.665230456865821,5
1476,0.209383654959006,0.24608023005915,0.665655005581537,6
1181,0.211998160492541,0.306350312910317,0.666546343840009,5
675,0.286529531616252,0.546724217943847,0.580448861466721,2
700,0.28091083426727,0.536081597674638,0.536213376908563,2
773,0.224843776214402,0.877804184216075,0.71257300185971,3
870,0.224757193149999,0.958787021809258,0.663990996079519,3
220,0.0831238974351436,0.4115505234804,0.670766062801704,0
695,0.285024010038469,0.699372882256284,0.954154967912473,2
1064,0.207109410679207,0.28503116662165,0.652858809821284,4
991,0.204178367481467,0.287387179310196,0.669189150227404,4
1237,0.202241976612067,0.314769406370608,0.665922206001401,5
951,0.208333775062103,0.283302526664295,0.665930837401735,4
716,0.217050554798916,0.553182336152531,0.797861211467534,3
837,0.225591226911638,0.769971090951003,0.805379171273671,3
243,0.330222751246765,0.0905608064495027,0.380013074027374,0
444,0.249362659060862,0.65635405969806,0.480494979536161,1
658,0.284964002810884,0.488555496674962,0.535067822551355,2
188,0.27585069113411,0.479539322201163,0.382312125526369,0
1038,0.212581249115573,0.283189475101098,0.665525868951776,4
1375,0.201036857054911,0.242710109908226,0.653954293784099,6
179,0.874827078543603,0.892725223209709,0.312583253951743,0
839,0.223996571267489,0.577351303421892,0.522746060509235,3
277,0.527330291690305,0.494748326484114,0.855597764952108,0
93,0.187518552877009,0.563936972757801,0.999867870239541,0
1271,0.201304879634165,0.314598989996807,0.666151484845517,5
467,0.253805880357977,0.689936692942865,0.525424454943277,1
1177,0.216995449130954,0.305096651939083,0.674596047973759,5
849,0.218477413807996,0.588212477392517,0.534120427793823,3
176,0.159861087566242,0.670512130483985,0.425586119992658,0
178,0.042297929758206,0.802217629505321,0.0454073033761233,0
828,0.222021783473901,0.817239859141409,0.931203100364655,3
1346,0.210376118610634,0.252985467932382,0.664510914598245,6
1357,0.203227870121402,0.247334148653384,0.671843032198748,6
279,0.675324299838394,0.756742032710463,0.25936889485456,0
722,0.221022696222644,0.529900471796282,0.727639795979485,3
1208,0.198565196015331,0.323208518720391,0.656657661848517,5
1161,0.208895013144125,0.309852710217149,0.656340360156398,5
807,0.21957163465675,0.95691560592968,0.962045750697143,3
419,0.25115144078387,0.819378762040287,0.658044938114472,1
745,0.224667000693735,0.749990661162883,0.810494201723486,3
403,0.248225938181859,0.920571941765957,0.544491281500086,1
1336,0.209014856682319,0.253883647617758,0.665794185187624,6
1473,0.214379643994933,0.253176389358194,0.669274352464915,6
732,0.220220472796354,0.698146385839209,0.663492615101859,3
452,0.252316074559931,0.742158610722981,0.575843912665732,1
527,0.283294968118425,0.677543813362718,0.775712011498399,2
291,0.589778626803309,0.757794929901138,0.481676560128108,0
205,0.542400314472616,0.257445777999237,0.486698747845367,0
930,0.209242125768721,0.276223279983106,0.659938975652471,4
1055,0.204208335564165,0.277185313778335,0.666629906329193,4
505,0.2780103693204,0.614195353002287,0.765636764816009,2
507,0.277758126039989,0.607788176974282,0.697355114505626,2
620,0.284444221253507,0.503949248697609,0.894902374013327,2
75,0.130164728267118,0.472953651333228,0.854006153997034,0
1310,0.208061286550912,0.252063501035321,0.665160824381085,6
1462,0.209132463919395,0.245912616465355,0.659703755325025,6
434,0.249575916097965,0.750738848815672,0.750455253873952,1
319,0.255318970039953,0.483326669898815,0.554142728098668,1
1082,0.211195046505399,0.282725015730803,0.659959403284223,4
787,0.21782905053813,0.665282802539878,0.943443490075879,3
831,0.22691450627055,0.644400898716412,0.713235059170984,3
431,0.250869371900335,0.744725572760217,0.752429232932627,1
761,0.225155081262346,0.930137408780865,0.465987053699791,3
731,0.224607891798951,0.960920983576216,0.518824376165867,3
90,0.595710322493687,0.434071984840557,0.510430936934426,0
23,0.652960350736976,0.775271147955209,0.0781827715691179,0
483,0.254930177622009,0.771418701158836,0.875155520043336,1
1342,0.209800219738351,0.251812468258057,0.667832262560109,6
149,0.613988034892827,0.993597766850144,0.688605532748625,0
1077,0.20997374983534,0.280091974839785,0.66116620996588,4
446,0.256928908063564,0.846006863750517,0.805317022488452,1
1224,0.205090527195139,0.310430069718233,0.665762247733677,5
202,0.505150051787496,0.555821630405262,0.598270014161244,0
996,0.206282754084854,0.282514852206979,0.66369610597178,4
1440,0.206017527839271,0.243748613193892,0.661579306900603,6
311,0.24916232701391,0.5815974783618,0.683245789725333,1
1260,0.209148480993241,0.30246411576297,0.664850642454326,5
833,0.223020982181188,0.819442411419004,0.669516786001623,3
478,0.252279127060901,0.870028136880137,0.764595157583244,1
1460,0.208884357889934,0.250579253811224,0.663842624283277,6
496,0.254434454308357,0.930258160107769,0.634979213238694,1
286,0.466689674649388,0.0289452860597521,0.0780182986054569,0
848,0.225254325030837,0.513378586736508,0.552621521055698,3
494,0.255699223156553,0.498444454744458,0.583167929202318,1
140,0.801031499635428,0.258547947974876,0.915090370923281,0
482,0.249338218939956,0.605059849098325,0.688815363333561,1
1383,0.213011104572837,0.248310301241647,0.657800483141377,6
596,0.278078470611945,0.592898195725866,0.889969306299463,2
1417,0.218894629952488,0.241415482962869,0.672136511998845,6
21,0.253162941429764,0.0392252099700272,0.744749867124483,0
1415,0.202372153769381,0.257814233436762,0.659696119562289,6
1423,0.20361887934537,0.251937954422516,0.660576935393237,6
825,0.222621170529164,0.654953596647829,0.845051717129536,3
680,0.279731654813513,0.816637635463849,0.492148803779855,2
44,0.674947614781559,0.706967215519398,0.329772360390052,0
713,0.225142188176978,0.579841261031106,0.934994844952598,3
1125,0.209958956948136,0.304953840695101,0.665512622104917,5
231,0.760370954871178,0.248515751445666,0.43810953758657,0
677,0.282012849743478,0.529727961751632,0.935237083467655,2
288,0.0377648195717484,0.709601103560999,0.129519686801359,0
708,0.222268413973507,0.919566184398718,0.867310872068629,3
94,0.999849503394216,0.812253616284579,0.116564508061856,0
181,0.632279745303094,0.208739924477413,0.956881267717108,0
549,0.278065140245017,0.921538647497073,0.738261292688549,2
316,0.248600888608489,0.931588256498799,0.893915109802037,1
107,0.876348293153569,0.0091506983153522,0.626008295221254,0
1284,0.210511286635577,0.314476072959713,0.656933060020792,5
1127,0.210678555804748,0.308116558601914,0.653426679375694,5
228,0.312770062824711,0.589484509313479,0.876166542526335,0
681,0.281828457813244,0.87586832290981,0.556633252534084,2
417,0.249894681610167,0.949679875397123,0.764768194174394,1
1384,0.207402544674073,0.250506522501733,0.673421116145379,6
1069,0.208251596926489,0.276056045549542,0.658725704166383,4
656,0.277032849339303,0.877965257968754,0.7382321015466,2
97,0.692508953623474,0.975643463665619,0.0550262394826859,0
886,0.221202978738584,0.619781369809061,0.783905630814843,3
54,0.237640842329711,0.884890613844618,0.798668649047613,0
1206,0.203302634288013,0.314412203284754,0.661719080103911,5
947,0.214523687376959,0.276246922649913,0.662067785678508,4
1408,0.211146653340295,0.258012759532148,0.666022051625547,6
969,0.211280807604095,0.283487887570331,0.656033424620985,4
37,0.566283587832004,0.864734180271626,0.709442373132333,0
1373,0.214856644307077,0.257757907259219,0.669271815972975,6
622,0.286114688504022,0.529632247984409,0.926733707659878,2
1252,0.219099929032427,0.303406749794979,0.666808224602567,5
206,0.00690747913904488,0.452496772864833,0.61955890012905,0
1444,0.207633097341376,0.252196131292781,0.658543197742435,6
880,0.222233476876281,0.943553011049516,0.732262819656171,3
175,0.489369191462174,0.353226641193032,0.0506382521707565,0
785,0.226347947372124,0.746689657098614,0.876107264659368,3
774,0.226621592487209,0.587126604514197,0.824328622431494,3
584,0.278185078536626,0.470416633528657,0.562015186180361,2
573,0.283190027745441,0.594028041698039,0.923771374626085,2
1489,0.205908165954951,0.256512734973865,0.662570102549246,6
76,0.275444778613746,0.921027648961172,0.669184043072164,0
936,0.209107767476864,0.283745499698305,0.656225881236101,4
1028,0.209097811497092,0.284134870313381,0.660046438154688,4
1382,0.20814405560423,0.245371226111085,0.65921876808738,6
1322,0.208804074161469,0.241598101203723,0.665308908176436,6
1143,0.202721791298565,0.298970534510794,0.664217865488489,5
266,0.837163463234901,0.563889291370288,0.116558530367911,0
724,0.219394302810542,0.64510137680918,0.663916726014577,3
48,0.176610416034237,0.603889883263037,0.0254189318511635,0
547,0.286933073326945,0.910477309254929,0.554722543573007,2
1214,0.209660273331846,0.310826424768262,0.67031205476491,5
1494,0.204035611303534,0.252052851071037,0.666498548632352,6
104,0.596539428690448,0.759672885527834,0.709865862270817,0
1100,0.199810103913536,0.277386051326214,0.667258060623933,4
961,0.211661108276758,0.272048718670623,0.663912097437996,4
702,0.226193494352046,0.569428239250556,0.802226559841074,3
410,0.25639599630842,0.581646327744238,0.936423513456248,1
554,0.284028519187123,0.689047941472381,0.82908902829513,2
563,0.280657164617442,0.610844181384891,0.732081898953766,2
161,0.588975008577108,0.66933857742697,0.141953917918727,0
195,0.301116334274411,0.926670138956979,0.240306576248258,0
329,0.253070521405898,0.701176851638593,0.593438200536184,1
1253,0.218449815673072,0.31436764406375,0.663257857694307,5
119,0.307550644967705,0.724853515159339,0.940759277902544,0
590,0.281095264349133,0.817452139221132,0.860168928629719,2
639,0.286686520667281,0.920309574576095,0.639564006705768,2
142,0.473855071235448,0.917174310190603,0.709029580233619,0
305,0.247196772706229,0.940270176855847,0.83952569635585,1
1164,0.212099798326336,0.305428266788997,0.660443760781588,5
925,0.199322755373394,0.284095143440716,0.66417012922055,4
16,0.8997800888028,0.876627477351576,0.359003837453201,0
971,0.198229995552716,0.277565929533974,0.662195315555336,4
1488,0.210279439449323,0.251326791941763,0.664088756270358,6
862,0.223601052474696,0.765836885315366,0.839083414408378,3
6,0.208153940970078,0.952231398783624,0.927085648057982,0
603,0.279708679944742,0.660775088588707,0.695078549091704,2
313,0.252075516127516,0.58455270784907,0.538901046966203,1
822,0.224037093226798,0.691328654997051,0.938893522601575,3
1075,0.208047242199491,0.280623451910895,0.662243297676134,4
997,0.207933367318311,0.279657637553267,0.658657607054533,4
238,0.429643922252581,0.136887843022123,0.811960778431967,0
918,0.214980764895847,0.274604022486622,0.658992164198083,4
268,0.546389936236665,0.949120038188994,0.527040157001466,0
429,0.256830134408083,0.636969391256571,0.664230247144587,1
488,0.256371871023439,0.734188181348145,0.586729721631855,1
1457,0.20837333854331,0.24981251766957,0.656773539846159,6
282,0.221084927441552,0.911470837425441,0.636853616917506,3
1057,0.198992602183775,0.281373466097574,0.666250588883622,4
186,0.0510857789777219,0.821346418000758,0.796300424262881,0
1366,0.210722322723684,0.255259542709806,0.66727802014137,6
1249,0.203378996147374,0.300381500433454,0.66986182978687,5
1102,0.204390368467272,0.308563609190004,0.664531422054573,5
154,0.425577636109665,0.639095281949267,0.369529675459489,0
1043,0.210565167158578,0.275129709805471,0.663681599734491,4
1413,0.201085574273243,0.253894457686532,0.658990430992598,6
913,0.210725230391586,0.279156322594861,0.65828863087579,4
448,0.25313607507851,0.628370395977981,0.487374517833814,1
618,0.284376290638465,0.909350036992691,0.543436881736852,2
17,0.0976013280451298,0.889161664992571,0.422076671384275,0
1285,0.209553167387811,0.312481946410612,0.65703369005953,5
1496,0.204992246394014,0.24238296544381,0.660785606585691,6
1216,0.21036133588985,0.311171145759673,0.662802398906884,5
1113,0.208165610731643,0.309702534450226,0.662382811693238,5
778,0.22433209201321,0.662073238636367,0.56335236155428,3
344,0.249998711205553,0.921984854969196,0.763536114944145,1
502,0.278448657856788,0.614141204161569,0.899915935238823,2
1119,0.205268987828442,0.306635509702934,0.661296917059003,5
717,0.223019432707224,0.612681891885586,0.78613338037394,3
1144,0.214170481373149,0.318563106249773,0.658812285277953,5
891,0.224504453544505,0.920885209226981,0.517579236999154,3
83,0.55892482958734,0.877122047822922,0.767916599521413,0
985,0.208224168422686,0.27206889625047,0.659268960362201,4
294,0.438820640789345,0.0309616727754474,0.957974525168538,0
721,0.22268281315919,0.63390148896724,0.639206177904271,3
251,0.402777503244579,0.147283398779109,0.841655505122617,0
1482,0.212586110725175,0.24948789525328,0.658686115923798,6
1225,0.206846969960349,0.322194079592526,0.663735066223098,5
63,0.388081464683637,0.561207453953102,0.319814111571759,0
1411,0.20907112607787,0.251711827924282,0.665940630163679,6
276,0.60638697934337,0.754760167794302,0.225912033813074,0
409,0.250590088868048,0.646119537414052,0.878622655873187,1
297,0.134109237231314,0.40707776742056,0.223669818369672,0
363,0.253744307179004,0.507292247493751,0.709235733840615,1
1331,0.201679312845884,0.249669108603932,0.664354418107761,6
912,0.211286505661289,0.280238354967792,0.662533984260995,4
651,0.280981462954078,0.82106212398503,0.911047129193321,2
1130,0.212352737924872,0.315879236784096,0.66463341471886,5
103,0.959301609080285,0.683593068737537,0.973505888599902,0
182,0.0555643292609602,0.461434740340337,0.914586721220985,0
864,0.22203078691382,0.853054590173997,0.82750081049744,3
376,0.247239643761423,0.666159727144986,0.684265055810101,1
1132,0.204122868706797,0.316536149725221,0.662678733815262,5
484,0.25157280466985,0.619803103618324,0.656878905603662,1
385,0.251969411238097,0.883081655483693,0.944230767316185,1
703,0.224016870539635,0.497228892985731,0.568253406556323,3
29,0.890170908765867,0.74539004242979,0.740220675244927,0
1180,0.209370242841396,0.302494132708568,0.65694373921172,5
1364,0.208361865018013,0.247851910781056,0.666396344033988,6
577,0.282689168141223,0.804507476394065,0.552627246361226,2
1094,0.202110675348679,0.273179423210746,0.665390891867853,4
1303,0.202812432465785,0.248786461931574,0.674583583163526,6
1058,0.211471693452104,0.271018284399425,0.665339515377486,4
34,0.672898178687319,0.237924999790266,0.707177592907101,0
384,0.256809660671279,0.933097363100387,0.63180107541848,1
331,0.252801022655331,0.519110615481623,0.735948366578668,1
1162,0.20657871672186,0.314010600901011,0.66088320566892,5
390,0.250432507626247,0.728191213100217,0.713492946932092,1
499,0.253438362057786,0.519056193181314,0.920848103123717,1
629,0.283286172656808,0.59434019413311,0.479462649556808,2
290,0.333467499818653,0.783426015870646,0.00948922429233789,0
515,0.277097361523192,0.506845870055258,0.463391397148371,2
68,0.0809026996139437,0.153284410247579,0.642167524900287,0
366,0.256188732211012,0.564520594314672,0.687688353937119,1
1112,0.205028142165969,0.30686381768489,0.667975608237005,5
160,0.69632733729668,0.956854861462489,0.207219642587006,0
943,0.204926196154148,0.273462684939722,0.663729533434339,4
1098,0.210797146085677,0.278154134260566,0.656415524345859,4
473,0.247877751365304,0.56127045233734,0.679064658936113,1
389,0.25452805231791,0.516690058633685,0.949851636309177,1
392,0.254765805406496,0.749905774719082,0.51005890534725,1
1388,0.206083750363351,0.25790749514478,0.668890122394645,6
1304,0.2032558091437,0.249233685144135,0.650880332872618,6
436,0.256786598439794,0.672480121604167,0.521882557775825,1
876,0.220978532659356,0.661769505473785,0.930545896873809,3
1315,0.214955427584809,0.245818421798691,0.658675671352342,6
644,0.284340978891123,0.911492826533504,0.791116874315776,2
561,0.283000972811133,0.757947814650834,0.954691193648614,2
1321,0.213116860411984,0.24987229118127,0.658238759310874,6
148,0.980007814010605,0.205565957352519,0.251994381658733,0
120,0.896729889791459,0.206478870473802,0.80997628159821,0
1096,0.195805261561151,0.274748292379412,0.66605984179464,4
887,0.225926811238751,0.671942524379119,0.953011603793129,3
1223,0.208213146106682,0.309244763117066,0.657130558451209,5
718,0.221975018340163,0.82046170393005,0.528614308219403,3
198,0.245935413753614,0.48692426038906,0.135202991776168,0
1062,0.209100901919667,0.287883912905405,0.65686723358921,4
772,0.220845450658817,0.510850435704924,0.584115401143208,3
582,0.280298372835387,0.948700064676814,0.774458483560011,2
325,0.256632694178261,0.719713552971371,0.883059200714342,1
536,0.280309992413968,0.487790971877985,0.856686278246343,2
902,0.213370185934821,0.282981547306509,0.652017598190113,4
1288,0.206213977877788,0.308711920164068,0.660609260449248,5
1078,0.215607862030514,0.274696830009596,0.65556265042723,4
693,0.284250125915278,0.556734412210062,0.614954108023085,2
1172,0.222100076389808,0.31394041294202,0.667649340292459,5
607,0.280842082616873,0.872343184659258,0.790595955797471,2
1061,0.20865918594164,0.277722278421829,0.647939482574105,4
432,0.253931107355747,0.875332441763021,0.951250393525697,1
743,0.217291889684275,0.755067722289823,0.815791693632491,3
970,0.199098602770103,0.278643601366356,0.660410168837997,4
683,0.279100995173212,0.884706921526231,0.814591037342325,2
560,0.284846801836975,0.82037239219062,0.795787079492584,2
41,0.395589275052771,0.965846174629405,0.371777437161654,0
274,0.434400047408417,0.269678965443745,0.794137518620118,0
572,0.2832541456935,0.869118422386236,0.480605626245961,2
1193,0.204120376186548,0.306687514399376,0.659688563860397,5
375,0.251681795846671,0.691594535252079,0.825834335875697,1
36,0.770522219361737,0.574271933874115,0.542537626344711,0
239,0.833904164610431,0.00448860926553607,0.708403128664941,0
679,0.283000974764582,0.864230451057665,0.831821064464748,2
513,0.282598536817823,0.916243835468777,0.856196938897483,2
197,0.542197462171316,0.226599958259612,0.315290118334815,0
632,0.281502026161179,0.729059917968698,0.86626762652304,2
470,0.248104711908381,0.534378770040348,0.630416778381914,1
1406,0.209948260150986,0.247424486291094,0.674729897489573,6
810,0.226609999639913,0.935147331212647,0.81398224667646,3
468,0.255773144741543,0.702740829903632,0.864745069760829,1
1232,0.208183633199678,0.31099217455896,0.662802229512956,5
1022,0.208833925808768,0.278785774053444,0.653525179976606,4
456,0.25594667541096,0.964283411391079,0.494925536215305,1
1024,0.195267178745879,0.278418577658794,0.672502197711126,4
213,0.0373874467331916,0.896527767879888,0.772163028130308,0
22,0.187059035291895,0.928585402900353,0.459985230816528,0
860,0.220197399898898,0.638927302788943,0.798467883141711,3
914,0.198749062082121,0.280041025993062,0.672905198059874,4
128,0.395624598953873,0.448995986254886,0.0392307513393462,0
71,0.539101362694055,0.627842957852408,0.677813418209553,0
1209,0.207639332638553,0.320212718177658,0.657655921941315,5
935,0.202341428834874,0.279706899497211,0.661979198230687,4
137,0.952764108311385,0.745017451932654,0.0488182157278061,0
617,0.281388501920737,0.656682088505477,0.523184986319393,2
1497,0.206671386248424,0.243644719726623,0.659308771140364,6
556,0.285505048495252,0.664504143525846,0.785566563950852,2
475,0.256549710351974,0.691655252943747,0.727756210020743,1
625,0.284464243080001,0.893985634669662,0.58681709645316,2
461,0.254721763003618,0.474466294283047,0.49998569698073,1
174,0.870245565427467,0.940342287532985,0.987393292365596,0
1230,0.207781831115278,0.309381064144468,0.663426662395254,5
386,0.256640776302666,0.871945299440995,0.727722894516774,1
296,0.66019898140803,0.418332878965884,0.831164810806513,0
1217,0.220288528522398,0.310367497538944,0.661512334074569,5
535,0.279264274649322,0.62636696966365,0.957769355038181,2
420,0.251281284329016,0.859323135344312,0.590001740376465,1
388,0.251731539994944,0.891179309110157,0.549811360891908,1
250,0.874121638247743,0.722863770555705,0.235117748845369,0
1455,0.206009232065192,0.254321971541692,0.661084680096339,6
503,0.282948964657262,0.898420667275786,0.574155661510304,2
1330,0.207457692397002,0.241667622094267,0.658193540431017,6
292,0.308700152672827,0.457999903243035,0.402174086309969,0
779,0.218395850590896,0.707322239410132,0.719306402723305,3
521,0.286523923913483,0.795126760611311,0.737297049025074,2
246,0.785645091440529,0.937474517617375,0.717209046008065,0
794,0.217490080192219,0.894752826890908,0.467599885188974,3
65,0.451480895048007,0.583225698210299,0.0762313618324697,0
1158,0.208849296768399,0.308169381092183,0.665985345489839,5
1106,0.204437202662848,0.311280239660057,0.658010058510079,5
166,0.358817979926243,0.993576791137457,0.352194030536339,0
1093,0.201352719896984,0.288678777404745,0.65488099848245,4
1320,0.211343872096745,0.254353373083279,0.662573235283993,6
1020,0.201139527711431,0.279078003119423,0.66566352406477,4
751,0.224058652804233,0.564010080182925,0.803406860097311,3
1414,0.207800809215674,0.250503932960042,0.659396687910989,6
838,0.222771100432146,0.562857006909326,0.843430816545151,3
141,0.692871192237362,0.942650904413313,0.86127038509585,0
1308,0.20579990315815,0.240549924795182,0.666378672858451,6
529,0.282797045672778,0.522417158121243,0.521202697884291,2
139,0.427520279306918,0.0921997919213027,0.808574885129929,0
741,0.217552523333579,0.595625152462162,0.527350735967048,3
280,0.270544549683109,0.171324338531122,0.249923452967778,0
318,0.247898338870145,0.881800980539992,0.89556325331796,1
1173,0.206109021134419,0.306876901163687,0.6615183030201,5
191,0.375187874538824,0.487734745023772,0.847699937643483,0
308,0.25678609394934,0.935660322429612,0.596493991208263,1
941,0.212999445524657,0.281458348147198,0.656831965601116,4
524,0.283473392289598,0.725492042955011,0.695879378123209,2
796,0.219225652411114,0.811557930661365,0.608349255518988,3
701,0.226837751253042,0.58678222366143,0.501057061715983,3
1468,0.203391030741729,0.247889631985522,0.65538948257194,6
3,0.123659814475104,0.0292832830455154,0.412596717011184,0
1422,0.20784845650641,0.241085833260991,0.677775490249871,6
666,0.285788671558257,0.749667733558454,0.517474542255513,2
463,0.248139615941327,0.96620899415575,0.621403001947328,1
458,0.25144532891456,0.885835472494364,0.618290095240809,1
26,0.0293888924643397,0.745597028406337,0.733070571906865,0
575,0.283958173992578,0.702935476787388,0.773659375845455,2
583,0.280968413758092,0.875093334587291,0.63023107254412,2
1187,0.215048188770637,0.309923995232185,0.655933121755331,5
105,0.135663122404367,0.219446431612596,0.706164608011022,0
853,0.220638794484548,0.917880279943347,0.556638321373612,3
497,0.248667123171035,0.669211133383214,0.569822891266085,1
621,0.280926466311794,0.701297862106003,0.478787535335869,2
1266,0.207202453516529,0.31298826421196,0.668639788372129,5
350,0.252712126723491,0.568890194990672,0.619217827683315,1
25,0.184781861491501,0.989175813738257,0.35322373569943,0
13,0.700443169334903,0.446085318922997,0.996323739411309,0
1228,0.20686194318331,0.317746410918038,0.654817949762331,5
60,0.321309531573206,0.592976029263809,0.214408732485026,0
1240,0.205179410598315,0.308777671023862,0.666914912857374,5
1204,0.216598006288208,0.313915099346247,0.664787241580173,5
50,0.817229873267934,0.754966249223799,0.465529411565512,0
548,0.281308981280308,0.665441920398735,0.538821495370939,2
643,0.281874152214732,0.896575168706477,0.536427327431738,2
415,0.249712850130163,0.719036583090201,0.88499163032975,1
836,0.217863482842222,0.487131195608526,0.526044839993119,3
1222,0.205654924476244,0.306945747170457,0.660260593723341,5
504,0.286867875966709,0.703252598294057,0.61089296056889,2
782,0.218113084209617,0.510747631080449,0.62218577042222,3
469,0.251591903388035,0.648185450932942,0.671140682883561,1
1426,0.201527486204412,0.252396186239057,0.672989600769326,6
704,0.225613042782061,0.713970862561837,0.508639661828056,3
1,0.690785774262622,0.399804682470858,0.997750256676227,0
1182,0.214321144505904,0.305286208714725,0.670902186302322,5
786,0.219569067645352,0.560020204400644,0.620552592095919,3
682,0.281698221270926,0.924213559366763,0.618679023929872,2
1004,0.207827999978782,0.272543051363265,0.664519367889975,4
972,0.2125365619808,0.293759561794969,0.657890902679953,4
686,0.276980124397669,0.611876465263776,0.664895381079987,2
1280,0.206530337755312,0.31227810740201,0.652156571468297,5
939,0.198879141512845,0.28103646174357,0.660401807175195,4
882,0.216993863908574,0.894626021501608,0.570176915149204,3
304,0.249632664686069,0.639221514924429,0.539285488543101,1
1490,0.210583083790787,0.248940267878974,0.65464513613986,6
519,0.282777234020177,0.667391703114845,0.78372834820766,2
370,0.248278259676881,0.703895317041315,0.932066128472798,1
1464,0.201514169566799,0.24777349146876,0.662925839892438,6
493,0.256453519000206,0.56970439478755,0.868536225170828,1
426,0.247317657407839,0.743379155988805,0.723880084464327,1
1341,0.215261059046897,0.252806791519517,0.657390131719199,6
326,0.254336305938195,0.761900515062734,0.677172852447256,1
227,0.707601768895984,0.423022706760094,0.24157218192704,0
1052,0.206566291636024,0.281151582441639,0.675403768611215,4
1273,0.214102610584667,0.313111667903469,0.657007428511011,5
437,0.249098384850658,0.822552559315227,0.607670619734563,1
783,0.21837772872299,0.889686561771668,0.851996749639511,3
1265,0.209264877358027,0.311125150469573,0.666817369075599,5
302,0.248451291327365,0.551564343855716,0.772605087026022,1
1329,0.209262081181898,0.255497447693762,0.669558567456922,6
336,0.248052291162312,0.882100144750439,0.756440368830226,1
1439,0.217065160689228,0.249260739977598,0.663990026551679,6
360,0.249036051617004,0.708046852960251,0.886405696277507,1
486,0.25655766497599,0.859417077968828,0.556369349942543,1
315,0.256160082553979,0.473562610102817,0.52522009878885,1
1014,0.20788629762651,0.278556945846511,0.660732358883239,4
1074,0.213304244327565,0.273165283555277,0.65510041746043,4
1377,0.208201364711009,0.255688720275703,0.657519041112771,6
757,0.217544392403215,0.866309168399312,0.747726631700061,3
817,0.221882170217577,0.794323300360702,0.926272862590849,3
894,0.222888521789573,0.582315204199404,0.552806272637099,3
776,0.219582206762861,0.804932924103923,0.896786860888824,3
570,0.279526299748104,0.744648965192027,0.601437014876865,2
1293,0.212676031966614,0.312572008564646,0.654462649928477,5
1407,0.213610698493636,0.254651287001115,0.66197545031431,6
678,0.278412653126288,0.936473466805182,0.701975398580544,2
589,0.27909835830098,0.489329897565767,0.477710783248767,2
1306,0.20204629785008,0.25269931571954,0.65931769609172,6
101,0.194492906332016,0.174657871946692,0.552355463383719,0
244,0.375922739272937,0.155012070434168,0.719499815488234,0
737,0.220481253068429,0.832797160255723,0.845683199702762,3
824,0.219556682675611,0.813566215219907,0.836323918425478,3
1401,0.214540073701266,0.252156946603992,0.666071645747666,6
890,0.222922211594414,0.621453174506314,0.826977156684734,3
747,0.221219720796216,0.788892108714208,0.812480939552188,3
1313,0.214231671922951,0.250243264499729,0.657644290318427,6
738,0.218395276807714,0.70121364435181,0.633305022143759,3
157,0.00947748869657516,0.560866137966514,0.327733366284519,0
1220,0.213452399240331,0.299671138835479,0.665130053231764,5
69,0.173412740696222,0.430236797779799,0.785152579424903,0
712,0.218399717451539,0.592302492936142,0.777204585727304,3
878,0.219656103751622,0.558488390524872,0.787864597514272,3
1108,0.209841666583112,0.315565214578576,0.6592211666532,5
898,0.224092969440389,0.741918290616013,0.704399474081583,3
1291,0.199190395461343,0.309592044469063,0.663980593244279,5
538,0.279674754198641,0.662724343012087,0.506978884106502,2
249,0.576860602945089,0.735386118292809,0.685813575517386,0
1356,0.211940950840314,0.244160058658964,0.662342416433488,6
1447,0.200965160639387,0.252890603655935,0.665717054925252,6
1076,0.215906500002301,0.276065860429602,0.664926309491448,4
855,0.223511571094859,0.531653549522161,0.89088491932489,3
365,0.250148535522167,0.838943597394973,0.64842840784695,1
471,0.249307894161902,0.885508946026675,0.546270122053102,1
1029,0.21722720391956,0.290196880044791,0.660308534506169,4
1397,0.207102422078069,0.246486689200657,0.65940557839361,6
922,0.207324029496195,0.278683997161955,0.661557060857672,4
138,0.0107613489963114,0.756032347911969,0.2979676136747,0
1453,0.202106503762061,0.250905121305997,0.660084375986029,6
136,0.29300502105616,0.779487579828128,0.162356401560828,0
940,0.207745125756924,0.287201033118751,0.666597627586781,4
1034,0.20595675884417,0.272699985710441,0.666237414942496,4
755,0.226801670300774,0.81531953078229,0.704624932841398,3
192,0.930963127873838,0.0216730330139399,0.958070091670379,0
86,0.360094957984984,0.262839440023527,0.00361384684219956,0
459,0.250646737220231,0.76405251363758,0.52103437774349,1
150,0.743434840347618,0.0962921020109206,0.296935712452978,0
984,0.200188419208017,0.283094991966216,0.658740116604468,4
1195,0.204960448705178,0.307813415789176,0.662912708686346,5
380,0.247506495951675,0.929545720107853,0.948157255654223,1
1365,0.210971479285324,0.250760345856514,0.664238838927879,6
393,0.248312324699946,0.776552931871265,0.47934871155303,1
401,0.248281931881793,0.82319921720773,0.615145249059424,1
1150,0.199961247943569,0.303980695283968,0.660097293461139,5
1151,0.207718925573254,0.309484776044344,0.659057769251245,5
172,0.968103959225118,0.71778330556117,0.0593056930229068,0
557,0.28002198882401,0.676214117789641,0.736903148703277,2
942,0.20674292642397,0.279732053491743,0.66172996953719,4
897,0.226315760340076,0.569871467654593,0.758024147129618,3
1405,0.206786566326406,0.24736015978184,0.661297396874728,6
953,0.202523874947974,0.281917237452128,0.665555743537808,4
209,0.267417325172573,0.407549190567806,0.731076252413914,0
1484,0.210856754347461,0.260427964254568,0.662498930509918,6
216,0.264101665699854,0.150331843178719,0.616643965709955,0
657,0.280937605507206,0.89044518978335,0.619714717497118,2
230,0.458521260414273,0.498674967093393,0.0563689284026623,0
1479,0.199502507704173,0.246855766444405,0.669149883349906,6
877,0.220904548687395,0.588535752962343,0.54126789374277,3
133,0.0212346687912941,0.228420164203271,0.279943336267024,0
64,0.36343682394363,0.796354726655409,0.0505266841500998,0
601,0.284812666948419,0.707567632896826,0.92154680006206,2
248,0.0593197804410011,0.8469053581357,0.381690995534882,0
155,0.239742923295125,0.0421472198795527,0.44018763047643,0
740,0.226712166613434,0.654088196461089,0.719921923358925,3
978,0.20566303619999,0.279253653886496,0.664380204192595,4
1231,0.207471695320424,0.30583003261287,0.660063103860877,5
1312,0.207704715464701,0.255043098843688,0.658829513622473,6
973,0.206120490626841,0.281957961236383,0.661257160145796,4
335,0.253953892735299,0.600661694537848,0.824118323042057,1
1409,0.200920285097129,0.25634387590136,0.661184440042152,6
957,0.207551598791183,0.284327152872114,0.653628572503368,4
58,0.864471344510093,0.704293375601992,0.590280454140157,0
111,0.609311718726531,0.422692474443465,0.734076377004385,0
1003,0.209529168232207,0.287215846538586,0.662908696280953,4
981,0.207915916652029,0.285511269925085,0.6687114775614,4
769,0.226533958849032,0.750121933990158,0.826445752289146,3
1262,0.207233434662383,0.311133179917266,0.661017494782546,5
1039,0.203218800025723,0.280351942123564,0.654671598896427,4
480,0.248052678233944,0.512080440646969,0.7534815488616,1
648,0.281041401601397,0.710263770539314,0.915834056329913,2
1054,0.204639051076844,0.280059663020109,0.669739588681694,4
1290,0.203124068339379,0.305190441893421,0.658230955681697,5
20,0.232756237266585,0.203956253360957,0.963676279876381,0
164,0.619534883880988,0.441218538675457,0.322559541556984,0
1044,0.212231821858072,0.283993455368664,0.664551662182994,4
245,0.316743021365255,0.293114330852404,0.715191818075255,0
345,0.250242903402541,0.817831140942872,0.517968808417208,1
856,0.226330825602636,0.729720251169056,0.505353545071557,3
763,0.223144880342297,0.94252434046939,0.587220205925405,3
1243,0.209512869497994,0.29883935328169,0.666786601760442,5
1487,0.204368387775445,0.245035212139715,0.665140168612219,6
1137,0.206075657851999,0.308290762584879,0.671514678874988,5
980,0.213097400269525,0.274073080858746,0.65995660054647,4
998,0.208774006289508,0.278864909424518,0.663788614005771,4
19,0.628806307911873,0.279373815283179,0.340973013779148,0
9,0.487451735651121,0.777449851389974,0.146881258580834,0
241,0.182781667914242,0.420191567158327,0.812447300180793,0
842,0.224050342713017,0.540068822796457,0.515900257276371,3
214,0.0268184698652476,0.613385028205812,0.270391532219946,0
293,0.251083644572645,0.27956679253839,0.470578793669119,0
1244,0.21135074929342,0.319176529609649,0.668563210372874,5
742,0.21982656536391,0.667215202469379,0.807045191293582,3
1305,0.214969475418098,0.24562649191874,0.655689207085034,6
42,0.65168960345909,0.894714486785233,0.523399794241413,0
152,0.116866345517337,0.168196435086429,0.497219748096541,0
361,0.248717671749182,0.970192758366466,0.823047530488111,1
1278,0.21511208941329,0.310623217519937,0.657182825756545,5
272,0.752193202264607,0.425327108008787,0.860182732343674,0
789,0.220587789902929,0.916516067460179,0.667801461997442,3
1258,0.204079380525481,0.306880972166394,0.663432548334972,5
1311,0.211357369153674,0.252017987068667,0.663942971477029,6
1276,0.204848402957046,0.308770468965257,0.661628606848956,5
1385,0.208549737025655,0.247907137004805,0.660605927159801,6
226,0.281942216679454,0.023979312274605,0.701454928843305,0
1016,0.218140641410294,0.281621520139301,0.670801076966942,4
551,0.286896088968497,0.954183553461917,0.544924258487299,2
430,0.24781745237764,0.731815939303488,0.717092137201689,1
795,0.22195919187041,0.960465600248426,0.848003693972714,3
989,0.207546776115873,0.282204861247789,0.666131993205978,4
232,0.953196860151365,0.704835884505883,0.37493035546504,0
117,0.491986343869939,0.394927739631385,0.980085323331878,0
38,0.173363939858973,0.946893597021699,0.0534892263822258,0
199,0.148823160910979,0.270200839499012,0.625259240157902,0
1483,0.20808818643971,0.247812420447776,0.665270169744015,6
312,0.256282791667618,0.773082865169272,0.919474830501713,1
1065,0.207057752999263,0.286384136076738,0.661663732700903,4
689,0.283406515470706,0.863155370927416,0.923207171959803,2
1499,0.207313510381214,0.251982193615883,0.664792314706782,6
189,0.41336133889854,0.555185806704685,0.405797574436292,0
108,0.229164314223453,0.615560716250911,0.554909546859562,0
752,0.219529713694938,0.76257649040781,0.623862419975922,3
663,0.27772856483236,0.658640370820649,0.956397003144957,2
1239,0.20091994193162,0.301831641716966,0.669781629644038,5
805,0.21845656251302,0.696841342840344,0.659362775390036,3
1420,0.203683551501084,0.250005215475875,0.661155722819573,6
343,0.247388248699717,0.92123825813178,0.670565828098916,1
373,0.25361598983407,0.874295987538062,0.933232226176187,1
145,0.460467276163399,0.241144151194021,0.988040739204735,0
1019,0.200544716809039,0.283228983402515,0.660167855414795,4
840,0.220972927163821,0.804071068414487,0.701136076939292,3
314,0.249703801525757,0.545518709928729,0.839160255389288,1
1198,0.201599571989942,0.316052316384438,0.653632209907181,5
1451,0.209336518828813,0.247908034396494,0.657627673070074,6
320,0.248006860096939,0.504440665245056,0.749126027920283,1
1084,0.210768747118243,0.271388330569947,0.662125272114614,4
1434,0.20865772408532,0.240210109645258,0.66408182705971,6
850,0.217688810799737,0.559007016592659,0.801730172825046,3
728,0.224848639138509,0.695029999827966,0.690627769334242,3
476,0.251563639636152,0.541737279389054,0.631359515362419,1
190,0.873148285085335,0.0351555999368429,0.588317301589996,0
428,0.251039424564224,0.968157113646157,0.656748654320836,1
690,0.280288503011689,0.967516357195564,0.63918437960092,2
889,0.22426161373267,0.721543218009174,0.948349975864403,3
759,0.223551913187839,0.805794751853682,0.497502928832546,3
1368,0.203451634710301,0.250350980875747,0.656864705869905,6
1454,0.214315731566731,0.247020736988757,0.6534034326742,6
952,0.202144803538286,0.281575369645011,0.653095819371806,4
628,0.284759013403673,0.850573094678111,0.585618819110096,2
1318,0.201678804125243,0.25160928318617,0.668355266042053,6
592,0.278769816209096,0.960453258128837,0.567182553466409,2
526,0.286058377784211,0.762549634557217,0.868582585593686,2
841,0.226260884865187,0.566937969299033,0.922247480601072,3
255,0.144065472995862,0.74768914678134,0.832530161365867,0
356,0.255622533690184,0.881188227329403,0.771089066751301,1
1261,0.200241419800068,0.316956893218072,0.656487290223556,5
1307,0.205463972642888,0.251747080883136,0.66392996756102,6
668,0.277162441860419,0.932663069339469,0.726039092522115,2
35,0.534351022914052,0.927701762644574,0.966981564415619,0
31,0.0887426277622581,0.206059090094641,0.378228585235775,0
1327,0.206509282601731,0.25158590712924,0.66106816822345,6
221,0.780238373205066,0.205043110297993,0.208679667674005,0
173,0.909328772453591,0.387253152905032,0.938065706752241,0
725,0.224289683317766,0.47877549927216,0.876354139531031,3
1021,0.209994218379599,0.279815361821205,0.668408643875912,4
606,0.285781539904419,0.650970687856898,0.915146018494852,2
967,0.205809284997813,0.275434431102296,0.663015474008795,4
1219,0.21191137365508,0.310625240008672,0.661566266870388,5
85,0.163652086863294,0.379089050926268,0.278119496302679,0
711,0.221354179687332,0.470343161607161,0.466953131486662,3
1323,0.202316048563767,0.250593110651823,0.666691795635153,6
307,0.250323662068695,0.955422150320373,0.581393570057116,1
27,0.883085700683296,0.198503135703504,0.208735349355265,0
43,0.828940073493868,0.427252328256145,0.863277811557055,0
525,0.286601644279435,0.792808528407477,0.513607561122626,2
1459,0.216538691392907,0.252412099580618,0.657037032066443,6
1435,0.21031358094079,0.246566783614465,0.672093963535364,6
676,0.281179053038359,0.758722384576686,0.858029485098086,2
1286,0.21058360918841,0.306975178867266,0.655454889943279,5
508,0.277911392922979,0.778012341354042,0.747151042800397,2
911,0.206754759880518,0.287422049321126,0.66732386824319,4
1319,0.217028890212558,0.258702675083247,0.658908616731814,6
1001,0.198724853484355,0.282173892884298,0.651874001961938,4
1430,0.203269266948487,0.254320399057701,0.666971404926623,6
966,0.202384040282052,0.290849486523645,0.668805920081925,4
298,0.121833733515814,0.381230554776266,0.790298895910382,0
562,0.283201214887667,0.718252188758925,0.815673259785399,2
81,0.0692629744298756,0.182357055600733,0.657456485321745,0
896,0.220859650585335,0.487208921345882,0.711887299548835,3
455,0.249024258696008,0.925697267521173,0.784807852352969,1
1088,0.207116994383966,0.272869983738106,0.664118422821636,4
1071,0.207317004165287,0.278765802740777,0.664302613768304,4
987,0.199663243271315,0.277603130763376,0.667720401617512,4
212,0.321128734387457,0.0879505674820393,0.519556271843612,0
977,0.214383704404259,0.283810121405507,0.663207469405923,4
4,0.666077649220824,0.191318008350208,0.860464995028451,0
1104,0.202116172368836,0.312862438002606,0.666441469393283,5
733,0.225941019374877,0.736144336406142,0.941603739163838,3
399,0.253518997353967,0.53263766434975,0.850846107816324,1
871,0.224406560086645,0.764266822021455,0.732918973313645,3
1089,0.208976647657372,0.290865097164553,0.665175786611275,4
1148,0.204559529281399,0.318550881242557,0.657554124486694,5
1159,0.208967373851258,0.310965414109126,0.659942769004799,5
558,0.284116104498971,0.55709046125412,0.465758723323233,2
223,0.218028722563758,0.449698937591165,0.690513910492882,0
61,0.036192677449435,0.179346215212718,0.0718384424690157,0
655,0.27762622221373,0.807168493978679,0.636249357950874,2
578,0.281827187037561,0.471618971670978,0.750416119466536,2
49,0.197222316404805,0.936790704494342,0.605137864360586,0
543,0.278879473977722,0.867184925358742,0.775408576941118,2
134,0.547903394093737,0.236138357315212,0.224132890580222,0
163,0.948371276259422,0.0474844032432884,0.971570173744112,0
59,0.295216531259939,0.812099873321131,0.670362821780145,0
1438,0.208446047467275,0.249451722079361,0.66732559959195,6
215,0.256015191553161,0.118927571224049,0.769922235282138,0
1060,0.207735577006679,0.278420806575263,0.657548113707357,4
723,0.226646016885061,0.948999541811645,0.475949638406746,3
875,0.223713377905078,0.912073751329444,0.632769167656079,3
1443,0.211389159492167,0.253593846880445,0.670203324404164,6
481,0.25479258837644,0.508246584911831,0.69774265808519,1
306,0.252863047812134,0.880693527986296,0.594857504009269,1
1186,0.211081304304252,0.311426431549495,0.661845067668222,5
640,0.284286791959312,0.71397071890533,0.611073368345387,2
709,0.225798085595015,0.582825697376393,0.661635220982134,3
659,0.281900189039297,0.51514167431742,0.860735343303531,2
77,0.398217786801979,0.592769605340436,0.778071046341211,0
125,0.699278767919168,0.392310032155365,0.119459402281791,0
1202,0.210237622676776,0.305588481999306,0.663054678230925,5
1433,0.209497868967324,0.251860126214241,0.663150268999109,6
744,0.225258802461904,0.806075427331962,0.631972723756917,3
299,0.830085694091395,0.325649309204891,0.727923499885947,0
1492,0.207901612249695,0.257323745738365,0.668031062211004,6
1218,0.203890443790128,0.304657235068647,0.667644710396153,5
1059,0.209060686431027,0.282908237282697,0.651509139871188,4
963,0.217646006342052,0.279973896626669,0.658421379337706,4
956,0.202815907558132,0.28043277323364,0.668794217654247,4
801,0.220293667018414,0.89466633182019,0.734621464740485,3
888,0.218415648073424,0.559142629033886,0.802225113031454,3
955,0.203156555857607,0.287324839775541,0.665331089297883,4
672,0.280792223734316,0.607367614516988,0.566194551531225,2
1129,0.202101853651002,0.308209855506964,0.662212660977305,5
608,0.282094164239243,0.65579007845372,0.802507641143166,2
418,0.252939261537977,0.864394222269766,0.874561417847872,1
1448,0.213715371842877,0.243336992063843,0.671382439417415,6
91,0.900383475935087,0.677082523005083,0.147220148937777,0
449,0.249706213742029,0.476754655130208,0.615131877246313,1
791,0.217294001013506,0.787389752222225,0.884987118886784,3
1126,0.205064340358097,0.312963889357244,0.66503102567355,5
1268,0.216182993556582,0.311674417205302,0.65844010358776,5
158,0.971416441956535,0.347537636989728,0.76337758731097,0
66,0.0449644587934017,0.836718743667006,0.6538768238388,0
443,0.256682274981868,0.727153401239775,0.585097501170821,1
958,0.206354165782484,0.277860224734337,0.67151853694683,4
707,0.223764075052459,0.842298869625665,0.663229512050748,3
844,0.223594577966724,0.869023084174842,0.61376512539573,3
52,0.732835971750319,0.830673966789618,0.183685723226517,0
96,0.704687106888741,0.086156239034608,0.506883376743644,0
196,0.43822520901449,0.184462699107826,0.98011041036807,0
1472,0.206801687720599,0.248311526936581,0.665167730552579,6
1174,0.208109596638829,0.3060868969055,0.657982926577776,5
1005,0.212736742194109,0.275631705873735,0.670630199427488,4
517,0.284703521844931,0.938048206735402,0.820794840692542,2
598,0.283459731009789,0.510824918746948,0.833390834741294,2
89,0.0186623998451978,0.200486427405849,0.658788462169468,0
1229,0.212491246952077,0.31988479843668,0.672551309964141,5
1369,0.208218159498161,0.247363136499637,0.666257353563853,6
749,0.219312531843316,0.894104848382995,0.713839167845435,3
270,0.893340165261179,0.790271694771945,0.0815620145294815,0
652,0.279607774829492,0.951351662515663,0.72247906413395,2
734,0.218239168664441,0.624326664605178,0.582336025196128,3
357,0.253021479723975,0.541857090196572,0.714660786092281,1
1032,0.212604382032049,0.282762474390633,0.658786101949681,4
1128,0.205728204396555,0.310558821369048,0.660900387456765,5
1254,0.196141141157019,0.304459859334859,0.662362346972605,5
1471,0.19838029225155,0.252321449020116,0.660555893324282,6
339,0.254600359913893,0.87656382820569,0.65957561461255,1
1339,0.210246981633149,0.251102062946495,0.661953647626242,6
275,0.973698074463755,0.4862053131219,0.329162362031639,0
726,0.217573168352246,0.544091770076193,0.911659437813796,3
472,0.254224762415979,0.811174740782008,0.705271880491637,1
688,0.28128578736214,0.831502273096703,0.633855218184181,2
1381,0.207807619276007,0.253774187014251,0.661486592517283,6
1498,0.210508769019151,0.256030733193317,0.663876979589677,6
815,0.220637498274446,0.615085032186471,0.78359143412672,3
187,0.912130204262212,0.0407339814119041,0.740821197628975,0
1404,0.208073068006993,0.259867605815567,0.661266624079278,6
352,0.249463156792335,0.478635499370284,0.606984647572972,1
879,0.226527865503449,0.516304260701872,0.919354559737258,3
416,0.253243961161934,0.634660090436228,0.82999487768393,1
1196,0.213272596527437,0.310729087519165,0.653105482326629,5
407,0.254273104788736,0.826692643458955,0.815273127285764,1
859,0.218331935487222,0.716124193510041,0.597264466458,3
900,0.219491660296917,0.777306388248689,0.520895578549244,3
28,0.216752626001835,0.458378365263343,0.485198576701805,0
193,0.0432280318345875,0.358056052355096,0.141285574994981,0
610,0.283824570071883,0.832637772429734,0.850422418792732,2
1344,0.192791298071746,0.249418818989541,0.65806842671489,6
931,0.203861187513396,0.284456844912674,0.662982085616533,4
433,0.249905036513228,0.963311434257776,0.650119774742052,1
633,0.279200291261077,0.739471258595586,0.57672083703801,2
1040,0.200696077917046,0.281566869809376,0.662243850382737,4
835,0.226568405663129,0.944094595732167,0.72948182222899,3
630,0.282368462032173,0.695200109737925,0.922197326202877,2
404,0.254921854143031,0.793556724675,0.533131361939013,1
322,0.25309947430389,0.548304062103853,0.74227660021279,1
1361,0.203668765806741,0.249710625277958,0.668843862919979,6
826,0.219599221453536,0.483035054290667,0.544571806676686,3
130,0.943561986321583,0.319059937726706,0.789661109913141,0
863,0.225425012751948,0.509419937036,0.486486894777045,3
1424,0.210911737307159,0.253354704422344,0.658993780671254,6
402,0.251429205324966,0.489948058617301,0.922074820962735,1
397,0.253531877370551,0.821000355994329,0.737991003319621,1
338,0.2482537307241,0.819588109734468,0.634148304583505,1
814,0.226929883409757,0.903730471967719,0.896647145389579,3
1380,0.214467029683395,0.245530932701812,0.654744521036575,6
823,0.217972326171584,0.590741427848116,0.924767868360505,3
1345,0.206425690870655,0.255771267802123,0.664509960944079,6
770,0.217959066212643,0.957612597034313,0.670007519191131,3
906,0.212866427954502,0.283172792376093,0.667765195183212,4
1097,0.207390102394262,0.279526855055624,0.669472120117362,4
812,0.221106991309207,0.859459846513346,0.584937849314883,3
1475,0.197786772747789,0.252984162895733,0.656538306776532,6
121,0.0422441225964576,0.456693740794435,0.532483032904565,0
457,0.255188011904247,0.685288094100542,0.747691967058927,1
1081,0.200367222496913,0.289298342669672,0.663659562859404,4
514,0.28074982322054,0.692692613229156,0.773849949822761,2
506,0.282433908658568,0.920792044140399,0.800611119135283,2
147,0.544581581605598,0.461833858396858,0.0988668045029044,0
924,0.204262511337654,0.275508728685255,0.665399122521168,4
355,0.254286254709587,0.956893389229663,0.625095866271295,1
602,0.282781760513317,0.533031964791007,0.633893040707335,2
919,0.209866383980956,0.278226759255515,0.663775199183533,4
811,0.223601086833514,0.662523266859353,0.775048369076103,3
1275,0.213424830413003,0.31340558048553,0.654457457409099,5
321,0.253127422740217,0.887117500882596,0.496331652160734,1
954,0.211649163612954,0.28682200769058,0.664667969947106,4
252,0.37432490568608,0.515733584063128,0.489510208135471,0
768,0.218525182527956,0.927548997919075,0.464329779846594,3
323,0.254235088068526,0.52460554940626,0.617629343527369,1
1347,0.213453127735176,0.250259089936379,0.666077813810457,6
102,0.136765673756599,0.43197616445832,0.875282228691503,0
1207,0.206183131054821,0.307923069562772,0.671100250218219,5
1087,0.206062916455472,0.282641709461031,0.657862522894997,4
211,0.856830603210256,0.756501354975626,0.308887673076242,0
1134,0.213833623294172,0.307874958484588,0.666753855864168,5
285,0.854311491828412,0.597511052619666,0.624711740994826,0
236,0.677871917374432,0.411690756678581,0.53420043643564,0
289,0.71696519991383,0.381132481852546,0.46070235222578,0
808,0.218681373135187,0.724160137935542,0.94939917686861,3
1363,0.20995340699734,0.263328670346086,0.65939767937887,6
330,0.256518539993558,0.876043066149577,0.644233584171161,1
1184,0.20826096547639,0.307863648759555,0.665338709917648,5
1201,0.20955167747508,0.314925473256389,0.649120144653723,5
462,0.252541763645131,0.568654283764772,0.712638075347058,1
194,0.862446795916185,0.777694683987647,0.862259676679969,0
636,0.28295097475173,0.935324256424792,0.564904924365692,2
301,0.251283099411521,0.71140089025721,0.939594805939123,1
106,0.415991736808792,0.0127651162911206,0.194000127026811,0
1026,0.204785041383289,0.294369209517531,0.663665154733279,4
1226,0.208197794907713,0.310759194594553,0.66770857709982,5
284,0.800233705434948,0.0218054996803403,0.566561297979206,0
1050,0.215797408246192,0.29330795569856,0.665375215302941,4
552,0.278553110091016,0.705049977172166,0.793119650683366,2
112,0.129942182684317,0.131246902048588,0.609269076725468,0
1056,0.202261067483687,0.279525230342571,0.663747571705839,4
927,0.210430537386338,0.286640685049834,0.657907045344567,4
11,0.780655995709822,0.720084151485935,0.320655346382409,0
1179,0.211025709297128,0.30864335429683,0.662439107988391,5
1467,0.211594323484272,0.252260316493546,0.654976529217316,6
1456,0.196425782185554,0.255075424733992,0.662528743289518,6
317,0.249175126641057,0.746091219945811,0.857086379663087,1
852,0.224274139981717,0.956932809553109,0.671518111252226,3
899,0.223309829884674,0.539201187901199,0.836343398666941,3
501,0.280137420215178,0.906327695003711,0.502761289360933,2
729,0.224519317829981,0.669183747260831,0.584867947967723,3
692,0.278824756012764,0.725562956766225,0.563621265231632,2
827,0.218421639283188,0.649343334254809,0.689096832415089,3
559,0.278406983879395,0.540183387813158,0.622753640403971,2
1010,0.198653275318002,0.286858504786834,0.666720630333417,4
1425,0.211924355602719,0.247589425534113,0.663694598579938,6
650,0.278266372366343,0.610931575065479,0.635271161911078,2
1399,0.206190270061424,0.249925487655761,0.659715675798293,6
905,0.198259101077619,0.290137154047505,0.657544531871618,4
423,0.256447222435381,0.633645149762742,0.813156064366922,1
775,0.225018880446441,0.703181811608374,0.799562814296223,3
1412,0.213158329654117,0.256345979929136,0.652123989352086,6
1416,0.21256071015385,0.243440839121423,0.663114675406156,6
1256,0.201243946970869,0.307826006924444,0.659524985986595,5
1392,0.207782647398498,0.253747531028836,0.659410041777723,6
113,0.186206032987684,0.649781313259155,0.678318009711802,0
217,0.231115850387141,0.973713388899341,0.796620215056464,0
1215,0.19874053756767,0.312430924543647,0.667782923723477,5
183,0.242881503421813,0.728402457665652,0.839802138274536,0
698,0.278972609837074,0.948650709702633,0.777194776339456,2
715,0.221054667530116,0.727191682206467,0.898125551291741,3
1009,0.200988567940818,0.277948547208389,0.667594582693251,4
99,0.840269460808486,0.0693880633916706,0.307461324380711,0
349,0.249328772937879,0.844017104478553,0.772401030175388,1
585,0.282803266479168,0.911155341076665,0.691081679891795,2
545,0.286843813678715,0.589479914284311,0.4664377811132,2
1340,0.212237684925331,0.242951475542586,0.658819543797063,6
510,0.283071009535342,0.687746147043072,0.463847074308433,2
944,0.209448568395526,0.289305628395862,0.668128994500562,4
1400,0.208485303788129,0.247593266210972,0.661078662136424,6
1099,0.209489876788038,0.284818506683314,0.655957816362508,4
569,0.279308866783977,0.51867788808886,0.597565511590801,2
271,0.50975241092965,0.889088419498876,0.449668274493888,0
571,0.277433917489834,0.787502381950617,0.708335273433477,2
540,0.277193347294815,0.695461770752445,0.468029877869412,2
1167,0.20843666791718,0.30948235506786,0.672978425213228,5
748,0.226685721110553,0.63759548147209,0.682600662461482,3
760,0.224159467872232,0.604242018191144,0.482615742250346,3
327,0.255289231443312,0.919390703435056,0.706690281862393,1
730,0.217453613127582,0.636519832536578,0.48847785545513,3
671,0.284627922538202,0.916926785022952,0.823086893884465,2
1428,0.20748833802985,0.248732243984464,0.67163729343498,6
1449,0.215257749152373,0.248107876164066,0.668829384314922,6
218,0.924035875825211,0.0567167666740716,0.685259855119511,0
412,0.249115195686463,0.541368740494363,0.58062816108577,1
976,0.198631515326669,0.281403181213789,0.658296066819801,4
167,0.412138118641451,0.51959956320934,0.838191670831293,0
257,0.310624069301412,0.218658996280283,0.989100816193968,0
1274,0.204078460994898,0.314701742322868,0.666159784240615,5
171,0.271234588930383,0.589819686952978,0.616015882464126,0
1477,0.205174283082904,0.247324064351445,0.658711176532257,6
1281,0.208201738495265,0.313560035935086,0.662977586250846,5
910,0.211389193855792,0.284818393736595,0.659502983855176,4
641,0.286559909624048,0.697650894522667,0.464325807872228,2
1442,0.204820190208012,0.251764699887254,0.671435814283723,6
1355,0.202899139795164,0.249751485325817,0.660171545001877,6
1017,0.207851216909077,0.286411008547802,0.661101041019623,4
1147,0.210363436763914,0.31342748312763,0.662153192057093,5
1168,0.200943362384294,0.311410973196029,0.664649440018326,5
938,0.211491589352609,0.28506718289213,0.651724701093288,4
487,0.253290373212658,0.530790591612458,0.468468382488936,1
424,0.255847137672827,0.784746679477394,0.795298810000531,1
131,0.520675886655226,0.676039083162323,0.196895848261192,0
237,0.0860615933779627,0.415100459009409,0.116879146313295,0
1326,0.206202365344704,0.244679762551911,0.658803554289662,6
379,0.256824394094292,0.487413095775992,0.770859055221081,1
1067,0.205433504776973,0.290851860848895,0.651260629796374,4
1354,0.212766305745759,0.25745308210044,0.658900154565635,6
378,0.252515943567269,0.760183902340941,0.651984158554114,1
234,0.809275503037497,0.610716457944363,0.726585726486519,0
1372,0.209957854038689,0.251400492440075,0.664111099115501,6
1461,0.21484879684206,0.238533692744253,0.663878309498928,6
946,0.213326208551568,0.284434389954174,0.660418183608805,4
1359,0.202520966291628,0.25609121841356,0.659362755120523,6
511,0.282547119604424,0.88075621984899,0.786609423812479,2
1298,0.20994611726607,0.315914703009917,0.660761534950794,5
162,0.106218514032662,0.917618546402082,0.155029216315597,0
975,0.202057275265489,0.275394200715326,0.664879223768595,4
264,0.819706112844869,0.960359037853777,0.6456974002067,0
1063,0.197250059123275,0.280727924367089,0.672641433919299,4
229,0.579210590803996,0.191368248779327,0.985167658887804,0
1227,0.202064954636021,0.304139258041061,0.65902847156669,5
1236,0.203176022991329,0.303429595372056,0.65960137895415,5
960,0.206854540026355,0.280842829332597,0.658291463931114,4
706,0.223310158173554,0.91395817801822,0.757379091344774,3
664,0.278592376243323,0.729003819171339,0.759172659018077,2
762,0.220565217116382,0.666689451551065,0.746072297450155,3
15,0.964887762675062,0.727767778094858,0.400025521405041,0
260,0.00592959998175502,0.437744512921199,0.777502758661285,0
916,0.211269224283999,0.27255698407671,0.656455961421542,4
1199,0.216250077376617,0.313152532399655,0.661841572115194,5
7,0.442461443832144,0.682323226239532,0.734557822346687,0
118,0.781189797911793,0.910174406599253,0.242239189334214,0
222,0.066426258534193,0.669374881312251,0.553755810018629,0
1131,0.214498369228753,0.300240653165515,0.664084834406496,5
1070,0.211599829503893,0.279709487440151,0.665511490743342,4
1011,0.203003322353497,0.279427704712827,0.657386106607011,4
1037,0.203824312860206,0.28739008805487,0.668683810890465,4
146,0.589066539192572,0.0862595713697374,0.102645155508071,0
1441,0.209342942661088,0.25383848116974,0.657815371581564,6
1121,0.207336646760848,0.315047046133244,0.66341430382612,5
820,0.221848807435017,0.961008890415542,0.660654429113492,3
1362,0.207592127818454,0.244397175547275,0.665557035526334,6
1123,0.208302994448224,0.316461911762301,0.67085311011593,5
1272,0.211023130318668,0.313427532466362,0.659311386180084,5
600,0.284694064243231,0.735666507389396,0.870866846642457,2
100,0.113517533987761,0.918879077304155,0.156449071597308,0
1200,0.211978031138977,0.305475544913515,0.656847718020512,5
1343,0.210752437812141,0.250431990981378,0.664217036766809,6
901,0.206236523020534,0.283303705595782,0.662310359494344,4
1068,0.20368615126106,0.280261536837789,0.667926779372357,4
885,0.224241563545074,0.664049325510859,0.589846297400072,3
1393,0.211851134039864,0.250192429900098,0.665326698444743,6
1386,0.202210242311438,0.256430481769247,0.661616775897104,6
1270,0.212027844123298,0.305701014848636,0.666628129190618,5
441,0.251975489875767,0.570688305655494,0.555272420868278,1
1246,0.215314841764689,0.311596160397579,0.662328679739453,5
440,0.247206422744785,0.96129081514664,0.482050782069564,1
168,0.315501521574333,0.95292186527513,0.993414944270626,0
347,0.250510071115568,0.897586980951019,0.95490687515121,1
74,0.848905413178727,0.362932830816135,0.663277037907392,0
1000,0.216003492294573,0.285111723403507,0.662834052107208,4
948,0.196971153553868,0.283439880828456,0.6605449422976,4
788,0.22664846892003,0.612775062676519,0.790069340029731,3
1242,0.203302889934683,0.312974350196447,0.664031239834207,5
534,0.277614080912899,0.766505041043274,0.463389650103636,2
247,0.941947070183232,0.528754811966792,0.7791843181476,0
1437,0.223381294194058,0.247953728631676,0.672403576436839,6
477,0.249907621869352,0.826912036980502,0.614076850586571,1
653,0.28131856123684,0.577824792242609,0.687119716778398,2
874,0.22184952192707,0.745406380388886,0.872880700975657,3
1493,0.209749257731555,0.244970944899313,0.654924117751333,6
1247,0.217042474614523,0.308886933301353,0.664296599273188,5
523,0.283742342719343,0.487687467946671,0.860648484900594,2
612,0.284059252750594,0.754085252527148,0.699106203392148,2
528,0.278454826055095,0.777336373575963,0.704453400569037,2
1333,0.207466044974872,0.251745252489484,0.66358803609419,6
555,0.286353327860124,0.485271178884432,0.507452737889253,2
1351,0.198896041046671,0.249446379952755,0.661426503840388,6
273,0.667018792126328,0.948358486406505,0.47745675733313,0
685,0.283993709078059,0.491996343946084,0.772763515007682,2
1446,0.205503976918401,0.260040515073015,0.662142024257606,6
847,0.22643155032536,0.887616660795175,0.940248032682575,3
1203,0.213631081019204,0.310986691752632,0.65426767088208,5
1165,0.203696784642326,0.312787196551662,0.664788161622284,5
553,0.282001875422429,0.680084852967411,0.843901994638145,2
281,0.641668994212523,0.391324065625668,0.122178797610104,0
435,0.256181852524169,0.569525914965197,0.612015291932039,1
696,0.281712930353824,0.770707929623313,0.732353545725346,2
341,0.250336987762712,0.736881770426407,0.56723171309568,1
207,0.984161144122481,0.430880052736029,0.366711555747315,0
1166,0.20510216761294,0.302608898309878,0.658471455191394,5
1188,0.205141973799415,0.316284474625614,0.665966077820548,5
667,0.277204623648431,0.9550528669497,0.839175458648242,2
986,0.202813112222205,0.27706777977272,0.665193929271142,4
908,0.205897472980264,0.280081137849946,0.657310852416861,4
439,0.249735071235336,0.609455961966887,0.631436301162466,1
1245,0.204391591992658,0.305620809309893,0.662888825534159,5
5,0.654740911209956,0.0400198984425515,0.0879006092436612,0
720,0.219539769585244,0.569719660445116,0.766777962213382,3
950,0.201795455607237,0.27583684218071,0.664490933376144,4
170,0.891855237539858,0.446325603872538,0.779817719245329,0
858,0.22108583295485,0.544488837243989,0.699935179902241,3
1051,0.206549284015521,0.274450092007761,0.655929699957477,4
999,0.200574256042571,0.277211706202273,0.657397872194283,4
699,0.278971287838649,0.814293216448277,0.714357869699597,2
1053,0.207064945586462,0.276667550230033,0.664630607819492,4
144,0.872528789099306,0.613751196535304,0.140885171480477,0
269,0.939807029440999,0.594510448165238,0.717667261138558,0
928,0.207487008704232,0.284383879963813,0.663693685984444,4
1033,0.204910901561017,0.286430925714186,0.663366854578124,4
411,0.24986097649904,0.714003423578106,0.856708213686943,1
753,0.217192783372011,0.608557071886025,0.800345858791843,3
520,0.286828313756268,0.645621236995794,0.471941998112015,2
