852,0.635431663694326,0.617767914896831,0.378342624357902,3
1269,0.549811322203961,0.547358158855954,0.414917840933723,5
400,0.18599912780337,0.460361322155222,0.84265763591975,0
141,0.923259889241308,0.774546663975343,0.446248045423999,0
198,0.767364676110446,0.37368077551946,0.779599671717733,0
413,0.667281976621598,0.654217824689113,0.0191738219698891,1
1128,0.545757470957357,0.507733406421163,0.412519884687866,4
678,0.70301965940278,0.370153201394714,0.30919945910573,2
981,0.641438988866284,0.59333793760743,0.285589111805894,3
465,0.66738782341592,0.442563326098025,0.314101427630521,1
459,0.670633476444054,0.473979362170212,0.447233768599108,1
360,0.0404021462891251,0.439367663580924,0.709204390645027,0
107,0.91093050641939,0.0793694583699107,0.609963735332713,0
574,0.668429222095292,0.590750923613086,0.375327743892558,1
3,0.0216311533004045,0.394393739290535,0.223635162226856,0
320,0.0486502929124981,0.760985736735165,0.785165038192645,0
1598,0.548517696056948,0.483967243320391,0.409451423726823,6
61,0.698891350533813,0.652339630760252,0.935667484300211,0
15,0.975026914384216,0.629096415359527,0.598965446930379,0
1313,0.552722862738295,0.544294301821615,0.415670518221167,5
782,0.703260645663831,0.59073832584545,0.353210662328638,2
1167,0.558040781799434,0.50982537880695,0.409598946846403,4
952,0.634870716582518,0.540134835406207,0.28162015969865,3
223,0.93832348077558,0.931542417965829,0.502234103856608,0
788,0.693912150810938,0.26441562990658,0.250407688971609,2
761,0.702982726639602,0.589548132149503,0.129192450852133,2
316,0.428667926462367,0.0333257294259965,0.748195322230458,0
538,0.664856988433749,0.488547256216407,-0.0225049574393779,1
743,0.701088314137887,0.317085531889461,0.414628834533505,2
1591,0.543308906272066,0.485084240584735,0.413784299832609,6
485,0.66648470290238,0.329451752011664,0.418265709141269,1
1028,0.545105639993989,0.511507009675579,0.402533920893031,4
1448,0.556797869729195,0.478961275780246,0.405648253977768,6
923,0.640643428761978,0.274793549207971,0.307410108461045,3
1308,0.55794308946071,0.535889020124455,0.41094079742339,5
636,0.6970795672643,0.398554703453556,-0.0147683009738102,2
521,0.672268889434636,0.48921242589131,0.0593047074042261,1
73,0.276249631075189,0.656685668509454,0.0974865928292274,0
621,0.694582883482799,0.341167936101556,0.0293505002744496,2
1490,0.550917772428508,0.481901068522934,0.410897730353973,6
1501,0.549981308188474,0.480246279836267,0.411471965380666,6
350,0.974190419306979,0.793785479851067,0.957386191934347,0
63,0.864230705657974,0.0408469263929874,0.496912371367216,0
328,0.502955815754831,0.171154303243384,0.490710709476843,0
404,0.672863358063623,0.353112462791614,0.432759949658066,1
991,0.637302420164924,0.41890092054382,-0.00132271046750246,3
547,0.669250677980017,0.249312388245016,0.286948106903583,1
57,0.46713401726447,0.524315270129591,0.7063625943847,0
1006,0.543898061265994,0.51834093455284,0.411145480881782,4
207,0.83686058036983,0.408494147006422,0.594157996121794,0
163,0.437815270153806,0.168580453144386,0.377276041777804,0
1282,0.558872375979372,0.544842578244531,0.411768252588952,5
416,0.663818467198871,0.582451214082539,-0.0222550300415605,1
474,0.67127962095663,0.177775827120058,0.314995258534327,1
842,0.639142774567008,0.587296003941447,0.456178641947918,3
1122,0.547255981328141,0.509273463814003,0.402666114902163,4
1180,0.552502877943968,0.514417083765664,0.404851844691134,4
1175,0.542329949280861,0.517098539411339,0.421598991246064,4
97,0.164611406158656,0.967902896227315,0.977598067605868,0
919,0.636509553501382,0.397169494070113,0.344102883664891,3
690,0.703250202399213,0.19807832443621,-0.00862791871186344,2
119,0.556309510022402,0.473752058343962,0.777012674603611,0
787,0.699072277038358,0.344197252299637,0.0484624636126682,2
339,0.764103459659964,0.673045586561784,0.357368351658806,0
1277,0.555115398959489,0.546989924971148,0.406088128108372,5
1340,0.547221298065448,0.544660469501746,0.406033245041568,5
1467,0.55110944262918,0.486701125447742,0.411304426738928,6
741,0.701438353282865,0.585946410312317,0.0670960176037625,2
633,0.698206198418047,0.639690642128699,0.268294136808254,2
456,0.672370285675861,0.55269790883176,0.381355989445001,1
1236,0.55687445809989,0.549158202416965,0.404597743311524,5
1319,0.543708486044046,0.541905867570337,0.410642563227896,5
468,0.669735656769481,0.452827013912611,0.292591190268286,1
51,0.0569762967061251,0.916836932767183,0.214814497157931,0
354,0.764068695949391,0.194368266500533,0.0154443581122905,0
1456,0.548389468330071,0.480478592757164,0.415050824393248,6
781,0.698640009260271,0.338988839066587,0.225221034907736,2
287,0.39410279202275,0.847959339385852,0.301773578859866,0
1455,0.556872732524915,0.482483186467537,0.414104428644904,6
1083,0.55028259875466,0.512326044462848,0.41024919678281,4
161,0.432033657096326,0.42929048393853,0.137326773721725,0
292,0.308075555600226,0.292542719049379,0.844757877290249,0
6,0.741160735720769,0.6046573293861,0.511136319953948,0
520,0.670855058680754,0.614756374619901,0.285920700593852,1
148,0.786114094778895,0.962268280331045,0.339475940447301,0
245,0.828342991648242,0.109184620669112,0.7809264480602,0
133,0.755155814113095,0.571453152457252,0.402463554870337,0
1471,0.544672749697513,0.485975006831508,0.404918776386622,6
1220,0.544896076167984,0.545110509926838,0.403257523195782,5
503,0.673264201879501,0.555352216237225,0.359376876219176,1
38,0.0506410330999643,0.787939911475405,0.0778878093697131,0
1520,0.554796042792357,0.483285344591456,0.410242707321412,6
313,0.402262466493994,0.51794662931934,0.819571132771671,0
67,0.689425538294017,0.0700073731131852,0.892416273942217,0
659,0.700694287847728,0.503969031269662,0.453134678839706,2
622,0.70161012443481,0.407373315305449,0.404376430273987,2
254,0.736788432113826,0.421328077325597,0.225145400734618,0
14,0.474875771207735,0.321656184736639,0.418648383580148,0
1334,0.547874634357768,0.547350860585384,0.405391504170782,5
153,0.905207391595468,0.49934742716141,0.902893163496628,0
830,0.642913226271048,0.627399506862275,0.461085551488213,3
1219,0.546732949318059,0.540605471756197,0.409245768399888,5
1496,0.540670052753888,0.480774349349389,0.40280328416948,6
899,0.637870007390156,0.270527076907456,-0.00676232709083704,3
307,0.963495289208367,0.34874102124013,0.632573136594146,0
481,0.672154216007329,0.379555170773529,0.137847949354909,1
1040,0.554531399348818,0.514300270355163,0.411361591906893,4
1129,0.549287454738803,0.510848492513072,0.409754494084063,4
590,0.663998577424791,0.52930618589744,0.266079381178133,1
372,0.459209180437028,0.223464279435575,0.997964479960501,0
913,0.637293801859487,0.365297803538851,0.0846410925267264,3
128,0.985743243945763,0.378121190704405,0.779827321181074,0
1425,0.551024212803346,0.486565047421987,0.397360198386469,6
443,0.665987923501525,0.532415058463812,0.150927312392741,1
1377,0.544878705330035,0.545503894146623,0.411322971041815,5
1042,0.542168721383085,0.514811642176097,0.411393385528246,4
1510,0.553271733667219,0.478552273727463,0.413120343699465,6
449,0.666635440671816,0.278940900810994,0.0666634020861238,1
221,0.0409145602025092,0.182755039073527,0.0980619119945914,0
610,0.697824650688563,0.529046459705569,0.262454039952718,2
587,0.669523336943239,0.202558031771332,0.160468489234336,1
206,0.300030241254717,0.964261814253405,0.125078905373812,0
1587,0.548834455997655,0.494969157365322,0.418238027596114,6
396,0.00754522834904492,0.159795308951288,0.459164992673323,0
985,0.641292225054931,0.485365532920696,0.295274615124799,3
658,0.702673340307083,0.559710507979617,0.214010136388242,2
922,0.63702908719657,0.557090118993074,0.153501720353961,3
596,0.67293923790101,0.307623344706371,0.282969869510271,1
572,0.665779330350924,0.25313007296063,0.300229100580327,1
967,0.641188003115822,0.34795979433693,0.169157536653802,3
897,0.633564873081632,0.430022214539349,0.249936317629181,3
862,0.6414358443534,0.431734639685601,0.43588113989681,3
759,0.694980366320815,0.432316652499139,0.246217793039978,2
28,0.580700211459771,0.9223294663243,0.887307959841564,0
1026,0.550632051189169,0.510431529217105,0.409729625357192,4
1074,0.55265002790461,0.506619884253743,0.415552590973773,4
218,0.754388048779219,0.586040468420833,0.907266210298985,0
789,0.697166949505918,0.481174878077582,0.43228816841729,2
939,0.634649105214048,0.208164823940024,0.300524707371369,3
12,0.81878498615697,0.52264369558543,0.939296773867682,0
737,0.703010742112529,0.397292352165096,0.458855885383673,2
483,0.668626779131591,0.514872859115712,0.23102297722362,1
1536,0.543610232162523,0.482347206349764,0.412274998759513,6
665,0.695268772777636,0.297561580082402,-0.000120386644266529,2
790,0.700171265488025,0.595946573186666,0.425834932317957,2
1252,0.546663405503345,0.551377680084863,0.416343467166703,5
310,0.31118276854977,0.629823530791327,0.539618275593966,0
1047,0.543727079502254,0.508583655017047,0.41064208828811,4
1192,0.550060249028929,0.513904168583317,0.406647793753437,4
319,0.175531765213236,0.630672344006598,0.877430968917906,0
212,0.682751298649237,0.0356278913095593,0.318019620375708,0
268,0.431494234828278,0.759823502507061,0.365616366732866,0
786,0.693757194175851,0.630147400428541,0.315573432203382,2
1061,0.548215315395396,0.512103139145251,0.407304933288625,4
709,0.696076156161726,0.277189938235097,-0.0122413485543802,2
130,0.955218361923471,0.884446316631511,0.214528682874516,0
1300,0.55172992505494,0.541454621569811,0.413452803611738,5
69,0.265499395783991,0.405487743206322,0.349421059712768,0
537,0.668117483467795,0.295476249884814,0.360484419693239,1
794,0.693672285915818,0.540722302277572,0.0633824303047732,2
640,0.702199221653864,0.631549182697199,-0.0239803500473499,2
623,0.694973362148739,0.538818107102998,0.0397936669876799,2
707,0.70254255179083,0.552221797406673,0.0168331037973985,2
570,0.671442877426743,0.396957994671538,0.394087242963724,1
676,0.696537428095471,0.654078072984703,0.0319298068759963,2
355,0.497819793876261,0.775884135393426,0.482264684513211,0
1568,0.550223868151124,0.492707443024264,0.410432459609825,6
156,0.71869257115759,0.891217996599153,0.682853206293657,0
655,0.703461443216074,0.569968268391676,0.415699574234895,2
731,0.698519990786444,0.426158656016923,0.0925543413730338,2
446,0.665628152370919,0.628165883943439,0.315002985717729,1
373,0.278678682167083,0.142908003181219,0.549972333479673,0
988,0.637958758457098,0.425837534246966,0.246044081822038,3
880,0.636704739877023,0.25946417520754,0.343495463090949,3
833,0.635197958529461,0.576895354315639,0.378587404685095,3
303,0.109096982749179,0.814456298947334,0.279262849362567,0
956,0.635277383669745,0.637859554728493,0.0150232749991119,3
1402,0.556266654464177,0.477026799035849,0.422913527464738,6
1275,0.551160394331473,0.545552541772616,0.409913474265297,5
699,0.702174490764737,0.528368296450935,0.182086020195857,2
813,0.63676197159104,0.250378745258786,0.424306213576347,3
1130,0.542816553582203,0.515869637092909,0.399716104027599,4
1574,0.552615805193537,0.491515020335497,0.42038391387393,6
306,0.668238113634288,0.345451703993604,0.715307848295197,0
347,0.242131879320368,0.683228673413396,0.0733261993154883,0
498,0.66562776096398,0.297299615456723,0.385386944119819,1
764,0.699130809623748,0.483403723454103,0.405402863584459,2
1464,0.550947549006061,0.48820410584203,0.413121824475775,6
749,0.701141310338862,0.350843078107573,0.413395869266242,2
866,0.636186250022147,0.26495500060264,0.453126736404374,3
171,0.877365611027926,0.496481913840398,0.319169573951513,0
1204,0.551391425138687,0.538888397396367,0.412156008743889,5
252,0.602657847106457,0.945914730196819,0.572345038410276,0
870,0.637248541424051,0.571698941290379,0.121193293435499,3
1388,0.563020809493082,0.54147270286852,0.405761993896747,5
1149,0.552580695746594,0.517895936767202,0.413433232217133,4
1507,0.554116870219101,0.481141213009663,0.408544691084992,6
349,0.494427467463538,0.90706956689246,0.159812278579921,0
352,0.320873411837965,0.769027489004657,0.0302753041032702,0
1439,0.554195891417897,0.483670372351314,0.413503966738527,6
1176,0.553510076408003,0.518039127955083,0.408981428247226,4
488,0.670187048686203,0.348746609757654,0.382761900615878,1
648,0.69925135841826,0.257453914149664,0.125409092241898,2
859,0.637956038990524,0.207185718230903,0.335411876742728,3
1072,0.551858284169549,0.514043752894263,0.415052799216328,4
592,0.669157489473,0.606837313738652,0.271306740306318,1
717,0.694983126127627,0.484795684809797,0.41210443766322,2
588,0.672560053062625,0.263168156845495,0.244982442306355,1
878,0.637739868741482,0.232481473707594,0.304033870529383,3
746,0.702782063062768,0.2657718869159,0.0339003771776334,2
608,0.693598370910622,0.407678330084309,0.157017196482047,2
1517,0.552205238717623,0.49094811811674,0.412382752659011,6
1091,0.558829577772892,0.509376522784077,0.410201929648123,4
641,0.697461299835704,0.445622095605358,0.0476651163306087,2
1134,0.548111904042656,0.509007241741943,0.410710044456306,4
475,0.67252714633476,0.400206128251739,0.0517768637044355,1
1243,0.555061420924242,0.546637400074492,0.411473127568574,5
1023,0.549294750553947,0.514218015647743,0.404211651732679,4
65,0.126166447764263,0.882810845971107,0.58135626045987,0
460,0.667563542926218,0.562123142182827,0.0330974481301382,1
941,0.641459907903336,0.472509512095712,0.0546672079479322,3
19,0.454717924818397,0.216778814326972,0.531298876972869,0
1375,0.556210278221051,0.541758960528758,0.409695951784519,5
471,0.667081012164708,0.338572173146531,0.0177696130238474,1
693,0.694151555802673,0.391128478921019,0.242329037818126,2
667,0.697288195714355,0.418547836481594,0.13877178246621,2
81,0.138583691092208,0.228565603494644,0.231286587426439,0
536,0.663738624053076,0.547434261650778,0.340842097252607,1
40,0.450179912848398,0.136059943586588,0.155791861005127,0
702,0.70226080654189,0.536174843204208,0.46200599540025,2
452,0.669599790663924,0.649382295785472,0.458790758810937,1
973,0.643118441950064,0.171294289291836,0.433329889853485,3
766,0.69988799324492,0.32354071456939,0.396470987657085,2
270,0.95975355268456,0.284682723460719,0.828808580525219,0
314,0.605952521087602,0.590367885073647,0.271704113343731,0
257,0.375925780506805,0.345546627417207,0.953941422747448,0
674,0.702812169149984,0.548575031105429,0.441446343972348,2
1447,0.550890999694901,0.486914913721443,0.404112579701702,6
112,0.76792514952831,0.570046990644187,0.433812130009755,0
872,0.63549417642178,0.223942103097215,0.195741706364788,3
1302,0.546445800718472,0.546350888585272,0.410506449981701,5
103,0.275474844034761,0.811052606673911,0.891965958755463,0
1086,0.548257335915971,0.508849739646242,0.412783262997106,4
22,0.790305220521986,0.0314682121388614,0.842530831461772,0
1205,0.550827884933234,0.545333295453512,0.411726862067476,5
556,0.668584994082339,0.534531142329797,0.436849508853629,1
203,0.504994169343263,0.516740143299103,0.125848039519042,0
508,0.663691347169224,0.560979728237726,-0.00674656224437056,1
527,0.66900989335496,0.394504396710545,0.0611962537048385,1
1159,0.550129092090427,0.519081446548223,0.412215082195942,4
1178,0.541251873643007,0.521681090717646,0.403566088995255,4
1354,0.545993513008723,0.549316759243865,0.404870504528939,5
1297,0.548804861475438,0.549574295156093,0.409505523385972,5
1292,0.548385248481746,0.536636063816488,0.407782762257478,5
926,0.643309746442828,0.591679175733589,0.262207900709473,3
104,0.06262191478163,0.866357697639614,0.748349901055917,0
398,0.114770713495091,0.0794837798457593,0.121507407864556,0
68,0.974919862346724,0.765428595012054,0.1763599247206,0
835,0.640517645529471,0.47431183164008,0.147991891088896,3
857,0.64036117031239,0.212191103259102,0.415393414627761,3
118,0.480439597740769,0.404160146135837,0.604691822780296,0
1264,0.555480364603329,0.538004486470718,0.414522814274932,5
711,0.697234952149447,0.331430967431515,0.0137240571901202,2
1366,0.546841130824333,0.539417564169813,0.410330033357835,5
91,0.28893326362595,0.0583142989780754,0.437594357645139,0
649,0.702833126524929,0.337616714532487,0.465185517515056,2
1395,0.555331661778994,0.548679067277812,0.415745967676132,5
415,0.666460053075571,0.598565517459065,0.287021998269483,1
543,0.668297588559799,0.30888070713263,-0.0218275215476751,1
1206,0.547329348683173,0.545397622635412,0.408758714717032,5
17,0.396660793805495,0.568250561598688,0.872538343537599,0
999,0.637087083023507,0.414152485318482,0.121613091276959,3
1545,0.555316744124774,0.474242311748803,0.419536423681727,6
79,0.509650988737121,0.242387111764401,0.685105598298833,0
275,0.31503088446334,0.698683293070644,0.213547945255414,0
844,0.635716601279564,0.361242977669463,0.255293729086407,3
1566,0.546531413222575,0.491139761757625,0.414553299780377,6
1440,0.553626067426383,0.484440077428894,0.41740258161304,6
804,0.637637422780972,0.242893882561475,0.25706445700489,3
250,0.243898443644866,0.325147762196139,0.409106822218746,0
1378,0.549748408578102,0.535271852989451,0.407880506315162,5
1105,0.54940469628385,0.517076345905255,0.419535069620085,4
903,0.634381282313261,0.586076673818752,0.0962562713073567,3
595,0.6682594591612,0.238405714160763,0.229745487403125,1
1368,0.554591647769985,0.54428114039279,0.413853721901468,5
1046,0.559471551260214,0.516644417865094,0.417478197179505,4
989,0.639293228909373,0.342185727902688,0.442008357332088,3
997,0.637588093392551,0.258975315839052,0.271615844871849,3
1015,0.544676148048342,0.515302880753273,0.408292460047357,4
1280,0.540901984625473,0.546697763743663,0.418781236426113,5
1110,0.550131678085099,0.514536607175102,0.41419106777384,4
1208,0.555677556903087,0.542218788595374,0.413130571493446,5
703,0.696924467028584,0.301515846978873,0.0983750184066594,2
376,0.662321619456634,0.294832365354523,0.378632688196376,0
137,0.222664973698556,0.180101379286498,0.0233161957003176,0
478,0.663757710929494,0.439699084381573,0.214656225359067,1
169,0.29764629364945,0.439766502240673,0.784350522560999,0
325,0.72908606287092,0.166990990052,0.572579256026074,0
105,0.757398166228086,0.512298977933824,0.563244354678318,0
613,0.700006434277166,0.187521117506549,0.154644424282014,2
1155,0.550109109122357,0.50616125935048,0.40787533549522,4
1562,0.552568737970611,0.479950044006384,0.405541586961485,6
1024,0.551924652471479,0.519726298863724,0.420644946705192,4
417,0.669608241247479,0.580032323254272,0.0849331485340372,1
1503,0.546541719334534,0.484353565394465,0.409422459683338,6
600,0.667869522520341,0.455597619176842,0.413136957399547,1
689,0.698298996000085,0.611613128450699,0.0900952319614589,2
1373,0.547578414182384,0.536971289952811,0.406990060236616,5
106,0.473051923559979,0.0302535276859999,0.39177517592907,0
1198,0.548582027149076,0.515655826812506,0.422400974593478,4
564,0.666149881063029,0.322389683220536,0.0219849098473787,1
653,0.693784823946189,0.224708927213214,0.216470305644907,2
239,0.819652944803238,0.202135556610301,0.720833926461637,0
1317,0.549405269067367,0.543697200656004,0.41151912242958,5
1514,0.54079432599249,0.477446583618878,0.415305059748895,6
879,0.640602112000342,0.20030604058411,0.315854157274589,3
561,0.673166908572894,0.609782644314691,0.160976632568054,1
466,0.672966825799085,0.567311713821255,0.000509656220674531,1
930,0.642108085132204,0.241768896346912,0.372251487174071,3
708,0.699507660721429,0.175168251502328,0.423721482465044,2
589,0.667167742494494,0.239648605464026,0.233696865220554,1
1407,0.554016219779507,0.483277271724157,0.411399838762162,6
896,0.642511819736101,0.287310219253413,0.109992124559358,3
1519,0.546434079434928,0.477576062273206,0.413133316659469,6
217,0.481610163580626,0.24869863060303,0.301096924347803,0
971,0.637559776066337,0.420510816038586,0.470991634950042,3
1588,0.556843135502408,0.493166463241795,0.40930385196715,6
479,0.668290220366325,0.593869528733194,0.178799119847827,1
1218,0.541332929388489,0.542624667976113,0.412109077975951,5
1500,0.540129764111031,0.484833110681377,0.407459650758042,6
534,0.664253079437185,0.526521925698034,0.165263564628549,1
1235,0.552005626593214,0.536414524749806,0.412160279206426,5
229,0.318016079254448,0.560923407319933,0.476994072785601,0
593,0.667738415752538,0.419682901003398,0.186751577490941,1
1222,0.551272565286668,0.538713218287935,0.413105032912766,5
535,0.668686593759339,0.623127121012658,0.326980952126905,1
1505,0.552179086501711,0.487119161137066,0.414669337007398,6
25,0.166399757144973,0.800593787338585,0.576901587191969,0
1284,0.558187564621716,0.530262612047475,0.405112677728419,5
992,0.643464187982026,0.353662993875332,0.447951832041144,3
42,0.105243897996843,0.830993877956644,0.945660710800439,0
77,0.837337344419211,0.622229722095653,0.498346988810226,0
293,0.356765144504607,0.417648108443245,0.0859056066256016,0
907,0.636993608279154,0.60421620158013,0.176098570413888,3
1511,0.553722187815594,0.483774242096926,0.414422722293339,6
1139,0.550592185752724,0.510667077768946,0.407631030288835,4
1211,0.558237341687698,0.548559426162482,0.411182676969628,5
679,0.702972680088133,0.199847990530543,0.0442926769144833,2
958,0.642244200948626,0.196584397112019,0.229371115169488,3
397,0.834110462339595,0.991364251356572,0.24020377243869,0
1271,0.549050353813556,0.54768453277812,0.404770944049237,5
1348,0.548592547362731,0.543526509848816,0.413840270495598,5
371,0.739813753170893,0.940460029290989,0.524954485241324,0
64,0.974672394804657,0.0685758616309613,0.773972885683179,0
491,0.666532355234958,0.630146149778739,0.433733079885133,1
1371,0.54995474678496,0.545017804722416,0.412206012532477,5
414,0.667867101426236,0.58427556429524,0.243505660980009,1
4,0.492026815889403,0.231401764322072,0.770211328519508,0
840,0.636935727561358,0.638677673530765,0.210094144172035,3
43,0.555595533456653,0.290083047002554,0.410908167716116,0
1266,0.54883477610142,0.54345020370075,0.409506279890286,5
110,0.949861942091957,0.847288374323398,0.331806555856019,0
338,0.968529671197757,0.359184298897162,0.325672199949622,0
13,0.387567240279168,0.364049897762015,0.121033508097753,0
975,0.637932638810016,0.495326585951261,0.100353558501229,3
599,0.664709321984556,0.325675958534703,0.289394324016757,1
1576,0.546843518267604,0.473131395886635,0.416797632176389,6
1194,0.54860776223361,0.509588568228072,0.415445261667825,4
407,0.669053351401817,0.350637784111314,0.189733213,1
834,0.640493961016182,0.299588628462516,-0.0274092292413115,3
968,0.641916139866225,0.323886961559765,0.273248055321164,3
1051,0.543262149079008,0.513418429416322,0.408288917264369,4
1386,0.551929353937658,0.541804483740956,0.412845739895457,5
1527,0.545941881233155,0.480110538843401,0.410760836100206,6
565,0.666550170702394,0.248022489016876,0.289841802162118,1
442,0.666307362224907,0.384443332906812,0.188136600959115,1
486,0.670859935404733,0.485656304401346,0.351527373958379,1
1341,0.543741690205681,0.542603402516911,0.408752271108202,5
1560,0.549480612533998,0.490652481920197,0.401735972637471,6
193,0.314940474461764,0.287847288185731,0.769394821953028,0
138,0.0908888860139996,0.491803005803376,0.91321038082242,0
108,0.834450631635264,0.791369558311999,0.79873862140812,0
713,0.698587859538384,0.536719931522384,0.0652628485811874,2
312,0.666126571362838,0.509178204229102,0.460247607436031,1
644,0.69909371269634,0.434887895011343,0.0805523879360408,2
1557,0.553014885579751,0.484314859349861,0.412801020041315,6
448,0.667852265187539,0.182604488101788,0.466728695388883,1
251,0.708856655750424,0.728173746028915,0.20646884245798,0
493,0.663607476688921,0.601842174772173,0.177283946610987,1
1472,0.551174919151839,0.482899340022648,0.414485813427326,6
609,0.696168456329033,0.604920750483871,0.110122623341158,2
389,0.62059121998027,0.765205772826448,0.723423340125009,0
1336,0.555589739467261,0.540109508619194,0.408740280188657,5
865,0.63508358188672,0.374298130976968,0.357047420763411,3
185,0.41510013747029,0.607637937646359,0.673168433830142,0
966,0.641310664317571,0.298535818001255,0.382490200409666,3
1270,0.548493437099021,0.533184981290864,0.411110486416279,5
1265,0.54629714588508,0.538670241293167,0.408487559708816,5
1597,0.543676590130541,0.478366230503253,0.410636446891597,6
93,0.0490694888867438,0.755931840278208,0.440029135672376,0
747,0.700329728426877,0.290370902279392,0.341483811335638,2
995,0.638203937397338,0.605034306878224,0.125206220149994,3
139,0.258833934785798,0.210561575600877,0.362540071597323,0
1335,0.548407216880871,0.544235661899864,0.406176680923334,5
235,0.309460531687364,0.31179731246084,0.429775392170995,0
285,0.476525343488902,0.624496798962355,0.711703941458836,0
1121,0.551602589359539,0.516365451667482,0.411445705671469,4
977,0.633745999019593,0.230726615758613,0.161838154844008,3
211,0.0347591445315629,0.281875832239166,0.857032289495692,0
127,0.571418869309127,0.313717112643644,0.297578629106283,0
167,0.205504443962127,0.756882356479764,0.860612233402207,0
197,0.687541926279664,0.1832190817222,0.373720189556479,0
1123,0.550350714546872,0.51251858359401,0.410824636425385,4
768,0.697899309578352,0.401448435848579,0.0278242910979316,2
1332,0.550304152961922,0.54289662439644,0.407001212496213,5
242,0.673983959248289,0.331143507733941,0.854966153623536,0
1400,0.557442125580448,0.543352601776416,0.413971252260846,5
147,0.820608285954222,0.796143813757226,0.83794352109544,0
598,0.671407988583669,0.336050367564894,0.299708209652454,1
1393,0.55509461941582,0.539381653355803,0.416771903275303,5
1077,0.550102109383983,0.51691847591164,0.406635794023634,4
1303,0.540380937719951,0.545324418488864,0.414476214215778,5
1320,0.544944796171073,0.549389632177773,0.414006525505471,5
1342,0.545466058174837,0.537375577268353,0.418144402003451,5
248,0.290717072319239,0.576564583228901,0.720541797811165,0
1357,0.548010492254466,0.53532645737813,0.412924623384956,5
419,0.670851057525724,0.544257323257625,0.0618839120259509,1
1379,0.550562332982215,0.548553414306823,0.412238855152166,5
439,0.665841977116652,0.420795252895914,0.0588181325700134,1
571,0.663673503135797,0.488553653354757,0.0514098322717473,1
433,0.673230022401549,0.488110873498954,0.0726601950125769,1
1187,0.553181053334742,0.517754601071605,0.407895416125366,4
1408,0.544414804883751,0.472766456397989,0.409465555523554,6
1359,0.547387873020532,0.546010087041964,0.416364569585664,5
149,0.642623228719458,0.525393318384886,0.713248527143151,0
799,0.696368364754599,0.331341943820007,0.4415258734487,2
1441,0.540103280212386,0.487745388906863,0.410720466878068,6
606,0.69419430779526,0.197124955477193,0.184912754874676,2
497,0.66843693359755,0.439168120035902,0.296950779343024,1
772,0.69756693369709,0.567144708242267,0.40193084331695,2
637,0.695252856160514,0.544647666858509,0.279054044699296,2
847,0.635630599113647,0.483015745994635,0.304837884218432,3
1166,0.561038719812742,0.518673097570827,0.41780184508614,4
455,0.668249689505901,0.406920814886689,0.0293339594034478,1
46,0.892881842097268,0.640499723376706,0.285267540020868,0
808,0.637921534213237,0.202161585213617,0.212731568212621,3
283,0.272154901875183,0.00310489814728498,0.645102812675759,0
1257,0.555357110595046,0.532364473679401,0.405311996754068,5
258,0.668428026372567,0.527190766762942,0.480409891111776,0
1021,0.551978321706437,0.510801184766509,0.415745552018304,4
427,0.669189014171716,0.248663587262854,0.306537644658238,1
262,0.301309351343662,0.375370079884306,0.84726897184737,0
642,0.701510667733382,0.455909022944979,0.19282541256398,2
602,0.701332884018775,0.575282168458216,0.471652167104185,2
797,0.69549637946533,0.556650365004316,0.0942655337974429,2
585,0.667874752895441,0.27148874127306,0.171354685048573,1
722,0.696357332339976,0.655329832341522,0.111228616395965,2
936,0.639931028063875,0.592549156397581,0.350374405342154,3
393,0.678788106190041,0.512560043018311,0.397785544628277,0
408,0.669101328186225,0.636961249983869,0.311876751435921,1
41,0.886444433126599,0.651687266072258,0.30609595333226,0
1555,0.547724172782402,0.482221667307501,0.413047113415938,6
216,0.939219874329865,0.0378146483562887,0.950003464240581,0
1449,0.55613146910805,0.476638104146005,0.41164722682073,6
1249,0.551978653163571,0.54598355724059,0.417293154695729,5
1157,0.558120888963026,0.511885682077274,0.407309640256027,4
575,0.6696094505582,0.221674365922809,0.305954828229733,1
514,0.6684422854078,0.188682490028441,0.0991980210645124,1
882,0.639053717222996,0.65753366635181,0.062316019507125,3
541,0.664264185999054,0.606844201101921,0.117570506245829,1
545,0.671633138128091,0.637087325099856,0.393062658794224,1
1272,0.549511405549303,0.547340294782664,0.417358923018299,5
900,0.635414743185975,0.583377806935459,0.370276783779264,3
356,0.584006639430299,0.302392050391063,0.597112513380125,0
807,0.634658611856867,0.449772223597392,0.13402030414436,3
904,0.643226974606514,0.344060599105433,0.302163679338992,3
335,0.323861999670044,0.701857752166688,0.776028297375888,0
1328,0.550349444566851,0.54697001786999,0.411419175636551,5
1004,0.5525660525776,0.520062242865751,0.409878912106772,4
972,0.637488848604262,0.184117982862517,0.441833538538776,3
96,0.0252542977686971,0.556719617219642,0.587443774566054,0
247,0.431331373285502,0.897644377546385,0.214702160796151,0
1506,0.549041286643662,0.487283314693186,0.417931058370093,6
836,0.639103783308528,0.25259131542407,0.0593125032726675,3
1171,0.545452866304667,0.500059612103475,0.419345873137499,4
1516,0.554423766226711,0.492120164228601,0.416851621840275,6
793,0.695520667408127,0.617356267757714,0.120850471383892,2
1289,0.554892730011982,0.540702010877788,0.417376695359121,5
1030,0.553867421049413,0.512909567257315,0.413941591846428,4
200,0.848808786366135,0.490111043676734,0.803265260765329,0
955,0.639031440382823,0.561006061499938,0.412677061813884,3
269,0.874239728786051,0.365967948455364,0.950761033687741,0
902,0.639917318781372,0.395114260842092,0.26144526230637,3
1485,0.545051136600828,0.483310348085736,0.411309093570081,6
480,0.666748365340754,0.254017430590466,0.397069899667986,1
1391,0.547247845854845,0.547872289872896,0.407426127895605,5
343,0.248740597162396,0.375408571911976,0.140078274765983,0
1141,0.549966758703749,0.518394344252044,0.405883586321077,4
1556,0.548593969526316,0.478020912834557,0.424879181805889,6
522,0.66979863305809,0.17348415532615,0.203654046123847,1
294,0.700014600064605,0.984086380107328,0.472029878059402,0
24,0.0814261918421835,0.591517648892477,0.175011861836538,0
1362,0.548446168955536,0.542883444882742,0.418888642322502,5
146,0.210867697140202,0.273388994159177,0.856012547155842,0
853,0.637954285247251,0.291985192219727,0.375298426789232,3
948,0.636150924116373,0.323780070524663,0.406500308029354,3
805,0.635019837066065,0.167054145829752,0.395146648818627,3
1479,0.541147317371212,0.48501466745562,0.413868413628197,6
504,0.671018584289122,0.41869286110159,0.162596686230972,1
916,0.640053574990015,0.359511598362587,0.11333796645049,3
1380,0.556802558521468,0.537099755950472,0.412673422099894,5
1518,0.561616276405517,0.487758727966745,0.415556005393338,6
960,0.634041198273189,0.613103264244273,0.322297008777969,3
1285,0.545781745508635,0.543721108722365,0.412293223766605,5
160,0.705746691673994,0.0491480070631951,0.193907264387235,0
705,0.701855974367354,0.206601878628135,0.218044040678069,2
473,0.67091669237474,0.387643326888792,0.298566437512636,1
401,0.667905609079171,0.226080187014304,0.157739073457196,1
1381,0.547499047527315,0.540923387153041,0.410264053519506,5
357,0.84569060173817,0.959546361584216,0.407875415403396,0
44,0.539044281234965,0.958346946164966,0.174732095329091,0
506,0.670532307198737,0.430240858462639,0.0224415006348863,1
876,0.639376790025271,0.331480255466886,0.452171703753993,3
763,0.696033777077682,0.444306318997405,0.0838444304652512,2
616,0.694260162021965,0.611750918556936,0.189674378908239,2
421,0.672423660198692,0.20435478608124,0.375709845987149,1
937,0.63959263961995,0.505148289492354,0.125151006225497,3
524,0.664880337158684,0.390894018579274,0.275464853690937,1
1546,0.550774039127451,0.487911502117632,0.409194825870444,6
732,0.70270162794739,0.639800658565946,0.0397962507093325,2
1196,0.553835530686155,0.512623462303613,0.409618736474275,4
1022,0.547346445818574,0.517978259881146,0.424947520668882,4
591,0.673129533852916,0.308871038956568,0.0633602268761024,1
80,0.261738654924557,0.933132530190051,0.0169655890204012,0
157,0.654119414277375,0.255804431857541,0.921306892996654,0
1099,0.538003145238262,0.499242396799566,0.400584780776711,4
249,0.896105381660163,0.371569113340229,0.520862734410912,0
1416,0.554005232667217,0.487096583124498,0.419079811378967,6
539,0.670366147223394,0.556303178309463,0.0365910344524309,1
1068,0.550476843434998,0.512785272333272,0.411301961008128,4
7,0.859096757369116,0.224193440750241,0.629601127933711,0
887,0.634559369459748,0.556169898016378,0.355934492847882,3
1240,0.554001996836964,0.54050566096151,0.412920912860854,5
1478,0.54466723824659,0.481042726198985,0.414819605252245,6
576,0.665144792986102,0.240132799604908,0.200863086921163,1
1431,0.548681818120412,0.486943084822082,0.411551760912761,6
582,0.664544568988495,0.406932556186803,0.423955758172087,1
289,0.2031140611507,0.0925166527740657,0.821342773269862,0
727,0.693823104568291,0.348500012070872,0.422521453187801,2
1438,0.556762845970367,0.478683908908086,0.417485645656845,6
346,0.536301675252616,0.544419947080314,0.935382186202332,0
286,0.342346803750843,0.452231684932485,0.245165885193273,0
1347,0.553483845226548,0.542545781476865,0.408822611431975,5
368,0.0738478989806026,0.231480598449707,0.108951456611976,0
627,0.696270762097556,0.32848052191548,0.166358659695834,2
1173,0.556865287599552,0.519103376060246,0.412236281143398,4
178,0.595318272942677,0.930973487906158,0.381169721484184,0
430,0.671065398375504,0.258463223581202,0.360178664163686,1
1365,0.54378573451459,0.551257607704989,0.41750713635398,5
109,0.527205543592572,0.801052988274023,0.302710792049766,0
1585,0.556374395618568,0.480634233053458,0.417765070708675,6
1107,0.550969138555648,0.521935060495581,0.408024996338179,4
550,0.665215382508468,0.315948262810707,0.057164960494265,1
54,0.77990176784806,0.0960356432478875,0.962879589758813,0
1056,0.544352309816624,0.512425337482455,0.411285051029985,4
1355,0.540823903673336,0.547566833890971,0.41426987301642,5
180,0.157764035044238,0.343239629408345,0.356720987008885,0
337,0.0337469521909952,0.36646394059062,0.872258173301816,0
1071,0.545917026434839,0.507935447436294,0.411404666037863,4
45,0.887346025789157,0.293505245354027,0.744222671957687,0
1572,0.558943160246143,0.486754048089555,0.421595427879346,6
1521,0.55330858829513,0.472466999478314,0.409327967926893,6
1260,0.560363417862743,0.537074595703185,0.413461233919765,5
1473,0.562049446772885,0.483336267100824,0.416492462180799,6
824,0.636393779432401,0.606965201557614,0.226352065522224,3
1,0.319891545223072,0.709268878679723,0.814609027700499,0
1413,0.553521636382726,0.479311302408635,0.418115934307585,6
126,0.370567550882697,0.362262710463256,0.507034637499601,0
728,0.699089636276476,0.502209090394899,0.348241039388813,2
410,0.671729647039901,0.322092662099749,0.229231133777648,1
176,0.00232828524895012,0.615934565197676,0.811526755802333,0
114,0.734489697264507,0.337612227071077,0.903839660109952,0
656,0.696756436217111,0.311899921973236,0.0368049098877236,2
828,0.636893986465875,0.265512033016421,-0.0194298413582146,3
1151,0.559493795040381,0.514744389513704,0.414420399453534,4
259,0.760865565622225,0.413681517587975,0.663316840771586,0
1442,0.560381409699808,0.487519950576713,0.41293932915711,6
348,0.565884770127013,0.727937115589157,0.545946568250656,0
37,0.530985993565992,0.439768020296469,0.154062896966934,0
411,0.664194257352501,0.52104372496251,0.23397282238584,1
1085,0.561035711484072,0.507709582523991,0.402275725330856,4
1009,0.55625647399826,0.517741466973679,0.41375259026051,4
597,0.669593961129431,0.639249845757149,0.162149658612907,1
1016,0.552086696752034,0.513203243575591,0.40187699677703,4
1321,0.552277691113131,0.544423564406592,0.412351249884096,5
652,0.696845111548901,0.472362408647314,0.0106630322523415,2
818,0.639706201213412,0.586549059953541,0.42850465613883,3
884,0.637655644011684,0.658463562838733,0.338186089019291,3
1498,0.546648257514795,0.480689296684531,0.412596904349035,6
1060,0.548791919787031,0.511358101904342,0.421532147695341,4
1293,0.551035101104856,0.549443608852579,0.403007722775759,5
1261,0.551517853367592,0.544030304258908,0.411125397639594,5
697,0.695513984686695,0.363653232925572,0.29373308417853,2
721,0.698244325572159,0.251550850342028,0.415451209712774,2
1143,0.545135512496592,0.51372668030574,0.413797035191529,4
855,0.636885205004364,0.20701885712333,0.43750376040116,3
953,0.638781247062143,0.335519254207611,0.0633467020932585,3
424,0.66627611951204,0.265790829434991,0.114971757587045,1
451,0.673459448930807,0.639983913628384,0.18389445154462,1
1523,0.547272503440814,0.488576697056906,0.411331676529655,6
387,0.824308072449639,0.972849174169824,0.570082340156659,0
965,0.638806175361387,0.21209134964738,0.274990353221074,3
1163,0.545894606236355,0.515914397558497,0.403565898217918,4
1239,0.548201535146747,0.543820908344163,0.406591914627802,5
8,0.230345303192735,0.81651051947847,0.0237942181993276,0
1463,0.551729356796262,0.486324773500929,0.420536900235127,6
612,0.6997070620046,0.315330811077729,0.468453174526803,2
1215,0.549683672248745,0.533548122892924,0.411728772488475,5
1580,0.557990589053672,0.476085893688886,0.415973390260236,6
1101,0.549447645731076,0.512880023465712,0.418831888515922,4
71,0.481463633477688,0.785977438325062,0.462662061443552,0
931,0.634527025914285,0.273907874710858,0.0487952235387638,3
201,0.390844442415982,0.777522821677849,0.624183733249083,0
92,0.607622558949515,0.144952199887484,0.226300763431937,0
1191,0.543654442139982,0.513159864850834,0.417658819534586,4
1203,0.55126031113275,0.543162526743473,0.406821539480352,5
26,0.0990373005624861,0.26791516598314,0.00276669557206333,0
227,0.627917877631262,0.783777782460675,0.687255979049951,0
1444,0.546584785112909,0.484602578575306,0.406525789349093,6
935,0.643011595145799,0.20647693821229,0.207124738325365,3
712,0.695351505549625,0.385881457244977,0.394798707403243,2
87,0.548154560383409,0.185579596785828,0.624321883544326,0
898,0.638667679894716,0.459662479930557,-0.00226723046507685,3
290,0.818772380007431,0.609411431476474,0.302558302180842,0
166,0.847029886906967,0.883519382448867,0.0219167291652411,0
1414,0.548679429031252,0.480441353285154,0.416110608237553,6
272,0.880590355256572,0.485579259227961,0.488906781189144,0
982,0.643332841126248,0.436348727787845,0.335169959999621,3
1489,0.547883336714928,0.480434088240894,0.411355055962268,6
1118,0.551693028533883,0.515981845131859,0.406038715355199,4
120,0.82634167582728,0.614881790243089,0.588329283986241,0
911,0.640180276504252,0.502210352104157,0.00442933600861581,3
1594,0.549191850929148,0.487062521201794,0.407102501758811,6
382,0.835227854084224,0.701602023560554,0.366236418252811,0
1078,0.543937242860545,0.510984073967831,0.41502325792055,4
1291,0.541922586167184,0.548901199733179,0.416262004097007,5
302,0.156446925830096,0.482476311502978,0.814915093360469,0
909,0.634999543994199,0.632886586012319,0.141374214738607,3
921,0.635864738686941,0.603386255796067,-0.0265047816094011,3
1070,0.547009945355613,0.508552565089211,0.407863735002661,4
996,0.634108930223156,0.258071233984083,0.197484358749352,3
1116,0.552111793267768,0.508886413540428,0.417269269152931,4
436,0.66863751586061,0.265987818478607,0.451229608803988,1
733,0.697747408004943,0.267010622890666,0.0903316285228357,2
74,0.570046661654487,0.867080299416557,0.621386621147394,0
1306,0.542690128628164,0.549446381297684,0.41089473275813,5
1537,0.55370054918392,0.482281189898986,0.416095634125286,6
811,0.636558302917983,0.381497150170617,0.307191330660135,3
1488,0.543701618614141,0.490934657674991,0.410047004519072,6
1185,0.553596864832331,0.518226644076858,0.41601108045099,4
1528,0.549740215861246,0.479209209438666,0.408696304273986,6
129,0.585160760674626,0.882345791207626,0.312883695820346,0
124,0.827496621524915,0.590841792989522,0.484165024012327,0
179,0.988745918264613,0.988468459341675,0.527929097646847,0
374,0.112467517610639,0.476237268885598,0.161363388644531,0
2,0.216284924652427,0.258269942365587,0.221924510318786,0
1526,0.540305394188199,0.480940165200036,0.412500389387883,6
243,0.481735368957743,0.977347679901868,0.131364054745063,0
1018,0.553109749283059,0.514879244101758,0.409225490879609,4
353,0.773439059732482,0.125063653104007,0.612190203974023,0
1148,0.55027250100436,0.518935513470728,0.424076251633001,4
5,0.375427313847467,0.869642504490912,0.427745763445273,0
998,0.634076780094765,0.243842620635405,0.289253341918811,3
1592,0.54794419789306,0.483600628695648,0.408884324486081,6
1561,0.561062558231137,0.489741737587867,0.40641059979387,6
683,0.700378970436286,0.427911910926923,-0.0202756036771461,2
691,0.698670028934721,0.401932519976981,0.388280448922887,2
117,0.318063423037529,0.0399062421638519,0.609260109020397,0
687,0.701889641373418,0.49434683425352,0.0350320495897904,2
1385,0.557147581571378,0.535557271406617,0.411654997836529,5
1412,0.549781711304621,0.478586074653045,0.416899838453106,6
1251,0.552654814025703,0.539126764394566,0.411098728083289,5
601,0.69732500690734,0.646885686554015,0.154630009969696,2
113,0.0778483203612268,0.903288110159338,0.277500340947881,0
1344,0.544842422180433,0.543400601240833,0.410483374983197,5
330,0.443998071597889,0.216734465910122,0.214700796408579,0
244,0.882126316661015,0.669865464325994,0.895569113548845,0
885,0.642246238566004,0.609418252366595,0.459297523554415,3
1174,0.553162385143316,0.518855247361999,0.411693729828754,4
645,0.699773312008474,0.252293260884471,0.0266114641679451,2
329,0.269429776119068,0.874752611387521,0.480441058985889,0
1427,0.553115420720367,0.482420893007233,0.416242811000966,6
875,0.638861603736877,0.6555149393389,0.394531914801337,3
533,0.672608626000583,0.509265837376006,0.331011028331704,1
1137,0.550541867839417,0.502043318918677,0.41215439723916,4
1127,0.548549782849441,0.516578558316867,0.412602960882905,4
1133,0.544855807618662,0.514548841306095,0.407193225147179,4
412,0.670198888971936,0.16869337821845,0.0880530554102734,1
438,0.669561854740605,0.615085986675695,0.252132448670454,1
123,0.114747636951506,0.554371216567233,0.901197072118521,0
753,0.702899370794185,0.514788899687119,0.363190727727488,2
1486,0.545415789670744,0.473894219924956,0.40815874358135,6
390,0.341445937287062,0.219809328438714,0.454426318407059,0
1542,0.555933343045298,0.492265254817852,0.418243909641111,6
1586,0.548246003582436,0.4817060179838,0.409413795766938,6
192,0.840300837997347,0.23851045453921,0.34135320247151,0
631,0.696638642717153,0.615679116919637,0.337412872188725,2
1100,0.553642954849401,0.51713536864164,0.417974392159945,4
1179,0.551668290325885,0.510958131325125,0.408099409848211,4
510,0.67010769573506,0.394763394724578,0.219396594283171,1
50,0.150059924926609,0.611735800979659,0.739343979163095,0
518,0.671977907675318,0.540244648582302,0.284224842512049,1
1031,0.550658377880964,0.518035775919433,0.409389088338131,4
1376,0.548083019036229,0.553479472867698,0.411247303627579,5
208,0.859582339646295,0.866912700235844,0.427273949608207,0
1487,0.561054558112988,0.488416405586076,0.408917735407715,6
775,0.698093235399574,0.274164534290321,0.0110975291579962,2
532,0.664477921579964,0.442568369326182,0.198356101475656,1
164,0.79697512392886,0.528099504765123,0.112205591518432,0
578,0.663614439743105,0.495745894382708,0.386745587759651,1
62,0.839015811914578,0.113123255083337,0.291889366926625,0
638,0.69470976265613,0.166491487761959,-0.00870107864029704,2
1339,0.555790169727047,0.542548021540598,0.414152784156713,5
70,0.251048987964168,0.48625896545127,0.661016802070662,0
1351,0.547153006872243,0.541979319536933,0.414819658596854,5
986,0.635555534651503,0.596190921030939,0.363148427987471,3
1532,0.551030534625393,0.482576764921433,0.410596700936592,6
1509,0.546913110589705,0.478028002925426,0.401046202449741,6
334,0.680702081182972,0.171887871576473,0.043668471975252,0
845,0.634404604427982,0.259352089487948,0.154493898805231,3
1075,0.554187388943101,0.514145303057962,0.402072629056171,4
271,0.381220515817404,0.292894316604361,0.895313839660957,0
831,0.636318783455063,0.392764447140507,0.00963497878983618,3
1230,0.550382519535711,0.538691673729975,0.408387193599073,5
1216,0.543139953111529,0.54660739323451,0.413031535427254,5
723,0.695554111453239,0.580912590259686,0.111174636939541,2
677,0.693543967430014,0.208782803849317,0.14901748271659,2
174,0.658666196744889,0.767986505292356,0.898363712010905,0
929,0.637619389751926,0.408669847878627,0.327822848292999,3
1088,0.542777024368352,0.508327602660824,0.406022691244366,4
1531,0.543016430144007,0.489417801084501,0.404947886461173,6
685,0.699119938949589,0.544891368714161,0.177923149848357,2
1394,0.550680144997646,0.543788552078351,0.403166831053459,5
181,0.812627421692014,0.626881166128442,0.18736283108592,0
10,0.338879143353552,0.802783240331337,0.742557341698557,0
812,0.642534354499076,0.496507348143496,0.00305638771969827,3
99,0.517107833875343,0.527371032396331,0.597314244601876,0
1493,0.549334437231032,0.49196679598378,0.413111746145998,6
546,0.668612159115728,0.19041936378926,0.214861343801022,1
1200,0.536912096778913,0.512021916428331,0.413633155819819,4
1054,0.557408192876044,0.508930400812437,0.408971673117132,4
920,0.634921317503322,0.423564104479738,0.0749397351872176,3
820,0.640558678745292,0.227369389613159,0.179597858176567,3
1199,0.544028137834162,0.506184040154702,0.40989145980523,4
173,0.46437805169262,0.359967409400269,0.230772581184283,0
1571,0.556330334945424,0.472207230523326,0.400332667723767,6
784,0.703430247283541,0.587709319544956,0.0813653664197773,2
540,0.669714142784942,0.497711178613827,0.137287848698907,1
715,0.699927434800193,0.629000102868304,0.236609802069142,2
1090,0.558665389747141,0.512175083204112,0.411718589215647,4
1283,0.544105320969816,0.537790252750183,0.401593969056474,5
1160,0.541968714876116,0.51937264481269,0.412653829092285,4
381,0.831049689790234,0.263565105618909,0.722920674597844,0
463,0.670899805575609,0.478897936292924,0.143451423570514,1
1268,0.542298536749056,0.541057769732393,0.413985665482933,5
469,0.671456958295312,0.635328559554182,0.0928155213594437,1
1226,0.552480671813022,0.537368544798057,0.413913089352421,5
943,0.637910814885981,0.589800305664539,-0.00611766851507126,3
819,0.642197119113989,0.268751887604594,0.236523421201855,3
1262,0.554565419305809,0.543042976269802,0.404080743652041,5
770,0.698697987163905,0.188651737058535,0.267768258880824,2
505,0.668904788857326,0.622206099214964,0.133430333761498,1
323,0.372593132313341,0.0200727174524218,0.518357176566496,0
263,0.922227457631379,0.226921108085662,0.671107301721349,0
1111,0.552104719421151,0.511924126875368,0.415376506658847,4
1337,0.555170439279446,0.542103675989102,0.41772309363695,5
75,0.927142521133646,0.27885895431973,0.877132324501872,0
559,0.672176527716219,0.260751445661299,0.464582453784533,1
362,0.358473354252055,0.314313941635191,0.54955551866442,0
1069,0.562924537837784,0.523077241204637,0.408571990403442,4
891,0.643058820171282,0.487433180445805,0.147888705320656,3
978,0.639018781122286,0.477016358054243,0.0356782928109169,3
1596,0.545142255933311,0.47138067420276,0.415410172143623,6
1274,0.554770745100124,0.538152713827176,0.409270001667327,5
406,0.668667770370375,0.33254595764447,0.204572928207926,1
76,0.059484216151759,0.524519124999642,0.189782993867993,0
901,0.634153465204872,0.274159613181837,0.100850017461926,3
386,0.763807704439387,0.10433263797313,0.857424085726961,0
672,0.700918530358467,0.223253736039624,0.441709468094632,2
822,0.637677285720128,0.612802242510952,0.357062967214733,3
1170,0.541938504191153,0.518096115916886,0.413677005346636,4
1055,0.55165865423223,0.514969399277582,0.413799774697238,4
56,0.200171329313889,0.165352365234867,0.52106994856149,0
1494,0.548825854439578,0.488743694912051,0.412392348007019,6
1529,0.545611302214419,0.485552694131855,0.419453635613684,6
1210,0.552904614268923,0.550444663473218,0.416586517411638,5
1112,0.535626102086957,0.518718811860117,0.420489470526069,4
1398,0.552252221430752,0.540644899599619,0.405677039726478,5
892,0.642219382692128,0.36290883005131,0.149190644104965,3
1258,0.557862403530179,0.548008441782164,0.419533967223809,5
1162,0.554788068326027,0.506022671386943,0.414134316958227,4
698,0.69907961148303,0.654379713581875,0.450845941738226,2
1045,0.549173334847913,0.520499077632815,0.416425246128527,4
142,0.995230287779123,0.894182425457984,0.249123395420611,0
803,0.643198449348565,0.498709873761982,0.142369341989979,3
378,0.86689951014705,0.279216085327789,0.537992665776983,0
175,0.337214153027162,0.0114903268404305,0.245112033560872,0
1147,0.555102984030681,0.516929878487744,0.407353441719558,4
288,0.653726402204484,0.950884766643867,0.875014426652342,0
614,0.703209810752887,0.420958006172441,0.225959436106496,2
1298,0.543172196032839,0.552078371484651,0.414400012969252,5
1307,0.555736805323932,0.535278960032691,0.415314583458253,5
515,0.663707815853413,0.521972153917886,0.357923533720896,1
947,0.642029160237871,0.417976801865734,0.130048730713315,3
1053,0.547168300962315,0.515070754188733,0.418153980201845,4
115,0.862050125608221,0.878223800566047,0.948919740971178,0
428,0.671505194634665,0.363219924620353,0.185063870344311,1
603,0.697988318973221,0.542548289056867,0.232209039572626,2
843,0.636645533523988,0.57211034046486,0.464470072020777,3
756,0.695614298614673,0.44623017963022,0.343469859636389,2
122,0.556517530698329,0.0983043753076345,0.64071770850569,0
1451,0.546686442938472,0.486865238097094,0.408302867146561,6
1255,0.547866913226145,0.542096287146496,0.403226497873472,5
583,0.663676921494771,0.398129674373195,0.278515891591087,1
1188,0.541720823112662,0.511816487676494,0.419978369813186,4
1213,0.551964010960206,0.549000278237527,0.409107109288616,5
738,0.699219074202701,0.324409188004211,0.226813114783727,2
1253,0.553644926520231,0.551265044162809,0.414548431228841,5
59,0.903223436325788,0.160197133664042,0.161480917362496,0
1569,0.55214355445181,0.48185834017769,0.416273905871518,6
226,0.151834513759241,0.483253623358905,0.119906297652051,0
402,0.664992854523007,0.372555921901949,0.0270770848263055,1
1458,0.549404663943478,0.489915942756707,0.410777266133832,6
964,0.640572247582022,0.183995688799769,0.464068956742995,3
1161,0.555275151079727,0.520467868422281,0.403443427673998,4
1124,0.547066180335488,0.511215448718401,0.412818434086676,4
905,0.635353096802719,0.285867545637302,0.0424695340450853,3
441,0.663882994807791,0.194924467476085,0.192612901050597,1
548,0.665805681433994,0.44169628364034,0.454464177321643,1
155,0.683573168935254,0.736552053596824,0.986174570629373,0
838,0.635994501826353,0.513267086585984,0.191724465182051,3
773,0.699200110277161,0.64298875676468,0.197429980454035,2
1415,0.548231442283878,0.478250101685054,0.401802400144349,6
924,0.639701125351712,0.366595975589007,0.173529961914755,3
1492,0.550077186536919,0.477237194286896,0.40277923981842,6
305,0.727322235703468,0.405021221144125,0.0883597594220191,0
199,0.00694871018640697,0.704334008740261,0.0680069616064429,0
744,0.695889954811428,0.430946576292627,0.141970157227479,2
291,0.251321176532656,0.614509373903275,0.964885402703658,0
910,0.637572424481623,0.223297601565719,0.267685425770469,3
1360,0.55281738002046,0.539971849654583,0.417379591939736,5
914,0.639340763336513,0.499236722942442,0.293892246391624,3
1445,0.542187940189034,0.48874170250714,0.409981516868718,6
670,0.698035818994977,0.526005540275946,0.358193229255267,2
1079,0.545817474063117,0.516208542419689,0.418411628824693,4
279,0.393030223436654,0.519694606773555,0.549413283588365,0
806,0.640826287311502,0.249968635383993,0.30562585494481,3
1522,0.549574070150813,0.489107749887723,0.410993331263462,6
1145,0.547882261428575,0.526890424031627,0.40249438244664,4
324,0.0162674449384212,0.295437124092132,0.413044136017561,0
777,0.701460336472373,0.512663810746744,0.388080789428204,2
1063,0.553622815357506,0.513325138393109,0.415627443164795,4
116,0.601209493586794,0.205332043813542,0.82472271588631,0
134,0.87561583914794,0.326375952921808,0.0973941732663661,0
1267,0.54798802811042,0.549179686541687,0.416498716043863,5
969,0.642095102504827,0.323832517839037,-0.00713607708457856,3
517,0.672269128798507,0.173581416835077,-0.00738296068739144,1
494,0.672105528635438,0.487266733543947,0.19830925501883,1
1012,0.556200121643195,0.522457050783272,0.411189954266497,4
364,0.471921670250595,0.371761946706101,0.0699636936187744,0
409,0.666458929239307,0.315615931991488,0.116507338895462,1
1092,0.559599966321416,0.516616191210205,0.402872392854266,4
1564,0.546711987903292,0.48614915959027,0.409497743367153,6
654,0.702207075695042,0.204790590913035,0.325495316949673,2
976,0.639085269102361,0.310975567786954,0.453427620301954,3
151,0.741528601152822,0.890252810204402,0.673827825579792,0
476,0.671352304171305,0.202908363076858,0.363650178606622,1
979,0.639535665886942,0.1999861006625,0.348170472960919,3
987,0.641002307285089,0.603191624046303,0.189439197373576,3
144,0.290891363285482,0.490416065789759,0.734378901310265,0
798,0.695175095773302,0.291863824124448,0.345110836741515,2
304,0.442573062842712,0.61394298216328,0.562010666588321,0
462,0.670342816866469,0.181595872971229,0.105905606597662,1
220,0.803845352493227,0.812517097452655,0.309293628204614,0
918,0.635902342037298,0.533765807864256,0.000691697187721746,3
385,0.631583406589925,0.170277565717697,0.863305047620088,0
1011,0.554515805865369,0.515167260035347,0.413007096743694,4
482,0.663645412796177,0.257157520740293,0.0820163506548852,1
719,0.697235939214006,0.348026248626411,0.034304522513412,2
490,0.664014465208165,0.259928966057487,0.251694797258824,1
1544,0.554733648088027,0.474307254742166,0.413863771126378,6
928,0.639781449271832,0.443753397325054,0.342100917431526,3
809,0.635246969321743,0.268331018392928,0.421678799623624,3
188,0.385843735653907,0.454677305417135,0.828838171903044,0
1234,0.544105977756635,0.548640473749668,0.41209727904655,5
618,0.70249896747293,0.396339147235267,0.168978518527001,2
255,0.719386979704723,0.810989260906354,0.373307999689132,0
189,0.799758681794629,0.907590670278296,0.917762570315972,0
101,0.257450778735802,0.36115610296838,0.754011844284832,0
1382,0.551421958851821,0.54556960334527,0.414826494445283,5
1512,0.560718236311326,0.485429175596096,0.409355613859274,6
432,0.664419514662586,0.503431360702962,0.216540756588802,1
755,0.698414243452717,0.285532226553187,0.435025764815509,2
906,0.634354584335815,0.658837031805888,0.353238625521772,3
1405,0.545542314276457,0.48778437729473,0.419249262088454,6
1182,0.561294058254577,0.513362737077327,0.396541441724084,4
48,0.954503021901473,0.983200480695814,0.959462098777294,0
1050,0.551301941518034,0.51172346105367,0.415116058316005,4
1153,0.547343236095048,0.514644278100128,0.408368002682108,4
1502,0.552883044305113,0.474755901744489,0.401439300388988,6
194,0.97026970400475,0.442833706270903,0.972553885309026,0
1421,0.551176026983367,0.477337658486501,0.419371927500779,6
814,0.639311891391408,0.599813653971069,0.0924952630419284,3
78,0.859179093502462,0.668968640966341,0.462653049500659,0
586,0.66696344661992,0.3718172009103,0.265366969350725,1
299,0.923531289445236,0.35487860464491,0.72640852839686,0
1304,0.548786734687842,0.539084615064508,0.403014800632899,5
1318,0.553560835795421,0.549701060235231,0.419874151057346,5
1089,0.552939326423896,0.513727391395349,0.412026986742592,4
434,0.664931087216828,0.292369545786642,0.2831508314237,1
1044,0.545193059510054,0.505787221979492,0.41306611981368,4
172,0.0230170150753111,0.845296206651255,0.404913912527263,0
300,0.715382123598829,0.442208422580734,0.122899508336559,0
668,0.701512213253882,0.599623784888536,0.308930544601753,2
1288,0.543522486474857,0.536637010402111,0.414578462661411,5
1117,0.543620708718973,0.513254181339927,0.406922026366118,4
1033,0.549886497533697,0.507766180708815,0.411940256612033,4
1227,0.541649869147758,0.537601181949995,0.412528547721164,5
663,0.696583305518143,0.277808446669951,0.315482377144508,2
1034,0.546483585068038,0.515970138148264,0.405987998866567,4
959,0.634380697528832,0.245369279640727,-0.00952854990027843,3
444,0.670755960149691,0.622601771494374,0.157217560522258,1
774,0.699389128619805,0.469982665614225,0.132040571724065,2
336,0.41045355796814,0.6091946689412,0.634866617387161,0
742,0.69605520157842,0.391102738445625,-0.00156956252176313,2
183,0.236141690751538,0.159761745482683,0.921708618756384,0
1181,0.545015919275876,0.517666373683187,0.412302462868223,4
1508,0.548057467214178,0.485242328106305,0.417537893443825,6
425,0.673492404695135,0.537467670394108,0.343689909391105,1
1052,0.551891754377057,0.510941486327095,0.407894195887592,4
1097,0.555409525016281,0.515744996928397,0.41641018424135,4
841,0.635543591238093,0.511167845921591,0.430495136138052,3
418,0.668022233387455,0.234076886903495,0.370770773454569,1
821,0.640301399328746,0.580396169563755,0.156804291950539,3
1333,0.553476285670977,0.550096526527244,0.41093507234725,5
1104,0.547173821806468,0.516033858092256,0.409262338391403,4
453,0.672078738186974,0.536244628252462,0.182052349275909,1
1553,0.552542870351231,0.484547076450445,0.414516821275484,6
1417,0.558638121623354,0.484491483446639,0.40973800569056,6
1093,0.542997741292358,0.522212940432899,0.417490810895699,4
915,0.643091046300251,0.370748992078006,0.192419250914827,3
1290,0.548237683154177,0.539986101454122,0.408154574411734,5
158,0.553029697854072,0.273491063155234,0.652084126835689,0
751,0.70205040876288,0.569049905287102,0.219296766282059,2
495,0.66444441911066,0.606516925152391,0.448072644951753,1
553,0.671592866641004,0.213028243044391,0.299911169870757,1
1433,0.54611316748719,0.482301758562894,0.410439457578168,6
1559,0.551521301890801,0.488807982039163,0.413387012127817,6
554,0.664074640830513,0.333655941183679,0.0645680796122179,1
39,0.764996207552031,0.432979004457593,0.787649208214134,0
431,0.67192255994305,0.443293233518489,0.237503420049325,1
1397,0.557823900232106,0.548545421970175,0.410415924292116,5
1212,0.542425557080887,0.533663389339523,0.416280808303133,5
1115,0.545156913354884,0.509700860306684,0.417394103352068,4
579,0.66640493162442,0.45855363109149,0.424729983741418,1
673,0.699603860334028,0.663624310283922,0.279480535839684,2
868,0.633854895792901,0.551340204896405,0.438948616338894,3
377,0.730865668039769,0.724662101594731,0.214993481058627,0
1005,0.547345011293901,0.51370160325691,0.419857700291309,4
934,0.634750433147419,0.215067781507969,0.0858307556016371,3
1474,0.551219157546775,0.478731606717524,0.407204896525362,6
1010,0.563257067180482,0.52061434306089,0.41210610389894,4
791,0.69565458024852,0.447048308560625,0.212571470136754,2
1281,0.543897051615449,0.544997653649319,0.402947721343577,5
232,0.94399956217967,0.969798920210451,0.53225155477412,0
1057,0.557710409106745,0.512600775751278,0.418589826220596,4
858,0.637172997514717,0.490050957654603,0.032926253345795,3
27,0.989692764822394,0.245397064369172,0.768579666269943,0
1525,0.552076947492156,0.483025535643488,0.409945984753004,6
379,0.507238908438012,0.674366042017937,0.194283908000216,0
562,0.667937826476991,0.573817355558276,0.222422511386685,1
1172,0.540025803475485,0.515470529998477,0.410655307731043,4
607,0.699099731193855,0.243189970962703,0.211561112385243,2
1349,0.554408559924969,0.542134827435436,0.412150094992313,5
1311,0.557598155208095,0.53934520318679,0.416728318249188,5
437,0.665690926073585,0.471706673968583,0.467878722888418,1
1081,0.555768084607509,0.513733104309053,0.410458402497605,4
984,0.639023803696036,0.580960644874722,0.0813596974592656,3
696,0.703069280767813,0.630454734200612,0.265754000120796,2
1323,0.55224545975497,0.537994037641433,0.411284680614364,5
938,0.642815037097316,0.188516243244521,0.427279590000399,3
980,0.636096828493755,0.640372106339782,-0.0172414449509233,3
1003,0.550582878913918,0.511511479582669,0.412974634255422,4
895,0.639708577818237,0.457524324185215,0.242884226329625,3
1435,0.547570532281642,0.478480262536996,0.413872429215942,6
375,0.881794058484957,0.536680016899481,0.273123838473111,0
1577,0.547541962055593,0.483442148401032,0.399856838254425,6
1245,0.554338189962936,0.549879824869327,0.403996247074842,5
745,0.698914546342567,0.594241843908094,0.38956433122512,2
1443,0.549501473247231,0.479184714112936,0.412411350903254,6
873,0.642847470056731,0.389632727717981,0.202697085868567,3
962,0.640865719532594,0.467782877385616,0.00740143151488157,3
296,0.00692065572366118,0.0766161778010428,0.0696151324082166,0
686,0.693873582000379,0.611667696386576,0.117140637547709,2
1120,0.545922960841504,0.514479839090171,0.414233724097638,4
345,0.496578311314806,0.699958632932976,0.536020687781274,0
827,0.641359161192086,0.325070679886267,0.0173022516071797,3
1314,0.554702048198798,0.545670658491516,0.405665130781882,5
1310,0.547526607875968,0.54042843023177,0.402734071481299,5
635,0.702903193051461,0.506336487247609,0.228631996270269,2
874,0.637309191278182,0.271895774407312,0.297199481469579,3
647,0.699379216209054,0.610778805217706,0.389508297853172,2
1549,0.549154506124755,0.477308463438402,0.413744843501408,6
1135,0.551602033254357,0.520481419384828,0.407244842307717,4
854,0.639361813336145,0.587443898199126,0.245129457511939,3
519,0.665758572125342,0.463811296853237,0.352992195589468,1
321,0.243638593470678,0.488731481833383,0.299552978482097,0
620,0.701422016774304,0.263072256697342,0.457059079618193,2
1437,0.555890089721276,0.479606685732699,0.406116312333965,6
1221,0.556516206970353,0.541744520115842,0.413471883204421,5
1246,0.547881933376239,0.545590263053745,0.413690421663146,5
295,0.0575790603179485,0.325764374574646,0.203023079782724,0
1392,0.552360501604089,0.541059180998881,0.409637403512668,5
560,0.664321270037908,0.639075384009629,0.253758993768133,1
569,0.666259949672967,0.330522358301096,0.206200112192892,1
664,0.693659130956512,0.378681277972646,0.247488216916099,2
32,0.695199690992013,0.575346676399931,0.40997928683646,2
332,0.0917249254416674,0.895870175911114,0.632248620036989,0
523,0.666850568954833,0.31091427244246,0.392481812811457,1
1059,0.556121890885077,0.51313610964999,0.415161995042012,4
1329,0.553036225610213,0.543424928708342,0.409132278415758,5
675,0.695834821553435,0.245426936889999,0.0957922370405868,2
1136,0.55355454350334,0.508188445475147,0.410275558650445,4
796,0.700502635177691,0.379820528323762,0.10795657762792,2
783,0.694320504181087,0.23421114590019,0.0103764123748988,2
1087,0.548733024809305,0.516977975594833,0.407477871904145,4
826,0.639873622532468,0.277285930002108,0.317209167708643,3
1338,0.556394275938976,0.550829172448308,0.421057408007459,5
716,0.696714659282006,0.626059194328263,0.403748882072978,2
530,0.669253157912754,0.457234434783459,0.0191930925473571,1
839,0.642401442558039,0.621925519430079,-0.0224904733942821,3
1238,0.546218313694316,0.549737703778502,0.406927594219619,5
584,0.664727567355148,0.31463313929271,0.173579381848685,1
1278,0.554920563687657,0.551405550514761,0.410417678785457,5
694,0.702933184038848,0.184101778897457,0.124816431617364,2
276,0.681478966958821,0.275866195792332,0.0589850759133697,0
877,0.634287455838639,0.352417132118717,0.170939304237254,3
1008,0.549680811906962,0.509911378556387,0.421559128274483,4
739,0.695753544615582,0.563253577565774,0.413940279348753,2
725,0.702332077685278,0.500955554423854,0.222518416773528,2
740,0.697634538172279,0.342534659779631,0.107053525815718,2
284,0.33207468315959,0.714137821923941,0.598993055289611,0
1364,0.549320183362166,0.549898000003214,0.412685541877639,5
391,0.184692260576412,0.906249802326784,0.141563103301451,0
525,0.667978493797127,0.24810480303131,0.458553453278728,1
1189,0.545010368208054,0.509903304180835,0.415019284298898,4
52,0.759798058308661,0.172927366569638,0.568804650800303,0
143,0.552182715851814,0.535890131490305,0.901020514778793,0
1595,0.543237536536761,0.486212993036507,0.41498611339713,6
666,0.694093503488693,0.471432908670977,0.0741983155719936,2
954,0.642602834086865,0.26215466146823,0.296746671269648,3
326,0.634179729036987,0.967433911049739,0.627802823204547,0
219,0.959779607830569,0.329525301465765,0.190712075913325,0
949,0.639006634487305,0.197003772947937,0.0590494916075841,3
750,0.696858567513991,0.611300576012582,0.406053835595958,2
1469,0.556605686357389,0.483434005911197,0.411516221069951,6
1197,0.538790679330022,0.519016907123294,0.410127896408097,4
1581,0.549851706279261,0.482647830179902,0.406371404217505,6
502,0.668952889910433,0.198125709197484,0.334987596445717,1
1103,0.559305129832349,0.517070635072587,0.409860677900631,4
1383,0.547653884858727,0.53708328367142,0.407036679546252,5
1001,0.549714528802688,0.517971593962938,0.406970054145367,4
135,0.709916105726734,0.945290201343596,0.903805742273107,0
311,0.0768855744972825,0.799404306104407,0.115830143215135,0
383,0.483401746023446,0.565267308615148,0.24364624149166,0
1126,0.549535841249493,0.508611599453912,0.409342733961298,4
1453,0.552061524971509,0.483408737255036,0.411661161115614,6
886,0.642804968864657,0.598169461009093,0.0304533147253096,3
509,0.671453373814002,0.519190117483959,0.317581224208698,1
881,0.63362771633314,0.574623667285778,0.0604593847645447,3
1535,0.550891851019787,0.484748081958831,0.415486088268418,6
1401,0.55640101354824,0.484827255426884,0.41996660348147,6
84,0.71565702278167,0.651122838491574,0.205595209728926,0
762,0.701994285448454,0.298693436314352,0.161205270513892,2
1554,0.55501565135887,0.481647331722571,0.413565010349717,6
951,0.640240969897714,0.206837952253409,0.26326333435718,3
72,0.506416712421924,0.518668764270842,0.868942079134285,0
1434,0.550831802714435,0.4855647064511,0.409919325481582,6
1168,0.552511476951286,0.516099504431914,0.405960557118678,4
58,0.411394947441295,0.614657908910885,0.593661054968834,0
700,0.696473265897948,0.182740071672015,0.326426519732922,2
730,0.693941063631792,0.638792332611047,-0.0146661482751369,2
944,0.642578505361453,0.521415758063085,0.429698418080807,3
767,0.701079904853832,0.455531082698144,0.14872905886732,2
496,0.668107743447181,0.450848341919482,0.149763343576342,1
191,0.331351138884202,0.638302196748555,0.119219116633758,0
669,0.700350438831374,0.339473631000146,0.281149762636051,2
1461,0.551199018578437,0.491195906961833,0.414418575389295,6
1058,0.552676779059642,0.506627304434506,0.412174614706423,4
729,0.697550788908266,0.248930424102582,0.256242606858723,2
1286,0.549071942476044,0.543620333827764,0.413397132560706,5
1017,0.557341355278836,0.507429638134926,0.412846579856502,4
682,0.699000356127508,0.193868434987962,0.295621223933995,2
1475,0.557232370376081,0.480073921264145,0.422269618956557,6
16,0.448633916210383,0.499817177886143,0.406797863310203,0
760,0.69923000558978,0.503650343976915,0.408332783798687,2
1184,0.550798855748326,0.513130868425255,0.412142600184773,4
1138,0.54813178590171,0.519371823627859,0.414245959519004,4
186,0.843517556088045,0.767907528206706,0.152394123608246,0
1190,0.553271771957505,0.51435150093356,0.41086764682283,4
1389,0.548429381387202,0.547068533851156,0.403916059573398,5
710,0.698462276272476,0.593600977677852,0.182350801839493,2
957,0.635907126429956,0.607003452605568,0.0187637474853546,3
256,0.422790669836104,0.104613886447623,0.877877381397411,0
849,0.64201004015049,0.616960543906316,-0.0141003384953365,3
516,0.664399017470423,0.610957694007084,0.289892737707123,1
1032,0.547041936380034,0.505783863763938,0.413998514623967,4
551,0.664351360874716,0.398096870980226,0.256448278506286,1
726,0.696250281140674,0.371765742776915,0.04127870448865,2
893,0.642167156245559,0.383613546728157,0.471724207466468,3
280,0.42789879697375,0.871728862635791,0.870670603122562,0
265,0.933015237562358,0.344748836709186,0.829234290402383,0
688,0.693638047787827,0.439645166508853,0.443170911818743,2
159,0.886092455592006,0.261025548446923,0.254992743255571,0
1459,0.537297282687402,0.481522462245777,0.416869227748569,6
1038,0.544329362954162,0.522947382374036,0.423166436080785,4
1480,0.550261656657902,0.478751133388619,0.412368165920849,6
993,0.634994609358255,0.588292730855756,0.0817453497555107,3
111,0.501592981629074,0.415836300933734,0.401869184803218,0
1177,0.557213986550732,0.511269000503946,0.411600159100518,4
869,0.634979782411829,0.469878527102992,0.135302790976129,3
60,0.903529745992273,0.518717609113082,0.0274367409292608,0
1484,0.55711526222752,0.486143146021303,0.415331952197181,6
358,0.772321603726596,0.0527585910167545,0.788601270643994,0
301,0.597824369091541,0.645092839142308,0.656214099843055,0
617,0.702142036613077,0.644929929287173,0.419657074450515,2
511,0.671471340276767,0.471832605195232,0.0914964820956811,1
908,0.637001642698888,0.637802950455807,0.183668154710904,3
1000,0.636530792647973,0.272570342291147,0.344086722307839,3
94,0.706104796612635,0.973433951614425,0.0268473653122783,0
1084,0.552585635446271,0.512130054141356,0.413302005335565,4
1276,0.551686864230412,0.536848609653241,0.410224057852077,5
1495,0.554204807992805,0.489590460956387,0.414812840953902,6
1374,0.550521657301636,0.545373190358362,0.415240489078631,5
1584,0.556822141899938,0.49135437282043,0.403138613350406,6
1301,0.547147821584094,0.549153023087514,0.411527213994565,5
1109,0.550258759185105,0.517664908684215,0.410821397011601,4
769,0.69765024880413,0.555759743903764,0.107101770187728,2
470,0.668229731174652,0.500560121145099,0.268106306274422,1
224,0.0668787225149572,0.210005627013743,0.818214829312637,0
1548,0.549712291826935,0.48753383038634,0.414826129402493,6
825,0.635241222500335,0.652460993733257,0.350013689789921,3
82,0.196652301354334,0.877511087106541,0.611824553227052,0
864,0.638606552300043,0.25076954276301,0.403535123518668,3
1064,0.55100459887609,0.514138466425557,0.424121577016594,4
86,0.722374490229413,0.781510965665802,0.62747668242082,0
464,0.670188260606956,0.587284246692434,0.353645278094336,1
240,0.959841260220855,0.497002653311938,0.872914148261771,0
950,0.63798615135951,0.639390995842405,0.00187350118067117,3
447,0.667802261603065,0.629065196495503,0.344557708082721,1
277,0.85237341793254,0.69553774734959,0.711920063244179,0
513,0.668139413038734,0.639588034246117,0.400153392995708,1
983,0.642195096213836,0.406628765864298,0.299426057445817,3
132,0.68894064729102,0.634237657533959,0.140027638757601,0
34,0.0129355753306299,0.718126589199528,0.165913563920185,0
945,0.634930552083533,0.534076696378179,0.00600941963493826,3
1140,0.54592124606178,0.511358083724768,0.407299940081808,4
1207,0.55216472186483,0.536797189997471,0.415723953680384,5
1131,0.552107461300394,0.51736558055796,0.417384119716045,4
405,0.673099438855425,0.555649934103712,0.305338538903743,1
1233,0.544829544605049,0.539237698942368,0.419825760210056,5
650,0.694924049419351,0.196205557207577,0.0320456720190123,2
1570,0.554652467694536,0.481129618058136,0.407098835510238,6
1466,0.547086249041557,0.483880351943137,0.412458689266513,6
1094,0.56328422715495,0.51704054142421,0.410273378601843,4
1599,0.55116057655171,0.476376521030609,0.400916265081728,6
489,0.666612106647808,0.633108010166325,0.166539457230829,1
165,0.0475900960154831,0.453113237861544,0.67891526594758,0
1066,0.556169927785851,0.517848188517681,0.410563460944715,4
309,0.338729731971398,0.475744017865509,0.742098098620772,0
369,0.906354082049802,0.723618805874139,0.554066057316959,0
552,0.668615227602422,0.316175401210785,0.183413810981438,1
21,0.673439707839862,0.716122787445784,0.710340047022328,0
499,0.669441010707524,0.26524500513915,0.262998154340312,1
1399,0.551021479690388,0.54329151167956,0.41255156876926,5
1029,0.551647505836135,0.507796915622023,0.418082237228239,4
718,0.700701636513695,0.244657105999067,0.310738767567091,2
1186,0.556453694791895,0.506481136336351,0.419621573426065,4
1558,0.549353607939148,0.484939265202002,0.408717007505522,6
624,0.694132559965365,0.488104737130925,0.259599991794676,2
1530,0.553630517360089,0.483987792182114,0.414689919913958,6
1113,0.544308618656108,0.517100507655143,0.411381681194113,4
205,0.139568910934031,0.97332180198282,0.280399891082197,0
366,0.162577434675768,0.72787757916376,0.090962331276387,0
318,0.0124762309715152,0.017612918978557,0.986670827725902,0
392,0.926203617826104,0.954547736793756,0.113368672551587,0
994,0.634162546161096,0.241115489974618,0.104648660006933,3
1384,0.546428619014342,0.548333662936581,0.406906274261915,5
660,0.701784724094905,0.553345819818787,0.431774803274311,2
754,0.69967318947427,0.363485810463317,0.391500732931308,2
1152,0.562355080974304,0.516323773969327,0.414293638810836,4
1224,0.546492981951785,0.542504891556858,0.410018532363104,5
1193,0.552132454366546,0.507717686232542,0.423917589720589,4
246,0.00475748744793236,0.531272393884137,0.122050596633926,0
422,0.669915819996968,0.446287904051133,0.383313484210521,1
714,0.700021585274953,0.418131350423209,0.401261114701629,2
1229,0.559880389049235,0.549221657722465,0.415582131667399,5
315,0.3867890634574,0.844028191408142,0.95320622692816,0
927,0.641109121318441,0.279411730356515,0.300077730510384,3
563,0.671611428579781,0.341454995446838,-0.0150117157492786,1
581,0.668719495660625,0.1841703717364,0.45025072125718,1
215,0.62093868968077,0.910678406478837,0.911011830205098,0
801,0.638491671339143,0.290519504342228,0.0850800940068439,3
1169,0.549333105641063,0.511345227025274,0.421029539793679,4
1214,0.557111267822605,0.536754355871224,0.415378400661947,5
1095,0.548857064324648,0.51988659586678,0.407307455056047,4
771,0.696807238217443,0.658400881453417,-0.0130026065045968,2
351,0.595509618753567,0.958321304293349,0.993264600401744,0
1403,0.547626638300797,0.488646224459871,0.40711814058818,6
792,0.701690847610589,0.342217090190388,0.469200503733009,2
230,0.544216349488124,0.347390512004495,0.712429785402492,0
342,0.499096184736118,0.25470025697723,0.661551636643708,0
308,0.996438954723999,0.843552976148203,0.270792691968381,0
210,0.299862814834341,0.46498673572205,0.5687167996075,0
800,0.694697186157573,0.388272685115226,0.194102486199699,2
1513,0.548254386285684,0.482885335293286,0.404961081776938,6
1390,0.542420520167249,0.53427020463719,0.412410202839864,5
1436,0.553588979285493,0.484152634081435,0.426101924282742,6
1356,0.556226480753444,0.549545744173676,0.415938621017095,5
458,0.672066173984204,0.535924779600464,0.311510263895616,1
1299,0.544242551811161,0.535614146335064,0.412415012791854,5
1256,0.553336819640812,0.534665922845991,0.411818363316458,5
611,0.698152974122204,0.450163512956351,0.0415392056573183,2
1563,0.540984888493997,0.480408519708552,0.408008189090215,6
1361,0.554753608253264,0.542921624298306,0.417510547596267,5
1540,0.549892693052497,0.490716646606332,0.406275382144104,6
477,0.670496298556682,0.206318325246684,0.446441590739414,1
53,0.821121027925983,0.908404207089916,0.218046905705705,0
500,0.666439430280589,0.221080978051759,0.110771518037654,1
1331,0.552652959814989,0.547297293228096,0.421283288669904,5
856,0.642323446692899,0.489849913748913,0.18722134695854,3
974,0.636802857231814,0.492054065922275,0.434462800109759,3
282,0.106692580040544,0.427138272440061,0.0140208050142974,0
528,0.671703802053817,0.217676347820088,0.114255701028742,1
701,0.69884235459147,0.502987299114466,0.126282360358164,2
121,0.0181921285111457,0.843147082254291,0.0548997994046658,0
202,0.0974241509102285,0.43725615250878,0.840667613316327,0
651,0.698068018762861,0.206553671974689,0.191477210097946,2
231,0.738665006356314,0.398131652968004,0.679142649052665,0
680,0.697071196450852,0.243319002678618,0.262072786991485,2
241,0.684448103653267,0.906969465781003,0.588394553866237,0
140,0.770081908907741,0.0123472835402936,0.976969853276387,0
29,0.0932836607098579,0.29472815617919,0.0806698042433709,0
639,0.702420896049589,0.543318406213075,0.440466326498427,2
752,0.702547899356578,0.57634490088094,0.0116045602597296,2
1550,0.545687614022892,0.475975870508494,0.416396026851877,6
267,0.141179784666747,0.420192678691819,0.427675570361316,0
815,0.638996205371804,0.61896896280814,0.311194347636774,3
344,0.579590496607125,0.0398013785015792,0.618393672863021,0
1330,0.550987931101729,0.534094639702376,0.416917980174128,5
1076,0.550750169766923,0.518584526779447,0.40939515581276,4
1020,0.553647670673475,0.510121567777353,0.408929528826329,4
89,0.225485214963555,0.410035894950852,0.343251900281757,0
1041,0.549402779363298,0.523000419219852,0.405036210398577,4
367,0.706337516196072,0.314461317146197,0.477144262986258,0
1367,0.554957128514726,0.540724801873094,0.408494914563693,5
152,0.661366671090946,0.443480968242511,0.358358334749937,0
736,0.695231540852692,0.586332820123062,0.302954568946734,2
66,0.313259932678193,0.702680424088612,0.554512438829988,0
942,0.635405337838456,0.205720313242637,0.0148021459579468,3
365,0.0629541468806565,0.520530026871711,0.379173154709861,0
492,0.673499607380945,0.219408519682474,0.0318354919552803,1
1430,0.544803808225505,0.483231846091714,0.413887723247748,6
238,0.952790297800675,0.410179559141397,0.228014186490327,0
646,0.702814669997897,0.54769765981473,0.383647347521037,2
1387,0.550068074521635,0.547779078073176,0.420597424791602,5
1241,0.547375378347239,0.553533911655265,0.417769090774539,5
1039,0.543568032685081,0.50841256639541,0.414914068979849,4
83,0.376115815714002,0.136472295504063,0.199999888893217,0
1165,0.550535318474446,0.527808794987655,0.409950940785999,4
863,0.636012918970082,0.191922205965966,0.402916406001896,3
266,0.818163034273311,0.643645368749276,0.447841338347644,0
1037,0.541594739905285,0.509044746787544,0.414359936230074,4
1575,0.549356245329358,0.489711237968503,0.412540744622549,6
1102,0.543377800955423,0.516559333662881,0.417409279115013,4
341,0.763834227342159,0.0520355214830488,0.768173972610384,0
1312,0.543947103940046,0.532077191424196,0.413085117774209,5
615,0.703421782951336,0.257863225531764,0.238817238551565,2
31,0.384707292309031,0.78099071374163,0.620038494234905,0
457,0.671778138894588,0.375865526031703,0.314734356896952,1
150,0.198232413036749,0.25506968353875,0.896793854655698,0
403,0.666824326117057,0.589829121017829,0.324828703375533,1
429,0.667257919705007,0.394526510848664,0.0542936682002619,1
297,0.010133349802345,0.364567084237933,0.477306538028643,0
274,0.558608823688701,0.102312344359234,0.990235613426194,0
1420,0.545954815857977,0.477204460277718,0.408853087853022,6
671,0.697429815479554,0.55359186406713,0.386301750619896,2
1019,0.553998951886263,0.518602112646449,0.417955121503845,4
1410,0.551530914481185,0.475349446044539,0.407118497053073,6
848,0.638088979125023,0.435804629931226,0.0757926579797641,3
632,0.696934484869707,0.639361966401339,0.398161711124703,2
467,0.66889053797815,0.646943215862848,0.0737618469400332,1
11,0.568164620315656,0.638127574464306,0.729843152686954,0
35,0.272405207389966,0.000995504437014461,0.789094062987715,0
1483,0.54902882520827,0.476485589559696,0.405781883381315,6
261,0.713029978331178,0.108361299149692,0.921563633484766,0
1108,0.556317079296218,0.511524205883794,0.41087837061781,4
1590,0.538917468160666,0.477685344795456,0.416228364822787,6
1142,0.554007751013686,0.512581586700651,0.412733333377709,4
661,0.702545049500186,0.367866895510815,0.10992734793108,2
23,0.207411735551432,0.532142399577424,0.457216171082109,0
1491,0.551980571094146,0.479298788412479,0.407016115235676,6
1552,0.546699667082218,0.484742886435036,0.409089873865646,6
501,0.665351985797752,0.27758197998628,0.401282435003668,1
281,0.880684212082997,0.220928217284381,0.340777674457058,0
85,0.955683259293437,0.715850657550618,0.203446597326547,0
912,0.641797013576142,0.428080424200743,0.189300103881396,3
461,0.670113387550227,0.236852173344232,0.32495958795771,1
1013,0.54802150494925,0.503865233688017,0.414674536062364,4
33,0.0532603736501187,0.186484448844567,0.913158532232046,0
1195,0.551238013502721,0.506596451501549,0.417082628139275,4
1244,0.553126050680853,0.550022391195409,0.413052820023553,5
780,0.701507407838944,0.268734612502158,0.295176537195221,2
1424,0.554375791539761,0.477212982121662,0.415727360564541,6
1263,0.555279355825059,0.543881289630496,0.418542013660145,5
917,0.634610328569543,0.554484484018758,0.269492524396628,3
1144,0.548573836239811,0.51156934583001,0.422512256473247,4
894,0.633869631551206,0.311390667338856,0.439595870277844,3
213,0.515814132289961,0.294464553473517,0.621831515571102,0
757,0.701702244633343,0.264180363854393,-0.0128906437195837,2
331,0.894160272553563,0.63475498999469,0.786869900068268,0
363,0.94118821574375,0.388044362654909,0.623390848515555,0
1326,0.549962252792464,0.538951672881842,0.411834281427233,5
168,0.0574063642416149,0.052695810329169,0.324036279460415,0
225,0.542660819832236,0.315903243375942,0.657012126408517,0
1254,0.550166346883578,0.54774645778568,0.407657138015849,5
187,0.874750935239717,0.347568490309641,0.282577652251348,0
1247,0.546068188106326,0.547634365065389,0.419557492077567,5
472,0.673495492520742,0.46696952288039,0.0806739117950201,1
1067,0.549326617711235,0.515371731628871,0.403987776655986,4
1259,0.552441123430558,0.54799639030694,0.41110348089138,5
184,0.355243780650198,0.546171572292224,0.393406215589494,0
273,0.891003483906388,0.243619289482012,0.0890363357029855,0
765,0.694563315762207,0.249957749969326,0.454574166750535,2
630,0.699668048890308,0.50114234443754,0.286530858906917,2
1043,0.550008330451397,0.513168358765262,0.408810405089993,4
1125,0.556675592146636,0.518493535558633,0.425574130597463,4
810,0.639103928329423,0.243488626438193,0.217471719672903,3
1482,0.55166253044511,0.481176812755888,0.418999228795206,6
1154,0.544961346676664,0.50846740232,0.40870921349909,4
1422,0.548165424437429,0.480506250569869,0.418639504985128,6
634,0.69726996071171,0.646014111698605,0.24719750713557,2
49,0.0238218458835036,0.809290695469826,0.209787004394457,0
1468,0.547817155201361,0.486099898129996,0.407847099222077,6
1080,0.55007732279641,0.52034260744487,0.415884982163386,4
816,0.638262420443352,0.267922719591297,0.416204353631474,3
1352,0.551304661148536,0.538889450873219,0.408139356930039,5
604,0.698924992461689,0.524824416730553,0.139578865561634,2
1524,0.54152494626359,0.485748020560193,0.424947838673461,6
529,0.672127148460131,0.49426818266511,0.0740458050975576,1
1007,0.547354900055444,0.527090647850125,0.410566959447416,4
1132,0.546114320250405,0.523619703490498,0.420125214349321,4
577,0.670179506912827,0.220564143033698,0.458745361724868,1
932,0.634425311167724,0.314204012858681,0.119936633808538,3
234,0.314047005027533,0.73515344876796,0.352453465107828,0
1363,0.54173997542981,0.543150842767967,0.40526371524629,5
542,0.672663430599496,0.280790109769441,0.0362455633701757,1
222,0.0146642455365509,0.991613290505484,0.167525358730927,0
1296,0.550987391936526,0.54369787612199,0.404340703525178,5
1295,0.554424087388038,0.543507025564875,0.414436290817192,5
1287,0.544494874388833,0.5458494894422,0.407323366896836,5
802,0.637126827642787,0.20447041769512,0.320452694967389,3
724,0.696661290407646,0.354572350508533,0.0792110334848985,2
566,0.671319224676117,0.181095972307958,0.332640582416207,1
454,0.663694763162639,0.312692314619198,0.421529209776782,1
662,0.701205908558331,0.253801088314503,0.22207465309184,2
98,0.995240372605622,0.826468544313684,0.0850758973974735,0
1223,0.552001160201642,0.540784729486932,0.405577775759563,5
370,0.657878743950278,0.167076541343704,0.320683004101738,0
55,0.632715370273218,0.0476789553649724,0.58728155400604,0
1082,0.552781964542088,0.508150824607664,0.409290900329499,4
1350,0.557197168705299,0.54272105458108,0.409839603788128,5
1209,0.54561825713673,0.54549779761831,0.417107964856224,5
1316,0.550360379472153,0.544468341976733,0.408137100904012,5
317,0.479905247921124,0.428036361001432,0.0259592381771654,0
209,0.191874956712127,0.612911164294928,0.97233113553375,0
1002,0.544837495871028,0.507091262227175,0.410130633645635,4
1593,0.555810509532636,0.475380716109613,0.410909157198489,6
136,0.694388032890856,0.444055947940797,0.16458792379126,2
100,0.0352782702539116,0.227707648649812,0.638756972039118,0
253,0.246729020494968,0.734889016021043,0.750215988373384,0
340,0.757161201210693,0.0420777385588735,0.793279287172481,0
1248,0.542175356951854,0.549515697582489,0.408908414716486,5
1202,0.541349658305597,0.539725280912796,0.407545184437138,5
36,0.810943217249587,0.700096819316968,0.791939550777897,0
549,0.667515900274739,0.582417027908377,0.195493787364103,1
1183,0.553183284366431,0.506184210047715,0.407568083550547,4
567,0.669182435572147,0.473344371654093,0.361361896223389,1
1547,0.552291225164443,0.485283230568089,0.407413616700528,6
557,0.66563642785186,0.320114260539412,0.0779297535307706,1
1231,0.564253630433127,0.541218859055036,0.408121891761689,5
1504,0.552846100664323,0.47721993884229,0.409839771442765,6
1250,0.549477600383643,0.536384873730645,0.410962109419673,5
1345,0.558919385920856,0.538007252237139,0.409576448360007,5
970,0.639781603598967,0.241977674420923,0.418318090564571,3
484,0.672350961118937,0.628016354399733,0.212114844541065,1
1409,0.547678935616657,0.482830771595008,0.40750356006222,6
629,0.700540743148886,0.292176700895652,0.387313500815071,2
605,0.699009358615149,0.485469653271139,0.248606830672361,2
748,0.695266295210458,0.594241730403155,0.283085161307827,2
102,0.374804834602401,0.268018890637904,0.29802765022032,0
558,0.666577046457678,0.582464215811342,0.00559344044886531,1
925,0.638791704103351,0.52644575398881,0.145191468251869,3
734,0.702309834060725,0.176282476168126,0.0309078646358103,2
384,0.443653923692182,0.0892543327063322,0.62699735397473,0
1477,0.547767255297068,0.492693847617321,0.403823318321831,6
1533,0.550330523872339,0.482205346661418,0.410757662348274,6
871,0.637278195738327,0.201363223837689,0.0819582665106282,3
704,0.702790302678477,0.308832781622186,0.208553268760443,2
1419,0.558979860057208,0.477112520323943,0.41595541097724,6
333,0.669265637174249,0.499840629054233,0.550180148566142,0
657,0.700015975630377,0.549411562271416,0.0926728446036577,2
933,0.640901330097113,0.357451314572245,0.31371874648612,3
889,0.643204054725356,0.466514395782724,0.148162436275743,3
695,0.696304790189024,0.307714021299034,0.193698824918829,2
625,0.695361709806603,0.181885360856541,0.19496542525012,2
388,0.791166704380885,0.204539667582139,0.309774727094918,0
883,0.637292101080529,0.249255950679071,0.433220948278904,3
860,0.63727581160143,0.53194196394179,0.236335289850831,3
779,0.69824273473816,0.620527138700709,0.127475724043325,2
1404,0.558629456972776,0.482939779641891,0.411051716609777,6
394,0.0427457969635725,0.187663228716701,0.451051492709666,0
1476,0.550813052473149,0.482667246082578,0.407045976401719,6
963,0.643103376389481,0.6109461535234,0.246983918431215,3
832,0.641076958165504,0.499577462207526,0.164646809990518,3
1217,0.543746951853803,0.541633785531971,0.4035653809422,5
1462,0.552863875806626,0.490092379144873,0.409754731399595,6
1465,0.554026319249756,0.485658104741568,0.411712676675048,6
190,0.193544248817489,0.197669613175094,0.863407185534015,0
1156,0.55384584072624,0.514882669574082,0.409718545732755,4
1538,0.540870581557403,0.474104474056808,0.397960921443994,6
531,0.67193793918239,0.516401279135607,0.0848352468572557,1
512,0.671695357428398,0.231917206663638,0.180262450431474,1
1589,0.548576019714607,0.488611839134752,0.411326203383473,6
1225,0.560274052368371,0.548729072090403,0.412841087210776,5
1582,0.54540354189629,0.483500071186462,0.416279045321476,6
573,0.665548155982979,0.44904650922399,0.231760187027976,1
1372,0.545513159548334,0.537132833435576,0.421454243133977,5
507,0.66732483772561,0.390674955095164,0.261855339119211,1
1014,0.543346414140806,0.524215297500884,0.401006040288493,4
850,0.635396218383685,0.428493413492106,0.0332546679535881,3
1273,0.550305563491912,0.545895181898389,0.415138879108042,5
681,0.699920689798892,0.18536301003769,0.35270965246018,2
30,0.0924373001325876,0.762455889955163,0.613652888452634,0
1294,0.549637524739914,0.536740466783285,0.415187623959271,5
204,0.737993323244154,0.966654646676034,0.800433161668479,0
1423,0.556462461702258,0.486467929627516,0.409763562816327,6
1309,0.555965393365129,0.545142299836978,0.416168033281677,5
861,0.63456539502833,0.214196057757363,0.329368439107202,3
1327,0.545620142661506,0.540551901635349,0.412438092748309,5
1429,0.551674332262476,0.482150417276328,0.413566535087778,6
1539,0.550409153271411,0.479386865218244,0.414021054969951,6
544,0.670278220209293,0.409374650684185,0.353408300387673,1
1396,0.555881567716155,0.533261968445364,0.417999776749801,5
214,0.795538428006694,0.448978093219921,0.600717206019908,0
1025,0.555049218120307,0.512537947619198,0.407769534248905,4
837,0.642192134931683,0.193663853686303,0.383801456843503,3
1065,0.550835229015683,0.512200456084083,0.414420968171044,4
1578,0.554406091766145,0.492006705486968,0.407720427308602,6
1452,0.552525279936305,0.484306697640422,0.407209006778133,6
1346,0.550263201917963,0.544254168347618,0.418019218307862,5
145,0.423746963497251,0.203934281598777,0.683787342393771,0
1567,0.557211912294522,0.482379910556747,0.418557415571769,6
47,0.619420588482171,0.490708793513477,0.0667471652850509,0
236,0.618408117908984,0.925443195505068,0.952933215070516,0
1406,0.553344556737359,0.486619933534907,0.408272652024397,6
395,0.598640474490821,0.23555925115943,0.668168341973796,0
278,0.0535966355819255,0.33558324445039,0.382978743640706,0
196,0.479361408855766,0.253964212024584,0.89233382162638,0
162,0.654987627640367,0.249638972338289,0.536650238791481,0
1096,0.541853412244188,0.518580651938044,0.408258527311999,4
628,0.694915171423927,0.2389254324371,0.127757763792761,2
1515,0.548262542322914,0.482002687588752,0.410601992416379,6
88,0.0798490317538381,0.34308771463111,0.479388216743246,0
684,0.696244741419796,0.512754207942635,0.360676276218146,2
758,0.70077983058989,0.359402709524147,0.366318286233582,2
795,0.695959658990614,0.283836243674159,0.128868814045563,2
1150,0.553707095835309,0.507311385925315,0.40957274367158,4
720,0.696130526657216,0.381780028459616,0.187415725155734,2
1534,0.546809365145396,0.487914474840686,0.412369567270419,6
1315,0.544888619926424,0.538475640886084,0.41110118255145,5
420,0.668037982883397,0.381579443230294,0.0728659766726196,1
264,0.228618247667328,0.265228525735438,0.51316111208871,0
706,0.694286933494732,0.504827306605875,0.37265605579596,2
423,0.666147356564179,0.175666580558755,0.390249908040278,1
1426,0.554311900939909,0.482330412681788,0.407573794506759,6
450,0.665224029503297,0.310094235464931,0.0364346159156412,1
1551,0.55322476374835,0.48313757467203,0.404671194671235,6
580,0.672833618998993,0.414621004718356,0.348034841776826,1
785,0.694734406198841,0.304805063409731,0.16566189979203,2
426,0.664907047164161,0.42325593798887,0.272577387117781,1
823,0.634504934500437,0.427218101802282,0.239086868311279,3
594,0.669942717542872,0.284365153755061,0.303504204330966,1
1228,0.551167338265751,0.539249728039447,0.400493147592064,5
619,0.702897962229326,0.266388607094996,0.308768971310929,2
399,0.777833594940603,0.90159440995194,0.542057593353093,0
1370,0.544081078991638,0.553468824739007,0.407976106490368,5
20,0.365419642766938,0.326512975385413,0.73464113404043,0
237,0.769624557113275,0.0312628112733364,0.263987432699651,0
1446,0.544531490809764,0.497952949903866,0.407536213816404,6
1035,0.552330432634516,0.511749847368353,0.413459104722723,4
846,0.643511342611164,0.482054166961461,0.381930689746514,3
380,0.454132249113172,0.0328277193475515,0.981902138097212,0
359,0.966047213645652,0.799653463996947,0.467206811998039,0
298,0.295927051454782,0.961256802082062,0.284562910906971,0
1460,0.55813903575648,0.484144387529547,0.420020797749533,6
1119,0.559252307027126,0.51902545614272,0.411081073474056,4
1470,0.54604072778331,0.481974266986633,0.415107651911574,6
327,0.657495056511834,0.261407357174903,0.747239121701568,0
1499,0.54478340467707,0.484632314403709,0.409482333151631,6
829,0.638680796995759,0.200661209411919,0.284871055232361,3
776,0.697479540116619,0.613978868350387,0.1961633190047,2
90,0.832513089058921,0.69479147484526,0.919808429200202,0
1106,0.54735066860781,0.513166196499495,0.412952397498418,4
1428,0.548315033936564,0.488461070339428,0.399346785545114,6
1432,0.545450233460638,0.488549214736945,0.40612372257736,6
445,0.664235449358821,0.544257586123422,0.20576656407211,1
1158,0.555317849606049,0.515067330679543,0.405915474642559,4
526,0.66947624302702,0.351441789767705,0.131814660341479,1
626,0.701036074392032,0.374659831635654,0.134022424649447,2
1457,0.545607472155458,0.487268069033416,0.40261355844655,6
1565,0.55106442814917,0.489386507206374,0.408901015197906,6
440,0.667042532351334,0.180211879312992,0.439459668891504,1
1358,0.547087476818475,0.546642613140561,0.405371891750679,5
1454,0.551087445221597,0.486157443153023,0.422592448870651,6
1305,0.550349075432064,0.54924275547635,0.413668154879032,5
1279,0.550684079988445,0.536235906658713,0.41340668151233,5
361,0.855390942655504,0.107708768453449,0.644313443219289,0
735,0.696400389173068,0.39222804910969,0.414529571146704,2
95,0.23648895858787,0.932450881693512,0.64777858229354,0
1049,0.555619700863481,0.5170336899295,0.408057460149629,4
568,0.672640661282931,0.424241716973484,0.169995478540659,1
228,0.832703932886943,0.847659040475264,0.14948795014061,0
1450,0.553954602601214,0.483273496537184,0.406847461762056,6
1114,0.560349103941056,0.51584298405839,0.416103499285488,4
1579,0.537344292515469,0.484631541050599,0.411398061846563,6
946,0.634252840874251,0.465788449160755,0.214797145058401,3
1497,0.546612530518787,0.484103847502898,0.422100316121504,6
1201,0.551507151252252,0.545203293807501,0.414239257731663,5
260,0.117188174044713,0.430491264211014,0.00473380810581148,0
692,0.697802240182646,0.24256621976383,0.354070941987447,2
1353,0.558052607338005,0.537777086533376,0.411125502309816,5
1146,0.545317581684957,0.518078184962606,0.411301035338052,4
487,0.664307297244668,0.611862971447408,0.325424479157664,1
1583,0.548381612332607,0.493898751685799,0.409567204641318,6
1324,0.543873358176581,0.543081207488602,0.409930002277987,5
322,0.474469249136746,0.144161100266501,0.197177686961368,0
1062,0.553116873046101,0.509880530900769,0.412015385044991,4
817,0.641198374263477,0.208450026810169,0.268604276189581,3
1343,0.554422394338232,0.537458363507731,0.421558015067305,5
1600,0.554404986481722,0.480874391565977,0.418120708589751,6
961,0.638186549947131,0.53670459438581,0.389973872876726,3
1369,0.559592891517269,0.541843717373212,0.414843046010649,5
125,0.382638588082045,0.537929809652269,0.4906345019117,0
1325,0.554355828340195,0.540925625160051,0.416760272063929,5
1481,0.55071249278988,0.474286444459945,0.409591712891924,6
9,0.593848099699244,0.909093407448381,0.637932479381561,0
555,0.665841547565069,0.534094928065315,0.196587323164567,1
131,0.651245218701661,0.463712757453322,0.130084318108857,0
182,0.374832998029888,0.500739944633096,0.681238936260343,0
940,0.638672710573301,0.657338713877834,0.202344243600965,3
1411,0.551039022028261,0.481196480531119,0.40562653406617,6
1573,0.551017946031374,0.484899270121984,0.4146648622525,6
890,0.637841340838932,0.518616882385686,0.324535634904169,3
1242,0.549907801273909,0.547789323310857,0.415235878186434,5
1543,0.55068607207348,0.487799127441238,0.418289001278416,6
1164,0.546183998101037,0.511383603926398,0.415223992560035,4
1541,0.549770632112371,0.483761732713155,0.419540481823796,6
1027,0.550058159435079,0.51503559945667,0.414205764542182,4
643,0.700165448826738,0.263672030298039,0.0307684813858941,2
1048,0.540129337087033,0.522422030694813,0.417174326374174,4
170,0.0282207592390478,0.678018369944766,0.799998242873698,0
1232,0.547604656322413,0.540780017133367,0.407254133176989,5
177,0.830700762104243,0.0596144900191575,0.217758918646723,0
888,0.637026980326045,0.349767167470418,-0.0195333735784516,3
851,0.63964454004541,0.592362482566386,0.441461791819893,3
233,0.644666269421577,0.0657019042409956,0.206855140626431,0
867,0.634304450922646,0.217431468190625,0.373913909029216,3
154,0.423750941641629,0.392086034407839,0.49490196746774,0
1237,0.558030243876213,0.549106593002786,0.407146135470625,5
1098,0.55757486069253,0.512625319982389,0.418289469353901,4
1322,0.552848749465843,0.53441408746389,0.409167801876434,5
18,0.0763793352525681,0.777213055174798,0.713946852600202,0
195,0.487172889057547,0.172246732981876,0.590945585863665,0
778,0.694220681146253,0.425423247856088,-0.00843891797121613,2
1036,0.554527361858402,0.509136698868205,0.406816432912106,4
435,0.666810118814465,0.598416788619943,0.10162299296353,1
1073,0.551558987801343,0.511778989020743,0.412006381930582,4
1418,0.54965102471639,0.488078594267248,0.406359797371131,6
990,0.638537543236744,0.383640480111353,0.0583266528090462,3
