605,0.617991358682048,0.746644888632,1.00350236184895,2
1564,0.719798701993606,0.553082489040226,0.583963719099462,6
792,0.618150818429422,0.48519631868694,0.939611936477013,2
1327,0.71248795033156,0.610950516224825,0.58197886958311,5
827,0.557225917812903,0.466863750340417,0.722361712506972,3
1243,0.718671583966584,0.597924917385439,0.569757510391744,5
934,0.556200057638343,0.57509461636655,0.813558803778142,3
186,0.162592801032588,0.282518825959414,0.267736430978402,0
702,0.618427426274866,0.928186244424433,0.955935142491944,2
1347,0.710669181822854,0.605148044184352,0.579081596358247,5
1511,0.725473226292863,0.542502742901109,0.575715969861632,6
60,0.0508768130093813,0.158690632786602,0.204474577913061,0
242,0.589665443170816,0.641953448532149,0.460265326080844,0
1189,0.723426252464645,0.572809958641077,0.576493302638491,4
1023,0.714438174251194,0.591632979767924,0.577968628219371,4
1214,0.711104383281097,0.608377581453378,0.580426445223938,5
713,0.622545951311477,0.603074204153381,0.665280545619316,2
1551,0.718828211222816,0.55757520715009,0.585049352421705,6
1295,0.708511051076309,0.606877153046702,0.577778465537043,5
1356,0.712627620219159,0.600848311862595,0.582352105594445,5
1521,0.722480761552283,0.556333326820513,0.574903650808647,6
1103,0.716589935078427,0.57780139552273,0.579172071942302,4
456,0.586290273722261,0.544761864794418,0.548746117064729,1
1119,0.719324177057192,0.584454327759316,0.574703336330636,4
1428,0.714084040276635,0.553326598291803,0.579519761020796,6
1222,0.713479681104415,0.603477455022411,0.577801085977085,5
621,0.618219933980145,0.685672857775353,0.746220063907094,2
200,0.479369935113937,0.0136977345682681,0.579312566900626,0
1186,0.711019317650602,0.570892880797448,0.579349961816562,4
179,0.00446401652880013,0.596053685527295,0.653432441642508,0
862,0.563183114882559,0.621536984783597,0.802590018394403,3
15,0.772138710366562,0.398369456175715,0.726851449813694,0
101,0.255366737488657,0.151824682718143,0.235707713058218,0
325,0.370361441280693,0.428964812075719,0.586485789623111,0
1468,0.715521740579304,0.545518958554986,0.577169992129783,6
916,0.56476623671595,0.905890308995731,0.896908929711208,3
1370,0.713441974969446,0.613187192617189,0.575203563868214,5
169,0.537131384015083,0.622701397398487,0.811774493660778,0
986,0.559615064088721,0.463594245701097,0.952495519560762,3
802,0.56067547964165,0.766210860200226,0.759282789798454,3
184,0.67953795264475,0.577002312988043,0.577690201811492,0
354,0.516878233524039,0.712773520266637,0.628603635123,0
981,0.55959728889633,0.711734645045363,0.88248538589105,3
742,0.617834212689195,0.631609118054621,0.810920139565133,2
787,0.620306440929417,0.729765076516196,0.625482128723525,2
221,0.820863381261006,0.942644256632775,0.392443494871259,0
557,0.589266158216633,0.586256524990313,0.732387629593723,1
1031,0.714144997801039,0.581496517050769,0.578202971240436,4
571,0.595233198250644,0.837133684172295,0.760990813397803,1
698,0.616111735398881,0.917431655316614,0.845927281561308,2
1492,0.712499065994095,0.543170492997845,0.57143529230368,6
927,0.56404269937193,0.606893306225538,0.631297854264267,3
64,0.210152328247204,0.687389010796323,0.929072426166385,0
668,0.620236179095227,0.529925368935801,0.565018345159479,2
468,0.594140981517267,0.769780738838017,0.639181564352475,1
1483,0.718285228254719,0.548363600442081,0.578138081617924,6
497,0.593035534804221,0.488339117704891,0.656300181779079,1
356,0.908932650694624,0.131808659760281,0.784699075855315,0
1574,0.710454349969815,0.552809856707278,0.584906437782038,6
738,0.616820968890097,0.46790114112664,0.591410832502879,2
1211,0.721155270997857,0.607187871341196,0.571729370905671,5
302,0.21829830785282,0.46279972512275,0.243364359950647,0
367,0.109470433788374,0.280062333447859,0.059492465108633,0
1068,0.712878029001218,0.574386501524108,0.569557520851691,4
1598,0.71978967606064,0.556248143753475,0.57578131209498,6
351,0.890156912850216,0.347508220234886,0.425151383504272,0
727,0.621020299645606,0.816564063751139,1.00866811713204,2
517,0.588140898989514,0.587255913275294,0.580758619029075,1
662,0.619865241618827,0.596611692779698,0.554805676359683,2
320,0.488666197052225,0.904582186602056,0.678958790143952,0
845,0.557019247605931,0.621845958731137,0.83551498237066,3
1233,0.712487829782579,0.600461284669821,0.579356388016334,5
1351,0.706291608090776,0.602346709372581,0.586385570563889,5
906,0.558782781371847,0.934755494212732,0.979198572831228,3
1185,0.708226138651551,0.57291220057513,0.580969216063534,4
295,0.0163754799868912,0.803567357826978,0.520906090270728,0
980,0.564111209393013,0.858780374377966,0.982665960118175,3
348,0.239790906431153,0.22695970046334,0.884089895291254,0
875,0.564486701830756,0.817733460082673,0.802806787565351,3
241,0.587894786847755,0.00295023736543953,0.834141181549057,0
1408,0.702874837061143,0.548682552471883,0.579039483594464,6
313,0.297565613174811,0.652947633992881,0.316082119941711,0
1182,0.714534655200981,0.577028129925666,0.575964360256011,4
754,0.619870376603212,0.772393149184063,0.748676596116275,2
272,0.42135332361795,0.642957653850317,0.961634125793353,0
1447,0.724591292726097,0.552322306665486,0.579535053480512,6
911,0.563200928869192,0.722921846876852,0.604135397844948,3
431,0.587253496563062,0.803664565063082,0.779193798219785,1
452,0.59546345572453,0.573386901151389,0.669589253282175,1
941,0.560143866236322,0.771888109715656,0.564990845066495,3
874,0.564931356662419,0.603923543798737,0.784213467407972,3
1079,0.712622230439888,0.582831040421808,0.579049292581962,4
1430,0.712314575373772,0.546354305321867,0.575970502269484,6
834,0.564518553721719,0.57703135276679,0.615905882697553,3
528,0.591375896418467,0.790017309808172,0.9116755731171,1
248,0.722493058536202,0.369128285208717,0.793024199549109,0
4,0.607565148500726,0.787123960442841,0.148742652963847,0
839,0.558121145076584,0.918698595231399,0.53172362074256,3
966,0.563188569028862,0.587816035584547,0.844186081225053,3
1593,0.717013467109337,0.540045088986116,0.57680717850843,6
76,0.671300314366817,0.507935274392366,0.0962447382044047,0
1423,0.713811168047814,0.544679643196645,0.579151087700514,6
680,0.61926536181476,0.563606786984019,1.00605554287322,2
1261,0.726780379134402,0.600950345536298,0.574236667600861,5
303,0.568659934680909,0.706809224328026,0.998906768392771,0
399,0.761689694831148,0.844151322729886,0.562532663578168,0
1240,0.707936330187063,0.607905982282236,0.584503647478434,5
1400,0.72861307678669,0.606891022675784,0.578811232620813,5
1297,0.719973571418353,0.60371457298378,0.584114174086067,5
1357,0.717445531956424,0.602563716049364,0.574280902704138,5
910,0.556901845673565,0.847579073254019,0.85004555855412,3
778,0.618023532442749,0.680555129167624,0.522103730146773,2
1204,0.720382598507776,0.601508405053218,0.57663004023692,5
581,0.591436407312285,0.825155092030764,0.717393913911656,1
88,0.569932762766257,0.32274491363205,0.00727352756075561,0
1500,0.716066842517319,0.552546633797656,0.579977434673013,6
1012,0.71566712688072,0.575876323229235,0.580173540480082,4
1434,0.712243725883075,0.553778849381961,0.57699221909175,6
1376,0.715504543452798,0.602769765946235,0.570937490974748,5
943,0.561741355257109,0.776761165447533,0.607763990899548,3
531,0.591421178975143,0.567682086466812,0.892837267159484,1
1075,0.715544104716383,0.57344526815915,0.577305451147091,4
311,0.743985200300813,0.580688038142398,0.773278239415959,0
1489,0.713547197420148,0.549369269790011,0.583719813051075,6
1184,0.722382381895827,0.577443580355352,0.576453606016657,4
267,0.473534860881045,0.241377230733633,0.450089448131621,0
1256,0.712049771013653,0.611062552409275,0.576950833625737,5
1369,0.707390095789011,0.606904374161218,0.577186236694193,5
1076,0.714517923079521,0.578043953126397,0.575089889667614,4
974,0.564476141673513,0.763565567648038,0.798713189573027,3
1284,0.711392518858738,0.607231070197288,0.570924371588414,5
705,0.622417124505155,0.765792041760869,0.680352424876765,2
53,0.435461880173534,0.502476854948327,0.551996300928295,0
677,0.616603930734564,0.603484664787538,0.563102010893636,2
592,0.594747329165693,0.608802430424839,0.761460075643845,1
391,0.433851795271039,0.999633008847013,0.907285485882312,0
210,0.0782815844286233,0.25249514891766,0.113483974942937,0
409,0.586947279125452,0.746724908798933,0.784347328613512,1
1440,0.713321201371772,0.555921409723168,0.57530330234575,6
55,0.888719723559916,0.324217169545591,0.683557277312502,0
384,0.781877164030448,0.64616587315686,0.749326559016481,0
623,0.616230140181724,0.614733821339905,0.676442449353635,2
1538,0.712557405998846,0.548159237033478,0.578546571778397,6
85,0.718515860149637,0.0761198906693608,0.343647676054388,0
424,0.59461989313364,0.500655796239153,0.665399788552895,1
80,0.589558004168794,0.315127617912367,0.901834099553525,0
1475,0.713498088518661,0.545518004587604,0.583102181004341,6
720,0.62436863467563,0.628293138090521,0.630462337308563,2
39,0.373227798379958,0.129952235147357,0.383090540301055,0
716,0.624217773217242,0.729715998726897,0.9579098287737,2
1071,0.716733305648956,0.572305417262639,0.579114767483078,4
925,0.563097124306951,0.724637192650698,0.517528916383162,3
154,0.164274015463889,0.0855909965466708,0.163940138649195,0
1424,0.713455439707733,0.542073994501596,0.581398831259395,6
1049,0.718713874647637,0.570335874566032,0.573300962889313,4
51,0.0741143499035388,0.310635550646111,0.314605308696628,0
364,0.607496031327173,0.554488194175065,0.464262255933136,0
1411,0.725893465022448,0.55085897433516,0.571741948273548,6
850,0.559117764483672,0.811480603856035,0.818321067630313,3
760,0.625236535121221,0.629717415641062,0.606105125998147,2
1187,0.710148087078412,0.581536022096272,0.58227623684711,4
907,0.559988905892242,0.518253301712684,0.88599098243285,3
1283,0.716562776457927,0.615452307478189,0.575901629113887,5
541,0.594044069044758,0.537428834568709,0.661790800536983,1
876,0.563887360484805,0.793893860746175,0.571175111248158,3
575,0.595263293816242,0.627732286672108,0.799603410088457,1
721,0.624862102493644,0.673776115616784,0.919325742777437,2
912,0.561012171541806,0.758058938873001,0.757927867141552,3
1472,0.713892927054753,0.548991207312461,0.563788949041067,6
1015,0.717446231445402,0.577788629273556,0.575676802517281,4
1292,0.717721376548683,0.609179219533669,0.573884007502772,5
120,0.577335490146652,0.160493930336088,0.615086015546694,0
1227,0.714292560153697,0.600992359989897,0.578551961652553,5
747,0.616593347482849,0.939101175381802,0.908940688613802,2
1359,0.71791903143179,0.610820824156534,0.574894563867565,5
519,0.587734452106524,0.800226580793969,0.860773355723359,1
14,0.304739102488384,0.668250611051917,0.213323929579929,0
550,0.586942206546664,0.613098149280995,0.736836261255667,1
259,0.524379127193242,0.233956717187539,0.203424522420391,0
183,0.0966670429334044,0.974678768776357,0.0333049010951072,0
968,0.564869152244646,0.787130274553783,0.525547812483274,3
761,0.617659802287817,0.46593813339714,0.813280424359255,2
357,0.119917567819357,0.902056547114626,0.392833275021985,0
1454,0.706799482511802,0.546217318383566,0.582881318343734,6
647,0.622514090072364,0.635675771371462,0.843622397421859,2
853,0.557372594338376,0.709387396206148,0.74337181521114,3
131,0.104636577423662,0.832326076924801,0.528801253996789,0
985,0.565631446377374,0.923066211491823,1.01310881613754,3
694,0.622822756038513,0.517894211201929,0.917681993008591,2
879,0.564164590158034,0.648618989484385,0.852612867509015,3
961,0.561241060278844,0.794540894892998,0.947677743760869,3
1238,0.717653777718179,0.607956154024771,0.579069542339501,5
878,0.562248124331236,0.722389607666992,0.903722124779597,3
971,0.562098780029919,0.577291720174253,0.538111523515545,3
506,0.586418377009686,0.782028207881376,0.524336495576426,1
617,0.621119905957021,0.681971608987078,0.998188202176243,2
1422,0.710301745664141,0.553853689761325,0.584395792519897,6
1064,0.715578143152139,0.577372318507954,0.588402865165081,4
417,0.588391208099201,0.500475356681273,0.89171196045354,1
722,0.622359786215238,0.753791808243841,0.675632047024556,2
1442,0.713069465432013,0.542504243512967,0.581368896508822,6
945,0.560599494420458,0.522672714176588,0.908939598500729,3
466,0.590089628689457,0.751156278513372,0.621726630628109,1
1467,0.716584749003585,0.5492997051115,0.573295194467428,6
1135,0.717846993248391,0.581898959730686,0.587344919488621,4
46,0.777924239635468,0.710412822896615,0.460094302892685,0
970,0.562494759005494,0.939124163798988,0.83040767700877,3
237,0.404175205156207,0.532294277567416,0.20748441433534,0
378,0.594782299362123,0.320613143499941,0.511294920463115,0
1385,0.710885140928396,0.608949698588568,0.577392073927624,5
796,0.61939448872814,0.84525716395583,0.903531128680334,2
614,0.623841792042367,0.589210103009828,0.872961927810684,2
766,0.623576443071943,0.494946504221298,0.659256877866574,2
334,0.442517835879698,0.479672518093139,0.940845722332597,0
1089,0.716430107746536,0.579277025389899,0.564989288018424,4
851,0.560013038318139,0.510721262055449,0.572294557606801,3
630,0.62283570044674,0.683699427382089,0.550472000055015,2
1514,0.716796212070563,0.537382702161527,0.579196434298749,6
591,0.590991413972806,0.747329123993404,0.545807365002111,1
584,0.592742777785752,0.481803251989186,0.689874897385016,1
576,0.587394057670608,0.920430901669897,0.772632670495659,1
905,0.560147743765265,0.854601100413129,0.737052190490067,3
818,0.557303748079576,0.713644259003922,0.809249986801297,3
626,0.620749096150976,0.566532534873113,0.792649079021067,2
61,0.84191585984081,0.586321250302717,0.204087824327871,0
6,0.863579048309475,0.258451569126919,0.346570377470925,0
1248,0.711778353507196,0.602247342247477,0.577924530443194,5
1527,0.709507599613844,0.543744647318425,0.572319413452358,6
569,0.591221099281684,0.620146876992658,0.995850210217759,1
1074,0.710223151832878,0.575388860029914,0.5801017814755,4
767,0.620461355603766,0.758918794663623,0.906984563125298,2
609,0.620279739187099,0.625767883006483,0.813126792572439,2
98,0.505615374073386,0.124694018391892,0.201043656794354,0
1117,0.719799099831403,0.575451218989264,0.583394900699025,4
363,0.156084787100554,0.35060106171295,0.815442285034806,0
89,0.519883224042132,0.617372524924576,0.465552524896339,0
509,0.595104156206362,0.816861092206091,0.686375890066847,1
613,0.618793960106559,0.74877595549915,0.916455515800044,2
445,0.590322420659941,0.9384972038446,0.521990649309009,1
1576,0.716332935068604,0.550083728157952,0.574379917807212,6
1054,0.712767758261659,0.568946325118985,0.581836153388364,4
81,0.194239813368767,0.240965258795768,0.912721682572737,0
1561,0.720160860730272,0.540024255173406,0.57659112722572,6
526,0.5932667752821,0.743083222163841,0.835180524294265,1
1155,0.718232340731223,0.576324928369553,0.574428650329593,4
297,0.488396133296192,0.841974178794771,0.672653687186539,0
111,0.146424835547805,0.78404068085365,0.867955888621509,0
642,0.619148364912253,0.735459045600146,0.542634908831678,2
1041,0.717841467787253,0.578097236576,0.579396196459298,4
332,0.9576127785258,0.555646735941991,0.751076681539416,0
779,0.623638315615244,0.837993149040267,0.818968977103941,2
86,0.148693728260696,0.379674080526456,0.763372922316194,0
795,0.619978629809339,0.588866068958305,0.644024294475094,2
753,0.618513471384067,0.716690729232505,0.710417561838403,2
987,0.560783190999646,0.768623185437173,0.970976398931816,3
646,0.625055465078913,0.523289443086833,0.59103930790443,2
1590,0.70740445169,0.552214394127926,0.581154053354349,6
430,0.587502890974283,0.826917080418207,0.648438690486364,1
1367,0.726362297695015,0.604095223498894,0.567754387784769,5
161,0.174467285862193,0.720712310867384,0.829461152432486,0
8,0.941262782318518,0.0338770165108144,0.797997220652178,0
1061,0.716492368919423,0.571692802043833,0.58453436977765,4
1055,0.713624905636699,0.575403036020425,0.580995121636461,4
824,0.559240117615554,0.726885655173101,0.761617906182073,3
276,0.417584306793287,0.659175858134404,0.714590254239738,0
1530,0.716038802441577,0.548021997882929,0.583189294265417,6
333,0.950189186725765,0.139024269767106,0.730997688369825,0
1375,0.716005294303021,0.605326817654732,0.570818211940977,5
54,0.254086179193109,0.718021221924573,0.510955346748233,0
1517,0.712126936448938,0.534495235995467,0.577647369101351,6
1018,0.715291729585253,0.5734629164732,0.570522574121277,4
1059,0.705279318576927,0.574997714286393,0.581857207116382,4
570,0.589578483640216,0.851396529329941,0.969630741770379,1
967,0.563577945972793,0.577158732549288,0.58158911743667,3
223,0.998744784621522,0.939485887996852,0.995399615494534,0
464,0.58929320973577,0.92509129839018,0.566943083098158,1
1543,0.711551551222658,0.543999013439157,0.585516125603569,6
596,0.593599442718551,0.602123420662247,0.749172020726837,1
1263,0.716346233880797,0.605475092119163,0.584721920430385,5
411,0.595080463893246,0.473309704428539,0.978542188205756,1
632,0.621891270419583,0.871657968126238,0.594040203513578,2
1463,0.714646349503316,0.542141819895035,0.576144393116841,6
413,0.58733291270677,0.758285106020048,0.5310573291732,1
253,0.942171971779317,0.047318902797997,0.590324517106637,0
1029,0.712479551874404,0.579627293869635,0.575556006876096,4
1052,0.709540428523719,0.573982128436818,0.580893798261276,4
1345,0.721602633698119,0.602327074009228,0.581069894069749,5
195,0.100223218090832,0.817905280739069,0.551299743587151,0
176,0.208544153021649,0.176145408535376,0.878138082334772,0
960,0.564414159988519,0.574138563568704,0.555341360531747,3
520,0.591215558389667,0.801234590448439,0.678298949170858,1
829,0.559854151736945,0.598243645601906,0.809895126055926,3
1188,0.711371909517489,0.573236297760909,0.58238664523105,4
270,0.767630332848057,0.371518629370257,0.907937293173745,0
1439,0.714214178900502,0.54420685999215,0.571199095214331,6
1320,0.714645244522996,0.606350990575713,0.572115301205301,5
109,0.999279184965417,0.732712847180665,0.975993610918522,0
803,0.561244382215664,0.641341163287871,0.981682014209218,3
1317,0.707945148379019,0.608637526694316,0.577251183164967,5
1535,0.710464076574572,0.541964322111147,0.584573322553192,6
1194,0.715460184055852,0.577223325263374,0.577792032783916,4
618,0.617613220142666,0.537437175493688,0.798332483763807,2
579,0.590985500828829,0.51093965661712,1.00587212203536,1
48,0.513575734570622,0.431427812669426,0.324510281439871,0
469,0.586220022221096,0.667986175371334,0.824638486746699,1
1148,0.7140969570052,0.571692444722667,0.587019458014815,4
892,0.564471629518084,0.466380023607053,0.658840561658144,3
1362,0.711065524944087,0.607550186820126,0.577035876610691,5
306,0.37772069661878,0.287612836109474,0.18859338061884,0
915,0.555911063326057,0.582840291759931,0.975662882812321,3
1294,0.712468581216207,0.604364147153975,0.581852092574051,5
1305,0.709008522514444,0.61260217111053,0.57533949844278,5
400,0.952422721544281,0.741430534049869,0.775396835524589,0
352,0.0119449438061565,0.901869028573856,0.935663337353617,0
1315,0.713659307799451,0.60870900368362,0.571430252171679,5
1413,0.711516381973804,0.53960401055152,0.577213873571224,6
105,0.562534800264984,0.910676875617355,0.775857027387246,3
104,0.055761048104614,0.442275267792866,0.196816373150796,0
1366,0.71739111901336,0.599766336734443,0.584129734963041,5
1402,0.712733528904982,0.549229476189307,0.578845845395759,6
583,0.588749905063305,0.924056269321591,0.609762842673808,1
1441,0.713584378515028,0.546997669916145,0.590846704145654,6
1019,0.705083311794443,0.58843398966747,0.58285896844582,4
1540,0.720817063048149,0.545883315851491,0.578240774939721,6
746,0.617793037653901,0.659475114638917,0.837769193365239,2
1529,0.708476896604565,0.553381761063608,0.568655733558726,6
1461,0.719372755019922,0.540417070290259,0.575679594655959,6
1415,0.715906530848392,0.558098717137738,0.566673167517723,6
1501,0.717871269021032,0.564417655037869,0.571378648081499,6
117,0.460916391806677,0.423410020768642,0.567633390892297,0
1485,0.706447311967567,0.54619601612189,0.580550434151525,6
1416,0.714751589786354,0.546408109231746,0.5753347195098,6
691,0.617899984398391,0.791137202386744,0.86018790458329,2
1236,0.718537228093812,0.610646136596397,0.575509989524462,5
923,0.55695420487551,0.54805421163328,0.81177114918828,3
355,0.133991846814752,0.0539918027352542,0.540144396247342,0
1301,0.716998486938609,0.605735959550443,0.567501734522124,5
1381,0.712188044945699,0.606642682891825,0.577172584324623,5
1120,0.702674239900217,0.577354873503338,0.573622851337459,4
1497,0.707444312896906,0.549874706780789,0.579414551323243,6
261,0.449867433169857,0.470180925680324,0.330997724086046,0
1260,0.717011669363154,0.603158128495953,0.581773327490228,5
463,0.585893444134854,0.50036771313753,0.938181966682896,1
87,0.686325714923441,0.858703102683648,0.43214104953222,0
27,0.97430579434149,0.827223180793226,0.354801554000005,0
498,0.594165798407048,0.911044949176721,0.575017256801948,1
1392,0.717956614479925,0.607623798006625,0.582256495250925,5
595,0.586605069825891,0.605632160883397,0.861277172598057,1
938,0.556230850685388,0.858841866115108,0.899523136112839,3
715,0.625127203073353,0.883554116799496,0.898869781312533,2
947,0.558526959680021,0.727740642358549,0.722606557211839,3
610,0.624170708970632,0.667374115879648,0.57518737660721,2
1091,0.716251005759216,0.570283130737154,0.571973836871543,4
412,0.591292673957069,0.823843751079403,0.709817582648248,1
748,0.619939615691546,0.857670910516754,0.543160340655595,2
1380,0.71599944547261,0.607006232046421,0.585329758336772,5
1070,0.714653390205601,0.573411873153393,0.571026662782375,4
1131,0.708118530396093,0.577504598646237,0.572422244004574,4
543,0.591258088387549,0.493766666250304,0.827526101632975,1
661,0.622578848854173,0.598878819472157,0.564087513042614,2
780,0.621492143771611,0.679615268460475,0.800133165111765,2
1343,0.713659144276716,0.608906023251285,0.586755009127776,5
965,0.558828309155069,0.630153232463636,0.601910019433126,3
1596,0.707224756036815,0.548718741399277,0.574046906384712,6
143,0.681515192147344,0.874673594720662,0.588888463098556,0
1275,0.710258780747723,0.605893570070783,0.573387786732615,5
470,0.593420809803065,0.781458357675001,0.556757464446128,1
883,0.564705359954387,0.499058000487276,0.569424996525049,3
1575,0.7131011802529,0.544130989164693,0.577006312817803,6
948,0.559147912047338,0.596007657679729,0.569477803562768,3
979,0.564616246831138,0.878312595398165,0.708640183927491,3
1387,0.723856679097929,0.595748347147945,0.57517223882568,5
214,0.376136045670137,0.894236807245761,0.62228857842274,0
197,0.127544408198446,0.921106536639854,0.121451325248927,0
433,0.587128610671498,0.548158733849414,0.782942399987951,1
887,0.562999332605395,0.7966577607207,0.549497631634586,3
1534,0.719867096225802,0.538790429495809,0.577293493545595,6
1225,0.7084608805283,0.616632901558413,0.575404299989051,5
849,0.556906824775506,0.492108128359541,0.677585579478182,3
607,0.618963498638477,0.82863756720908,0.938417784078047,2
1482,0.718807494766149,0.551674300776886,0.581902058199806,6
1047,0.718738789967241,0.573963537476643,0.576565567603719,4
899,0.562363740575965,0.477849722467363,0.849404856818728,3
649,0.62341506842291,0.698444002633914,0.848948387335986,2
415,0.586819926034659,0.894326071348041,0.978432676778175,1
322,0.597061448032036,0.591327639995143,0.735122380545363,0
396,0.58476647734642,0.414355549262837,0.107874519191682,0
1138,0.709653805463581,0.575079169557878,0.582490509757206,4
1008,0.703701902958972,0.579951055811467,0.577628612493096,4
475,0.587828984113876,0.629838553117588,0.675428185402416,1
327,0.912428732728586,0.474627097835764,0.179023469099775,0
12,0.205114340409636,0.242395097855479,0.0045559941790998,0
1067,0.715343577970648,0.57413849774126,0.575716004759932,4
1126,0.709349535281187,0.588313970955262,0.583767605511265,4
288,0.119916083524004,0.0756715605966747,0.959347503259778,0
416,0.591510186851956,0.496567112836056,0.975729147810489,1
859,0.556202852851711,0.800051804957912,0.727500003669411,3
1425,0.704434240350806,0.559592670032171,0.57606853255586,6
589,0.59574573306134,0.887598063191399,0.517271170997992,1
173,0.445231611607596,0.296145346947014,0.579697226174176,0
788,0.617505892282352,0.646980366995558,1.01122864722274,2
1164,0.709549776989738,0.573299419098304,0.576744234088974,4
193,0.884323823032901,0.149294630857185,0.563824884360656,0
909,0.565780787451658,0.714400227623992,0.98584559794981,3
816,0.555962727989536,0.583965938631445,0.536594808124937,3
1384,0.713032104538585,0.604727670175962,0.575180454876382,5
330,0.96119336807169,0.80061919009313,0.482226523803547,0
156,0.828630306525156,0.995163198793307,0.397601846372709,0
928,0.563784989314154,0.527911210409366,0.805603235517629,3
245,0.0233950309921056,0.0403517573140562,0.924782942980528,0
1592,0.710075894644022,0.540845603181611,0.567156655244654,6
664,0.62068234559847,0.55064924559556,0.905224985466339,2
1245,0.724441391259303,0.607490533553716,0.580426489201856,5
1371,0.710143762159116,0.605409042319022,0.572528247706599,5
199,0.0585075302515179,0.00141103565692902,0.171692519215867,0
856,0.563737539036665,0.474600183987059,0.719985417812131,3
42,0.987698996905237,0.393826746148989,0.488764330977574,0
1045,0.716746707676114,0.583556777862249,0.581444292928362,4
398,0.577363597927615,0.722818170441315,0.403783123707399,0
1247,0.715005666856458,0.609647656206718,0.573491930053866,5
201,0.472603776492178,0.591218497604132,0.292511369334534,0
318,0.89510749001056,0.411244906019419,0.0390641819685698,0
1502,0.717795101606043,0.549501584460894,0.577530716227776,6
1146,0.72164422086864,0.573452242401783,0.576318167001902,4
1169,0.716676340803495,0.577681874494778,0.572333462720752,4
441,0.59287088992307,0.91158899627626,0.727231650287286,1
324,0.743896551663056,0.735355999087915,0.955526227131486,0
1177,0.714720592056365,0.581318747954658,0.572685169781516,4
710,0.617783176642843,0.934016320249066,0.6803380823927,2
428,0.594158328922931,0.539055293053389,0.868381108995527,1
1084,0.720020164040041,0.575035494453708,0.575991948358973,4
418,0.593541375882924,0.939002597914077,0.688605511700735,1
1570,0.713705847231793,0.548322242202332,0.575919776492518,6
149,0.00613393657840788,0.76696897065267,0.709130790550262,0
600,0.593735531975981,0.936824824986979,0.913772494439036,1
508,0.585940564060584,0.889055529120378,0.911593495775014,1
1556,0.71822007663287,0.545051939706769,0.572089375856663,6
1264,0.721532011711201,0.60665825638288,0.575355760432269,5
639,0.622070091355126,0.634822111902759,0.948372949403711,2
587,0.586661247520242,0.914862495590933,0.945354689285159,1
59,0.613230633782223,0.110983145888895,0.58379298215732,0
1224,0.719286778840493,0.61159243968251,0.579088775278946,5
926,0.556855430998839,0.717693670163863,0.945552546903491,3
52,0.266331480350345,0.251953489147127,0.55024842149578,0
392,0.88237934675999,0.218040468171239,0.147298198658973,0
768,0.61737673585536,0.706846640422009,0.947626863629557,2
1181,0.708981488375794,0.57584314045694,0.583192620882996,4
500,0.586600296073593,0.669542180350982,0.801601251144894,1
1220,0.711116538852497,0.612082391859548,0.581599453631551,5
78,0.363269481109455,0.846569905057549,0.185331146232784,0
858,0.561813496954273,0.661554094729945,0.738764650328085,3
1192,0.712225230489147,0.583425115569188,0.579695052332666,4
546,0.585813421627972,0.509191648545675,0.551805286924355,1
1465,0.704588467564677,0.54472363132614,0.577183270801529,6
337,0.913647684501484,0.910908007062972,0.362838806351647,0
1433,0.726556567455022,0.552534524347004,0.571572064511316,6
217,0.934808798599988,0.824474462075159,0.675321861403063,0
21,0.935921647353098,0.821068216115236,0.0885345302522182,0
91,0.443673903588206,0.455605589551851,0.770585214253515,0
1445,0.715818882991653,0.552564941950647,0.575344105351294,6
1173,0.715406432245535,0.581338608195632,0.577211315736662,4
429,0.58652110571973,0.552273918734864,1.01409600910265,1
1162,0.711926479351853,0.579067640240931,0.575072704386247,4
56,0.156154237454757,0.550245835678652,0.371334856841713,0
956,0.556937317389529,0.528671417012811,0.553100972692482,3
135,0.965324551798403,0.910130795789883,0.108397334581241,0
1414,0.710465020534034,0.537787330518559,0.576939076283798,6
1537,0.721609125700963,0.555450201904969,0.584404383246548,6
1306,0.71362938648372,0.606339369552625,0.579658909292934,5
1165,0.712220854032598,0.580146409155206,0.581671288843368,4
822,0.565111755176913,0.579777946555987,1.00291079774033,3
1028,0.707958290830389,0.585919024746794,0.570665461709328,4
30,0.705891726538539,0.889681279426441,0.323789172340184,0
1142,0.7116552443383,0.581799100926338,0.578340799048223,4
1011,0.708857404172177,0.570123825276949,0.585617441811131,4
1487,0.709985230283436,0.546169905621027,0.584594774104762,6
180,0.520052079344168,0.713302657706663,0.253677037777379,0
962,0.562310074041598,0.481481279339641,0.964243390620686,3
407,0.589129491467029,0.958786356821656,0.710108325956389,1
458,0.594965207178611,0.693595286086202,0.976342011615634,1
782,0.622930065905675,0.690253098355606,0.597541362070479,2
440,0.588735115421005,0.528876405418851,0.898996827448718,1
368,0.0209445951040834,0.144281298387796,0.281035094056278,0
1002,0.717578131411051,0.584632848800156,0.576047235350163,4
1005,0.717288695868362,0.573317218518204,0.58485587883891,4
1449,0.711059771944898,0.541604841201932,0.581563000550626,6
283,0.229033719515428,0.625979846110567,0.944861557567492,0
74,0.711031272774562,0.84949370380491,0.404184265062213,0
188,0.652212294749916,0.55841959756799,0.0423377305269241,0
26,0.205479685682803,0.909901628969237,0.307408096734434,0
50,0.271933411248028,0.557900981046259,0.206162358634174,0
1377,0.712693713727387,0.601572794056695,0.578381253529785,5
71,0.864862971473485,0.817545051686466,0.426645875209942,0
319,0.15040833922103,0.87975705601275,0.580236269161105,0
1026,0.713552762455341,0.582136420072824,0.580906966246165,4
1599,0.716825089756869,0.545579525336967,0.578383003463355,6
1451,0.709778324120022,0.540710886893242,0.571809818134011,6
556,0.588088257226627,0.513771630451083,0.581016385369003,1
453,0.586372477968689,0.696193512273021,0.606459361175075,1
1314,0.71525814563572,0.612303405371789,0.569165482021476,5
5,0.0436178918462247,0.598579191602767,0.652511773398146,0
1051,0.717887157579954,0.574475463522474,0.580480177024922,4
932,0.565474470804911,0.886827808548696,0.527714587887749,3
1580,0.713616318519713,0.551413755268776,0.578856161420726,6
1550,0.732786637424657,0.55025074818914,0.584000127351234,6
148,0.736623474629596,0.673438486177474,0.381251015933231,0
884,0.557065768321045,0.936437100847252,0.574691158859059,3
873,0.558990633755457,0.699699324415997,0.904947804310359,3
785,0.618318163908552,0.549847658118233,0.648171144677326,2
629,0.621502056734171,0.484540431969799,0.773432958079502,2
382,0.240711319958791,0.564949088729918,0.0866309460252523,0
1218,0.714360959917745,0.607260698862874,0.577757484508879,5
736,0.625642122863792,0.758554669539444,0.915162958228029,2
612,0.623355683842674,0.704690844845027,0.976352557097562,2
47,0.842563747195527,0.515736842062324,0.501911005703732,0
266,0.0821928172372282,0.764006802812219,0.213266108650714,0
1429,0.71606948004568,0.546262940434308,0.577662725124024,6
799,0.621784743051976,0.710975265922025,0.65846163991373,2
1420,0.723472464140701,0.554173201359605,0.578976649798154,6
300,0.386835331562907,0.580357328755781,0.224184341263026,0
293,0.364671951858327,0.634012961992994,0.241661689244211,0
765,0.61635717074154,0.762017018371262,0.96196155496873,2
744,0.623700012930203,0.8943768074736,0.69983851457946,2
157,0.592606062302366,0.129284385358915,0.0866903006099164,0
1288,0.710900326871214,0.606831021458346,0.574022302761739,5
1313,0.724473290239359,0.602500811903037,0.57921974560237,5
1150,0.713920832110777,0.576900607819815,0.579462855772257,4
866,0.561700858946424,0.589174436382018,0.565668828459457,3
1163,0.717705999984475,0.56997957333869,0.562339597416838,4
397,0.632390518207103,0.773081987630576,0.110068162204698,0
930,0.557894695992582,0.891122787469067,0.558474420243874,3
565,0.591390761439688,0.599202729854733,0.845780007215217,1
1195,0.712958440952897,0.565161233250305,0.569764503715568,4
1215,0.713805562998332,0.611119363535186,0.579722793985962,5
937,0.559693616614677,0.605335614155047,0.825378167466261,3
314,0.857981371693313,0.216072903946042,0.343928393907845,0
229,0.308459996012971,0.327223507454619,0.41741188056767,0
769,0.622619009676855,0.931560991541483,0.885307527170517,2
1398,0.715531424660002,0.606223895004234,0.575301323645622,5
387,0.446994806174189,0.114637400722131,0.53544468828477,0
1407,0.712743703624704,0.538642211030113,0.583325325155765,6
1110,0.719540289234885,0.572513218762074,0.579261592080739,4
136,0.140568948583677,0.834275746252388,0.612594268517569,0
1507,0.72270716937198,0.539178466344825,0.577554300033771,6
374,0.571468231966719,0.55464764800854,0.865852860501036,0
205,0.0438413550145924,0.0186882158741355,0.302585332421586,0
265,0.914959445362911,0.245614961488172,0.294373583281413,0
730,0.622520020750817,0.88529399826657,0.572177910269238,2
1030,0.730046925732694,0.583342762920934,0.580669789669053,4
1591,0.715643446165263,0.541847941286863,0.575316700162069,6
146,0.389979895669967,0.356566178612411,0.170732762664557,0
271,0.431503171799704,0.77266838401556,0.204574785660952,0
699,0.617082609396894,0.691492233285681,0.907475038571283,2
38,0.370044515701011,0.502736209193245,0.924873289884999,0
776,0.621916688992642,0.666700663371012,0.951801966084167,2
491,0.591719912902918,0.547699158056639,0.646254830667749,1
24,0.460302479332313,0.11661320226267,0.0444375416263938,0
1508,0.711819425740526,0.545722161591478,0.577738192550933,6
1250,0.718769236210472,0.600104723266675,0.57539609218506,5
942,0.563962974704336,0.864062818093225,0.977757698995993,3
847,0.557414784715511,0.80581498038955,0.84720611399971,3
1286,0.709636739313742,0.604726397997341,0.578965770517515,5
940,0.557732910255436,0.556149820890278,0.874898668169044,3
1004,0.710184894639943,0.587687499108316,0.577303906613287,4
1000,0.565590064332355,0.927088943286799,0.686474869516678,3
196,0.161261803004891,0.362580194836482,0.919348317198455,0
762,0.624898706844542,0.653008842119016,0.828152729338035,2
848,0.559764888864011,0.466990629653447,0.834764288063161,3
482,0.588083747122437,0.497995951538906,0.802753238030709,1
350,0.325490514747798,0.0378414271399379,0.973215790931135,0
815,0.562463149460964,0.869229724956676,0.94067322849296,3
239,0.483527894830331,0.656671568751335,0.702698767650872,0
900,0.56211591236759,0.634336757450365,0.75488852839917,3
110,0.974003222305328,0.940448448993266,0.488789059221745,0
204,0.467943098861724,0.0384993879124522,0.690049832453951,0
336,0.220797862391919,0.846851599635556,0.11749000614509,0
315,0.833039334509522,0.242171433987096,0.229419495211914,0
604,0.616532564181835,0.495542766852304,0.939773642015644,2
1453,0.714685170264824,0.549476901553722,0.574679424631681,6
521,0.593074860426132,0.785229720850475,0.742631648457609,1
1093,0.707414368858941,0.580770818772868,0.573967554269862,4
225,0.119276773650199,0.497645248193294,0.878832711372524,0
622,0.618474337044172,0.627608464309015,0.726835193368606,2
93,0.412607222795486,0.924732205690816,0.0808209802489728,0
1202,0.712589972119495,0.605158098211315,0.577896448899662,5
480,0.593983530842234,0.566435204446316,0.620573685294949,1
1577,0.708315447889848,0.544634186269783,0.57695491176028,6
1401,0.705010444220391,0.541715410297232,0.574499803525965,6
689,0.623440351083409,0.908052919409238,0.878817390673794,2
791,0.616181050690357,0.731879247096367,0.579785173432902,2
1491,0.714570324637455,0.545555701262876,0.575466244905375,6
1312,0.7092229985758,0.609048014948741,0.578863885919578,5
1510,0.718036983445608,0.554076958652694,0.586401775655262,6
1504,0.723249240554139,0.546253172628614,0.581829656453917,6
238,0.49182929773815,0.422895176103339,0.625414239475504,0
434,0.594280299339443,0.959475387330167,0.817274453025311,1
958,0.557575040496886,0.882381262001582,0.686896078195423,3
561,0.594156277703587,0.705156958522275,0.841628978401423,1
360,0.00960917677730322,0.655248302733526,0.594317760085687,0
861,0.556819728452247,0.81363716009073,0.591982051637024,3
620,0.61918268839363,0.496451164106839,0.927404771815054,2
904,0.558056995782536,0.680013868119568,0.684935048711486,3
102,0.0397360022179782,0.845087235560641,0.535054313484579,0
1450,0.713193894883733,0.547120950094211,0.580053846639345,6
44,0.859733979450539,0.664737698389217,0.918837267206982,0
220,0.653129955753684,0.347517248243093,0.217271416448057,0
1515,0.713586379391769,0.54718092217337,0.577627833807537,6
383,0.642973670968786,0.73639413411729,0.901706147240475,0
1176,0.715682132823673,0.576704486538988,0.581417977335281,4
832,0.562529427905101,0.808443343825638,0.573639716394246,3
1365,0.715201482846763,0.605263046174133,0.575597698370653,5
977,0.562457431748044,0.579382569971495,0.557906417548657,3
635,0.625137122154702,0.743361140461639,0.909168219100684,2
1274,0.719737460762703,0.611483911628048,0.5795065766806,5
246,0.810139269568026,0.845095137367025,0.101785856997594,0
1316,0.711720462284217,0.599230571970977,0.572297408380473,5
1010,0.711243594242496,0.584788805589329,0.579398941167252,4
553,0.592097753542475,0.653646868513897,0.843328962707892,1
828,0.565743999383412,0.715453996299766,0.941667061904445,3
70,0.0206870918627828,0.0996020305901766,0.132282573264092,0
686,0.623543528257869,0.783490929380059,0.923932489030995,2
1200,0.714055012866882,0.575020497956672,0.571385771676701,4
395,0.0813187034800649,0.19379737554118,0.497716062702239,0
1080,0.712739752233233,0.584702638121159,0.580640917006535,4
678,0.615824996191077,0.493699801713228,0.804427702701651,2
643,0.625116275243927,0.938047143840231,0.943779538059607,2
515,0.595035166323651,0.664143251348287,0.711976968240924,1
1143,0.713654045170304,0.579263632339476,0.575746994113611,4
45,0.0361994861159474,0.435419535497203,0.914418710162863,0
379,0.756098796613514,0.941919462056831,0.743355114711449,0
191,0.789542943006381,0.664371560327709,0.698506228858605,0
855,0.560167863124516,0.87716019616928,0.655868397001177,3
637,0.618106910795905,0.62880692104809,0.530262927780859,2
949,0.561243662654888,0.698981098458171,0.578288646321744,3
1287,0.714708176999615,0.608972048279139,0.57962741305125,5
820,0.565451785062905,0.632071726233699,0.746476625930518,3
1405,0.706822996007054,0.54697742419641,0.575952188313531,6
652,0.623844308473636,0.7902102119755,0.648113076132722,2
825,0.565465312404558,0.921421125391498,0.811113154771738,3
599,0.587110051298514,0.80310010779649,1.0102836472448,1
809,0.564813871679362,0.507362276641652,0.878491757228039,3
459,0.590609047852922,0.502276607067324,0.566486559365876,1
390,0.956486203474924,0.338551383698359,0.424037478398532,0
737,0.625049809075426,0.794354072050192,0.63917215927504,2
558,0.592336055687629,0.715548128215596,0.787523464672268,1
952,0.557075687348843,0.74275520965457,0.576799291442148,3
1332,0.708529038474703,0.603440059561084,0.566829486375802,5
502,0.590392384422012,0.695229861396365,0.69490350773558,1
598,0.586411908902228,0.859280516020954,0.664086415921338,1
58,0.444293084787205,0.449817676329985,0.94598517101258,0
1308,0.71072520361294,0.613811324924137,0.578180790641836,5
203,0.731324325315654,0.543907037237659,0.970929876668379,0
763,0.618187183907721,0.530502555635758,0.927352484338917,2
164,0.938377914950252,0.379342699656263,0.860458840150386,0
1191,0.711940976759261,0.576336486191618,0.571280822370116,4
170,0.261841245926917,0.90949774463661,0.945118666859344,0
488,0.591719986803364,0.741869129100815,0.865083536854945,1
1159,0.713837393257162,0.583918264145876,0.580077877528254,4
659,0.621387420482934,0.717084744921886,0.747854402661324,2
224,0.735543493647128,0.858327467925847,0.119538189377636,0
786,0.616442071001511,0.593228062707931,0.963054218934849,2
1289,0.718809695447297,0.605503193802112,0.586073614950478,5
1583,0.717240870196371,0.542765375983093,0.576466209346917,6
194,0.740560703678057,0.30099368118681,0.930898968363181,0
1281,0.714964902327605,0.614811986594507,0.591876069366882,5
704,0.618822393429,0.545484522799961,0.935390988271684,2
1022,0.727164740423572,0.574489451736445,0.568391957102169,4
1053,0.709186958049477,0.568908330927215,0.578363487920342,4
1352,0.714973335898567,0.612066873324373,0.577286153672581,5
1300,0.718772238144937,0.609205757106999,0.575343204093062,5
1594,0.712862770699985,0.538576005022254,0.582601770591023,6
1546,0.714754768353606,0.547194636069242,0.582387502054563,6
838,0.562483330727555,0.611302004638128,0.816050194227137,3
582,0.586565264202654,0.873999846260995,0.566534920269623,1
688,0.61672510454664,0.942061628075317,0.715519063780084,2
868,0.562755903685465,0.747951151081361,0.721455579996109,3
145,0.661951256915927,0.345115773146972,0.124406150309369,0
405,0.593099895077758,0.736585207493045,0.524327455693856,1
1223,0.70296891463685,0.609192894867261,0.575840359660037,5
1587,0.715498168945977,0.549137483367176,0.579123531536106,6
29,0.891294960398227,0.671686202986166,0.550541716860607,0
1107,0.70330350699163,0.576546222333921,0.579944921583752,4
486,0.587852461847942,0.702914979751222,0.851430215546861,1
140,0.481570741394535,0.279402160551399,0.95004954864271,0
304,0.586940669221804,0.631736299023032,0.70604470744729,1
586,0.588523691771552,0.914921156573109,0.553942550695501,1
1581,0.717957867589197,0.54841457478492,0.572891873100763,6
505,0.591942764406558,0.833928917045705,0.726231404370628,1
805,0.560952247839887,0.549250585935079,0.985751829133369,3
936,0.561421126099303,0.824320196965709,0.635200249636546,3
121,0.967228019842878,0.354649024317041,0.510495566530153,0
804,0.563323741296772,0.511033585621044,0.938691567652859,3
1228,0.714075795039515,0.600850331090457,0.582181251887201,5
577,0.586204302834813,0.626777422358282,0.854062302061357,1
286,0.567486526444554,0.966330456081778,0.421679560560733,0
365,0.260818571317941,0.623670580098405,0.358255568891764,0
999,0.558116768188775,0.763517288235016,0.530815063882619,3
9,0.290771881351247,0.939372546738014,0.176667494699359,0
568,0.58945768994512,0.508329539885745,0.902738666301593,1
260,0.480055341264233,0.860658243764192,0.628329121042043,0
68,0.47814723988995,0.869019263423979,0.132448093732819,0
511,0.590965122047346,0.536149036348798,0.621545698866248,1
701,0.621681037275121,0.892270740796812,0.752795127709396,2
1391,0.717829981642989,0.608381360847805,0.582145581856857,5
358,0.455384173663333,0.306257001124322,0.601872481638566,0
1062,0.711180967589177,0.570422098442599,0.577244674813289,4
653,0.624094874353614,0.868591316486709,0.793800474633463,2
897,0.557117339295801,0.767951853550039,0.821740251756273,3
65,0.214361615711823,0.640224589500576,0.55269936635159,0
1255,0.715407820948397,0.60387673264663,0.575914835360517,5
740,0.620531591146719,0.70504400015343,0.729297083360143,2
1328,0.707822861684835,0.599677530666769,0.57906038590661,5
178,0.969152310863137,0.0494918907061219,0.379687956534326,0
552,0.59525221317308,0.592603676463477,0.670145292906091,1
446,0.591196254848037,0.889771905122325,0.928175540314987,1
1353,0.721574562121079,0.616257535443895,0.569828466345975,5
535,0.593890490394551,0.481885190447793,0.783092704042792,1
1241,0.71959594930406,0.604748418600895,0.579601526501079,5
656,0.62017119027907,0.820029983972199,0.731123209721409,2
1525,0.71357519284418,0.547165464067187,0.577120173985103,6
846,0.558084991518408,0.6053022851469,0.652508753025904,3
685,0.624112067311071,0.923392609902658,0.8880720468238,2
1279,0.713827270398837,0.607533159580414,0.589449882888001,5
285,0.599615843733773,0.941796882310882,0.533043894683942,0
485,0.59007495976286,0.80421565703582,0.766569252964109,1
321,0.335128449369222,0.906772742746398,0.970230140024796,0
1109,0.705130132569086,0.582945834798105,0.572177608994515,4
1249,0.729756484479562,0.607708901742036,0.581952527183805,5
1547,0.708420086526614,0.551937407168341,0.576046917600615,6
1017,0.713537265241707,0.573887584168693,0.572676620475836,4
1097,0.715203474418927,0.584552518483127,0.572463942449835,4
1386,0.721253210280574,0.60654136360016,0.582650035528552,5
810,0.563955387845635,0.939550630142912,0.943372747069225,3
43,0.902200219454244,0.572633842239156,0.879692105576396,0
536,0.586849016651977,0.702664386574179,0.822060178755783,1
167,0.480429405812174,0.504414404043928,0.701237575151026,0
1555,0.719948029012931,0.543586608815164,0.574243316589489,6
1548,0.717273178594841,0.552813881763502,0.577762284054764,6
426,0.586937804820482,0.520892354287207,0.832733398443088,1
236,0.358787049073726,0.675220836652443,0.42542084865272,0
1003,0.714275416346114,0.581107727043284,0.57768472269968,4
533,0.590641594969202,0.714325055107474,0.550137214618735,1
1522,0.717434203955534,0.547441026435327,0.578976226081683,6
707,0.616284449426457,0.480518865026534,0.943495450448245,2
964,0.560995912093204,0.952928689867258,0.756844915938564,3
1298,0.722577699260611,0.61018009796602,0.571314212023194,5
477,0.591973112607375,0.612298606173135,0.772948027262464,1
1269,0.712984747269912,0.601006174316565,0.580273424294851,5
142,0.384998554596677,0.0164703405462205,0.290367968147621,0
132,0.519406562205404,0.712432893691584,0.351024800678715,0
490,0.592384237251245,0.693307809741236,0.668742801202461,1
516,0.593074764388148,0.462875834992156,0.650053348764777,1
290,0.872021521441638,0.616403920110315,0.360745290759951,0
650,0.623935304265469,0.84234300556127,0.920157691254281,2
172,0.168008618289605,0.029836623230949,0.943774656392634,0
1174,0.716603993485255,0.574959374917109,0.573878853345483,4
800,0.623331268141046,0.560447864560411,0.901670718705282,2
732,0.625766135158483,0.762900606123731,1.01300204431172,2
1404,0.708778962227829,0.550257276790558,0.571710392584813,6
542,0.587469840541016,0.838389537506737,0.600177490641363,1
185,0.485609874827787,0.479863798245788,0.452489073621109,0
473,0.594250934342854,0.631553923687898,0.733356612292118,1
728,0.618572706375271,0.614795201551169,0.730652272724547,2
219,0.164653503336012,0.668854695744812,0.266460585873574,0
123,0.595501351170242,0.948645850177854,0.515228398842737,0
794,0.617643317647744,0.561615658202209,0.764616468828172,2
539,0.587314950600267,0.756412688270211,0.555259245005436,1
631,0.623519803015515,0.559588419250213,0.7895361172501,2
1563,0.716066127845958,0.55302978684325,0.573409242637264,6
1523,0.710859155950656,0.549873638325696,0.575909083935218,6
1349,0.709486462441293,0.604411868755381,0.574203126172104,5
1282,0.716671973059742,0.606520163733187,0.580553090681316,5
1329,0.712816234294042,0.608574568209575,0.570733337267744,5
1207,0.717093919072015,0.608458563197034,0.579441327465589,5
1060,0.711317296361818,0.573372541161698,0.577323048336368,4
1388,0.717253931653731,0.612177929248262,0.574220501247682,5
1372,0.715510674309825,0.601270423110227,0.57776926230119,5
1108,0.71467791591488,0.57870532827385,0.569516196320751,4
36,0.699416600400582,0.630243168678135,0.851627811789513,0
813,0.562494638587814,0.937969868630171,0.554746005591005,3
341,0.296165894949809,0.153998925816268,0.112615886377171,0
421,0.594828407242894,0.477697624452412,0.708801355701871,1
1410,0.711295919183632,0.559809273930914,0.581492823405543,6
134,0.510464542778209,0.0562972594052553,0.454370010411367,0
644,0.617414139083121,0.765025824983604,0.766731968638487,2
181,0.782337783835828,0.611986541887745,0.271939471131191,0
116,0.582679389975965,0.119387379381806,0.821200472302735,0
153,0.31787321367301,0.527202879311517,0.914108264259994,0
1344,0.714205799080253,0.603858422885107,0.574132515716109,5
995,0.559851909137797,0.653741428488866,0.542221791832708,3
312,0.851494985399768,0.830065140733495,0.685947137186304,0
1203,0.712341712192784,0.610366056060824,0.58638999841082,5
298,0.95517515996471,0.662503009662032,0.0597564962226897,0
755,0.622954721474089,0.654838246270083,0.760199720761739,2
1354,0.714639092399233,0.606688515971975,0.578793272654022,5
706,0.616721944895107,0.629211123776622,0.700558251491748,2
624,0.62436659315601,0.934560360247269,0.784374608215876,2
512,0.591207564030774,0.904064984736033,0.824099607672542,1
492,0.589482978649903,0.799896685616113,0.641079297312535,1
1082,0.718045600327335,0.576459431514694,0.575454892116756,4
1339,0.726006561259846,0.606868425223652,0.582007285398936,5
212,0.0424138840753585,0.273552908096462,0.719754605088383,0
294,0.226759625365958,0.742568903369829,0.936117075849324,0
560,0.589062177794985,0.527930679591373,0.873228301433846,1
94,0.327500651823357,0.554758006939664,0.693778818007559,0
1545,0.703195717644535,0.552950500571584,0.57814477821761,6
863,0.564091006955132,0.707819044217467,0.707435342040844,3
1397,0.715898380229262,0.606906029321572,0.577388179996207,5
538,0.58715105379466,0.82960758972913,0.924322398519144,1
11,0.0152536537498236,0.30576674384065,0.370426399866119,0
1322,0.714720500846212,0.600233435867329,0.577891210828808,5
1065,0.699464269592008,0.574462977898251,0.58238768494192,4
234,0.210964267607778,0.0279525143560022,0.383411035174504,0
443,0.59301522751106,0.874056681036018,0.627460803277791,1
1237,0.71381823452556,0.600594645732237,0.59080283114037,5
129,0.0253014769405127,0.888585660606623,0.390127275139093,0
1373,0.713601922673979,0.602951619539645,0.58781430928265,5
408,0.587554228799418,0.62584374435246,0.869831409445033,1
1043,0.719430232137418,0.574702957756345,0.571075053848951,4
1578,0.709208052279744,0.555831272223338,0.576423101554486,6
919,0.564533394481987,0.785876943008043,0.933828054484911,3
898,0.558016262173187,0.464651020336896,0.953790788794868,3
113,0.629491889383644,0.314557010540739,0.907024966087192,0
628,0.618499786753673,0.646905583189801,0.970166604057886,2
1466,0.712880641401532,0.552650726560265,0.577390179666054,6
812,0.561452451555524,0.75971579188481,0.614996538986452,3
158,0.120246850186959,0.381175885675475,0.49985361029394,0
1350,0.71401682152101,0.612936726486552,0.581957245782784,5
489,0.589597628507763,0.604807250876911,0.580101619497873,1
211,0.977378864772618,0.223241332452744,0.537916121538728,0
372,0.44446660997346,0.280065083643422,0.48978494014591,0
1417,0.718574007308786,0.551619560228248,0.575253428407693,6
1168,0.703135457611855,0.574285723514799,0.576140068238204,4
1266,0.703716059950738,0.610561588515862,0.578540262665711,5
1073,0.708014008352265,0.575044664555599,0.587908185821867,4
403,0.589589886595495,0.496830746042542,0.638385816966184,1
731,0.619115652104374,0.766830712533556,0.747086152806878,2
914,0.56089031657204,0.486318434914574,0.724315118533559,3
40,0.571466238470748,0.319558824412525,0.305226690601557,0
1355,0.710941874901922,0.600703889712551,0.585771912560771,5
772,0.622475146073848,0.511799479578622,0.603891924046911,2
1567,0.714769394678893,0.549535688448457,0.589425112883271,6
16,0.740817738464102,0.526500913780183,0.0628687313292176,0
1498,0.708271314641214,0.542113665755858,0.579102249769501,6
1319,0.715244479443218,0.612113201871501,0.581402597436232,5
182,0.730465250089765,0.0780509242322296,0.553964910330251,0
725,0.623752494850196,0.466525674657896,0.591092936834321,2
1,0.428914473159239,0.968794486252591,0.31241477932781,0
548,0.587225591319148,0.470347469183616,0.979087233333849,1
228,0.859948294470087,0.7272585965693,0.31320810969919,0
277,0.14441014174372,0.905644624494016,0.403719387948513,0
1078,0.713137373347754,0.580744910893094,0.580748795332863,4
781,0.625203033748549,0.490829282882624,0.834604086726904,2
640,0.619977635380346,0.543428518204019,1.00576520492323,2
155,0.31601844378747,0.121271882439032,0.611128444317728,0
1094,0.70432002453498,0.575859192142963,0.574057729366781,4
789,0.621605592949782,0.927641553315334,0.592330186651088,2
162,0.600241396343336,0.206198578234762,0.446752299321815,0
1579,0.719500495035175,0.550410867099554,0.586044748216792,6
1072,0.709008764133396,0.572445587153498,0.567471226072969,4
393,0.877373721683398,0.434282274218276,0.106058414559811,0
585,0.595606592306867,0.946375411446206,0.588178684259765,1
963,0.556109927836806,0.930384254525416,0.66745299405884,3
190,0.234993439167738,0.568197935353965,0.75535569130443,0
1569,0.719065930390743,0.551463830104302,0.5787128485256,6
594,0.594123418394011,0.853499509603717,0.811637786705978,1
343,0.808389174984768,0.269992760382593,0.407828236464411,0
10,0.525441808393225,0.555163387674838,0.941431991523132,0
317,0.323326065670699,0.417037624400109,0.546453530201688,0
1512,0.721160617711688,0.546426049350376,0.578004016959412,6
1199,0.705990517041411,0.580822047142453,0.576054427705781,4
708,0.623138099163771,0.831898572016508,0.916605269093998,2
532,0.595303103264887,0.805176707776263,1.00024798491504,1
289,0.215398189378902,0.801008142298087,0.807576859835535,0
657,0.621059570279904,0.55466700156685,0.958820294844918,2
457,0.589743882676121,0.867623700154945,0.848985779471696,1
487,0.59351129284827,0.5718921441352,0.673015276226215,1
1477,0.711050565855596,0.543502001751959,0.575397870205821,6
857,0.56177586063277,0.880193233233877,0.829047275381163,3
870,0.556883938976098,0.715180468722247,0.915352229052223,3
275,0.107293033273891,0.372217847732827,0.45443849847652,0
700,0.617326954260934,0.586035602586344,0.737808699742891,2
1158,0.706504355205976,0.571693461535241,0.582580119381413,4
1526,0.711792451191287,0.551624131850515,0.578571539102885,6
735,0.625334986529779,0.806243372242898,0.704141841526143,2
1009,0.724512966575353,0.573088513219374,0.573603876891622,4
1154,0.723214309636176,0.587040654287577,0.578796181463564,4
1205,0.712873483460777,0.606987258667182,0.579176972592572,5
496,0.595548180674668,0.864395160088316,0.853081008326262,1
427,0.593197815050371,0.67383967069909,0.961490477691405,1
1140,0.720854289655662,0.569363054656263,0.57255861258793,4
1069,0.702728758669918,0.576197970829923,0.580649794252439,4
1246,0.713830680963659,0.603159668911005,0.571638862106969,5
580,0.590910328340251,0.699892032169737,0.554449037904851,1
410,0.589412726182491,0.722044495260343,0.614402766944841,1
743,0.617236660881899,0.682977359951474,0.894238302973099,2
255,0.962948125088587,0.328240658622235,0.511045224964619,0
1231,0.713542489174352,0.610243764194477,0.578438578180722,5
1180,0.708631057721339,0.583637084487134,0.573683280786704,4
1568,0.705474144724668,0.545468388803314,0.577845996527981,6
423,0.586233451298904,0.520035161729902,0.970128982118331,1
375,0.114653662778437,0.905803207540885,0.991949520539492,0
1244,0.711183149535064,0.603084472513156,0.576837183558344,5
1331,0.716892928916658,0.610886556856051,0.572860052053078,5
611,0.62230536330957,0.470555462385528,0.669561921060085,2
1586,0.716203564457267,0.55284984542326,0.581594567093068,6
759,0.620364323654212,0.724325861991383,0.564107443811372,2
559,0.592837976200972,0.543387024058029,0.598819595319219,1
107,0.485993353417143,0.707715714350343,0.00724408635869622,0
233,0.983578495215625,0.971299597295001,0.656649036100134,0
1179,0.712124655082814,0.581374389123586,0.573806597245105,4
174,0.954419481568038,0.627103626262397,0.527400173479691,0
69,0.393700466258451,0.961910485755652,0.486288340296596,0
1259,0.714084993815595,0.607473214615402,0.579931348594208,5
990,0.555849626127165,0.541651395009831,0.917166899330914,3
1456,0.723336199945311,0.549482832029126,0.573204235395529,6
127,0.136700518894941,0.684537678025663,0.191237711114809,0
338,0.363061566604301,0.863941340241581,0.984066255623475,0
696,0.624533100698609,0.797925923811272,0.723171766172163,2
1363,0.719109404176016,0.605006191844047,0.572097436733497,5
1307,0.714720826730584,0.603851275525154,0.581061136830322,5
830,0.56281431007199,0.73764044684358,0.802409773599357,3
305,0.590176894096658,0.167523910524324,0.163733940105885,0
95,0.846911146072671,0.923595093889162,0.479960079770535,0
49,0.122007547179237,0.174542436609045,0.227699141018093,0
1090,0.706918765977963,0.577703648114986,0.578649272607956,4
660,0.625051497656386,0.660816042195074,0.794093992817216,2
564,0.586092270088848,0.614043084299192,0.969671192136593,1
993,0.561395221317653,0.588446424202994,0.974952312675305,3
208,0.932524773525074,0.0528622199781239,0.272848679684103,0
946,0.563308893509675,0.954967568605207,0.817417954932898,3
1531,0.716260872453822,0.550772429817466,0.588546598609689,6
388,0.648926363093778,0.605759542901069,0.622497102012858,0
933,0.557958459411748,0.692284982395359,0.814130891603418,3
1160,0.715555115561589,0.576552085003649,0.580948856197946,4
1395,0.716368162755188,0.608347268876782,0.584228619193633,5
216,0.934266737196594,0.535967391682789,0.944554016226903,0
670,0.624899838180281,0.624417913705111,0.518116173241288,2
1383,0.710550523912657,0.604878985190015,0.575747583021167,5
1099,0.722847884032637,0.56929932232747,0.56967892690813,4
77,0.851905234856531,0.675052276579663,0.10850451188162,0
1285,0.725692993494419,0.605787822144125,0.570105305773554,5
690,0.622127840099856,0.889451076253317,0.835835363157094,2
1096,0.710650483367191,0.575061553868157,0.573684505115436,4
514,0.59136714780936,0.934062297898345,0.781116768391803,1
1597,0.704416620139093,0.55597315194322,0.577999977942074,6
3,0.240622539073229,0.943881582934409,0.478598166257143,0
308,0.0669760522432625,0.804556322982535,0.171521010575816,0
811,0.558758656948339,0.94459332569968,0.909365215827711,3
1242,0.710729790930712,0.613126988465894,0.571172967898404,5
471,0.58817420729436,0.910812714695931,0.895321953948587,1
1303,0.715825426187772,0.611671577957139,0.586130713170044,5
751,0.62389319047099,0.898692489927635,0.579815009981394,2
249,0.792896982049569,0.259239957667887,0.949306048918515,0
823,0.557179245026782,0.630009222053923,0.849444892746396,3
992,0.555846078488976,0.904533764440566,0.979258287954144,3
1296,0.71323729380736,0.60945409953993,0.578633708191454,5
895,0.562495581281837,0.778401624504477,0.953756431024522,3
692,0.620499067192432,0.844339110981673,0.980795278935693,2
913,0.557788572860882,0.758057419187389,0.760575859248638,3
890,0.55823820901569,0.517835015524179,0.66747278815601,3
1046,0.71286749016953,0.578604842923447,0.566847838436317,4
1001,0.718691581336611,0.577472771140445,0.577152887320588,4
258,0.0392540753819048,0.683080666000023,0.284658366581425,0
574,0.592663797475398,0.901951711135917,0.617890871036798,1
1087,0.717148110367928,0.581304914039236,0.57185968381305,4
679,0.61855334560154,0.560024577053264,0.586308282474056,2
872,0.558498600893654,0.626728418958374,0.714034412661567,3
821,0.559673491700087,0.52726117274724,0.824044562201016,3
972,0.565275154430419,0.812730821059086,0.963639246323146,3
1337,0.714081870774916,0.603318966278735,0.58729704024859,5
67,0.191116095520556,0.716514565749094,0.151814185781404,0
842,0.560442629656754,0.733832769654691,0.693856323393993,3
75,0.157734784064814,0.0330463605932891,0.176243602531031,0
1573,0.720217935278482,0.535279394538889,0.573668245580696,6
978,0.559806740558706,0.753883873089217,0.524620029982179,3
674,0.624320304756984,0.821278202789836,0.768243722408079,2
1229,0.716482113828409,0.607905007658028,0.577031553469972,5
672,0.61611560927704,0.754944774298929,0.649460617592558,2
1280,0.708018594147734,0.610723475469541,0.578196091950206,5
627,0.61806037188042,0.666249429900199,0.642345578200184,2
1471,0.711843765472165,0.544034103184651,0.575886730605475,6
1081,0.714851025693219,0.577138453509702,0.577466156882102,4
1044,0.725289874753568,0.575356175994096,0.578980017612261,4
1032,0.713808037015909,0.574929372469918,0.583310654801812,4
264,0.488933581858873,0.380185371497646,0.974648219766095,0
1166,0.713401957467581,0.582152718925467,0.587055853082291,4
404,0.593972626177128,0.600442108442076,0.752563525480218,1
422,0.586493327536155,0.521034733834677,0.728467295784503,1
1042,0.718116422317382,0.584577984052674,0.572072112919559,4
1197,0.710709674355265,0.576336486040575,0.577761648561361,4
296,0.563570357160643,0.873529458418489,0.273746068356559,0
1219,0.721752428117186,0.616225246824037,0.569032323802429,5
1124,0.712642250957246,0.57745904667906,0.572680543794213,4
1112,0.711133662069958,0.57563099082126,0.578245334455239,4
41,0.182135806418955,0.221696624998003,0.0069658940192312,0
602,0.618341412346345,0.526567959203385,0.60274666887708,2
1438,0.707794639506551,0.555617129533475,0.573547673169777,6
187,0.468017571838573,0.860195425106212,0.407076138071716,0
524,0.586811734004878,0.8986294019036,0.750259009096772,1
669,0.624805421500933,0.866369971749373,0.928188227023929,2
1469,0.710863879023715,0.542422351578209,0.581417143802565,6
503,0.594180659553967,0.502865098975599,0.893866877327673,1
1036,0.716333804237354,0.573782991449679,0.580265129743592,4
567,0.591018796197604,0.67815771906171,1.01144652571529,1
695,0.617796468238812,0.692997438460589,0.770717517263256,2
1278,0.717326159269399,0.599109311451023,0.568889788588142,5
633,0.616568246230017,0.883415137627162,0.904392789374106,2
1276,0.713487128294689,0.611295600377187,0.572575247762261,5
1210,0.722151713841469,0.598231570441129,0.567840038394706,5
1600,0.710393292407747,0.546693341507388,0.576312431894615,6
525,0.587298104127403,0.696573655679822,0.617057698802091,1
301,0.727350668050349,0.138282465515658,0.409182882867754,0
549,0.594649596542586,0.617319312039763,0.644273578678258,1
1226,0.720998949964609,0.613521691725079,0.576297356974782,5
455,0.593166881571524,0.771489219018258,0.75069771418348,1
1533,0.713782999241299,0.541155614519252,0.573332844081697,6
406,0.587327882086393,0.799143967195414,0.826573346997611,1
881,0.556475658831187,0.72177327061072,0.964018422202207,3
1095,0.709508014035365,0.575688705357309,0.579623947559528,4
901,0.56404304663185,0.888600951386616,0.810995141067542,3
34,0.708744702627882,0.452547633787617,0.438730284804478,0
954,0.559420577143319,0.845335539290682,0.592237387574278,3
1232,0.70462273762447,0.611575585901505,0.579897980714268,5
96,0.565024802926928,0.22347989003174,0.787287214072421,0
831,0.559719705886673,0.542356131458655,0.676218685135245,3
714,0.616955059003085,0.648591814655811,0.820303753390908,2
346,0.954598517157137,0.192758256336674,0.319707228569314,0
273,0.754475158406422,0.67961004935205,0.56103844451718,0
687,0.617416577616241,0.684303600667045,0.661630842159502,2
1212,0.713960923424485,0.603831953183115,0.578088178068718,5
436,0.587557863150723,0.622408777452074,0.571693495870568,1
1396,0.718000919092432,0.607239540484046,0.577642933701219,5
138,0.700808057095855,0.178266817471012,0.843728674110025,0
1348,0.713913588378199,0.605790517536418,0.578089008071922,5
274,0.449080612510443,0.793361724354327,0.266939384164289,0
1268,0.711591224252405,0.614348124048044,0.579137421508351,5
444,0.587924197567627,0.818482495006174,0.832131432974711,1
603,0.616801995621063,0.61071896830108,1.01643279150594,2
554,0.594924566678237,0.641690820781514,0.828067298652604,1
529,0.591381795471534,0.694152040150948,0.868642146489583,1
826,0.565785885604564,0.949828613875434,1.01096039395779,3
1334,0.719213763915336,0.616063009737097,0.581776733577506,5
1582,0.720272525084419,0.541127423884083,0.563282371717593,6
667,0.618972782976925,0.527553366357461,0.946514025470242,2
865,0.563818954329472,0.489158632326871,0.840676925866865,3
1013,0.71520990114832,0.573428354671085,0.575589212171075,4
1111,0.709333478363061,0.569860250477329,0.581535488855979,4
836,0.559505349516403,0.636354952678085,0.724436308513396,3
1038,0.717097528613763,0.577500497324962,0.588046007589766,4
353,0.446728353854269,0.779436904005706,0.218671473907307,0
268,0.131595517275855,0.100934938061982,0.128177831647918,0
251,0.978334822691977,0.178196243708953,0.984972478589043,0
389,0.0778917227871716,0.767404929734766,0.219956436194479,0
501,0.585845783401746,0.529990918561816,0.79836480927188,1
793,0.620740607313346,0.693907892890275,0.93866154414136,2
1063,0.707157611972218,0.584025616622303,0.568211941872479,4
103,0.949199638329446,0.927022459218279,0.250407863175496,0
1562,0.712995984149244,0.547449719095378,0.580760380922061,6
126,0.122998860199004,0.22345902514644,0.604789890348911,0
438,0.588471849055495,0.597137879673392,0.840549288573675,1
1494,0.714306460240609,0.549344152207559,0.572936115965044,6
1496,0.713254006635463,0.543861125081388,0.572082944980172,6
1147,0.711721755639927,0.575161571204934,0.580635157205888,4
19,0.96173076890409,0.604696354363114,0.961365789873526,0
1553,0.720664456425921,0.547378665031056,0.575143435092326,6
18,0.478714101715013,0.863666540710256,0.698232947150245,0
262,0.698668979341164,0.975184760056436,0.469422705238685,0
25,0.529650781536475,0.946161489002407,0.346944680903107,0
307,0.939322831341997,0.61505217757076,0.139647049829364,0
507,0.586458350273315,0.858727198652923,0.738442144962028,1
342,0.895936852321029,0.0055066158529371,0.626234513241798,0
1141,0.712269313507638,0.566345380880326,0.579369740761053,4
159,0.73260750528425,0.426994806155562,0.709697711281478,0
807,0.558994280847255,0.467379552870989,0.831876908801496,3
1206,0.715617479880019,0.614883719859801,0.588752168918575,5
1136,0.713533791142415,0.574577496351351,0.564200302770504,4
35,0.14566777413711,0.819022691808641,0.109642054187134,0
1190,0.721216052588293,0.575854462472951,0.581620521054001,4
1034,0.712919810525312,0.581283664284452,0.578519395159175,4
601,0.620734159140848,0.598869961779565,0.553316704486497,2
1277,0.719931488743566,0.606365582225518,0.58006384178932,5
877,0.556487982638646,0.529275356768631,0.843200059863739,3
1196,0.720459447094541,0.572638716491016,0.575506182301649,4
562,0.595727208233438,0.817033371515572,0.662082566320896,1
547,0.590500443493947,0.577963336347602,0.88159682743717,1
1458,0.703894046861162,0.545826628928996,0.574219737856771,6
349,0.505971365142614,0.19696251489222,0.819767859298736,0
739,0.62080788313644,0.822329758177512,0.969531413540244,2
106,0.459657870233059,0.812989341793582,0.544908072799444,0
269,0.887702717445791,0.931506076594815,0.257990823592991,0
1058,0.716765618395872,0.57697082362946,0.585516861710261,4
840,0.558802452627569,0.787052010279149,0.790567303216085,3
232,0.667014435864985,0.414328095735982,0.787330334540457,0
673,0.625208624117076,0.674836670141667,1.00683388081379,2
494,0.594435373835731,0.722520282818005,0.976105075702071,1
1346,0.706228746693753,0.60642919033506,0.575709062290849,5
939,0.556474701522384,0.902686466090381,0.864782703947276,3
1499,0.718865649755923,0.552412177148746,0.570351979815612,6
1509,0.710579296828602,0.538661525902218,0.580829029858171,6
891,0.558343968584668,0.674709170451388,0.603820384503342,3
339,0.64239860442467,0.156958224484697,0.698526526102796,0
1253,0.713520606128005,0.604533552744428,0.580317314577307,5
1258,0.708904344921347,0.598680113322289,0.587114793246011,5
33,0.714909043861553,0.91093410202302,0.0968058533035219,0
1267,0.710433551121616,0.60240442040509,0.581075630161274,5
991,0.559565973957069,0.793544940510765,0.888107220083475,3
278,0.0505020902492106,0.00525744794867933,0.698024563025683,0
247,0.819997547660023,0.452200800878927,0.876247972948477,0
1585,0.719940443836048,0.54252371066684,0.579089552564907,6
479,0.591602253993042,0.883501401147805,0.63428864851594,1
955,0.563558121845126,0.804960074578412,0.597877884074114,3
784,0.616320959802251,0.751731691742316,0.807285384181887,2
1325,0.710863195416217,0.606527434509118,0.577224615964973,5
1544,0.715695753591391,0.54853966213867,0.573960875908908,6
499,0.588312580774073,0.875586928077974,0.563531139772385,1
493,0.594649436112959,0.522255600057542,0.948831700510345,1
1584,0.722571142215727,0.545107444068706,0.584246502140473,6
1024,0.710546186425257,0.583610217327652,0.577606267967787,4
1336,0.712850670416255,0.604619797203136,0.578839160696891,5
291,0.972553230822086,0.688205321086571,0.822963574202731,0
1257,0.716038890858159,0.607198118082095,0.58296683035093,5
1086,0.708140369700472,0.570215194953612,0.575625004431187,4
726,0.623751824037172,0.830752897984348,0.588713939441368,2
57,0.835368555271998,0.504655113676563,0.118652273202315,0
922,0.557147057899274,0.807824686379172,0.709143045032397,3
1239,0.714771215525851,0.605179676550626,0.58308231683054,5
1436,0.713167682185183,0.542428178846241,0.574759185467591,6
414,0.595704269544222,0.495142688485794,0.836208209418692,1
1558,0.71806664064943,0.556343828510071,0.586873467328431,6
100,0.267175087239593,0.673297746805474,0.553721225587651,0
719,0.621069122159388,0.745912644756027,0.582115915277973,2
1025,0.708773888018836,0.572833533694509,0.583014610275138,4
1309,0.722772199779167,0.60527398681638,0.57504835538094,5
675,0.620455262085889,0.947081897500903,0.558666764898226,2
83,0.485951012698933,0.31402476481162,0.61390555719845,0
929,0.557597365113907,0.809824311151169,0.625844702031463,3
973,0.563667438179255,0.82764825175982,0.887964664632455,3
1302,0.712114145758293,0.613488493142194,0.577860169863578,5
578,0.59432062525535,0.863381130481139,0.922763917502016,1
1520,0.712397010391961,0.544828118603845,0.575766387539322,6
764,0.624278681627475,0.873907844629139,0.676765477075242,2
1254,0.712592042082851,0.603109557650786,0.587623178159456,5
1116,0.70560851546882,0.575569982738775,0.581441310161751,4
697,0.620169937622268,0.733497302141041,0.576679358165711,2
1390,0.714352644338871,0.618009182563348,0.579293872688338,5
1374,0.707504131863782,0.604226072381567,0.565418692469442,5
608,0.621536266275216,0.710873230919242,0.781093074497767,2
959,0.560619183536619,0.848324335273355,0.714659005659632,3
1271,0.705161382804504,0.607863407524875,0.586008527372131,5
139,0.179145438829437,0.272800195496529,0.989043441135436,0
1557,0.719804440657257,0.550820243889441,0.581668665463336,6
371,0.0781616482418031,0.254417679505423,0.274668982019648,0
147,0.745165686355904,0.40756817208603,0.205163741251454,0
370,0.944863978773355,0.324678221484646,0.48710264544934,0
518,0.586234979867004,0.480190075328574,0.791662863711827,1
207,0.519625442801043,0.636040330864489,0.907958983443677,0
837,0.561032256742474,0.755439860140905,0.988522805646062,3
758,0.618277447191067,0.505284322053194,0.771204564394429,2
723,0.619269559669774,0.763105642027222,0.781530734407716,2
1217,0.713557482187329,0.608106727934396,0.575415880880628,5
213,0.366923104040325,0.191567952744663,0.191784816095605,0
1490,0.717810595222674,0.550982867786862,0.585294372562211,6
119,0.179684865986928,0.687224932480603,0.81068012630567,0
638,0.619143549760338,0.842208510707133,0.908046604855917,2
918,0.558262220933102,0.737974191410467,0.947964267828502,3
1572,0.726885346035076,0.548657744028183,0.572322587542153,6
770,0.622434174804948,0.780962024908513,0.81775459102355,2
250,0.204650019528344,0.666561570949852,0.0241699756588787,0
189,0.549423257820308,0.0859035460744053,0.485614587552845,0
447,0.586389417040628,0.713417577417568,0.951839528884739,1
460,0.587757988825906,0.898716963105835,0.66875167042017,1
171,0.285933322506025,0.803405157988891,0.154269229155034,0
432,0.587409043798689,0.77251949927304,0.78268310429994,1
563,0.591063425266184,0.544867508439347,0.884869085648097,1
1360,0.715474961192196,0.611051446092492,0.581583121421057,5
359,0.779607406584546,0.303806979907677,0.891737865749747,0
1290,0.710619098805856,0.599983700724969,0.583447151666848,5
62,0.497687192168087,0.4121760930866,0.73143775598146,0
112,0.545242442749441,0.653751972597092,0.528357623843476,0
1464,0.715412904812173,0.538095920803855,0.576087054249245,6
1299,0.713946661051962,0.608995807995235,0.572469007118307,5
814,0.560076144589111,0.909532127995044,0.80493850321509,3
401,0.587846199367195,0.720485738106072,0.919917958346196,1
125,0.578207328449935,0.721454903716221,0.513489646837115,0
256,0.419829049846157,0.48485640459694,0.122373674530536,0
1125,0.718934870750616,0.573588953674275,0.573724033410148,4
1172,0.713658427501782,0.568185102101032,0.583728458037461,4
1040,0.721183675380197,0.575942577487324,0.572855706345366,4
798,0.6254420213704,0.721397922583856,0.534999872231856,2
124,0.186407282715663,0.419493422377855,0.711062561254948,0
1539,0.719001475693109,0.539014312098877,0.583079037458419,6
206,0.142551346682012,0.482720132451504,0.416318097850308,0
1035,0.719446561489631,0.577604573589547,0.582875654134172,4
202,0.331519749714062,0.0457903610076755,0.581671314314008,0
924,0.556116080877837,0.889231552812271,0.606934544304386,3
888,0.562490128325298,0.650283868634142,0.75078197105322,3
362,0.575417666230351,0.18154035252519,0.690229304367676,0
1571,0.719184151232941,0.541561210265416,0.57558154271647,6
1473,0.7223916159926,0.547537055868182,0.576596426063068,6
1368,0.715719335935235,0.598296417609015,0.576788185787569,5
442,0.593381312552374,0.557437344896607,0.774255329999141,1
867,0.556017610991839,0.795236321142875,0.520141674461775,3
130,0.748008739668876,0.6653945914004,0.556119778659195,0
99,0.38060036348179,0.281388689763844,0.751503295265138,0
671,0.619133340055123,0.623481827764772,0.54093822222203,2
1326,0.715246437308154,0.594930736604263,0.57872731084238,5
1083,0.719886871883967,0.571496261287212,0.574366364724714,4
771,0.621396820587106,0.54615389786195,0.685213137790561,2
1542,0.712272754626953,0.551004769223078,0.58076896802557,6
1167,0.712501824919709,0.573349505259705,0.580569970526148,4
1419,0.719137075069987,0.543517600911357,0.57652730584927,6
450,0.591032486823387,0.868439392512664,0.960651270020753,1
23,0.100030651548877,0.11782622942701,0.0389868512284011,0
749,0.624285895507783,0.589284755499102,0.799411075678654,2
1016,0.714738872962571,0.576700807073435,0.57840685052723,4
448,0.58585818647407,0.756731738545932,0.931931353895925,1
1382,0.719496697821101,0.602981535010444,0.580063810776966,5
1460,0.722499151402571,0.54509966409257,0.589721398113387,6
717,0.623313744119369,0.851810348662548,0.843483483442105,2
1183,0.708246281195519,0.575822422345988,0.578987169530326,4
1333,0.724441573987147,0.60805722061137,0.587936167443376,5
1216,0.720182730020037,0.615548114123464,0.586238541171265,5
655,0.61629429623019,0.849478693772107,0.912072333181277,2
377,0.450616020709276,0.511754907667637,0.709676428232342,0
636,0.621669391498435,0.552952610282228,0.725989675754681,2
1178,0.718848086136172,0.569059238321096,0.577630746630145,4
1506,0.7129459478626,0.540470478978711,0.574485573244751,6
1426,0.719492744314468,0.547821598449331,0.572854364720941,6
1321,0.729691299425038,0.614224156217564,0.577443175981372,5
226,0.347762552089989,0.109161948785186,0.543198584578931,0
988,0.556917156993877,0.824495138577186,0.99640435425099,3
280,0.171826791018248,0.47683200170286,0.445102842757478,0
819,0.562418884511571,0.595817227126099,0.948245156463236,3
989,0.560765192804392,0.888644832046703,0.877326217037626,3
1318,0.716815348789391,0.607485586683348,0.583850228422861,5
729,0.624017835524865,0.950964124849998,0.57746305144392,2
852,0.55865759403212,0.924118641740643,0.952216443396174,3
1364,0.717738262511156,0.607144711425061,0.577770396157543,5
572,0.592977429893799,0.883214256935753,0.964879274158739,1
566,0.585948629414197,0.755256106471643,0.793091829190962,1
1474,0.712624166098014,0.558712325398572,0.570773758018163,6
177,0.34914883133024,0.451218503527343,0.233355770120397,0
462,0.593894077332225,0.723797717457637,0.595542828226462,1
243,0.596140949288383,0.797202867688611,0.149347881553695,0
1230,0.720011456063519,0.602483153252711,0.564593303307669,5
1115,0.722186921293686,0.578398427727959,0.571135191614028,4
1455,0.709092042496964,0.542118572769779,0.571566426865024,6
1444,0.720939186961025,0.5453715258497,0.576855992809534,6
1462,0.71685689239557,0.549986418529173,0.576248886632727,6
474,0.586623592234682,0.909138336754404,0.885799197619781,1
344,0.309677759418264,0.62014353601262,0.247419772436842,0
817,0.563398282616399,0.849699581018649,0.611655291891657,3
1595,0.714955734239669,0.542847827075616,0.574617631201235,6
1102,0.716636626453061,0.584706025446999,0.5747224812959,4
1588,0.715553395614715,0.54343304318933,0.579983737904689,6
1304,0.711274838109941,0.600695249351787,0.57993899804806,5
472,0.588402740205638,0.488469746522606,0.560234854836017,1
1421,0.707828085369195,0.545662243631253,0.568007327467461,6
1007,0.719711916975208,0.576379605821631,0.577977763744529,4
797,0.623756208957639,0.662924498529174,0.967155025014654,2
777,0.622727026820649,0.784327839361504,0.616583733144216,2
299,0.7457777983509,0.442834794288501,0.67550458223559,0
996,0.563130406017881,0.849654506170191,0.67121517136693,3
66,0.278598907636479,0.165593411074951,0.539927864214405,0
718,0.623394264045637,0.634425920411013,0.562323861778714,2
1532,0.721161392454689,0.553767881211082,0.577876051159211,6
1234,0.718985492894311,0.600111730449103,0.574887001885608,5
1128,0.715482784745088,0.57757423017582,0.574737769613042,4
1123,0.707628460003259,0.581453545578945,0.582065445686147,4
1394,0.70591849646567,0.598444535402848,0.575650938447472,5
1208,0.711887755309087,0.607446827671824,0.576013203531208,5
908,0.556388210200239,0.53492423936259,0.565238363132812,3
921,0.564432640443556,0.910194030357525,0.658831262169406,3
1488,0.703222766151989,0.54490501172976,0.580480838292252,6
279,0.28798042726703,0.390183187322691,0.538107893662527,0
886,0.560490082562901,0.872428352572024,0.618356592161581,3
808,0.558274673623964,0.690316962287761,0.890026739006862,3
1358,0.719457892820366,0.607948989894813,0.579984658059566,5
2,0.124292974127457,0.104011360788718,0.504789805505425,0
741,0.618405789816752,0.938059344980866,0.92757520780433,2
1503,0.71524463136506,0.546213421234171,0.580121532211443,6
1272,0.707172502978447,0.604750426956184,0.572020467771108,5
1340,0.714860972798841,0.609506659833999,0.574233897198858,5
1486,0.711622498077476,0.542976908694155,0.578642325872567,6
108,0.66604650625959,0.99635979370214,0.675777996657416,0
953,0.565503040433396,0.67304196159821,0.536818388290703,3
1157,0.714473093521361,0.575339425982189,0.581401694169001,4
882,0.559504111434799,0.907045787409879,0.792435619770549,3
1335,0.718834456345849,0.610832082556934,0.581024856555706,5
240,0.674084212398157,0.0392286770511419,0.271474784705788,0
1519,0.711426569944298,0.549921572429318,0.576275158369116,6
331,0.023906632559374,0.97082394384779,0.0579703443218023,0
1566,0.715940829683096,0.547515050402587,0.58177045227279,6
92,0.62269290164113,0.143355325097218,0.813991521717981,0
1198,0.721089917424381,0.578466301226751,0.569313175376299,4
1048,0.724403671689079,0.579035220601581,0.575829547085761,4
530,0.595703324833885,0.960032648849301,0.904749568342231,1
168,0.730894664535299,0.11807308299467,0.264070546487346,0
419,0.594663487228099,0.940302610606887,0.715581863792613,1
425,0.589675055807456,0.610603252518922,0.731769043160603,1
1342,0.711272627813261,0.613033329672559,0.579570838072355,5
665,0.617268435822334,0.788609905843623,0.820549707533792,2
439,0.594520512360614,0.824178260960616,0.816763437492773,1
163,0.357512440299615,0.80005864915438,0.590322042349726,0
573,0.591330912793055,0.589905407722108,0.842900447687134,1
386,0.895126105519012,0.186737417941913,0.528769582742825,0
835,0.564807214147877,0.683680777181871,0.848341375845485,3
1536,0.715215320222036,0.54981941526394,0.575814383313922,6
1589,0.714610829829755,0.544302718130386,0.579077011109477,6
1478,0.721980959417832,0.54921520123659,0.574978795276209,6
165,0.57560281874612,0.27736649941653,0.600894041825086,0
1479,0.720031526751276,0.541855289000299,0.577271184456089,6
1175,0.698620029679127,0.573459314031168,0.572588541448796,4
328,0.729744902811944,0.467521609505638,0.146983143873513,0
284,0.57041389727965,0.695104781072587,0.43533624522388,0
504,0.594508187249303,0.84406941626221,1.01661905078217,1
17,0.935984313022345,0.966456140624359,0.936961387982592,0
1156,0.719807346179323,0.576537470615066,0.578300442066044,4
1457,0.718858610127592,0.548895503197601,0.58369583054404,6
1171,0.7168604890366,0.575562321016535,0.58097237071198,4
1118,0.711054114225319,0.584326771815292,0.575099356789759,4
920,0.559598118229769,0.81195434727706,0.957856284244917,3
218,0.385490004206076,0.00486162700690329,0.721028750063851,0
1505,0.713528282260303,0.543158375685331,0.582351344604469,6
1293,0.713495757374127,0.612938317836207,0.578125398764293,5
540,0.589179754694924,0.700905153504573,0.567651928775013,1
709,0.617290287229698,0.896857638354413,0.649277977319434,2
1412,0.71198264880021,0.547714990508749,0.57277862924903,6
141,0.832732807844877,0.191191866528243,0.485514311352745,0
869,0.55961638569599,0.696294319443405,0.955567081831396,3
1528,0.711361412965156,0.540479646273943,0.577277597574102,6
1098,0.721550243647178,0.56681409122501,0.578192982084758,4
1137,0.717888300943945,0.575036542994439,0.578526146251947,4
551,0.585930970506743,0.667911412287504,0.923610842111521,1
150,0.0345010189339519,0.734287680126727,0.26329926494509,0
1122,0.717692361521255,0.578933844584361,0.579374863449914,4
1524,0.709603364161508,0.537116159240763,0.57241677143356,6
544,0.590250215535052,0.786516443919391,0.714368793088943,1
394,0.0529741565696895,0.828465688042343,0.327218550723046,0
663,0.619259641277604,0.570715389424004,0.895633884612471,2
523,0.592106245115865,0.5614740221994,0.740935736009851,1
1265,0.715615472051711,0.610299570593395,0.586701587611459,5
1552,0.713090666778046,0.543976140585986,0.579469556091369,6
1435,0.713801878375669,0.552304123109995,0.579317330677028,6
864,0.562068447144702,0.678465654002503,0.60824670388829,3
160,0.789247610839084,0.81077423132956,0.22640249854885,0
1518,0.71376756732904,0.541823672798911,0.577721073807123,6
1153,0.715671172725434,0.58126369218754,0.579380023519406,4
1273,0.704412986562297,0.605258324348849,0.575775644585872,5
345,0.141684604343027,0.979012372670695,0.994155473541468,0
998,0.562741703642532,0.856881637801416,0.85483188033104,3
1201,0.71894951962325,0.60108924660529,0.57399040903117,5
1409,0.714292261822367,0.546394393860261,0.572041416165651,6
1145,0.709232209150691,0.565061012873764,0.572597119905701,4
651,0.620095625389367,0.735810098797083,0.960109129454941,2
896,0.560587836818304,0.717126653040759,0.841094183642417,3
593,0.588480801796541,0.74604183700867,1.01080999199767,1
1251,0.718467749120386,0.60059473957657,0.569307638575142,5
7,0.853791835252196,0.777248185360804,0.748643112136051,0
806,0.564718775136862,0.609575865068473,0.941824017115869,3
590,0.587141889100894,0.464957684371621,0.784587561525405,1
1130,0.71814005193745,0.569118721235208,0.580423514924154,4
783,0.619664770355448,0.827614875370637,0.891952722356655,2
1121,0.720901367929554,0.569043929964693,0.577820855957421,4
752,0.620469704589341,0.793407344585285,0.928953970223665,2
894,0.556100328627508,0.641640869993717,0.750237068766728,3
478,0.589857352592517,0.882846399885602,0.99528016676195,1
645,0.625528221304994,0.489050284237601,0.806079074181616,2
376,0.094728323398158,0.692742807790637,0.901815621647984,0
903,0.555951844686642,0.890089781000279,0.966009155754,3
745,0.618976424648427,0.651206854474731,0.946349352272227,2
222,0.29609520547092,0.585748601937667,0.805367594817653,0
1100,0.716207998236917,0.573260669594948,0.577452434408888,4
1323,0.709224854840802,0.620067608022903,0.581342361425647,5
1221,0.707590841175189,0.607658498885239,0.579794351105133,5
263,0.196903489064425,0.551189085235819,0.97478819754906,0
994,0.562560349062551,0.603960737679154,0.66239753565751,3
151,0.609588566003367,0.605234208051115,0.658562818309292,0
380,0.651518865255639,0.750690765911713,0.371968727326021,0
72,0.866132115479559,0.772468409035355,0.946050501894206,0
917,0.564049940304831,0.472724186000414,0.536602886882611,3
90,0.820011526346207,0.178056685021147,0.0912411350291222,0
885,0.561387810716406,0.782154006278142,0.813143884553574,3
1088,0.711944775722472,0.583023028988946,0.574834578632187,4
231,0.666619687341154,0.951190017629415,0.935042417375371,0
1020,0.722368564625402,0.576869194709018,0.585408973138569,4
654,0.625138490861282,0.498820019047707,0.840972838713788,2
666,0.62503192768665,0.651894711866044,0.667109790048562,2
1459,0.718183333122559,0.539942854355551,0.580961134463728,6
683,0.621076432443224,0.793880277290009,0.985734233888798,2
588,0.59163372075418,0.903538858261891,0.602413030597381,1
316,0.883345427457243,0.979711320251226,0.346068264450878,0
1541,0.710762261869868,0.55288606140007,0.57302329106034,6
634,0.619128645698074,0.776680759130977,0.688117724051699,2
773,0.625743367807008,0.945207610586658,0.800957931927405,2
1446,0.711221657306916,0.538638602953008,0.57813506423488,6
1039,0.712150789131316,0.582717316671891,0.575706550559075,4
951,0.556178854641039,0.507988618547097,0.816795307234861,3
1452,0.716828847941581,0.554457614356022,0.572061403064879,6
198,0.245680100051686,0.828813092550263,0.497781816404313,0
1560,0.713032197592894,0.551333497376544,0.575175244846725,6
1133,0.719992639273355,0.572689476742406,0.575875157951342,4
326,0.541028779931366,0.883330354001373,0.335073745576665,0
20,0.36919809714891,0.410065619274974,0.138860998442397,0
931,0.557608654946089,0.94970836697612,0.703211039793678,3
449,0.589022589626256,0.856601652898826,0.643875781004317,1
437,0.594160998046864,0.545918999332935,0.659176031150855,1
522,0.595348211508244,0.485900136386044,0.54036499527283,1
63,0.405412680469453,0.28844865760766,0.458689187187701,0
510,0.586644264769275,0.806549453502521,1.0029402184533,1
1389,0.718916406894751,0.604604115386492,0.575953873062622,5
619,0.620580637305975,0.938764277589508,0.578153376840055,2
1432,0.721790498160165,0.543356902412293,0.576029313156341,6
32,0.87698170170188,0.500621662242338,0.968442594865337,0
369,0.33420029701665,0.408882890595123,0.940657510887831,0
1149,0.719449480643526,0.57829407256034,0.576222094167879,4
616,0.622545888447203,0.473607934289612,0.901584371249192,2
1565,0.719144764555917,0.544632315910979,0.566829025856932,6
750,0.62515047267545,0.898544409521856,0.703187652188353,2
1033,0.721752094085677,0.584295246962883,0.576247942856601,4
133,0.612348751397803,0.824043887201697,0.6313964324072,0
734,0.621826120393816,0.890492944256403,0.551671075541526,2
79,0.84264313406311,0.542307896539569,0.777569178957492,0
366,0.554119326174259,0.146730442298576,0.539668150246143,0
454,0.595010074842721,0.779946251749061,0.616710522817448,1
997,0.563401065503713,0.833803812018596,0.899721252522431,3
935,0.558850455142092,0.482375164842233,0.691903417604044,3
597,0.590680770338513,0.958477699523792,0.913305510091595,1
1448,0.714258979183005,0.541577074139547,0.582189998926008,6
957,0.556225222698413,0.925339618092403,0.734998547029682,3
175,0.477151319384575,0.690319790504873,0.906804291065782,0
37,0.761728616198525,0.595811490667984,0.289825416402891,0
1050,0.712399126399467,0.568867051311662,0.574521507626647,4
1104,0.715357027902276,0.57831326972849,0.578920655730603,4
790,0.624572677763645,0.859181426558644,0.687981576565653,2
513,0.590570759812836,0.922484072367661,0.894289679965004,1
1139,0.71876528416937,0.571094372914767,0.584672181806098,4
287,0.573969093617052,0.09183443733491,0.194597214460373,0
1324,0.712202181488628,0.607966453220966,0.576148683487088,5
1470,0.710042352700674,0.544571777086678,0.584675807449236,6
711,0.624318808440585,0.620625821617432,1.01475809575059,2
1252,0.721398896026494,0.600933423567472,0.5741151168466,5
1418,0.708946312244579,0.53902176189092,0.581041743108165,6
757,0.622721659177914,0.620052187331021,0.673908460442908,2
1085,0.713545290159398,0.575202589815129,0.58819113184604,4
254,0.844788316404447,0.0126884693745524,0.866081344895065,0
641,0.616795675440226,0.599086315114983,0.524121229560115,2
481,0.594653477082029,0.580907097179443,0.609789173025638,1
73,0.703827200224623,0.769157693721354,0.347457439871505,0
166,0.111152020515874,0.0401555236894637,0.609056979417801,0
1330,0.708746037620392,0.609651582010676,0.569435533893054,5
1443,0.716126775959925,0.54899215499816,0.575504848988718,6
465,0.587201248970814,0.872189773689024,0.785517541714944,1
97,0.689244451234117,0.925618474604562,0.218683501007035,0
976,0.559002656885423,0.887408751272597,0.548473620810546,3
31,0.115595702314749,0.933018658775836,0.671478141564876,0
1209,0.710896072477087,0.60143615306645,0.575183191228936,5
1379,0.711704589372646,0.611767081730106,0.57602545474024,5
983,0.56512324108975,0.870621421933174,0.864524651458487,3
1114,0.713907337939731,0.576579602849826,0.574974588467269,4
801,0.565646099634469,0.642145499330945,0.520149093959481,3
841,0.556056493981741,0.827335938555189,0.927719055232592,3
1437,0.720799476178813,0.550447569472923,0.583596867830653,6
1235,0.721081308502251,0.606310163985758,0.576022002850596,5
555,0.592173524531536,0.590222273929976,0.898516844632104,1
235,0.0247979497071356,0.186873662518337,0.280774051789194,0
902,0.559195124802645,0.931250170897693,0.583357070712373,3
871,0.564532457150053,0.884369291341864,0.803171472297981,3
244,0.49203590885736,0.992356724571437,0.530905109830201,0
22,0.899225667817518,0.465217099990696,0.0621980763971806,0
118,0.109143404522911,0.815574645763263,0.987414605217054,0
843,0.564411004350986,0.782552795461379,0.548193769552745,3
1092,0.713782270743996,0.577650826927616,0.577371580493235,4
712,0.617218704016414,0.782835606462322,0.958894269098528,2
402,0.586096346613485,0.785651856195182,0.539757450483739,1
844,0.563983106820378,0.809446985577233,0.82455688926857,3
1403,0.717219092467291,0.547465942946864,0.574106234985508,6
115,0.811444964492694,0.224837930640206,0.57479495042935,0
309,0.386542127933353,0.399289958178997,0.542672159615904,0
476,0.59208773662569,0.799869369110093,0.82875938587822,1
684,0.616183541384526,0.854397661262192,0.614091382734478,2
1056,0.720340760998885,0.580886968210552,0.57837006103771,4
152,0.675429473863915,0.249097354710102,0.656875365180895,0
1213,0.711421598261262,0.606881006583704,0.587370826717554,5
144,0.531762262806296,0.732299193972722,0.428005699533969,0
1021,0.712266615136769,0.583492382868984,0.572698136246117,4
122,0.7504090834409,0.807757979026064,0.802276868605986,0
648,0.623493832848035,0.932975270762108,0.523999032122083,2
1427,0.711665890650927,0.553437555957104,0.577762243334918,6
1127,0.708657704145127,0.58241183384054,0.579659999859636,4
1037,0.718285540291234,0.589022816149959,0.578420554306723,4
1106,0.722348268085619,0.577200161678134,0.570358625204171,4
880,0.561147003564984,0.764456744864583,0.916595401032828,3
347,0.231371885398403,0.271176287904382,0.232971549266949,0
1341,0.718705907673047,0.610250016631502,0.576560684426893,5
13,0.831121648428962,0.380477943224832,0.0160119871143252,0
1493,0.720807710629926,0.54710715517139,0.569722145188611,6
420,0.589667347990908,0.587725832220167,0.85639779784251,1
984,0.560863962867297,0.948190828878433,0.84020621960517,3
756,0.617152602735441,0.654425086313859,0.803599756350741,2
1476,0.719541653470241,0.544584608955502,0.576598582175798,6
1399,0.715794971038748,0.609464685446536,0.576156091731466,5
1027,0.717819524072835,0.578124409363493,0.580225241730618,4
724,0.617339422039222,0.638057130249217,0.888300446351059,2
545,0.595246243949514,0.757761226943694,1.00655551839154,1
1484,0.714590711350242,0.548413744057734,0.58470890605986,6
703,0.617467734934762,0.507493552612141,0.594525016634725,2
1151,0.70351291298235,0.578317378508391,0.576154796984602,4
1170,0.712620367178173,0.574701676723194,0.57717565861772,4
340,0.463419466512278,0.936180707765743,0.508616341976449,0
969,0.559357885222416,0.827040360635147,1.01324251366314,3
1129,0.720205417966274,0.574163182295257,0.580175462177946,4
1132,0.710842772369807,0.581991985624087,0.575991862009571,4
676,0.622206783243455,0.503918633423746,0.575116697372869,2
495,0.588679443956353,0.629355956660584,0.660109581798315,1
1480,0.72018748806381,0.554900208907137,0.573885081238756,6
774,0.62080159557052,0.911769688106142,0.704308730224148,2
192,0.610617105383426,0.385286064818501,0.0187303668353707,0
975,0.564853956787847,0.584574645361863,0.573498185863718,3
252,0.558736408362165,0.451510386541486,0.168951781466603,0
1066,0.708475365945567,0.576001175045533,0.57805198734874,4
733,0.622102567220572,0.722873556986451,0.993359214416705,2
606,0.621019877956715,0.487139853509143,0.735549817467108,2
1481,0.714377997649536,0.547698515867546,0.578978434401517,6
385,0.678364547900856,0.995677175931633,0.449528283905238,0
658,0.620678588626906,0.633872925047763,0.775365418544971,2
1495,0.720153030224153,0.541483966430966,0.576226210553272,6
227,0.234085636679083,0.490460964618251,0.162426117109135,0
1431,0.717964546971776,0.551644581990538,0.57635410976957,6
833,0.560886690677144,0.646038919780404,0.971126956888475,3
137,0.553284247638658,0.343786132754758,0.522879117866978,0
451,0.594870303957723,0.891506417864002,0.653148420760408,1
982,0.562058694879524,0.746696791122668,0.573412167397328,3
1006,0.717651345671409,0.576571944073249,0.579875466564344,4
1105,0.703138165113918,0.581044596981467,0.572433420045297,4
483,0.587922590321396,0.496533446223475,0.9891893371474,1
209,0.187235720688477,0.221122876973823,0.369300888851285,0
329,0.432649289490655,0.186822962714359,0.0802186110522598,0
1134,0.717005370245328,0.577173476135058,0.572729836982944,4
1152,0.71285276304495,0.58088369625671,0.579660820759991,4
1101,0.712014899752888,0.578329376718747,0.571127936621275,4
1361,0.716853782784666,0.611116066831365,0.571305810927419,5
1549,0.710073649959554,0.559545734735164,0.567133108589293,6
693,0.624256449025124,0.468133839289658,0.973360972385854,2
373,0.540236071916297,0.315015234285966,0.742944487603381,0
1270,0.71403822727997,0.605263804539465,0.580333328973685,5
323,0.903769025346264,0.419834177708253,0.599915620870888,0
950,0.565153903374448,0.929068920994178,0.915108457696624,3
1311,0.705904575184109,0.602960552745184,0.579913677971628,5
537,0.593291145695839,0.651271706190892,0.549111179681495,1
1554,0.719578063766706,0.546391703118622,0.575960959725013,6
889,0.557625348845031,0.811499843234196,0.680514623667114,3
292,0.576896965270862,0.887005893047899,0.151433777296916,0
1014,0.718587330131127,0.587376940644451,0.576636077682553,4
128,0.894854871556163,0.403471041470766,0.829076270340011,0
282,0.905575511045754,0.532352380687371,0.950312057044357,0
310,0.921626003459096,0.422763514565304,0.474771637236699,0
281,0.808734564576298,0.819751730188727,0.230352191487327,0
28,0.453727618325502,0.572067401139066,0.51687755738385,0
625,0.621466459794901,0.63766884370707,0.902835752954707,2
114,0.271670869318768,0.273725459817797,0.541194214485586,0
1077,0.699734015861339,0.563968312172785,0.588160070578352,4
1559,0.71504025923935,0.550655233814716,0.573607529631783,6
82,0.0380534329451621,0.781368719413877,0.389522536890581,0
1144,0.703171268520141,0.588258748361077,0.577097884601205,4
775,0.621702813992743,0.544712587236427,0.887005604128353,2
361,0.240364908240736,0.612798963673413,0.206243792083114,0
484,0.593399198872503,0.677576605207287,0.538539051450789,1
1291,0.704826602194158,0.607134528740752,0.579215207251864,5
435,0.585815406418405,0.499314161227085,0.908881296194159,1
84,0.339198442408815,0.41354389837943,0.501363643677905,0
461,0.59482903351076,0.478734506387264,0.792661694367416,1
1406,0.703611599530161,0.537704637263737,0.577456640935374,6
335,0.536868754541501,0.175779323559254,0.69522850564681,0
854,0.559401446369011,0.553246250934899,0.644232849264518,3
682,0.61617575636832,0.592715050885454,0.919728589733131,2
1393,0.709178965580274,0.607082796657864,0.578893653173333,5
1057,0.716573676251083,0.572172307859969,0.580006073880486,4
257,0.516000025905669,0.971032050903887,0.246906777378172,0
215,0.594085842836648,0.861412111902609,0.870973441516981,1
1310,0.70939415274123,0.614165310459875,0.569281532167868,5
681,0.621094348696061,0.676444379705936,0.651620003185235,2
944,0.561690141547006,0.531368301576004,0.763594640675001,3
230,0.397241136524826,0.77380436914973,0.316727651748806,0
1338,0.715744975067544,0.600491749586174,0.575532394939115,5
615,0.618106471982319,0.492540023499169,0.929901584191248,2
1113,0.711066063556968,0.57822673615417,0.577909916942614,4
1378,0.708983226451826,0.605058164342439,0.585467598166235,5
527,0.595371798337437,0.661487859999761,0.94828609903343,1
893,0.55816671840148,0.758064024243504,0.91568396743387,3
1513,0.71698055909741,0.562135715778694,0.585677862179358,6
1516,0.714956032792571,0.546157527082645,0.572151505835658,6
1262,0.719784423748313,0.608149186398313,0.588768437662067,5
1193,0.719764770973724,0.579562185435168,0.573991311886083,4
467,0.587447807453573,0.676341708260588,0.6194651724305,1
860,0.561002446820494,0.49728126169648,0.548658803594299,3
1161,0.713078532901737,0.581583510202832,0.577425296119946,4
381,0.311091945972294,0.804616216104478,0.348947856808081,0
534,0.592856520381756,0.756926518841647,0.876331844856031,1
