441,0.669387359288521,0.791789939533919,0.0817136163357645,2
682,0.345341745238395,0.604352273975413,0.742775071836541,4
171,0.640492137181573,0.551111495494843,0.224815758829936,1
922,0.349756186816922,0.628048493746287,0.744277763525721,5
697,0.359372776713083,0.599151664524444,0.746748921106963,4
272,0.672294662760105,0.45864951624535,0.180890490720049,2
453,0.670602259081788,0.88216669196263,0.487096615787596,2
730,0.34875657969755,0.605161946260745,0.743304313321902,4
830,0.351917677899349,0.610509384905208,0.745274136162119,4
721,0.362416630220738,0.607602509174739,0.744200293283631,4
436,0.669327450247947,0.842175638093613,0.0826414948794991,2
1105,0.346202574834333,0.576146444942491,0.738922816396366,6
271,0.669323916274589,0.519523731106892,0.24869512016885,2
1078,0.355655674954648,0.570468063535952,0.747995222356049,6
897,0.35650160635715,0.639227614393825,0.744296670377891,5
367,0.6749974286207,0.905369152221829,0.195104072871618,2
408,0.675663916643243,0.857232932024635,0.0971428385935724,2
1017,0.356597517774738,0.627747088176174,0.739352482912097,5
1243,0.357775767082358,0.571513220310816,0.747778387172896,6
85,0.643358106487431,0.578990152594633,0.0534627891145647,1
1165,0.355922003256378,0.568368070341715,0.742254917573683,6
926,0.349581638504214,0.64447519313171,0.745304266632597,5
540,0.609067329633981,0.834064761083573,0.000828215223737078,3
817,0.352908910237828,0.600838338018169,0.7477294538964,4
716,0.354227741250597,0.600156127104351,0.7402601033922,4
159,0.636736078704707,0.534808326652274,0.186539480183274,1
358,0.67335393198533,0.45478394466918,0.12983966905158,2
810,0.356061100762059,0.6081082444596,0.746334401442423,4
1063,0.352803657238499,0.64346735823774,0.740326850346185,5
103,0.639296400586609,0.867498702043668,-0.00822324764449148,1
447,0.671042109895498,0.732670774124563,0.153521937387995,2
9,0.0594295982737094,0.204286124324426,0.846769374795258,0
237,0.645549682145938,0.818075804179534,0.00528713101521136,1
1240,0.35085559556574,0.576472420682312,0.743920784292052,6
1054,0.35317023267414,0.635171478878485,0.739416620907124,5
618,0.607824101329316,0.671842204430141,0.224909243127331,3
8,0.647905458696187,0.884926378494129,0.281105449656025,0
315,0.674877663443331,0.469298022473231,0.00578014967031779,2
469,0.613497988029849,0.619855402060784,0.0901926526101306,3
251,0.638761341834907,0.727715472131968,0.121973650134169,1
896,0.35972354394045,0.637791615195732,0.737986588551023,5
823,0.360070889087868,0.603951222929612,0.754271408322155,4
278,0.674108681757934,0.654196219774895,0.0449802763294429,2
1025,0.349723123945675,0.637645333262381,0.744242447961588,5
939,0.3521890128018,0.633144358059467,0.742523637154551,5
43,0.239120067795739,0.823166644433513,0.794373056152835,0
127,0.640272042888682,0.483207853185013,0.148603771300986,1
393,0.672458281288855,0.673415514081717,0.312446175329387,2
480,0.607466892148368,0.797384662926197,0.327596848085523,3
940,0.348714726796948,0.630782571426128,0.748202257782017,5
977,0.345721623760918,0.640999415511399,0.747707044265855,5
75,0.637776853113901,0.797033050470054,0.269899348798208,1
680,0.345845281126959,0.602508675432047,0.740539703078299,4
333,0.676073189144954,0.521453153248876,0.0926403254969046,2
167,0.646190499463119,0.633797374228016,0.391928034322336,1
779,0.354271208279169,0.607794558515105,0.747759956643791,4
325,0.670045473654755,0.887114783655852,0.425259647727944,2
413,0.674325222738553,0.48391899317503,0.257230512518436,2
491,0.613874606366735,0.862661981279962,0.17291509041097,3
650,0.615340289566666,0.659851780999452,0.38052363677416,3
233,0.64000078760786,0.444105987227522,0.348410830437206,1
870,0.356518560452653,0.643614573938338,0.745024430764657,5
1156,0.350292562382448,0.562499950719049,0.747067093036641,6
240,0.637316304671113,0.582554880669341,0.10927125737071,1
1098,0.350791551868971,0.578527617021995,0.749858031185628,6
1002,0.350387198573601,0.642445559156768,0.742670931836569,5
600,0.615893733908888,0.534567450545728,0.468647477636114,3
307,0.676095782620832,0.63270540968515,0.208134506316856,2
66,0.640741519068833,0.684771642345004,0.147214723122306,1
557,0.610176884448156,0.644272055150941,0.403419554419816,3
143,0.640888156332076,0.431998714245856,0.480467839702033,1
1056,0.352313036833655,0.635827331502016,0.745763584163635,5
220,0.642515520858578,0.801504162396304,0.286686894786544,1
145,0.643460518992506,0.659713457128964,0.0308860874036327,1
18,0.206678686430678,0.188966901507229,0.964524113107473,0
483,0.608672442852985,0.563441239786334,0.347488791751675,3
2,0.808716765604913,0.0370331683661789,0.825870142318308,0
689,0.354790340048728,0.597307892237697,0.735257246930925,4
660,0.60907043893123,0.690673403348774,0.0673788942629472,3
617,0.614114411124028,0.827206195122562,0.253620876767673,3
878,0.347481877951814,0.63475018472477,0.748776160500919,5
797,0.34753729026444,0.598338172105642,0.753920536902473,4
998,0.350720297850719,0.630751267018816,0.739104861676619,5
613,0.61463533451315,0.530790146929212,0.296570006711409,3
642,0.606790684815496,0.639972528349608,0.391166325611994,3
146,0.639461526749656,0.594973437511362,0.0156576430425048,1
3,0.581107964040712,0.642884587170556,0.856394325615838,0
853,0.353897692453002,0.598884754972031,0.746544518720383,4
1164,0.33799016116821,0.57026722150996,0.746299106216121,6
813,0.349215711333596,0.603978250752668,0.737926853892905,4
714,0.350374261700433,0.614501100749253,0.737769955719148,4
628,0.616158773684874,0.492327949637547,0.141510264785029,3
1212,0.348250558258965,0.578615032884615,0.744765610452828,6
990,0.350852805832981,0.633563275966608,0.748339930514766,5
376,0.667906550869811,0.661896549654193,0.169388742139563,2
162,0.640483934574295,0.625161574245431,0.454432399664074,1
61,0.643070402555168,0.505191156640649,0.483185676624998,1
586,0.614273688457906,0.775381409586407,0.393707545893267,3
1034,0.351761749479848,0.635362402008864,0.737669624906079,5
498,0.612368567103986,0.857861126912758,0.248650192702189,3
503,0.607636114191264,0.640739859570749,0.358914873981848,3
546,0.614508138364181,0.814743187883869,0.263923374540173,3
588,0.610050745783374,0.763252136437222,0.115750715555623,3
952,0.349797840740429,0.634877047145913,0.743330597523014,5
852,0.348419354506894,0.605085698585349,0.740293610343425,4
26,0.344575288472697,0.655497207539156,0.65275787608698,0
1158,0.35500555545763,0.569695568503547,0.750443235981576,6
1115,0.35613691015198,0.572503720360111,0.757248231582912,6
532,0.608993591691833,0.808796734106727,0.386698083090596,3
264,0.675489558433183,0.745872889901511,0.0207334090489894,2
94,0.645713588607032,0.468342474219389,0.346886396827176,1
115,0.645595602670219,0.58706335562747,0.0229412738233805,1
311,0.671531628780067,0.712703818478622,0.018501306604594,2
232,0.639596392700914,0.744525918527506,0.195045421668328,1
1020,0.346461309353596,0.636372462323608,0.754403340195797,5
918,0.347812802140132,0.635176482639953,0.738876218800883,5
759,0.353116237679008,0.604099470849157,0.74341976109213,4
1099,0.353899323240922,0.572055709729741,0.74012426085284,6
657,0.606487368666567,0.577502817520872,0.247816149913706,3
765,0.357995230210483,0.60523150795411,0.737679307221546,4
1220,0.3630773884972,0.572518844918459,0.748198487635863,6
1036,0.353212104877962,0.627046483601905,0.742236602000305,5
83,0.641529111084528,0.901345985732041,0.0402168104890734,1
306,0.674857654660009,0.848368633561768,0.0200257367221639,2
199,0.642089091418311,0.667047824151814,0.343726211297326,1
1182,0.348137159249116,0.574974860712685,0.747231661467516,6
243,0.641539679002017,0.654285664926283,0.462522264523432,1
6,0.732918200315908,0.253871026914567,0.885350283002481,0
768,0.356848794903817,0.609683598363095,0.747298477481815,4
705,0.351151645918945,0.597894568138262,0.744956942451949,4
782,0.345206056508619,0.602517057101193,0.743245059914997,4
1122,0.355156222907279,0.571584211372848,0.740756907022293,6
166,0.637229162757285,0.749876280105673,0.070814472460188,1
1153,0.344960579806832,0.574302293649396,0.731542571491129,6
894,0.345843847925421,0.63818477113184,0.747053415582404,5
249,0.64019710755907,0.623706794600003,0.434437670232728,1
615,0.60784628338879,0.651898854784668,0.00983669755514713,3
604,0.610521246374119,0.771543898992241,0.00305435464251788,3
690,0.364296321839686,0.606632256899213,0.752435981982893,4
364,0.67087720515905,0.592157619330101,0.212237867596559,2
591,0.610837971684523,0.686836787639186,0.0520988137694076,3
993,0.352094245115336,0.638776267926417,0.747677204243497,5
293,0.672337537719868,0.877757889707573,0.272638289676979,2
323,0.669578111616429,0.649345839885064,0.297120462008752,2
568,0.616202635760419,0.43850817149505,0.0234246998559684,3
1257,0.34620203061481,0.582108664608452,0.74568284834528,6
99,0.638673504160251,0.463249398767948,0.28547945835162,1
529,0.615459531270899,0.855195423960686,0.151406707661226,3
150,0.636536500407383,0.556078321440145,0.0833459887187928,1
13,0.492743067443371,0.783399614039809,0.0737292740959674,0
1202,0.354751694183097,0.570812683316594,0.742106788068724,6
216,0.639918377422728,0.839295164472424,0.460816040355712,1
674,0.359285721819331,0.600339879165927,0.745073528363358,4
544,0.607655632612295,0.75277898136992,0.253770921332762,3
1255,0.356367497015472,0.572172728649434,0.74641567617502,6
474,0.608823056083638,0.740249528340064,0.484616251382977,3
978,0.34831475839997,0.634334033608598,0.73915531249141,5
27,0.119522250955924,0.0194061975926161,0.100591080030426,0
1046,0.3513750022381,0.626584052712838,0.740302505630368,5
1184,0.340857695125529,0.579959033032659,0.742160779751399,6
804,0.356066627230302,0.598881590486517,0.734353691880477,4
366,0.672105561832432,0.689761864510365,0.287963634426706,2
149,0.640771457199007,0.575830802810378,0.457240799278952,1
493,0.611633555386215,0.752414151467383,0.305700194160454,3
639,0.611742677339353,0.88978304809425,0.0739888764917851,3
445,0.675314809954725,0.643849556124769,0.345633952249773,2
395,0.668398577333428,0.895568843139336,0.451647929218598,2
683,0.345325723938134,0.60526870213017,0.747830151113441,4
112,0.638464718561154,0.855708319949918,0.189683799934573,1
1201,0.347356239335348,0.574350913401621,0.74072195003435,6
331,0.667424900396727,0.430276790307835,0.0973286485066638,2
1205,0.355488409936156,0.566482332221529,0.749454163318977,6
246,0.638930451965425,0.774714816384949,0.218327667866834,1
573,0.614254666911438,0.789601916819811,0.0487116176635027,3
318,0.675981544845272,0.566385592822917,0.448160500335507,2
526,0.611297193777282,0.867269538715482,0.357315738988109,3
661,0.613288160676602,0.589946813439019,0.422896462795325,3
30,0.201500478200614,0.592742643551901,0.452916786307469,0
385,0.670371903490741,0.767381728766486,0.47502607870847,2
980,0.357596935165999,0.626388032619518,0.744900782626273,5
12,0.897871148074046,0.233574998099357,0.930608573136851,0
110,0.645313947547693,0.820994792878628,0.464884055964649,1
724,0.348631725139423,0.603477420457398,0.753738718484414,4
1224,0.347433187937032,0.568302582087956,0.747246201572528,6
655,0.616124043921009,0.753791023418307,0.140449751471169,3
467,0.615773171929177,0.80947942417115,0.338846597773954,3
825,0.350273207595161,0.596464209153994,0.74990238425897,4
1219,0.349442629491357,0.573379930646541,0.732357128284218,6
357,0.666345113930292,0.565682829730213,0.462783484673128,2
363,0.667541977784131,0.736966060847044,0.120812944322824,2
745,0.347342853545257,0.600878528177721,0.728403982546886,4
4,0.251792176859453,0.13746506953612,0.958154980558902,0
1161,0.349621592344331,0.574708123316519,0.750589120655651,6
821,0.349596086730687,0.606101448964671,0.748742023475463,4
392,0.670868940006476,0.434771445253864,0.0494542483473197,2
930,0.354222113265011,0.635439347818502,0.750200855039998,5
507,0.610659399835858,0.553858249005862,0.436924431310035,3
437,0.668658150411211,0.746328339003958,0.0710448120487854,2
761,0.347424242051419,0.602617848458116,0.749345965110859,4
65,0.645586741387378,0.726881724572741,0.00229091495275499,1
1007,0.354105161714214,0.617053552667935,0.746964089283184,5
994,0.349440614424691,0.634115445080394,0.747756534048226,5
1188,0.342414469163537,0.575525254143319,0.747299376320771,6
482,0.609326190066058,0.442143808724359,0.202844895026647,3
607,0.609021225902252,0.471629771310836,0.31998998678755,3
953,0.351983707929115,0.627820525407524,0.745526033247053,5
1175,0.360933340472682,0.576675717386302,0.737159817372147,6
121,0.638122281152755,0.507260965672322,0.109828552068211,1
96,0.641712935830001,0.726327160163783,0.24131135114003,1
378,0.670320312685799,0.620430932752788,0.2836529759923,2
908,0.355860242098278,0.633651653858275,0.744646046638236,5
609,0.606219462475274,0.766498512378894,0.056762741599232,3
275,0.675584679709282,0.682450668793172,0.0108119289623574,2
750,0.352188788831034,0.599216097054656,0.750792066743215,4
1237,0.352174819875569,0.571304564216894,0.747898429738134,6
920,0.354912611784638,0.632189922057417,0.744645115955757,5
175,0.645905375904404,0.679797506215982,0.331083901994862,1
449,0.675718469426502,0.533995879837312,0.0916530835209415,2
688,0.35174458710371,0.605296301844486,0.734927748613715,4
1138,0.357519804079024,0.570949734997553,0.74414417035921,6
117,0.642854029163718,0.473312959331088,0.399766787490808,1
185,0.638643262668047,0.478192993113771,0.18822637416888,1
837,0.350983262012388,0.596807288798926,0.744458394214265,4
365,0.671660978742875,0.650761150429025,0.249263051967137,2
917,0.354322579354872,0.63856291287098,0.745684455084736,5
645,0.61262162970379,0.755424935393967,0.365601282170974,3
923,0.354160117907843,0.633712940376452,0.745183272330196,5
875,0.354631422107564,0.637730733540669,0.744685071443604,5
324,0.672066645624582,0.830126947630197,0.243346801097505,2
464,0.610690681869164,0.455433430639096,0.389785115094855,3
353,0.67442960007349,0.584536398900673,0.28201960301958,2
156,0.642323877029121,0.854776063957252,0.407710456941277,1
14,0.48771149944514,0.496933051850647,0.178933887043968,0
803,0.345423837207953,0.601236214603409,0.746088469576279,4
101,0.640181362016592,0.892250325903297,0.436975620873272,1
266,0.669760387805291,0.504312921920791,0.471061706379987,2
898,0.352418767186687,0.635518116895227,0.749669308420796,5
371,0.673679497945122,0.435912990267389,0.0185734185623005,2
355,0.666970742524136,0.621545327501372,0.00789014606270941,2
245,0.63714029436931,0.810158704896458,0.246272886940278,1
356,0.675739369965158,0.766751853656024,0.442030271003023,2
884,0.351758656668919,0.63413954198464,0.746727570221881,5
927,0.353184284263113,0.626626082268346,0.742272725169881,5
530,0.608584572388791,0.654190795635805,0.132630013930611,3
695,0.344315952116612,0.604512287335173,0.743048859664221,4
881,0.356101068466472,0.630624379339766,0.732598876761831,5
1015,0.355528888512725,0.633858562460784,0.748470544796489,5
79,0.639346713274717,0.665986496279948,0.278208678308874,1
736,0.360026758612211,0.597153026456017,0.740947304176311,4
100,0.641014121565968,0.827255072211847,0.318680813140236,1
1166,0.355617614840522,0.574197754339645,0.73952789596618,6
218,0.642022642795928,0.692446564231068,0.252810779330321,1
297,0.667922588882502,0.555180787364952,0.373269522050396,2
1159,0.363820343478954,0.57543991916037,0.744226618261152,6
41,0.0170320642646402,0.869388070655987,0.665628178976476,0
786,0.356261301020272,0.605214805487582,0.745415419524796,4
76,0.642209862703458,0.731484252749942,0.246546950261109,1
999,0.357425392624607,0.631918886661563,0.744212703113563,5
1095,0.351359213172382,0.560735244815296,0.739918457090518,6
74,0.643497841532808,0.422356619290076,0.426212220871821,1
284,0.673403410927858,0.736255622725003,0.0925989595241845,2
387,0.666763822312933,0.701763471029699,0.362662954442203,2
1071,0.349520301132712,0.579200884782213,0.740337437186633,6
254,0.645705450272653,0.752451852918603,0.146726365038194,1
1223,0.349766056653114,0.568816441879877,0.751013899162303,6
583,0.613707256198395,0.484460059111007,0.3715352561092,3
1051,0.353765099559257,0.640362237087904,0.733853738998274,5
763,0.343309438416061,0.609273723058679,0.745442599554767,4
871,0.349925761205288,0.637014088047551,0.74987272243044,5
796,0.355418502324181,0.605405527418111,0.748116280719768,4
1000,0.34617161626883,0.633931954660355,0.752826320366571,5
488,0.606719376600813,0.8923228146974,0.000769469956867413,3
50,0.687912297202274,0.108476392459124,0.23396595614031,0
774,0.354692845994773,0.602918215087738,0.746435163739857,4
799,0.350473355107959,0.596334446900152,0.742019232320826,4
562,0.611680076764897,0.592828103480861,0.202593023842201,3
1174,0.352441751755371,0.573737075274531,0.7430900114125,6
1079,0.356651987068712,0.579211703928535,0.750391971630688,6
1215,0.349996233821187,0.567511716725073,0.740256502213935,6
1152,0.347334555500618,0.56539202762081,0.741164967724311,6
737,0.35218101234326,0.596848696048757,0.741096180302826,4
606,0.612556019828189,0.726900144619867,0.249209916871041,3
818,0.348353374122908,0.598590034940481,0.752080845169139,4
1253,0.343394611136233,0.568166496457271,0.741143927351655,6
1171,0.352338079090319,0.564365541326255,0.744044365629095,6
82,0.642824609449599,0.60967747240793,0.240350474207662,1
522,0.611409808790777,0.589198189578019,0.0831649949075654,3
442,0.671607850766741,0.732263806764968,0.0380145742790774,2
298,0.671662933316547,0.737187123065814,0.348819381627254,2
133,0.64075269163819,0.626020665187389,0.231473757489584,1
228,0.636872350287158,0.56562500752043,0.259914921433665,1
1069,0.351320603346469,0.577706524375443,0.741345384343671,6
359,0.672742382993456,0.753969681821764,0.329121840139851,2
98,0.638468546869699,0.454619217338041,0.233577212505043,1
236,0.637065324443392,0.769131924863905,0.282331218663603,1
144,0.644766668826342,0.54459871260915,0.417563602980226,1
352,0.671254963127431,0.564438876835629,0.298347178916447,2
800,0.356198364760972,0.606126382169047,0.741540348516829,4
860,0.359767434597909,0.599438438642721,0.739832344605193,4
468,0.606397386109456,0.545433092303574,0.219120163423941,3
960,0.359417447264321,0.638966034967325,0.741919559163455,5
319,0.66867238949053,0.772880602418445,0.232775263790973,2
87,0.640682860354427,0.563132521486841,0.333335031825118,1
855,0.352802139755094,0.6056764117512,0.742251387227606,4
624,0.614458574955352,0.435129896411672,0.425822767033242,3
335,0.673454590158072,0.597185439686291,0.462895888206549,2
184,0.645197649563197,0.568456135829911,0.308054086007178,1
965,0.362158304050361,0.631890944816676,0.747155087996211,5
321,0.672981682904065,0.810760827176273,0.152249897434376,2
840,0.362118198108768,0.600629278792216,0.743901877269978,4
537,0.61099638300715,0.735267262347043,0.281476643821225,3
295,0.670318329394795,0.414653039444238,0.245285753929056,2
34,0.611913347616792,0.286158800823614,0.822323860134929,0
1103,0.351922847171985,0.579934101157926,0.747900546614782,6
10,0.473921373020858,0.647302124649286,0.53091433388181,0
787,0.342484250011063,0.603155043597413,0.740647233868591,4
1228,0.354872608016647,0.579389134718042,0.740358083616281,6
225,0.642093483125791,0.560917315678671,0.478134864196181,1
729,0.342653710072928,0.606371083453463,0.742762220168991,4
448,0.674029938990716,0.443342180945911,0.16832738132216,2
11,0.841314991936088,0.732239944394678,0.699734556721523,0
892,0.343370806865356,0.629269764698617,0.741704799329149,5
513,0.609772911556065,0.745157304243185,0.260151343606412,3
1226,0.345909980342612,0.573624187887459,0.745836555989539,6
634,0.610388138499111,0.824046698072925,0.0629905745852739,3
1100,0.351743115657007,0.581727877241276,0.742898942545538,6
839,0.351950458347445,0.600969108208113,0.74358281232087,4
261,0.63693672219757,0.597485230560415,0.132607710035518,1
473,0.614694910284597,0.50331324224826,0.221266270568594,3
564,0.610561504797079,0.602393770846538,0.34082293889951,3
505,0.609038948693778,0.638379187462851,0.0661617059493438,3
706,0.349366598212446,0.598543022387981,0.745823365949323,4
637,0.61326808221871,0.54148393382784,0.20794243151322,3
795,0.351781079800231,0.601388310759746,0.752631718779751,4
411,0.669844959028997,0.687092962232418,0.461337435711175,2
485,0.607787532533985,0.438394021498971,0.376262585935183,3
250,0.643354368396103,0.70038771701511,0.396063270699233,1
538,0.606853447819594,0.684858580376022,0.0768186897737906,3
788,0.358964345913037,0.59810250084042,0.738692909500002,4
598,0.615862164448481,0.779938389221206,0.0877439996227622,3
1092,0.35171906146057,0.571037476237739,0.743633594187865,6
711,0.360360878990617,0.610366398137952,0.735895445579817,4
1011,0.353865979953766,0.627742196032045,0.734663551657584,5
599,0.613998601872008,0.744407816231251,0.216172402328812,3
1157,0.34751094138458,0.572789896341609,0.75214343250856,6
230,0.639351563439705,0.64226317582652,0.437406408786774,1
1132,0.353450610806979,0.575393178774923,0.738144937676187,6
19,0.828120437217876,0.922920352546498,0.926146379671991,0
649,0.608464446759317,0.847846445650794,0.312951781623997,3
654,0.606464295913465,0.726302652759478,0.210219196928665,3
242,0.6369706662721,0.479210820421577,0.254721941845492,1
45,0.895312530687079,0.598591910675168,0.0597201937343925,0
718,0.353917960822477,0.604755419369961,0.74474613443943,4
410,0.674919460793026,0.641532740695402,0.411567768035457,2
461,0.670395476270933,0.66988304539118,-9.8329503089023e-06,2
959,0.353515306337966,0.631303944095825,0.743113203173449,5
1012,0.34873714788993,0.627293172643431,0.748186197296188,5
670,0.345058363650974,0.607780651342499,0.743144917658314,4
1197,0.352445561105458,0.576967956557586,0.738124386407421,6
1234,0.346458835698451,0.563369198562405,0.746923024791464,6
234,0.638696548528969,0.542134423064999,0.404839807143435,1
339,0.668374041388743,0.516112609789707,0.267116188374348,2
429,0.666845464115031,0.874570398498327,0.353077043732628,2
129,0.640467739892192,0.60537536398042,0.260579466656782,1
1125,0.353180356579953,0.575154932704604,0.746816627403287,6
499,0.608068921572995,0.735431618313305,0.180338372662663,3
62,0.378204355249181,0.659985769772902,0.0621130724903196,0
886,0.353168029461232,0.636570689636368,0.736183943475955,5
123,0.643266457943246,0.844846686953679,0.461785519914702,1
180,0.639471337213181,0.47062758160755,0.14089857514482,1
1218,0.34909835074395,0.58111260444827,0.746629170443402,6
1093,0.36094230673069,0.56974848268971,0.746463369591273,6
713,0.355594572025612,0.603957247587816,0.736136221119802,4
262,0.63729135206202,0.863233146048151,0.0432574317790568,1
857,0.351970985603101,0.595049380554856,0.743543980356356,4
1239,0.353765585300846,0.572697651559234,0.747269902458878,6
1083,0.353821137494101,0.572540328075198,0.730780271628144,6
1013,0.347841253807954,0.624564002712811,0.741375786743649,5
1190,0.352731072180972,0.580873853036713,0.738082484677866,6
1003,0.351634979054114,0.640277086605897,0.734865599664783,5
1140,0.344825909860505,0.570067060891001,0.745417165963576,6
64,0.642453069514595,0.71891845043283,0.468610588647425,1
492,0.614234948197845,0.774627766245976,0.323478110553697,3
125,0.64122456553625,0.839088678616099,0.203635966358706,1
398,0.667290753673296,0.770895902207121,0.0950142849003896,2
783,0.358114840486773,0.601040961791689,0.747554196117615,4
197,0.63902071450837,0.450711275124922,0.195505754742771,1
1074,0.349459358082353,0.570075008057448,0.736544541368512,6
951,0.356313101914933,0.639885964400094,0.743444342444704,5
282,0.671814387687482,0.600681398087181,0.386739188758656,2
1059,0.342024675545236,0.634206021566244,0.743365910098261,5
555,0.615777849841397,0.63151329793036,0.285446385573596,3
567,0.60928738034796,0.651988833700307,0.41731906409841,3
160,0.641136099980213,0.721420668088831,0.20891331480816,1
1233,0.357898516330993,0.572803725468182,0.744994701621803,6
256,0.640610263801646,0.664115459681489,0.336711944383569,1
700,0.352279001358278,0.598028417028385,0.739529823087946,4
1130,0.353575979071043,0.575732141866672,0.744837692001218,6
988,0.350034375695405,0.634933168725797,0.745976215899597,5
515,0.615535234594718,0.607984712952748,0.354911750135943,3
69,0.639866675834637,0.521445032232441,0.275235743797384,1
433,0.670249575530179,0.870043480675668,0.0861673969309777,2
152,0.63927614164073,0.509002980682999,0.325127693661489,1
455,0.675678514088504,0.71313255445566,0.387821030640043,2
976,0.358962202887289,0.633216151931471,0.74068083344107,5
974,0.356017018962022,0.637741225896913,0.738478148200035,5
350,0.669872898370959,0.528724553552456,0.206686790636741,2
116,0.641013221114408,0.583572838129476,-0.0116434154799208,1
627,0.610696695446968,0.66449251389131,0.382661541295238,3
877,0.351537211244503,0.634815500004201,0.743693525622626,5
708,0.354719480148178,0.593503718844315,0.746354009198499,4
806,0.351793682832013,0.602851904213015,0.748773073005937,4
1107,0.359814964235675,0.573605992049625,0.749708664413742,6
434,0.671775127190631,0.687362021789886,0.0718349199276418,2
957,0.35506890758313,0.623286732959995,0.739274301381024,5
950,0.35231453407775,0.635768962015446,0.74080669502632,5
221,0.641947227863129,0.462453394336626,0.158212715247646,1
1189,0.351167975161586,0.575509460019522,0.751883048865633,6
332,0.671825632150285,0.603829405759461,0.158861381886527,2
719,0.345179382783783,0.61242670887305,0.748794841804279,4
1147,0.352825176638735,0.568104423176734,0.74045230931469,6
577,0.612030587529298,0.75204303979408,0.133395767724141,3
141,0.643941992293112,0.891165492031723,0.471790052903816,1
177,0.643378005411942,0.629759139055386,0.428753332071938,1
163,0.643622221795376,0.774400608870201,0.371807892643847,1
1151,0.354091026102512,0.57563720235371,0.748905115653179,6
23,0.64958062954247,0.634024426108226,0.907142497831956,0
748,0.350579664553206,0.60136991618256,0.738016808644313,4
20,0.788126939209178,0.448299654992297,0.358854239108041,0
1139,0.345050387748122,0.571847003972677,0.747398535192485,6
337,0.673008617910091,0.71812676419504,0.137178241810761,2
336,0.668653222785797,0.852991755260155,0.280713918572292,2
454,0.666598892968614,0.8348881973885,0.33978764009662,2
1251,0.350611339121439,0.566258126383195,0.744474310396657,6
593,0.616200905642472,0.894967783032917,0.156685605482198,3
798,0.349649951049956,0.598445591217945,0.740656574555723,4
1119,0.345014348070636,0.5699249644588,0.744071295651515,6
361,0.670449399231002,0.77154971358832,0.399549583042972,2
299,0.668426419105381,0.665904624992982,0.279542660643347,2
666,0.351067034218862,0.601176333944492,0.745429775621175,4
362,0.668110170951113,0.736647335602902,0.452530075400136,2
394,0.670300343621057,0.80710029930342,0.407210915652104,2
427,0.674535984981339,0.746785051911138,0.145084596890956,2
516,0.61054988513235,0.898013753606938,0.440394694521092,3
1038,0.352208598359527,0.636880688045384,0.747311885215509,5
846,0.352695775827286,0.600552531595569,0.740833321752435,4
1144,0.344836075662678,0.575402592255411,0.750546214135142,6
942,0.350655999157908,0.640815796713046,0.745134939108644,5
1181,0.349110103288362,0.56830083198363,0.74169430711485,6
72,0.638007499228697,0.689326439308934,0.291685519693419,1
47,0.666045936057344,0.680365999927744,0.153121129609644,0
903,0.357664169594265,0.625968293247046,0.739284149555258,5
1167,0.357376323851096,0.572562826105453,0.741887686146934,6
850,0.356118647464417,0.606169202675594,0.741519483610281,4
735,0.348345426860219,0.602803616046768,0.734450892144941,4
1263,0.358079380062551,0.573174947165134,0.747322992224719,6
397,0.669266194275115,0.886619894439355,0.133234323887154,2
938,0.347369840469519,0.625956907585085,0.73904110240606,5
1250,0.347175288299558,0.565088299142546,0.749559006324752,6
459,0.673990384361241,0.694116809894331,0.389214293868281,2
46,0.212462247582152,0.819611533777788,0.651246543042362,0
584,0.609022079654969,0.501560355909169,0.00354524441063406,3
542,0.609784744754434,0.871224888972938,0.157725634938106,3
428,0.667789263301529,0.425374161358923,0.320830111810938,2
195,0.646019524284638,0.530511962273158,-0.00915777466725556,1
213,0.643815454309806,0.870850961329416,0.0851142525905743,1
1070,0.354533637943796,0.573778189712944,0.746060762885169,6
1,0.916493040276691,0.502980560064316,0.173928994918242,0
906,0.356850374109025,0.632198198706549,0.735761677623033,5
509,0.608441669519525,0.836099271452986,0.186658556410112,3
767,0.353794742283113,0.609010710948432,0.745208860757591,4
207,0.636563424726483,0.569399253488518,0.240919560263865,1
1123,0.352390634797904,0.577014939637143,0.746684570460841,6
848,0.350112506704893,0.60151430070152,0.744437447200579,4
946,0.34509433652553,0.637228181111039,0.746690773390286,5
301,0.675955225168727,0.733797284099273,0.162685270840302,2
945,0.353438241279374,0.62913876753365,0.746223117885022,5
506,0.611720946349669,0.639732944569551,0.228733476437628,3
985,0.354872021044245,0.631097562274462,0.73150779016467,5
915,0.355090314608017,0.631875000548174,0.748603231630475,5
636,0.606499131699093,0.714977054414339,0.459095895360224,3
1024,0.353734483199279,0.635827219255519,0.750382299317725,5
158,0.639897840274498,0.656980642373674,0.106918948190287,1
570,0.613656421618071,0.873179830983281,0.0717523295432329,3
916,0.352614741413098,0.631470365751187,0.751977529414808,5
292,0.675967468672898,0.903335152799264,0.061502334382385,2
566,0.614188441324513,0.56298725833185,0.337778879865073,3
912,0.345377780543284,0.634914190928235,0.7515501668016,5
723,0.347380887630218,0.608398574123144,0.742303084905871,4
1248,0.359569731323802,0.573814594925849,0.74810394792886,6
106,0.638857942256145,0.774643010483123,0.226585193607025,1
439,0.675174158224836,0.778275125101209,0.00569754601456227,2
638,0.606653907680884,0.60432632304728,0.259467759006657,3
388,0.674170749883633,0.657858720538206,0.000480242609046416,2
867,0.343343781869281,0.623525161465687,0.742494018136172,5
104,0.641010615720879,0.453702132590115,0.344267428806052,1
450,0.66629009737866,0.722572338790633,0.41857498367317,2
57,0.661588079761714,0.170305298175663,0.57153355772607,0
986,0.344103558533831,0.62915544159668,0.742783106577164,5
758,0.348871827468329,0.597277794439328,0.740354051461426,4
521,0.61452832379844,0.772238953062333,0.482500671944581,3
211,0.642031413966324,0.59384795606602,0.211928314366378,1
179,0.643521836136933,0.693090724898502,0.0438989742659033,1
651,0.606564668046776,0.900621925969608,0.391850117547438,3
835,0.348617811036166,0.608783451873163,0.733085468094056,4
1245,0.351489439372517,0.567551636276534,0.74536011416579,6
1113,0.351721655107578,0.574906413814258,0.752032400591251,6
273,0.669317619896028,0.544932587677613,0.247794229839928,2
1008,0.360121959247129,0.625527186843374,0.737533490230175,5
1047,0.345447133944863,0.627707687683833,0.740629802218768,5
746,0.350967586313993,0.600881646475761,0.748233002866666,4
844,0.34919671682925,0.605875343124473,0.737663282844747,4
834,0.35752750677688,0.6008221832949,0.736222278005806,4
484,0.615384478236083,0.584293280285783,0.195418073283508,3
138,0.64373271520948,0.501766164461151,0.26786737756338,1
1137,0.353090178435847,0.566067914347182,0.751273234258264,6
368,0.669224804244004,0.838007201231085,0.191690369695425,2
525,0.614419544714037,0.667308061639778,0.082151288469322,3
1183,0.357812277118653,0.567551018081793,0.741610419984367,6
775,0.35349511351125,0.606530851282404,0.74280849015726,4
866,0.339101411836756,0.632243957183904,0.745951826182102,5
932,0.356414768367814,0.639902461302421,0.744267317112433,5
196,0.644779111195821,0.525306788063608,0.269563989201561,1
781,0.348999350247712,0.601796991948533,0.743361479257503,4
872,0.353095991428522,0.630130971011195,0.752588647775137,5
1031,0.349462305102784,0.622497536881946,0.74711109174772,5
327,0.672211495873053,0.616017496003769,0.115616001025774,2
435,0.668845740268007,0.434300464834087,0.22196471139323,2
1135,0.350550108280709,0.580839314676702,0.744106745145265,6
463,0.675432061231695,0.851308232662268,0.00341708324849607,2
648,0.609479985786602,0.425354047119618,0.00396227703895422,3
151,0.63693294924451,0.702771106408909,0.343665762292221,1
328,0.669425250515342,0.721480429777876,0.160627121059224,2
1075,0.339964696459518,0.583796423149842,0.740546054886736,6
780,0.358985420305309,0.614851841495449,0.74464517316897,4
374,0.675513986949809,0.764788272348233,0.131829112605192,2
590,0.613580745356157,0.711346588935703,0.0564232395961881,3
187,0.637172263206448,0.713660872448236,0.0254738979972899,1
1023,0.354400108345672,0.631610538568127,0.738044127820547,5
443,0.675332669455093,0.578596754255705,0.170349045959301,2
931,0.341590113721442,0.624209947246165,0.743938252085336,5
552,0.60908818856813,0.647127745114267,0.399568791920319,3
904,0.357150765453003,0.637691496372354,0.734689854154199,5
1155,0.349768354849802,0.575236396019105,0.751959131357617,6
227,0.638426205767319,0.561851341533475,0.202143034152687,1
709,0.356279441211658,0.599895305473142,0.746394533963072,4
289,0.667193326978013,0.529710848839022,0.109435464907438,2
1149,0.358289790643914,0.573765501220402,0.740094514532058,6
1044,0.346905002839487,0.630674290238196,0.734062911883106,5
548,0.60736465387512,0.666170955542475,0.389478457113728,3
851,0.341173889636765,0.595298922956263,0.739797837936461,4
815,0.353404225869825,0.60499848929944,0.738674817208758,4
563,0.615902346170042,0.637519159959629,0.348910866142251,3
572,0.613649280122481,0.565520087513141,0.129278928344138,3
1129,0.355801172240106,0.569800741484677,0.74028000072829,6
383,0.675271048052237,0.832115066610277,0.168204222642817,2
869,0.359068347520306,0.628577022179436,0.745167396364258,5
1256,0.346504458570921,0.577655457879764,0.748814024498345,6
1073,0.357907171211331,0.578922093249217,0.734226841904872,6
414,0.667667650885414,0.856032269564457,0.180027031176724,2
684,0.343580233336714,0.606892700287418,0.742840798893992,4
630,0.612912251353264,0.637185450433754,0.0582319711800665,3
182,0.642355095704552,0.414158704481088,0.296843305765651,1
440,0.669336338534486,0.445573337981477,0.0424545426620171,2
863,0.345264833821025,0.60071624373882,0.737625085686518,4
1260,0.347896701944967,0.57119978539161,0.753511957811453,6
424,0.671806208058261,0.8250551271718,-0.00326458904892205,2
626,0.608569140902255,0.65102629493922,0.311546719586477,3
270,0.666558180891443,0.618850988359191,0.250594712165184,2
1193,0.351898674037172,0.584036436935146,0.753935610619415,6
108,0.639304588257801,0.505811849632301,0.461940312827937,1
302,0.668774834822398,0.693853104859591,0.0108911389950663,2
1244,0.343229700408926,0.581230070099772,0.742436552976192,6
728,0.357253049996594,0.610900671049781,0.74284051616851,4
1210,0.354183381065878,0.575286338976005,0.751341321432079,6
597,0.611998122595251,0.473742398107424,0.045081645087339,3
693,0.350478656616064,0.607346738664907,0.739482775896525,4
1041,0.344714153293163,0.629068728685198,0.747801928520827,5
28,0.822558042826131,0.57496357942,0.856161380885169,0
943,0.345366186786357,0.628481481428345,0.748317556954046,5
524,0.613290300176013,0.633357028150931,0.254938869341277,3
816,0.340005377947709,0.601462874363799,0.742386936121443,4
222,0.644841980999336,0.45258794168476,0.321084135631099,1
92,0.639139389987104,0.670787459029816,0.192646391759627,1
1176,0.353674453951922,0.57431286095922,0.748213919952983,6
565,0.611855026159901,0.486103157652542,0.141935049975291,3
907,0.351444064625464,0.642051850684551,0.744805533369902,5
22,0.526044128462672,0.471879632212222,0.676398511510342,0
1222,0.355126511682127,0.577087022586795,0.73545149086058,6
647,0.611597775348928,0.850862029264681,0.404636179632507,3
48,0.284775984007865,0.653090609936044,0.117805217858404,0
545,0.609395833688323,0.525932439509779,0.425041827675886,3
396,0.676056135264225,0.79619414198678,0.046504272101447,2
776,0.356707089964186,0.606781543354109,0.737576154348316,4
148,0.644927302217111,0.809046917618252,0.16471208371222,1
402,0.67284535512561,0.61962620660197,0.418579480214976,2
1089,0.352343388822073,0.569767271236603,0.741995688935568,6
1039,0.35516324788453,0.626318206345582,0.739769854200238,5
140,0.637945134367328,0.739485870138742,0.284939851099625,1
741,0.358555627667653,0.599821455347167,0.736116051063448,4
224,0.645359307706822,0.773058562912047,0.117728819907643,1
114,0.643113743446302,0.793866735557094,0.367669324344024,1
801,0.355822430646015,0.608693146434312,0.740671435659397,4
808,0.350348001259694,0.611574674555226,0.741428579265337,4
370,0.667154281937983,0.583735951827839,0.255530547886156,2
1018,0.351843225139689,0.631003958034868,0.735630179177081,5
1104,0.353164544989417,0.579512904662991,0.746602419353966,6
1084,0.353323248454016,0.57118683961844,0.738378315120409,6
1191,0.359585774254671,0.573069922944946,0.743034489841167,6
662,0.614390106007922,0.574132116418332,-0.00240022682119159,3
188,0.638589162935969,0.813409310323186,0.383612825488672,1
1199,0.358809541372142,0.564447886387241,0.74563180902947,6
911,0.350685791383168,0.642787992302763,0.749496287793996,5
1026,0.345477473571521,0.625724178183905,0.748795303167018,5
685,0.348687403700746,0.596171315768601,0.745423768514284,4
419,0.669177157883532,0.703743621264584,0.260652520996518,2
966,0.343486215517443,0.63416736452874,0.739098836294898,5
279,0.67322921467945,0.71463660071604,0.196591220633127,2
710,0.353388448784037,0.598510642580678,0.738904649265114,4
970,0.360845435168805,0.625039032922487,0.741993072630936,5
379,0.676116194494534,0.593154360796325,0.290294983261265,2
1209,0.350989135262802,0.569361991491703,0.747232590921507,6
1005,0.362249153069773,0.635033187140997,0.741867349870739,5
205,0.638743066841271,0.830466620181687,0.172284181765281,1
181,0.640369297047146,0.861829901486635,0.1258643533336,1
1040,0.352535648397929,0.633616508430366,0.746595984392363,5
702,0.342792250904418,0.607491658282154,0.7411778004374,4
84,0.64619981877273,0.522999077360146,0.213694010581821,1
377,0.671752917694394,0.417892114515416,0.202116517769173,2
80,0.642650611333083,0.718551864405163,0.154958821204491,1
744,0.346515822682787,0.599651750812093,0.739105036754701,4
961,0.351785390325171,0.640490691784519,0.744027141919896,5
1207,0.345659565420087,0.576409639994312,0.747315003597729,6
37,0.369154018815607,0.520491809118539,0.132684773765504,0
229,0.643975544148125,0.871619906881824,0.232740684016608,1
438,0.674306074164342,0.486092000873759,0.28296546889469,2
859,0.360650961262836,0.591469263685803,0.746150386002995,4
527,0.608975790007971,0.715969334030524,0.213459400762804,3
831,0.346514733769621,0.608775446987086,0.736966014193131,4
212,0.644398523238488,0.822719358745962,0.0932427456835285,1
924,0.34833002584815,0.625332925571918,0.744909245447648,5
1247,0.350569014674111,0.576616293368578,0.749984935561849,6
698,0.348901971032118,0.598652979034844,0.741116577471638,4
465,0.614133719508536,0.818252288759686,0.459587089903653,3
305,0.666497832078021,0.43490786596667,0.0991881800116971,2
31,0.69176132325083,0.201785956975073,0.670373970177025,0
891,0.353236301437362,0.628076082088343,0.745518585332071,5
861,0.346190953515101,0.597963266324792,0.742149163770624,4
941,0.34651609143681,0.634412671540619,0.740906443326201,5
1232,0.354803147539383,0.576318624152066,0.737957984647248,6
610,0.608889954381157,0.719557395693846,0.205541891697794,3
203,0.639239901197143,0.562132182437927,0.317721236217767,1
995,0.354947876151564,0.627304358270504,0.752407653975643,5
154,0.646162351698149,0.840660413284786,0.0241451814770699,1
533,0.60852973879315,0.737136153760366,0.305760188447312,3
139,0.641443548761308,0.419397267187014,0.395366555498913,1
929,0.345676381482371,0.635701296952736,0.746638911211336,5
1203,0.361955762819524,0.5709446678886,0.737268762533885,6
290,0.675167529846076,0.6975758532295,0.00379031612537803,2
89,0.637161303255707,0.886589175928384,0.471395743498579,1
535,0.610290063389111,0.853602665150538,0.286282435827889,3
585,0.61013573420234,0.415479639335536,0.4105315372115,3
888,0.359355465904949,0.63014652871822,0.739088107327722,5
1154,0.360760738374371,0.573778150385467,0.741638329401697,6
344,0.667557756120805,0.524155358574353,0.26429805085063,2
417,0.668759787091985,0.702381063508801,0.433511222433299,2
421,0.671223632087931,0.875323762791231,0.344065474066883,2
49,0.732401246437803,0.94108808063902,0.180778430309147,0
1061,0.34732544789684,0.624563147207258,0.75238991938725,5
60,0.0231410185806453,0.889746016357094,0.225215127691627,0
170,0.646070773454849,0.689303825399838,0.383536062389612,1
431,0.672765038062353,0.625140357203782,0.435255266330205,2
168,0.640588601471391,0.513276247796603,0.44643407787662,1
1032,0.352029460381182,0.627203965822823,0.756889194661854,5
984,0.346276648403091,0.637443439615536,0.746245643278919,5
738,0.353899327266348,0.606783277303927,0.742645715497753,4
71,0.639973143003881,0.414293760806322,0.159270493267104,1
285,0.668491493316833,0.901909782225266,0.18188709912356,2
1258,0.350384191293456,0.574942267966943,0.740888972682462,6
276,0.671810031463392,0.737327921926044,0.117416465841234,2
1252,0.352561726027713,0.565491018910778,0.744008940035784,6
838,0.354732900239736,0.602144852979429,0.745870422457921,4
822,0.355101559483693,0.610044868308751,0.745238244305872,4
901,0.345497836540286,0.629915745369137,0.741377968387989,5
476,0.610594794044737,0.641554627707228,0.400982574862428,3
576,0.613256477727555,0.707242037425749,0.441581576433964,3
373,0.6722864684253,0.514258965058252,0.288390908227302,2
843,0.338736787914465,0.603187885383827,0.7333562677181,4
330,0.666676563103683,0.429903712728992,0.425276756705716,2
740,0.357080339538065,0.600316584400228,0.732947356165104,4
739,0.363589551706384,0.597987339259259,0.74361894570615,4
1068,0.350358865340611,0.573897003729217,0.741528736735576,6
854,0.348735103126132,0.600704401153779,0.732192005081744,4
416,0.671737987988163,0.884131948370487,0.0821855968795717,2
446,0.671706819951069,0.492776691471227,0.434176031453535,2
1145,0.349062747488836,0.573070903983368,0.744662525222833,6
554,0.609938022289425,0.455458070640452,0.094705587788485,3
701,0.34414647787774,0.600103715087399,0.731027970872203,4
338,0.673697947023902,0.761780398804695,0.361696451855823,2
111,0.645921961702406,0.632404933474027,0.35665029399097,1
407,0.670705499460455,0.709952904167585,0.168270740960725,2
456,0.672359752005432,0.449961133906618,-0.00441709037404506,2
497,0.61549395256443,0.611151521466673,0.395370223163627,3
77,0.644049450645689,0.418114602472633,0.198492277367041,1
1213,0.358189565877913,0.569894435909877,0.741893244391083,6
742,0.351137543405733,0.613466335330939,0.750069554494433,4
556,0.612592476808932,0.721000387240201,0.0528933810535819,3
504,0.610958601266611,0.810200376226567,0.131751034362242,3
539,0.613114127151203,0.423875365662389,0.217402027524076,3
847,0.356059224771413,0.610425781442114,0.742887479389052,4
667,0.345199216765442,0.606201025865995,0.734135249775185,4
277,0.670296007967554,0.48372146920301,0.356588536011986,2
541,0.608881921246648,0.838457782310434,0.278412083699368,3
602,0.612752466348466,0.702824288303964,0.467025285889395,3
596,0.610066001545638,0.676420279568993,0.231405139039271,3
462,0.670154655640945,0.588604502985254,0.466481562540866,2
404,0.673676603145432,0.493444558954798,0.238423678511754,2
255,0.637253275751136,0.439252104749903,0.200924713700078,1
601,0.612201495543122,0.474855637433939,0.251506091631018,3
665,0.350837270286869,0.602576219503451,0.738814797885954,4
1180,0.353631834279709,0.575741828348581,0.749151456783945,6
403,0.668005606450606,0.850539973611012,0.133397339214571,2
560,0.612458531446755,0.44768932138104,0.226681317156181,3
669,0.358263889065729,0.596414192382782,0.737229186426554,4
1162,0.356573961627479,0.563553648432815,0.746095591474272,6
201,0.643240505196154,0.450248898961581,0.420537656708621,1
73,0.643430071794428,0.708955574920401,0.422116628219374,1
968,0.355962979127842,0.637615913070848,0.745308446216065,5
873,0.352612010744167,0.625740738098572,0.750678048864075,5
794,0.356677040393067,0.60355978962222,0.735290638524725,4
1179,0.351089573068953,0.578724939383249,0.741940206680448,6
1200,0.351445255583596,0.578152882643082,0.740723956966034,6
589,0.613878167520743,0.458594682766125,0.226356739015318,3
1048,0.345301610655975,0.645361546950684,0.74235085654773,5
288,0.6749065262964,0.910125496587716,0.358801148668863,2
1058,0.356370104804588,0.635999367350971,0.752999168758257,5
1173,0.357651680845178,0.569250061055067,0.742935163206725,6
349,0.672976547305007,0.492447437276132,0.282812435482629,2
308,0.673831899862271,0.743064491450787,0.222562822233886,2
879,0.349059928973434,0.632376502542001,0.735559065656439,5
812,0.360339389244493,0.606654581193206,0.74754340795786,4
346,0.66712653035298,0.453661239030771,-0.00273576884064822,2
248,0.640904241071548,0.483320872322656,0.388926988304593,1
874,0.341683409430085,0.634347276286344,0.737793639860335,5
1249,0.354422713482526,0.562805974805975,0.742744569452792,6
63,0.343960017198697,0.148636353434995,0.486281503923237,0
732,0.352830082015998,0.592476526325567,0.736700652066471,4
771,0.353828703189948,0.598889424092933,0.743828594736486,4
1055,0.349639561910876,0.640732184987316,0.737504392125905,5
1168,0.350926986756227,0.580542623720728,0.746278499247132,6
686,0.352616006571228,0.60493092859166,0.742852357414097,4
514,0.611161589489784,0.478359139664099,0.234327146504074,3
949,0.351919172514483,0.630342211325794,0.745805600198232,5
715,0.350065040700528,0.598190610577082,0.746121120674101,4
1208,0.351817150658382,0.573954908746384,0.74717216241167,6
109,0.64546234960435,0.782343353051692,0.266000221902505,1
200,0.645792297408916,0.526048996392638,0.167547987611033,1
933,0.353858009161849,0.627440125214817,0.743880983918479,5
52,0.823167126625776,0.704548491630703,0.146751522552222,0
494,0.609348200617824,0.45646289633587,0.43676177454181,3
1035,0.343337074395662,0.636155695531784,0.74320312298767,5
668,0.356664388061943,0.593801577048799,0.745520204489836,4
477,0.609690944806207,0.844540942367166,0.000194793520495312,3
316,0.670304126266856,0.776742748823017,0.216708604199812,2
749,0.360017606106336,0.596808046672111,0.748100383940572,4
1097,0.357326827804009,0.577176552073913,0.74006523792862,6
209,0.642735020162072,0.724574309564196,0.376301838387735,1
518,0.606286352227908,0.414466782845557,0.0795911717694253,3
963,0.357584912910509,0.637396187421228,0.749967921829457,5
773,0.346943930088275,0.600790823811149,0.746574215135581,4
619,0.611783035462722,0.85345263548661,0.48675328057725,3
1102,0.349154639302144,0.580141780209071,0.746357558179409,6
987,0.351741767126065,0.635908998830317,0.741928421526805,5
1049,0.340969733625367,0.634233754272941,0.747346474925324,5
807,0.355650927172803,0.599410552017259,0.749061716162908,4
204,0.644955889384728,0.62775536547415,0.211487964796834,1
720,0.342024079572704,0.600759093806178,0.744600507825029,4
751,0.354135756548086,0.601727524523098,0.735456422056468,4
640,0.610917965590488,0.717231535026804,0.101264088833705,3
582,0.613198169993702,0.58582736751996,0.0336208048509434,3
1169,0.354838654838406,0.57147135581242,0.742251723726067,6
982,0.356353413497385,0.63676179835837,0.741118732931028,5
914,0.346393738507541,0.634879869391375,0.735689323978407,5
91,0.640709118843079,0.576235375390388,0.271158967353404,1
269,0.667755944454111,0.882463437877596,0.196214111591689,2
190,0.643458479084075,0.828296800050885,0.0818110793596134,1
113,0.637416031612083,0.635599310765974,0.0444033215288073,1
486,0.608822581677232,0.529431408527307,0.126217515859753,3
314,0.675340181209613,0.761321840598248,0.339715227088891,2
412,0.671829420726281,0.736380214127712,0.455119115835987,2
81,0.641671415767633,0.771941561391577,0.286271117348224,1
287,0.675599603222217,0.779774322547019,0.0814991018967703,2
67,0.642557541809511,0.73086053240113,0.225934288301505,1
193,0.639646957512014,0.411505013378337,0.0968396528158337,1
489,0.609316058461554,0.863960291398689,0.403692461154424,3
304,0.673235963371117,0.684499922348186,0.0830857245717198,2
137,0.638310539687518,0.666226402763277,0.32387560356874,1
643,0.606325581115671,0.429349314328283,0.372597425081767,3
153,0.636475469835568,0.885768654081039,0.0414491588715464,1
756,0.351344060805612,0.606661301381963,0.739980014974111,4
1186,0.35567046639606,0.579253971939115,0.741133891914166,6
24,0.684826319804415,0.451149817788973,0.133065825561062,0
910,0.348371222592163,0.630665756624809,0.748309276761282,5
93,0.641383161526173,0.62419956238009,0.298687824932858,1
1009,0.353719783783936,0.634533714748544,0.741342020069089,5
215,0.638183456880506,0.437954149814323,0.333392797224224,1
561,0.615151821936015,0.829430511244573,0.383444775897078,3
658,0.613271178684663,0.662440564855933,0.170824314770289,3
1160,0.357429224315785,0.576210598137303,0.747561499999684,6
646,0.614974220863078,0.652707439521328,0.431354451412335,3
885,0.343328874051503,0.631428899242926,0.731958563047917,5
381,0.671103401510045,0.465979187190533,0.298202309478074,2
1087,0.34459875750711,0.575886329219134,0.747646109175956,6
622,0.61236039385898,0.669601581548341,0.0820782393682748,3
1261,0.351119343069401,0.576457572221287,0.750562734456751,6
51,0.397824843879789,0.383922615321353,0.207965378416702,0
86,0.641204542859923,0.42857935258653,0.337359042209573,1
836,0.345772916195844,0.604997656398369,0.739902199527074,4
722,0.361622348837326,0.596841411104912,0.733647140820561,4
534,0.613607638904359,0.483912088349462,0.0107814049813897,3
1231,0.343092893607943,0.576778723975871,0.745241885814538,6
1085,0.350641227866479,0.576079712430369,0.738607185241005,6
128,0.63729474300053,0.844021686376073,0.178394760657102,1
1246,0.355238490670225,0.573014853211772,0.748390254858273,6
1019,0.346675598990492,0.634121019754406,0.731417413673398,5
523,0.615829207669012,0.646820728457533,0.065607213950716,3
280,0.675243684258312,0.552110162936151,0.306800071336329,2
1118,0.351825298360036,0.56662973221771,0.74591662045771,6
409,0.669716911842115,0.902488352986984,0.314348366297782,2
105,0.637845693796408,0.729251887672581,0.364639389747754,1
343,0.675890561186243,0.446060859970749,0.135374564747326,2
559,0.610590195937548,0.599536279705353,0.469058466563001,3
1241,0.347768625313666,0.566247096224079,0.742289224089459,6
579,0.615517409935128,0.472927444637753,0.268702199985273,3
790,0.351066151027328,0.597505361221782,0.742238355218789,4
1120,0.34327759287224,0.564749791676378,0.741951459355036,6
694,0.353146471145003,0.594082930558067,0.742186163033539,4
809,0.352246350866262,0.604275945847793,0.752153870320304,4
805,0.351213023713955,0.600126515449087,0.750356956587043,4
675,0.362120892017313,0.594573106614681,0.739859423882555,4
102,0.64413435373921,0.450388478138484,0.120594041608274,1
1108,0.353852570645331,0.568740765564191,0.742710236806184,6
743,0.349600927870269,0.603271057845053,0.746623159660717,4
928,0.352455968887803,0.625966306460687,0.748347037290854,5
259,0.637235651016235,0.904404935566709,0.012341268430464,1
828,0.349553545243644,0.61319902897644,0.73318646185497,4
1230,0.353463614307234,0.573366485257312,0.734505825523207,6
1050,0.335745387352327,0.630566801880176,0.739583143127444,5
235,0.642559512569569,0.644446635642089,0.147219276241958,1
845,0.347886090209738,0.596057305238356,0.740545479070437,4
217,0.63733787303092,0.555114271258935,0.142403067625128,1
811,0.346826968236599,0.598339689493324,0.741607841597858,4
574,0.607316319758538,0.673946778313257,0.418159826844931,3
681,0.346588915867502,0.601356358208183,0.742926929371032,4
471,0.613357225807849,0.580896157794632,0.466664298274554,3
770,0.352772349212105,0.595308198310904,0.74342427438174,4
29,0.520723053487018,0.569032734958455,0.544157643569633,0
819,0.341776115733327,0.602045215399105,0.751364774199182,4
1114,0.339977363650172,0.564338645299988,0.753619341532831,6
849,0.345861622563151,0.597070849971818,0.757763223977638,4
944,0.35319234219966,0.632575111149028,0.743788811985717,5
679,0.360784532353042,0.599424339751321,0.741398592586792,4
594,0.607697012370918,0.863267559814267,0.27524117352441,3
55,0.831016584066674,0.190773934591562,0.553219271590933,0
802,0.343353532894173,0.611988672029932,0.750367256160343,4
487,0.613890603382606,0.751095095672645,0.471495212125592,3
621,0.608980076678563,0.844614897412248,0.305900937132537,3
1067,0.361641581699015,0.567906856585508,0.738311768922181,6
1053,0.364618460727945,0.625186638974299,0.743128582684129,5
692,0.356117229841027,0.603935018477985,0.747412014114658,4
550,0.614622020649258,0.712252043094486,0.457197127467953,3
1001,0.349283764092409,0.630845184819621,0.737898053725877,5
1235,0.356686908890877,0.574576274761588,0.741029824450584,6
641,0.607023957956117,0.427948432066478,-0.0100970275700092,3
202,0.636908103544265,0.527485402906314,0.135663473582827,1
575,0.611665450180881,0.414986605197191,0.257597120315768,3
733,0.354552949856001,0.597023341079849,0.741261308290799,4
841,0.356207532934618,0.600036522679534,0.74198149396848,4
762,0.353419923631074,0.605583861512349,0.741166509507909,4
501,0.612629384784959,0.876676892186515,0.149024033523165,3
1142,0.351670728269965,0.569142305576403,0.752188525343045,6
635,0.610046838489361,0.904994802456349,0.083151391427964,3
1072,0.352218152436343,0.576451984366074,0.735967681516037,6
369,0.670689088038635,0.750559043860994,0.219117562938482,2
1242,0.348700868537953,0.557841020934179,0.745497520462004,6
677,0.359503135856731,0.600650786997173,0.740628296696526,4
1134,0.356438108092316,0.573341040481622,0.745653473018069,6
1088,0.354732240225881,0.571485580325236,0.743643749251056,6
676,0.349013810563481,0.598267616706749,0.751235083972943,4
747,0.359417037131956,0.60588688701152,0.742328385023655,4
558,0.608178420476615,0.717234746576287,0.246713999495842,3
899,0.363077741537397,0.633865572952271,0.746650099477858,5
971,0.34804323456809,0.63168885792946,0.740349344028585,5
1045,0.355530917579845,0.63845675621806,0.737787115786265,5
1177,0.358316016359086,0.570425914986429,0.740203743828386,6
35,0.975857459474355,0.472658018581569,0.121552420547232,0
703,0.358474120625996,0.596369226034145,0.751233365511383,4
460,0.673025200162083,0.617449168604799,0.171828513336368,2
1229,0.352345052755326,0.578915199837212,0.739579612411109,6
191,0.64181604871992,0.78198920506984,0.161148151336238,1
755,0.351231777565257,0.603407998009531,0.732177925235589,4
7,0.570074668386951,0.769335347460583,0.277201348217204,0
858,0.359063376546558,0.601910379938339,0.747331218912969,4
1217,0.33719768363661,0.57989702267589,0.742438869701825,6
1262,0.356319570651522,0.576124522369264,0.754642878137535,6
21,0.893142445478588,0.116464415332302,0.741313548292965,0
1221,0.343421513715778,0.574814151664917,0.745362224794752,6
183,0.64598419925198,0.750007232441567,-0.0114019428612664,1
1016,0.356278145272235,0.627111620978239,0.742851710747752,5
78,0.63862247240264,0.597824152582325,0.435167146800086,1
519,0.613852178466041,0.856730103981681,0.487365989317186,3
623,0.608716552951373,0.778826096118428,0.455023147934116,3
176,0.640219571816269,0.77528658232186,0.396342416713014,1
1192,0.357832310750218,0.577980103617965,0.74765485467942,6
893,0.344442046969676,0.636616635736902,0.738097152733792,5
766,0.357491170155057,0.607459533662898,0.748975724591297,4
1060,0.358080022923418,0.629212333306502,0.735722451514643,5
56,0.297913627931848,0.411752387648448,0.561022187583148,0
252,0.637625390395988,0.722687800554559,0.167891763336957,1
274,0.67173090293305,0.516608684114181,0.367282828618772,2
856,0.349818777785364,0.601070569374579,0.75079808267488,4
479,0.614353690780699,0.605837982404046,0.139390517445281,3
5,0.827123554423451,0.837947515537962,0.455901304027066,0
192,0.640418490334414,0.882648187829182,0.357201203890145,1
322,0.667617849672679,0.4409035471268,0.28691563855391,2
778,0.347584331400303,0.604645847761018,0.735591154804455,4
157,0.643294939754997,0.872215428180061,0.305973890773021,1
1106,0.345563603295256,0.576891816893083,0.740537877923073,6
785,0.341268960061608,0.605536965608609,0.73555666163725,4
495,0.609174065203406,0.492433107132092,0.455202109599486,3
632,0.613524194038473,0.454512708145194,0.141888487222604,3
1096,0.354278774082838,0.571108753161263,0.749074390772501,6
717,0.359883009749036,0.595329795414606,0.737262516197346,4
947,0.349787489366776,0.636512567611167,0.743780471181299,5
996,0.351080773617256,0.63241758303599,0.741041661611053,5
792,0.348070468861652,0.604394640099057,0.743426606262035,4
592,0.611088868109509,0.838853719551116,0.144289896311238,3
704,0.355979127200563,0.605687445510433,0.748608896634972,4
1065,0.35713654351411,0.575616526041266,0.740015729362847,6
430,0.670330669961404,0.652878328366205,0.25516424998641,2
17,0.207755740499124,0.935118227964267,0.0964529612101614,0
1194,0.351559220125896,0.576480668521876,0.738642082534922,6
451,0.672660620266106,0.731799690308981,0.244138331688009,2
384,0.668166837769095,0.739042351627722,0.00291172736324372,2
1254,0.350293809239085,0.571251788950801,0.745922888131422,6
134,0.639633316590916,0.595785977574997,0.398930337117054,1
312,0.673497793071438,0.783369196136482,0.216697872919031,2
131,0.638432885995135,0.757523499219678,0.00765134331304582,1
40,0.582179667893797,0.63003318826668,0.67804080247879,0
793,0.347036462067548,0.584901891878759,0.74162575414933,4
1198,0.351727584421931,0.573853859927668,0.748122003797089,6
1022,0.357668420995672,0.629075828256474,0.736771229662569,5
122,0.645631906676572,0.50641710255295,0.467965454980731,1
386,0.674284498316702,0.461675273510628,0.172980359941721,2
1128,0.351076853669922,0.567862746851124,0.736139908529175,6
520,0.615941924920771,0.789891732763499,0.370059972582385,3
889,0.350507495574366,0.633675367781998,0.732648698212178,5
1196,0.349863369515635,0.570866759274207,0.738484330911773,6
257,0.636228477100376,0.441910991468467,0.183992655901238,1
348,0.674306789729744,0.732839800906368,0.409337249305099,2
169,0.645954420198687,0.528264773334377,0.260166735691018,1
937,0.361476472951282,0.632198681522117,0.736386339764261,5
329,0.670345110599883,0.55185359637253,0.390403486974537,2
1227,0.360737910946667,0.573404776679547,0.74787388117686,6
1225,0.36320327618465,0.566190564609903,0.740307200467341,6
425,0.674927835094277,0.578692960459739,0.117767471424304,2
820,0.356952950661095,0.606776129547765,0.741493710648825,4
571,0.60991597434273,0.60801840738859,0.351266562193632,3
772,0.348462221451179,0.607151478178428,0.732897393360401,4
260,0.645569884786382,0.790365638816729,0.368793186102994,1
981,0.34639815978193,0.637790740905631,0.751855776079494,5
1066,0.347735915361614,0.569889938538183,0.742998594775047,6
913,0.351046259177108,0.63143950296191,0.742699656699155,5
752,0.356805583320827,0.604066205579622,0.742966005204518,4
672,0.359179577037359,0.598639412386267,0.751225601910027,4
1033,0.359768147513582,0.637482586041514,0.739598272430114,5
696,0.351274056000518,0.601852716678827,0.735066463464422,4
862,0.349467231295823,0.608563026725124,0.734963745148149,4
238,0.641711351848207,0.493401250476018,0.0940150821814314,1
472,0.608659329283983,0.598491464997642,0.151362549350597,3
1077,0.346159605457387,0.577944317114812,0.739416858085041,6
90,0.645406415583566,0.775984419882298,0.252740819193423,1
313,0.671288166916929,0.744659626646899,0.275898301927373,2
1111,0.346769147040119,0.564368767182382,0.744389480960653,6
1178,0.347853024471753,0.571616944359394,0.744413099540508,6
614,0.610137709723786,0.42560714695137,0.242983120097779,3
132,0.637364087121096,0.816013565659523,0.0139856147114188,1
265,0.666249894136563,0.579842925793491,0.370242235669866,2
734,0.354317977779344,0.610982144881579,0.745001186523919,4
644,0.6091969536338,0.861740258312784,0.411363246338442,3
895,0.354025353710431,0.635233597949089,0.739228222393965,5
347,0.668592583183199,0.853477052669041,0.340162210003473,2
1216,0.35969430775557,0.576200773827269,0.740431648369593,6
1143,0.3570209103395,0.577183812734172,0.734337130198942,6
389,0.667588056595996,0.51054942458868,0.324733751313761,2
1170,0.353141812452117,0.570875550443814,0.744897139323866,6
186,0.638236666906159,0.485442235390656,0.0309964630985633,1
902,0.347696366236713,0.630030819764836,0.741850894267624,5
303,0.675528386966325,0.468252444430254,-0.00587640870362519,2
406,0.675180666320957,0.723715813388117,0.298264818103053,2
340,0.667066064372193,0.53502654065378,0.151714394288138,2
444,0.670429135947488,0.540032077254728,0.0252883007749915,2
422,0.674156551652122,0.822877081017941,0.198421468562447,2
354,0.671842736112885,0.551037188875489,0.286623998731375,2
764,0.355592851725006,0.591879556641446,0.740390037915336,4
136,0.641437329826877,0.590353492437862,0.321025576628745,1
1121,0.34710118370804,0.562540708111944,0.742472993098024,6
107,0.641403334292118,0.719155365042389,0.146896815462969,1
1172,0.348073731625521,0.566634886560143,0.74378612253151,6
731,0.354332148476637,0.605858252776658,0.750153971675716,4
975,0.350265237575315,0.635945296769647,0.746718144922083,5
130,0.641643325032201,0.493638907000423,0.0412733262171969,1
581,0.615979911673348,0.876502172346227,0.397385904868133,3
334,0.66923224556027,0.520790041796863,0.352244984428398,2
868,0.346238706561683,0.629675079560675,0.756868649544505,5
239,0.643935310759116,0.621481417119503,-0.00692008801270275,1
1027,0.344806925386494,0.635322931445143,0.740890430378747,5
827,0.350633618829208,0.603665434135811,0.740649779910304,4
826,0.348068811022563,0.602814273228475,0.751900252402786,4
263,0.645230759093538,0.891457672254182,0.0487329908180982,1
814,0.351663224490656,0.603887753695454,0.743097222923844,4
663,0.606708891766611,0.774352632951923,0.17875278654974,3
652,0.612717331894673,0.753792611323297,0.103291669813916,3
553,0.609694114441518,0.559406758076511,0.215660278638825,3
1110,0.352337364724536,0.573849921920713,0.744972676873872,6
603,0.61189550610492,0.869630764843896,0.225329182879068,3
832,0.347506816915419,0.601561067907767,0.740678116137336,4
478,0.611056555109099,0.649891884438694,0.431375403143466,3
95,0.644124317723326,0.464676420576871,0.438552947901189,1
1081,0.347212436885087,0.570544330258649,0.744730487406418,6
1082,0.35330283926802,0.57287736334929,0.748068162981735,6
1064,0.357671620327594,0.570287101138333,0.734853137983952,6
258,0.644949174181093,0.662924838974141,0.184979484137148,1
53,0.405289123998955,0.485279520973563,0.560405196156353,0
244,0.638143428189214,0.788911621342413,0.364345412887633,1
372,0.667231263369322,0.416573527525179,0.474412856460549,2
616,0.61372552797664,0.562014688993804,0.205949988169596,3
992,0.350918309838515,0.629226197275665,0.742892476492091,5
345,0.671645059445873,0.824809342762455,0.293788799969479,2
247,0.642414506778587,0.758256093971431,0.332039815559983,1
38,0.0401313758920878,0.212728630518541,0.438079481711611,0
948,0.355183257933196,0.633107095506176,0.737689403765326,5
1236,0.354456309654781,0.570080597472686,0.736333810249314,6
659,0.608465560621116,0.565520757832565,0.0431898345239461,3
979,0.340990146982109,0.633797959224245,0.73939155121803,5
880,0.355420215476062,0.622900158961916,0.743292409785036,5
664,0.347754687103228,0.599592841913468,0.744739660436812,4
210,0.639974664405454,0.605406798794866,0.331214375281706,1
1090,0.343506442002584,0.568703081968111,0.747708336594198,6
707,0.352340821787884,0.601806816040115,0.746806978667597,4
954,0.363675825797662,0.629607785080913,0.745875770025286,5
517,0.611756321396679,0.570828760648146,0.467769269435667,3
1042,0.353463749183296,0.632016088314869,0.744116405084449,5
178,0.640939526087605,0.825887956097722,0.426283029094338,1
921,0.354874247581616,0.62743867325676,0.733332884448031,5
341,0.672508785168175,0.681122334697284,0.0302677726838738,2
510,0.611337990018074,0.515377080673352,0.371949964854866,3
512,0.613468691143207,0.550711489538662,0.19643396763131,3
164,0.64475022086408,0.579694198467769,0.225646187621169,1
511,0.614367215570528,0.418115080706775,0.484516134555452,3
1062,0.3651551328178,0.623488321930081,0.748820065623618,5
935,0.361287709495234,0.625710581811035,0.74129381022005,5
551,0.611785170447547,0.82255543328356,0.309652728913352,3
268,0.671081450965721,0.747167926421389,0.364222540007904,2
496,0.607374271650333,0.813548015337437,0.168594314903021,3
727,0.351909472679386,0.607023598504839,0.745839233317771,4
1116,0.343489860505464,0.584056963752799,0.741187353149256,6
595,0.611391427300405,0.720020763017237,0.107687122607604,3
142,0.64074893475743,0.741579954186455,0.322766650421545,1
281,0.673825931365136,0.49243645244278,-0.00162184091750531,2
97,0.641337704574689,0.644834427768365,0.249116127681918,1
59,0.460857993923128,0.32839340926148,0.122887722915038,0
842,0.346025263485385,0.598746740916411,0.745435841432896,4
223,0.642406244594604,0.856321721477434,0.178803200088441,1
399,0.668704788880423,0.711342028598301,0.24886217569001,2
864,0.34148413240819,0.628687716685204,0.742273306035011,5
418,0.669271566809621,0.722945818351582,0.424255531351082,2
174,0.643293582238257,0.538720938400366,0.221253569074906,1
909,0.341739790773352,0.634951562494508,0.745052313069773,5
608,0.613518625418656,0.889069581660442,0.266446082456969,3
198,0.643535926470067,0.449074214696884,0.483470498770475,1
1133,0.350953717229887,0.573933675538594,0.742092976853393,6
401,0.668413032710087,0.857955600391142,0.456787778716534,2
1187,0.359287485607525,0.579553004604574,0.739776959809938,6
1004,0.350057984046127,0.635965583579425,0.743623875102224,5
754,0.350710359474327,0.5982002578211,0.736292943968638,4
969,0.357556168921649,0.626974755059645,0.742255653089937,5
1127,0.345658256073308,0.570644517541079,0.740342006182871,6
569,0.612298435575794,0.704247485171072,0.0256392772542313,3
578,0.60666934116045,0.891846185456961,0.399478234071285,3
612,0.610780994864181,0.676207580859773,0.257616856321693,3
253,0.636868423260748,0.563145998772234,0.37021177560091,1
725,0.352094079109051,0.61396166530673,0.75018263956414,4
955,0.349332709897668,0.633081905389256,0.742919785762728,5
973,0.35048718861482,0.63176333903633,0.752713013700261,5
1195,0.344855365309905,0.575862358719363,0.74512368744333,6
882,0.349879943636288,0.629982801218027,0.743003471416638,5
15,0.904219893738627,0.872196905314922,0.190582005539909,0
351,0.675064069207292,0.666904574050568,0.193295635585673,2
956,0.339865811740871,0.630647740937037,0.740555138802349,5
1131,0.351016820590538,0.578643353815958,0.739921833988279,6
161,0.641919834581204,0.520318539487198,0.0456609099172056,1
1148,0.350084936999616,0.571650597120837,0.745581057847881,6
699,0.360674723314284,0.597930054025876,0.746491790910626,4
1043,0.357281665990868,0.634017985124233,0.749247108592952,5
962,0.342884713370518,0.632173209315911,0.738620870555354,5
118,0.637076921889093,0.830545484344475,0.374952326831408,1
989,0.345273428097326,0.63298538380524,0.744159142176059,5
32,0.143341123359278,0.412270515458658,0.37840114091523,0
1052,0.352884629152645,0.623515969495288,0.7391554063673,5
876,0.347171297441974,0.632609114813079,0.750320827101317,5
1076,0.356708784099638,0.568578206677501,0.743598034990035,6
155,0.640765047892928,0.749176023434848,0.426938598463312,1
753,0.350817713380519,0.607932419520797,0.751762376642021,4
68,0.642607924097683,0.773028440680355,0.378290763427503,1
1021,0.34567823804897,0.633422050008514,0.749864850881319,5
466,0.615188529524021,0.823886587424204,0.328156354906969,3
712,0.354958454947399,0.599273735541321,0.73940434205472,4
789,0.343294499733532,0.597963665796713,0.752773925461234,4
580,0.613875521135051,0.901162046263926,0.0353479341836646,3
983,0.349527959895716,0.626955661619709,0.740817021333537,5
1136,0.353600992429703,0.571136977079343,0.742884542023059,6
1094,0.359115740402309,0.574568105466828,0.746488165032165,6
420,0.671878744203132,0.441186735546216,0.145111403032206,2
452,0.669273204999045,0.814438627706841,0.342141090729274,2
16,0.360284459544346,0.499312379863113,0.137759791919962,0
549,0.612263429525774,0.579309878894128,0.465029862779193,3
405,0.66946197591722,0.642367657646537,0.225665769609623,2
375,0.667969406351913,0.632814225065522,0.260108489496633,2
508,0.609138472175691,0.831608419795521,0.111932695563883,3
296,0.673250743022654,0.674360407539643,0.0705193691654131,2
423,0.675539516673889,0.634121572505683,0.423088184045628,2
671,0.355833039087406,0.604539889732221,0.73948191374012,4
629,0.606731072799303,0.424333560885862,0.119629229605198,3
691,0.350793541292506,0.599779819576126,0.741380198728861,4
194,0.640519828463439,0.638313511176966,0.246219481760636,1
241,0.643881748307031,0.543915059440769,0.247177744703367,1
470,0.615538803522941,0.589588005468249,0.287275326391682,3
326,0.667145619101357,0.411581064015627,0.120611713337712,2
900,0.347720200016812,0.63549563953264,0.738814332025853,5
426,0.671361155607738,0.477415389870294,0.0593864557566121,2
400,0.669674416505732,0.611057396419346,0.273663906333968,2
1006,0.359672627065938,0.631944924310248,0.746218889602906,5
531,0.615151589254383,0.745835055969656,0.0240058491006494,3
1126,0.345683193283068,0.569931111018664,0.743444124511266,6
547,0.613757513554301,0.636671414389275,0.384981415886432,3
673,0.349213487618377,0.595901446955535,0.74295069563822,4
829,0.346996186562168,0.605681459648705,0.74167020737898,4
653,0.607672319842968,0.433133296924643,0.417101885844022,3
44,0.123001881176606,0.927013277076185,0.0594642350915819,0
1150,0.352320884476464,0.586488529271821,0.743174742949142,6
964,0.346020762324531,0.639252090672982,0.750553797987934,5
1109,0.35217855706643,0.568084701444288,0.740775132102267,6
390,0.667955698668957,0.732745658163913,0.0475634781876579,2
1028,0.352683818443346,0.626852593942078,0.73933621238558,5
147,0.644074681829661,0.846984692988917,0.478427514969371,1
206,0.643916737963446,0.870635443972424,0.30539329869207,1
936,0.34819526692508,0.638214675164606,0.741457430071055,5
791,0.342300471044868,0.605269662517054,0.751199722435216,4
291,0.675214145130012,0.715863425540738,0.289479880547151,2
656,0.613370207734406,0.469693607906811,0.297635518433526,3
39,0.410833795787767,0.211601750459522,0.0119656519964337,0
1101,0.361418865397231,0.57444614949752,0.746639979603006,6
120,0.636943217474036,0.647877858625725,0.103252154379152,1
432,0.667328098393045,0.647410090453923,0.130707806744613,2
865,0.351309319440502,0.63476680103292,0.739215593500526,5
777,0.351629621597087,0.601808849755483,0.736569808945246,4
173,0.644983378865291,0.702788133430295,0.159292007051408,1
972,0.35121921188895,0.631348075198193,0.74916149383606,5
934,0.357658391160343,0.625982103471237,0.752433841839045,5
124,0.642036400907673,0.67846018706914,0.0126443173037842,1
391,0.67534727298189,0.492267813556828,0.353066486376338,2
543,0.613191013515461,0.598831164557487,0.0180415618931875,3
320,0.666731741637923,0.770064196689054,0.205188270844519,2
587,0.614066983305384,0.79626618840266,0.329792575631291,3
631,0.613116740130354,0.905688415770419,0.366354250186123,3
824,0.353625230001241,0.610202797282692,0.739185325143645,4
726,0.355617609078077,0.598104091919823,0.735989112199551,4
1214,0.355014020040749,0.565189585679438,0.73071077141337,6
625,0.612635611237492,0.578703333064914,0.429116983152926,3
1057,0.352011438640185,0.636663386407643,0.743118309044238,5
1030,0.352177996719043,0.635075484032508,0.749460630843905,5
784,0.350523118873,0.606603049908662,0.743700448067036,4
919,0.351468037385815,0.639557528264629,0.747336291615234,5
231,0.637780930451118,0.801827828073874,0.471977639896795,1
380,0.669224989549257,0.783898375253193,0.45796385856811,2
1238,0.346650738848412,0.572105396455029,0.742106353038234,6
283,0.673216538967099,0.612244157842361,0.00840624894481154,2
1029,0.344377570667536,0.636937554202903,0.747914954723537,5
605,0.613625759698916,0.67510436559096,0.106109895464033,3
36,0.664624619297683,0.616761108860373,0.867971696890891,0
172,0.642481466208119,0.699129272741266,0.275849365233444,1
1185,0.361363681637612,0.581869026110228,0.733660202942161,6
458,0.674324533303734,0.803519466100261,0.471183450613171,2
958,0.35854306858507,0.625129637528573,0.744731770709491,5
481,0.611717779117171,0.525000757910311,0.176234335126355,3
1163,0.356480355475279,0.564626006085115,0.742106238494648,6
70,0.645213003682438,0.820896713901311,0.363121013576165,1
1124,0.348038084920469,0.578388197122804,0.745307195960438,6
342,0.673205759674311,0.483412341121584,0.338983102305792,2
360,0.668829539930448,0.533220145874657,0.296799408225343,2
1259,0.351810827408986,0.572881772237468,0.736219408776405,6
769,0.354820683259069,0.594421806805762,0.742837811338908,4
1091,0.352559698989744,0.570707328631697,0.738266737285591,6
967,0.353321742742462,0.636224788249884,0.743149097518637,5
887,0.349538918583523,0.628686925490262,0.747683669008986,5
678,0.347028943376587,0.607341719020202,0.746283236288807,4
991,0.357571445526124,0.634980587922524,0.734062393309318,5
382,0.667085318402387,0.865382354496978,0.22857256019488,2
1014,0.356764649447506,0.622153233811995,0.746069552233149,5
135,0.637723868961912,0.853130909986794,0.383468714961782,1
208,0.637151683673728,0.616169157112017,0.27791604383383,1
490,0.615133859300986,0.549485736317001,0.111851434060372,3
1037,0.343235023647853,0.632958574600845,0.744552723696709,5
126,0.64297344309045,0.662431651283987,0.333737982390448,1
890,0.356667739364185,0.630230640393058,0.746556490006332,5
189,0.640064402122516,0.8670041564852,0.14573077398818,1
88,0.639151543616317,0.572560924827121,0.120133680826984,1
536,0.607717952923849,0.75458857268095,0.208151299576275,3
317,0.672404538176488,0.876661713025533,0.0205480915727094,2
475,0.610834709894843,0.858086891961284,0.343366828467697,3
760,0.358469923968572,0.601269736606145,0.741834466572397,4
226,0.637874116986059,0.709768482157961,-0.00712750018574296,1
833,0.353928801726925,0.606437127579567,0.736386139860523,4
58,0.0496868879999965,0.90422201436013,0.893228642409667,0
165,0.64215661971597,0.599562581768259,0.356455714278854,1
300,0.675201857597567,0.601972809783183,0.191194745549001,2
25,0.825108712539077,0.936849898658693,0.220130713190883,0
219,0.643887684845831,0.583779703499749,0.276363728637807,1
528,0.606840590836946,0.752037202729844,0.141694445349276,3
1010,0.361214910303854,0.639325893685463,0.734338299213193,5
214,0.641257806774229,0.669772688555531,0.158467558049597,1
1117,0.352552255801536,0.571007094719532,0.747656464942331,6
415,0.675705910716206,0.722430514311418,0.0346717403270304,2
294,0.671757740830071,0.664201147761196,0.187008253950626,2
42,0.883108021691442,0.357987109571695,0.709565824363381,0
1211,0.345014191529243,0.568573436418942,0.751211281847938,6
883,0.352939402966402,0.633302943164538,0.747534519447935,5
620,0.608081821689848,0.780835517006926,0.153877853252925,3
997,0.347293638555846,0.639845442254913,0.750018495518616,5
687,0.338242995446274,0.600167529916357,0.742408191062652,4
286,0.671107357630972,0.574633882404305,0.40282681917306,2
1206,0.354428279224001,0.572817227144805,0.745917695664212,6
1141,0.346192450294341,0.58018505091644,0.740581401861477,6
757,0.353730133605212,0.608682697119532,0.741710125435912,4
905,0.347944328422652,0.633285187021092,0.737871686356699,5
1204,0.344693622051778,0.569403758892468,0.751072920613429,6
502,0.607458853337448,0.883241748693399,0.27180876263883,3
925,0.348600991370836,0.626053399518859,0.746799850594261,5
1080,0.359126494689795,0.583165809217369,0.744357908531169,6
1146,0.35024646294844,0.564437481877901,0.747425374573049,6
54,0.349362792912871,0.531745854532346,0.845050673931837,0
1086,0.358590285273814,0.57325528325201,0.739026859118766,6
267,0.670453781806864,0.87044310932979,0.329762140475214,2
633,0.608588294174988,0.902549695363268,0.345557784615085,3
611,0.607015563086607,0.794569740444422,0.421537665370852,3
33,0.702331329928711,0.393094090046361,0.826025594957173,0
309,0.667432327934075,0.651902178791352,0.127983571449295,2
500,0.614106551704463,0.819082573894411,0.174015679466538,3
310,0.669091734467074,0.88485106350854,0.20265951177571,2
457,0.667287576086819,0.81867241919972,0.101769051933661,2
119,0.644234272495378,0.851635191263631,-0.00128470063209532,1
1112,0.357317111072713,0.573245738031756,0.743023722748727,6
