1313,0.393658331321234,0.595326210274602,0.630006742772924,6
236,0.886661267839372,0.00858516129665077,0.993436191463843,0
549,0.415794848287478,0.522469322173856,0.782340764300898,2
767,0.360394518703688,0.500739544839598,0.384260168881156,3
1458,0.391871663015478,0.602731999528777,0.633499338921432,6
229,0.417933796532452,0.256495154695585,0.164624252123758,0
851,0.358728881077841,0.275993530033156,0.777847243123688,3
24,0.256328722927719,0.19335176050663,0.474844970507547,0
212,0.388730287784711,0.718786364421248,0.0772300118114799,0
547,0.414253062482458,0.340131815965287,0.594031974789687,2
589,0.42135747527238,0.304147017863579,0.475873546092771,2
1036,0.393427418358091,0.620758280147642,0.641789978648169,4
512,0.41853766752407,0.730125408712775,0.613672824110836,2
573,0.419215122854803,0.601375628355891,0.59229208144825,2
336,0.388268850301392,0.446800310723484,0.547272635623813,1
150,0.375275442376733,0.0512152337469161,0.837649893481284,0
656,0.419074279479683,0.310025949589908,0.692719501210377,2
591,0.416853302060627,0.720940774516203,0.366092003765516,2
427,0.391265140527394,0.470187867386267,0.700763948145323,1
470,0.38975209038239,0.492596007161774,0.61068898322992,1
127,0.341641994426027,0.454667710699141,0.241649596020579,0
1330,0.389968835653183,0.602930163649772,0.63458159394843,6
1062,0.397094254211498,0.624630136369838,0.634821098928934,4
1112,0.396973228391164,0.658315323448814,0.635894986960009,5
998,0.390908351159566,0.63575756212124,0.645635703982999,4
768,0.361978878658265,0.725362429139204,0.488449508091435,3
631,0.415395368544851,0.274654873507097,0.439797071623616,2
1446,0.401144549245479,0.596152708725469,0.635866660171433,6
308,0.391982123954222,0.411938184499741,0.822602739790455,1
1342,0.394247059863095,0.596372962227371,0.641982542951781,6
1177,0.402342276198593,0.664955036142129,0.634445344691441,5
896,0.362799065709114,0.439198707090691,0.461309520760551,3
1233,0.399001889546079,0.656806252294238,0.631859567733069,5
1404,0.395084744643796,0.592105145155902,0.632117302167534,6
1202,0.400343638621535,0.663831367574534,0.63771691023889,5
806,0.35981786926277,0.519842089479789,0.698293264489621,3
964,0.396426922379997,0.623320228578915,0.640495663694407,4
89,0.793927497928962,0.959658475359902,0.315807399107143,0
1241,0.400199679934911,0.663857156881705,0.630181566301595,5
41,0.0159530374221504,0.961450703907758,0.568750520935282,0
17,0.765464636962861,0.648959292797372,0.351024235831574,0
1351,0.402226380161547,0.606627948705325,0.634433422984984,6
1261,0.389738753119355,0.656825474758722,0.631368199558954,5
137,0.977048254339024,0.828217649366707,0.237049430143088,0
175,0.942094726255164,0.805279192281887,0.549583347747102,0
922,0.397317185017835,0.632180683976368,0.629126440911904,4
1165,0.388830255565208,0.653205049754478,0.642627096930477,5
296,0.475918081356212,0.014000324299559,0.27059815172106,0
934,0.38812452215237,0.619396417284716,0.633029405588493,4
634,0.416701145046391,0.607255414687097,0.730583487777039,2
927,0.385985286343959,0.625610166045591,0.632572113276965,4
1157,0.390502473606139,0.656610180810992,0.642292514376908,5
370,0.38589430678403,0.327778429002501,0.609793140436523,1
1250,0.398094987209346,0.656275392070783,0.634733647106233,5
1356,0.39776756122542,0.588723494921436,0.63660463108207,6
923,0.389067863752929,0.620988842555591,0.639342859190499,4
1167,0.396917554422459,0.659355101826992,0.63611932826619,5
339,0.385260222111829,0.61916832192801,0.52105280244723,1
577,0.417046992247924,0.326241600420326,0.685189566807821,2
503,0.418164728051052,0.598218455305323,0.82210979796946,2
12,0.88988800579682,0.431981947505847,0.871969814412296,0
1221,0.38658026143013,0.651678094406474,0.643718022753673,5
680,0.422714046521578,0.328164560929872,0.445729157072492,2
448,0.390069685676135,0.387817656714469,0.482408030889928,1
477,0.391128909520339,0.61041312511079,0.364415886695497,1
1426,0.395700140130193,0.597920978365553,0.638488403351337,6
15,0.325943492120132,0.970621817978099,0.343386468011886,0
244,0.140392527682707,0.682783161988482,0.888875099131837,0
355,0.383287813863717,0.568156571337022,0.773443009704351,1
1340,0.398118658156236,0.593996042427301,0.641674504332825,6
321,0.387419635723345,0.525218062778004,0.508827361743897,1
190,0.0745048564858735,0.904584129340947,0.820696229347959,0
501,0.418352479159366,0.513409861573018,0.442487359745428,2
755,0.360929063784424,0.717519860807806,0.779786820989102,3
288,0.481846295995638,0.209532780339941,0.0904458921868354,0
1020,0.399856730283581,0.625296456396392,0.62390727127615,4
507,0.423101914571598,0.44481286148075,0.675825205864385,2
739,0.361376987509429,0.712439879286103,0.571892834967002,3
248,0.0123137838672847,0.657318288227543,0.194694621954113,0
431,0.392186743018683,0.242588186729699,0.545840000733733,1
478,0.383975156513043,0.26408529477194,0.449604852008633,1
1396,0.39762426689925,0.600653986394826,0.63980349360923,6
1339,0.392195910110069,0.588289563592346,0.63413314665603,6
1297,0.400122273473027,0.661552773153792,0.633130127592434,5
62,0.0364332529716194,0.616066806716844,0.385328278178349,0
1264,0.395989323028204,0.654660871862098,0.639766657164156,5
1038,0.399637455950186,0.6184216560545,0.636546827275831,4
1223,0.400521832374173,0.652897139403605,0.641948140649213,5
522,0.41485120696947,0.6687360458076,0.826030998141505,2
780,0.358380027983803,0.399329778831452,0.63392683735583,3
52,0.698593037901446,0.208775868872181,0.179725519847125,0
533,0.422981586605311,0.259397590742447,0.486505260574631,2
913,0.390783055626411,0.627554408438706,0.624338025744911,4
799,0.35788538408,0.470393143221736,0.493834923254326,3
1113,0.394624040048057,0.653231561517516,0.641606922613184,5
382,0.391318819045555,0.671050883806311,0.789689919329248,1
1043,0.400706938197641,0.635050989340794,0.632951579165584,4
921,0.40508892207846,0.623055805541709,0.629223403847086,4
279,0.949934795731679,0.317322867922485,0.991228554164991,0
778,0.35398987357039,0.63772507859394,0.528647027444094,3
407,0.386547194831073,0.249637256236747,0.454235969111323,1
291,0.00018775393255055,0.402374694356695,0.817295973887667,0
795,0.355583140053786,0.380031847138889,0.580469990381971,3
475,0.383952987105586,0.492726637492888,0.602599520236254,1
1265,0.404226852235405,0.652160723969764,0.625498228397035,5
147,0.0523634615819901,0.301867617759854,0.0721552334725857,0
1236,0.386856420353452,0.653390244046576,0.635441178954463,5
1053,0.400485583434252,0.628914153808551,0.628024581721558,4
322,0.387329874751158,0.340078713581897,0.395732183824293,1
926,0.401138986851905,0.624545373755428,0.630972606895214,4
904,0.395862762047495,0.628545265086789,0.640159757773615,4
724,0.360240159160458,0.522248901170679,0.412716057617217,3
186,0.445023476378992,0.114925763104111,0.75271213427186,0
939,0.396042742199452,0.627904878190549,0.632659241568144,4
422,0.390631539206952,0.424158939137124,0.416684726253152,1
944,0.408240804560465,0.626986822510281,0.634085558869921,4
679,0.417307194327004,0.504380527045578,0.614863176364452,2
213,0.530564576387405,0.746779273496941,0.571484556887299,0
1099,0.399829174771931,0.615081316943653,0.643010129822826,4
197,0.894924121210352,0.00826189573854208,0.750438410323113,0
559,0.414969970926177,0.387064047483727,0.703041415661573,2
1412,0.39236983543903,0.598224123394401,0.627630525695038,6
123,0.544857234694064,0.0587151721119881,0.69405355071649,0
1400,0.391766814478612,0.591742758867064,0.635565411410125,6
703,0.356398259606212,0.264345593843609,0.65228536259383,3
1109,0.40430102790098,0.663298067161742,0.63133866288694,5
1091,0.410908271076842,0.624023837291282,0.632255694441572,4
389,0.390833277511411,0.397346821124666,0.478972796816379,1
1239,0.399629034972379,0.65333313246859,0.631479331066759,5
1217,0.397999950059465,0.656955882020676,0.638550993475785,5
1391,0.396953791297419,0.599315453104317,0.639087152598936,6
732,0.360469841496088,0.436386983003467,0.66981129324995,3
841,0.353641525874846,0.431004920951091,0.574633600888774,3
762,0.354916319446638,0.68725924436003,0.742086648591794,3
200,0.966245419112965,0.304111257195473,0.12773465574719,0
738,0.35943695559632,0.407523420383222,0.676271344651468,3
1210,0.390042864191058,0.659241141189799,0.638673589923114,5
217,0.890871774405241,0.389847802463919,0.535121643915772,0
1306,0.39259913815915,0.58807096398678,0.628166213879579,6
129,0.649041256867349,0.146103091770783,0.292743429308757,0
1481,0.398612020923968,0.597428658979794,0.632159892414524,6
344,0.38794529868057,0.575472042756155,0.519226136733778,1
241,0.773019345942885,0.808403652859852,0.121156266657636,0
877,0.358036636831239,0.494248940120451,0.396275863866322,3
1472,0.385708081172219,0.596508909491047,0.637706248845553,6
22,0.257094369269907,0.443515691673383,0.733560253866017,0
688,0.422305944156833,0.588553071813658,0.637924215872772,2
747,0.362070991697256,0.464099822891876,0.462721827207133,3
1110,0.398807917532712,0.663635637269406,0.631315202109431,5
728,0.354654016629793,0.312230093497783,0.68980463524349,3
757,0.362908324478194,0.528827119362541,0.667109956382774,3
121,0.984060063958168,0.559071777621284,0.517266309121624,0
718,0.361405336786993,0.661975588276982,0.692234908347018,3
883,0.354407683026511,0.667355012590997,0.390351961366832,3
633,0.416184943537228,0.25598633880727,0.689318602671847,2
1182,0.397270654388541,0.662568228791224,0.63823682485612,5
28,0.0330812877509743,0.00977223925292492,0.463984261034057,0
850,0.359714937212411,0.26734325857833,0.563124364125542,3
1290,0.393972601860024,0.65988038483697,0.640015642276241,5
1214,0.39444169508875,0.656295662434135,0.643161167627367,5
521,0.420086465200875,0.708664147392847,0.347556194639765,2
1059,0.399661020487859,0.625298274142446,0.63897183446847,4
10,0.222090230789036,0.20397306419909,0.645484688691795,0
771,0.357311649869662,0.403404154325835,0.423714325297624,3
1017,0.397956692506149,0.627854351969029,0.635940819985591,4
60,0.671947823371738,0.0281615173444152,0.3424069120083,0
951,0.392445754961341,0.63089747751072,0.632324714472263,4
1263,0.3962063476093,0.663722939773424,0.635033015585723,5
862,0.354193080391269,0.464623475424014,0.697987234569155,3
255,0.729688220890239,0.313887326745316,0.779495846480131,0
1000,0.392778387040284,0.631024666574475,0.637891392807679,4
68,0.767943043261766,0.208263326203451,0.238256881479174,0
286,0.660729032242671,0.420401754789054,0.602251909440383,0
70,0.461463246494532,0.49955419357866,0.796790227759629,0
686,0.413774241514038,0.299829246220179,0.52310897631105,2
1229,0.39456965916375,0.648786981413475,0.632112019469939,5
74,0.688396670855582,0.202271708985791,0.622377836843953,0
892,0.359575724473689,0.524253420159221,0.655952535220422,3
918,0.396793525871048,0.635549090752991,0.641322442942964,4
348,0.39162516816752,0.395032283244655,0.398189311148599,1
511,0.417718081769999,0.452582581178285,0.712459417060018,2
1462,0.389640349001258,0.592636010324652,0.635456873592426,6
671,0.419467335620429,0.527166792633943,0.776894773240201,2
1194,0.401375331294922,0.668419139104598,0.632602682993019,5
326,0.393203665290494,0.36526825951878,0.474453187431209,1
895,0.355030421593692,0.527321939449757,0.782745940145105,3
225,0.426403363700956,0.811484127538279,0.0567906484939158,0
941,0.409006361816135,0.628345976478792,0.637786756568471,4
252,0.518576964270324,0.327004502061754,0.0824225104879588,0
1383,0.389527414025045,0.600837156872608,0.636137065106693,6
1135,0.393954189014084,0.652073460044838,0.627662503684172,5
1438,0.390197365634865,0.597803160614367,0.648450492511446,6
615,0.414798533995636,0.327598731592298,0.477571285329759,2
1081,0.393060223665798,0.62683834118046,0.628509284304912,4
102,0.877409318927675,0.837585761211812,0.580969791160896,0
162,0.604526013601571,0.10813294746913,0.233939360827208,0
224,0.524983537616208,0.541915037669241,0.0689507925417274,0
1105,0.391794203350724,0.655888843999781,0.631070218264821,5
1369,0.394312624267011,0.600781187669148,0.634591495721228,6
707,0.361233950878959,0.338027983997017,0.357620865106583,3
403,0.391130499986466,0.338538469839841,0.354326019529253,1
306,0.388099813633598,0.682057543634437,0.788750485284254,1
1106,0.390129154686856,0.65359060387493,0.639548188470435,5
1443,0.399652710666511,0.59457097686655,0.636626477371951,6
1156,0.402863804201229,0.652816150999883,0.629697121173906,5
131,0.988700582180172,0.631960095604882,0.74955295631662,0
1465,0.398061803672092,0.601154526529102,0.632021706703407,6
1341,0.402503417132596,0.599258078266674,0.636825936084644,6
519,0.422931919773109,0.554951848788187,0.810370459454134,2
120,0.47906456515193,0.955900772241876,0.0241576877888292,0
1337,0.390441188303539,0.593065184086444,0.635077410120251,6
425,0.39132673936896,0.267070109583438,0.682345004053786,1
844,0.357289665439166,0.313530563702807,0.618022226612084,3
1168,0.392576820114858,0.640909571870361,0.639559810631051,5
777,0.361914141182788,0.525320967286825,0.747166232671589,3
699,0.420910050680395,0.532750017335639,0.562516838894226,2
367,0.388071417284664,0.427760179596953,0.507135450607166,1
472,0.383719833267387,0.736958524188958,0.821694818791002,1
25,0.156269460218027,0.778286516666412,0.638838051585481,0
247,0.0806327087339014,0.73901284718886,0.57151215407066,0
606,0.417988853012212,0.496019445569255,0.435350059415214,2
100,0.775038540130481,0.40674148616381,0.195647209649906,0
387,0.3836702072341,0.345220426074229,0.66816476045642,1
1424,0.406945485738047,0.595352523241285,0.636581849205954,6
97,0.699822922935709,0.104638312011957,0.188557638553903,0
31,0.38278500828892,0.0260300692170858,0.273254233878106,0
705,0.35897829271853,0.625251229363494,0.504335693432949,3
1126,0.400886553937663,0.654234595875078,0.639658396498557,5
1470,0.393424077113262,0.591460436608669,0.64231977127449,6
970,0.403750418804724,0.629608062316103,0.639478735115964,4
661,0.419335702252574,0.274827395076864,0.447615746059455,2
701,0.362309283979703,0.455308192619123,0.35760820726864,3
1437,0.393632713368508,0.591799848717823,0.630492615741704,6
395,0.390511185054202,0.461172333778814,0.394171346561052,1
37,0.0209469872061163,0.925404366804287,0.211717534344643,0
1248,0.391352460040247,0.6621630183299,0.637845778536271,5
523,0.42137679846026,0.238636246626265,0.776211215415969,2
666,0.420537506914698,0.427990901260637,0.498876390745863,2
67,0.157429564977065,0.575725554488599,0.467053279979154,0
493,0.386985273854807,0.256712724897079,0.679238268523477,1
1448,0.397400134107082,0.597067571038389,0.637931526104114,6
1377,0.395864230129025,0.591699563983004,0.631596726945589,6
432,0.391440654392354,0.56057490860112,0.379131995141506,1
1196,0.392577644505639,0.657734473313951,0.638101828426366,5
141,0.705570400226861,0.168107303557917,0.0647481547202915,0
1288,0.391541621050812,0.656067785285573,0.638075705894249,5
287,0.59185589547269,0.390572154195979,0.806366567034274,0
377,0.393024532420095,0.682069187262096,0.585701469448395,1
609,0.416562022806611,0.57272881756071,0.702542653889395,2
1255,0.39887311773896,0.661410394056974,0.634715648753653,5
433,0.385763602522202,0.479853550414555,0.754096630145796,1
65,0.974783424520865,0.358836547471583,0.594345943070948,0
1275,0.405088570194356,0.65341875653587,0.63575831517041,5
398,0.385498604604509,0.29060354186222,0.755622573313303,1
809,0.355095293885097,0.674138357839547,0.6698593350593,3
1259,0.399304982801743,0.668636567308817,0.635686177448572,5
1485,0.394331053788063,0.59947411567298,0.634736579855856,6
1094,0.392722783212242,0.628605956769277,0.630212794205504,4
749,0.356911446186714,0.654213533247821,0.816913376329467,3
1193,0.402176969771864,0.651142832099595,0.645428480922305,5
250,0.708791221026331,0.671969254501164,0.772330025210977,0
779,0.359325737496838,0.607719764322974,0.38969768921379,3
332,0.386371288935188,0.579031576029956,0.622842654935084,1
1024,0.393616603087543,0.638036465381178,0.630980200041634,4
1286,0.391951737922071,0.659870129171973,0.630483221201943,5
419,0.392718855913263,0.606187435891479,0.508160539437085,1
791,0.357316712208558,0.352725324663334,0.390700626303442,3
1314,0.401331771437995,0.596667875662469,0.637668511054262,6
1382,0.396053500579802,0.600276387634114,0.629062570853987,6
199,0.358912005089223,0.069097368279472,0.518571319058537,0
623,0.414680657091085,0.374214889458381,0.699544155388139,2
987,0.396432855164702,0.624648547613639,0.646947531144077,4
1468,0.401443165909876,0.601587483577825,0.635501667139773,6
1141,0.397796775525358,0.661630984551162,0.639034306795243,5
731,0.361182474729139,0.242992665362544,0.565856569097377,3
1066,0.386390357932741,0.620345566692455,0.640521654244905,4
237,0.294881113804877,0.485348809510469,0.643811352318153,0
942,0.390325612895305,0.62256222793477,0.635236350733613,4
134,0.416922003729269,0.412394343875349,0.375162334414199,2
726,0.356693810313009,0.604418560606428,0.468647626228631,3
721,0.354794987805653,0.29354818535503,0.516906925942749,3
1045,0.401078733385488,0.632977587542882,0.635115617129954,4
366,0.391014993961435,0.301098820962943,0.669829446356744,1
1467,0.406209044940684,0.605240908015597,0.635619763997958,6
535,0.416401388747618,0.46722403888125,0.469598713563755,2
264,0.134216108592227,0.227366402046755,0.189683398231864,0
360,0.387169171047863,0.732438142271713,0.624580746865831,1
1268,0.402405011991034,0.660096777778822,0.639853666039384,5
1478,0.400188523379197,0.591487218987635,0.634296009092824,6
341,0.385224094628356,0.420364017458633,0.720006442046724,1
235,0.315989393973723,0.0624261065386236,0.566433859290555,0
1500,0.388131176439337,0.601293453786054,0.637345907470109,6
85,0.0110400309786201,0.569979683030397,0.355374549748376,0
424,0.388091550834943,0.518407685658895,0.519716114737093,1
744,0.359129730204586,0.270676034828648,0.600633698282763,3
1490,0.389612868976255,0.604419309448053,0.633286012988283,6
439,0.385357391897123,0.620672913943418,0.533306340454146,1
1305,0.390933399122885,0.599347985505265,0.633084938500542,6
1148,0.401700418709946,0.651892485044704,0.637073966279461,5
51,0.645466830348596,0.266231640474871,0.252192926127464,0
760,0.355917197181843,0.556068017939106,0.432481124997139,3
49,0.345595755148679,0.728208094602451,0.587444397155195,0
1057,0.402498874048598,0.622818920308085,0.629950066922026,4
641,0.417526707469951,0.304369580559433,0.55873883026652,2
1431,0.401747461831708,0.588160103614625,0.641639966437045,6
670,0.417721483174246,0.57999136634171,0.685066391830333,2
971,0.38761404760309,0.63246388497539,0.633235869635211,4
1493,0.390788666603467,0.594748667210557,0.64266041324339,6
2,0.952195486519486,0.143575596855953,0.1644227351062,0
932,0.386365517868906,0.637936190093672,0.635715479382983,4
564,0.418959228538442,0.4447300048545,0.581067551975138,2
354,0.384688057699241,0.407117549306713,0.420969140366651,1
1299,0.400918844778647,0.653947773582907,0.630219901918311,5
457,0.388661788573954,0.398876031953842,0.774845395470038,1
1068,0.39103783223986,0.623824008752706,0.630519291635011,4
1134,0.405200965823891,0.655510453408638,0.639837630010947,5
1071,0.397105428876503,0.617513243420057,0.635162876010351,4
1471,0.406033447986993,0.596083330753342,0.639090799849463,6
232,0.67202702537179,0.812271087197587,0.479614933487028,0
543,0.423177318249364,0.289297912362963,0.792133477865718,2
365,0.386749044014141,0.353706576139666,0.476348928175867,1
494,0.384539406155236,0.274063854105771,0.47237334062811,1
1249,0.403607449652998,0.654827307413566,0.629762211607399,5
1408,0.393677283640805,0.592126004982807,0.635016789227046,6
276,0.429457871709019,0.628053082386032,0.442590361461043,0
657,0.415971633133013,0.343383480072953,0.671602141926996,2
805,0.356454261525068,0.675905617047101,0.684550034929998,3
376,0.391942329853773,0.543834606395103,0.794273968553171,1
1031,0.395935432029809,0.631166952387337,0.632667311154137,4
949,0.401928183586135,0.635487590739935,0.629077365506223,4
234,0.570190876256675,0.389731166884303,0.426867007510737,0
1411,0.404200750240036,0.590776068352134,0.63265200725877,6
775,0.354708300947677,0.710412787133828,0.653159479377791,3
1281,0.389594376206058,0.652846358938064,0.63662814613384,5
782,0.357979935952462,0.423214379092679,0.668843119754456,3
1222,0.398868804028058,0.661859425332961,0.638645736561781,5
1001,0.393280902378569,0.62505714091692,0.645447264747954,4
482,0.385932648545131,0.570734809711576,0.709929730161093,1
1238,0.389370853752854,0.653653948509205,0.6303036165214,5
1459,0.404665772635266,0.601818137890162,0.623853247030094,6
1477,0.38775419018584,0.595474646438573,0.626765035043309,6
262,0.894839292392135,0.71284101693891,0.329675477463752,0
947,0.396974202059565,0.632293316901059,0.635733401444707,4
952,0.398878818893136,0.62627412183822,0.63791304774147,4
754,0.359891000054777,0.309168226644397,0.836585661862046,3
650,0.421873040541541,0.272597740381025,0.785445019137114,2
601,0.419272876542527,0.641550892591477,0.39475736382883,2
628,0.421943629670423,0.312212176946923,0.473377662012354,2
1150,0.397757161317662,0.659929560802287,0.636874352695708,5
1304,0.39369794034637,0.597023554817664,0.639088774285051,6
447,0.389498755391687,0.397443395201117,0.450799771235324,1
347,0.383314876013901,0.587074051704258,0.77726889657788,1
1393,0.40235943008768,0.599175299954135,0.642495405278074,6
394,0.385865463942755,0.64040946457535,0.714769435464405,1
450,0.391923878851812,0.640452772006393,0.348449620651081,1
567,0.42186345214257,0.604401686089113,0.348879669676535,2
784,0.35707692952361,0.651023616059683,0.512485577142797,3
174,0.324218840803951,0.923301781527698,0.0762599187437445,0
879,0.354301589452662,0.495056269434281,0.469315401627682,3
451,0.384666034036782,0.351826648321003,0.612917294143699,1
1034,0.391091662037736,0.637781117282162,0.626537629553487,4
743,0.359842011095025,0.574206016585231,0.729963985504583,3
888,0.353396075833589,0.344134395685978,0.810067396727391,3
1449,0.39138108162837,0.587342515130522,0.63354713314571,6
1309,0.409511019304803,0.603682227865605,0.636989466057915,6
638,0.413649301847909,0.388780807005242,0.362246108008549,2
1245,0.400071876053429,0.654703897253547,0.629685143051602,5
510,0.417256794057321,0.426139085297473,0.629129992797971,2
82,0.976594557520002,0.102784754708409,0.404697943478823,0
77,0.725948208943009,0.875356604577973,0.955555511172861,0
654,0.414639463485219,0.497357660881244,0.405894265510142,2
103,0.161793359788135,0.374232555972412,0.960515786893666,0
617,0.413359036010224,0.660247805970721,0.806826166459359,2
972,0.391891727890006,0.629253173175522,0.629126341445116,4
1220,0.402604664593622,0.650501301553552,0.637652632507902,5
1215,0.398906083114893,0.651329311013465,0.625059900234284,5
1189,0.393802557800707,0.658073489855346,0.640921169687041,5
80,0.222294047474861,0.120181089034304,0.871625980129465,0
180,0.384104301920161,0.338378740940243,0.915762288495898,0
1312,0.396791328435293,0.606195007797318,0.632625357295678,6
945,0.396483943533742,0.6253933712452,0.638502547528813,4
48,0.694994223304093,0.901416048174724,0.777722985949367,0
1454,0.399043663324266,0.599835817801809,0.631218230833271,6
1187,0.406100912471903,0.654245856576009,0.642251042913658,5
928,0.392161161142525,0.620739987856147,0.630835487988858,4
1072,0.396454512129771,0.62829906979359,0.636803498087087,4
958,0.407826059908761,0.627488068877171,0.63670195016219,4
272,0.973173093982041,0.472980676218867,0.651559401070699,0
774,0.358109589859378,0.438818799890578,0.63758866826538,3
352,0.385872007291764,0.39403523793444,0.608491564518772,1
536,0.42259325863095,0.451179639762268,0.596806272980757,2
719,0.360769074663986,0.46655425275676,0.642214250285178,3
420,0.390909314902965,0.456532327551395,0.778711973922327,1
1403,0.389727804135649,0.600706286130855,0.632948563501284,6
353,0.388698528686073,0.367073333566077,0.492118218564428,1
967,0.39616587024022,0.623657500294341,0.636417851087309,4
216,0.462351484689862,0.185219360981137,0.131200143601745,0
1333,0.396095898333693,0.60248614708411,0.634709859659868,6
611,0.421496544575784,0.334829800506122,0.418383651529439,2
492,0.389043358978815,0.505201282189228,0.515340272570029,1
506,0.421692482524086,0.631666869716719,0.344998394255526,2
1315,0.400355504802585,0.592682929642167,0.638391582811125,6
81,0.195908885682002,0.531819656258449,0.424819133011624,0
820,0.354069340850692,0.430591872520745,0.699180679628626,3
59,0.464325654320419,0.542977466015145,0.815878660185263,0
1302,0.392153939680549,0.596369463118483,0.639341996913762,6
459,0.392412641018163,0.451157552632503,0.625254063401371,1
1451,0.398142834267899,0.60099859469528,0.631175798057919,6
1100,0.393699132111586,0.628570814361351,0.629170430102317,4
385,0.388892578056548,0.340791455912404,0.583377129631117,1
504,0.422807801568415,0.574324563937262,0.558164299465716,2
909,0.395360514444708,0.635013647854328,0.63723582954966,4
284,0.155952114844695,0.454627675004303,0.101929620141163,0
1278,0.406284758931842,0.65658268225526,0.633091224573307,5
281,0.465923314448446,0.0556542207486928,0.00815445487387478,0
982,0.396687604033649,0.623781876733884,0.635272263132094,4
79,0.153906596824527,0.411648850888014,0.783010350773111,0
530,0.413434581267648,0.360701567819342,0.502702626166865,2
325,0.389382511670701,0.538552557793446,0.381568459328264,1
742,0.359707769725937,0.395286453166045,0.783813112415373,3
752,0.353428882276639,0.590324247465469,0.787794733652845,3
1495,0.390105231212544,0.604449260482573,0.644480300427721,6
461,0.39018994203303,0.558598952693865,0.709314243751578,1
1006,0.39995661484295,0.618847254204983,0.627034705822502,4
94,0.120828253682703,0.255116763757542,0.0443109024781734,0
135,0.372854270972311,0.557647467590868,0.172878575511277,0
104,0.103599627036601,0.580491598928347,0.957585563650355,0
386,0.383849641655106,0.572455384279601,0.433952406630851,1
282,0.321498117642477,0.918771851575002,0.873047661734745,0
1289,0.39565074236033,0.646966791138904,0.633801279997523,5
968,0.393330512014634,0.631595440112219,0.631037171373107,4
312,0.38938184104627,0.376220823358744,0.355755383963697,1
219,0.741515550529584,0.232758664758876,0.690628451760858,0
1473,0.393397672321009,0.604388501783824,0.630380786712616,6
371,0.389616064422298,0.370634250319563,0.416342000942677,1
976,0.401700428452594,0.626374350284726,0.638013550236723,4
189,0.304808576358482,0.232042578049004,0.777449693297967,0
614,0.420980950195808,0.569198426068761,0.446841550059617,2
496,0.386458133673295,0.479686573473737,0.750804430339485,1
1138,0.391651049572931,0.653025674627534,0.643020885499411,5
916,0.394262345081263,0.62801421273449,0.632506611394926,4
1178,0.391010259341227,0.656279218452655,0.630852423212906,5
1418,0.400968335480426,0.586316222942075,0.630459811822322,6
146,0.0670381900854409,0.439993050415069,0.629886967130005,0
889,0.358406130834483,0.577621085895226,0.613958366215229,3
965,0.395373299390951,0.623281397287222,0.639874719869034,4
1121,0.39377832075746,0.651531217237866,0.626947851950155,5
538,0.423243829135317,0.649524934100919,0.384920661454089,2
1266,0.386563806106586,0.653729148101652,0.642969659479812,5
562,0.422964328355156,0.284769003372639,0.553310540155508,2
546,0.422908293434885,0.643448321823962,0.620438847574405,2
571,0.417056479034945,0.245515094231814,0.514616752276197,2
871,0.35330228643259,0.397551997890696,0.422570286435075,3
856,0.35844169733813,0.652565145376139,0.546380629297346,3
513,0.414391277786344,0.421799851441756,0.663054547389038,2
681,0.414611593522132,0.636500590690412,0.582513898378238,2
309,0.38959387996234,0.555748727847822,0.610768739250489,1
822,0.361889704011846,0.539157361001708,0.639799490454607,3
1143,0.398691967990505,0.661806902026184,0.637582971613611,5
1474,0.391137069109417,0.596778716367283,0.637704541229884,6
416,0.391713347490877,0.545481763058342,0.573247579159215,1
1416,0.38909396502848,0.596791188351879,0.638651545863479,6
937,0.401560476640599,0.63202288768624,0.640366112109711,4
935,0.396407903649839,0.622702739294996,0.63140351678832,4
1326,0.399224729286977,0.602384365247889,0.636359673732991,6
613,0.413494262716267,0.62709685319569,0.776455796323717,2
1447,0.394132790466924,0.594543117658486,0.630570051222287,6
682,0.414523217757233,0.24526482236106,0.778928978485055,2
801,0.355889681475237,0.464446456963196,0.551440923009068,3
960,0.405196659900921,0.624396486969169,0.638646745840809,4
1469,0.394807716514845,0.595267204065886,0.63782531111029,6
363,0.38890545307193,0.633248084317893,0.817441461607814,1
1084,0.393603770335882,0.633297852485209,0.635166240709334,4
1428,0.389754020471923,0.593408138239268,0.640716125403627,6
473,0.390450228261761,0.457204605662264,0.713129048235714,1
169,0.525480360491201,0.258273754036054,0.780028122011572,0
1399,0.398367335468916,0.595740225413822,0.633781989507201,6
581,0.416844989159145,0.7279596719658,0.530303574516438,2
1230,0.397124568862396,0.656701586129125,0.630745362756011,5
785,0.357259620984551,0.361442974046804,0.692033203551546,3
1430,0.400036722312418,0.601776431678427,0.634974974236656,6
1307,0.390659649058135,0.594528647604601,0.643097422884202,6
765,0.358400565392803,0.491407728963532,0.832802182412706,3
1104,0.394065305702125,0.655641588282244,0.649694076308173,5
796,0.356582248548511,0.340700046136044,0.534526236006059,3
1115,0.398622588069651,0.653432789262131,0.636030266186443,5
1083,0.400152008148959,0.632875998413963,0.629220263159094,4
1183,0.390837813367786,0.652062848511833,0.634178738459745,5
413,0.389796373718418,0.564023671881296,0.554042182979174,1
404,0.393119080720935,0.320443315990269,0.785781839978881,1
974,0.391669574400767,0.630636799518498,0.632603964098062,4
145,0.353363588452339,0.402970224618912,0.199528486933559,0
126,0.367621631361544,0.069402497028932,0.0577511396259069,0
491,0.386013575401157,0.712358879484236,0.513082958175801,1
469,0.38984047278529,0.302824534801766,0.764689495787024,1
168,0.00281315436586738,0.846222283318639,0.540767742786556,0
830,0.36125865187496,0.482498584175482,0.583494841936044,3
843,0.354187058727257,0.357267832709476,0.795070797554217,3
1228,0.415161985106214,0.655060198521166,0.634003304414139,5
88,0.94598335120827,0.841104821534827,0.991741402307525,0
1417,0.392362002396544,0.597798051478201,0.645907832478087,6
714,0.355253854733892,0.298595953825861,0.780669804895297,3
1384,0.400485399999902,0.600846779352827,0.638085867766115,6
804,0.361376902062912,0.675182912824676,0.65551792900078,3
239,0.398347269976512,0.266946512274444,0.117773740785196,0
561,0.422945791129023,0.458853085502051,0.777577056316659,2
443,0.384425720472355,0.681614791369066,0.751249654684216,1
1492,0.401659478347628,0.599892543742734,0.636484519592717,6
132,0.766796485055238,0.678947835927829,0.812378953676671,0
1140,0.388035439027292,0.657350744120645,0.635377223469107,5
409,0.388885146295652,0.496709191449918,0.527756266179495,1
985,0.39952710983645,0.62053786174788,0.647267090948854,4
1107,0.40236838129881,0.652075157290792,0.635841433298977,5
694,0.420581693677232,0.698968881485053,0.486583461170085,2
840,0.362383971740492,0.541850635409355,0.584425562876277,3
1380,0.393145242208955,0.591741056428284,0.632508152680555,6
467,0.391286049960181,0.526094282371923,0.646126427222043,1
122,0.627261608373374,0.0941884813364595,0.306840559234843,0
1429,0.400061220624894,0.599901819113544,0.634874544555248,6
166,0.108247838914394,0.680805444018915,0.90624474408105,0
558,0.419967045374215,0.309818989923224,0.38131547824014,2
315,0.39006411427632,0.676705129886978,0.437575739808381,1
1254,0.392284285436514,0.663348851201315,0.636595679596995,5
1303,0.401635207219516,0.592854719871259,0.633962460967358,6
933,0.397045823574132,0.630220042369991,0.63856637561314,4
300,0.500851701013744,0.487862227717414,0.89829595037736,0
58,0.376250984845683,0.113859802950174,0.924767164513469,0
1075,0.398830282337817,0.621862041828441,0.62826416936346,4
1323,0.38757897502711,0.596457335047042,0.644644148492864,6
14,0.898272173246369,0.600073451176286,0.83089836104773,0
117,0.254082221072167,0.935451116645709,0.280292529379949,0
584,0.422690507452935,0.474057020014152,0.728613374987617,2
90,0.850591202499345,0.263424006523564,0.252178366761655,0
226,0.671685150125995,0.773993167560548,0.223241064231843,0
687,0.418845341147389,0.4111378779402,0.803118234616704,2
861,0.362376038602088,0.537168482411653,0.493171276291832,3
1116,0.389474296212873,0.658840862524612,0.6396907294275,5
1401,0.398902440763074,0.595680102535268,0.623838090128184,6
1244,0.401629215394081,0.655263652191632,0.63012122765807,5
1242,0.400830380445215,0.656350256969121,0.638646133618244,5
84,0.0947958889883012,0.329543979139999,0.764772671973333,0
54,0.352756629465148,0.905544899171218,0.544742360012606,0
532,0.416246733719017,0.643366996874102,0.489893666584976,2
400,0.392159914067015,0.251441005477682,0.566424243617803,1
834,0.353958373847418,0.287261064373888,0.625384519109502,3
1280,0.394607116484919,0.649891619957987,0.636475418890804,5
846,0.35357765783323,0.464360479474999,0.491348112816922,3
316,0.383939026617445,0.254965285398066,0.648624468478374,1
471,0.387892994654831,0.621254944917746,0.513069536536932,1
1023,0.398858579992024,0.63080194417569,0.641749587772827,4
625,0.420614049984142,0.39958520277869,0.776107453741133,2
842,0.355658007038292,0.465102902590297,0.626550873043016,3
1087,0.398206258036602,0.621786741476562,0.638777152747545,4
172,0.742169384146109,0.427778029814363,0.489131125388667,0
1276,0.387931733137224,0.655819302148563,0.643864899366413,5
1328,0.394970855956075,0.591734149523864,0.638175278392154,6
1021,0.396348737150917,0.620844576499115,0.63897026893423,4
648,0.423000439601019,0.338899856526405,0.719841438462026,2
1246,0.391905926622407,0.646028486335987,0.629153024892047,5
1405,0.393320653277768,0.602199571238655,0.637548298079574,6
46,0.0508725994732231,0.0705075189471245,0.735702982870862,0
618,0.422415309050121,0.541289100400172,0.42314730444923,2
1015,0.402550360697646,0.622321340695757,0.633126740309284,4
1219,0.399344338125912,0.647668511250201,0.633305113089543,5
1175,0.393417269612088,0.650756310978517,0.635587120690667,5
1358,0.396048594181094,0.59076221363948,0.635000468054309,6
1496,0.400244291909884,0.60051579209219,0.638807232146712,6
516,0.4203389988048,0.649351689708419,0.510171138914302,2
1355,0.390023260783636,0.608096053826606,0.638362858747762,6
748,0.359512432555202,0.47049031869974,0.357700400287285,3
1491,0.397442003521683,0.597189067343014,0.63134439061437,6
187,0.878042162163183,0.646875681588426,0.8783682086505,0
715,0.354458204067778,0.540412913402543,0.756593164987862,3
1347,0.396344780907281,0.603365022947933,0.642858195807169,6
8,0.0740760201588273,0.118670603726059,0.585172980790958,0
1277,0.387623240157046,0.653268935200507,0.639741712425609,5
887,0.363011953572277,0.594301998591982,0.591271521290764,3
6,0.850719556910917,0.152454336406663,0.550866156816483,0
626,0.422808903509285,0.57080848373007,0.504559848457575,2
458,0.390510712093674,0.652889445633628,0.752724541351199,1
1327,0.39490463496247,0.588919973280948,0.636696276607797,6
158,0.105854670749977,0.857484707375988,0.612007875693962,0
1049,0.391507661381972,0.623027169055037,0.628742982845267,4
301,0.385410328505095,0.325479933037423,0.757885222556069,1
13,0.0195780419744551,0.0467713130638003,0.239260044181719,0
870,0.359904713826254,0.662301346403547,0.680880029452965,3
1425,0.399214704705578,0.58957890851188,0.623032368859911,6
1218,0.403751769489773,0.660885523082113,0.630387408236303,5
1256,0.396497942483966,0.657323687392762,0.638890992697194,5
452,0.385667610152159,0.655193551885896,0.82415630936157,1
1381,0.395327246694933,0.593265322248285,0.642556230281512,6
1387,0.388791727341415,0.598932237278455,0.636589448432131,6
61,0.984722172608599,0.542333855759352,0.00302302511408925,0
374,0.387180408253335,0.477725891256705,0.674312821938656,1
184,0.671434028306976,0.499969565775245,0.65114872250706,0
930,0.393892558351815,0.625941115634257,0.633038530006289,4
204,0.286407409701496,0.137094639008865,0.386156025575474,0
340,0.386084194625728,0.36934808336664,0.57891926181037,1
289,0.299582352861762,0.939357102615759,0.886879911413416,0
675,0.416253066549543,0.366732399072498,0.440691170515493,2
221,0.496345532825217,0.313617405947298,0.0875128072220832,0
1192,0.399680290360004,0.65250248330096,0.634219969242638,5
209,0.388814896112308,0.158068269025534,0.33879318437539,0
875,0.362027172250673,0.699461966962554,0.380137676140293,3
1360,0.399981115637963,0.59108483439755,0.627201363297646,6
295,0.369568277383223,0.383075262187049,0.692808746593073,0
647,0.421047819864471,0.345198509842157,0.436200093012303,2
27,0.133828047197312,0.565107893198729,0.112105186562985,0
196,0.775182456476614,0.527918893611059,0.720886319642887,0
231,0.358258402207866,0.930032851174474,0.467573898844421,0
579,0.422319903401658,0.499789869156666,0.691001099185087,2
663,0.420772162289359,0.364391729445197,0.631677492056042,2
101,0.463649028213695,0.328326850198209,0.236638527363539,0
349,0.383578663712833,0.522410445823334,0.755369451944716,1
1373,0.403223942458305,0.598498292482238,0.63218065616417,6
1195,0.393068310204134,0.657472262165028,0.629192442613409,5
520,0.421997151388787,0.71874948181212,0.444865382043645,2
729,0.353697897454258,0.350558639946394,0.788806025870144,3
1346,0.397812666604796,0.587698591984698,0.638911404705476,6
1122,0.403474981748615,0.649142596773967,0.642140652885555,5
202,0.11772251361981,0.524968863232061,0.0675543756224215,0
582,0.415128734880127,0.319368930626661,0.45817355287727,2
34,0.385122502222657,0.906213308451697,0.0951470818836242,0
717,0.359590043160133,0.282487592869438,0.514152226736769,3
983,0.396740610027461,0.630787986958967,0.643747217980356,4
1186,0.396204972572589,0.658160204946409,0.638610050588401,5
66,0.715374095132574,0.0971567162778229,0.0292394254356623,0
155,0.305020244326442,0.750508711440489,0.309094080235809,0
989,0.388457272850562,0.627993917175926,0.632641693300689,4
1445,0.393857529491737,0.603614456162255,0.625745049703765,6
863,0.353986436855048,0.425923780631274,0.708428315934725,3
456,0.392233067241032,0.507507469714619,0.684431837755255,1
245,0.372105003334582,0.438748465152457,0.189131024293602,0
269,0.297674090601504,0.0975787676870823,0.210529218195006,0
515,0.416848419781309,0.2727298976155,0.748367117135786,2
485,0.388911556056701,0.396788272168487,0.667338614817709,1
1082,0.391256475718406,0.625704234746672,0.634106831760537,4
391,0.389555153893307,0.265898990887217,0.632439958164468,1
445,0.389464866800699,0.665963556128554,0.568333619390614,1
1046,0.398278484456695,0.629388491689156,0.621049797557134,4
594,0.422399151448626,0.463123660627753,0.503581806318834,2
201,0.269680642522871,0.492842921521515,0.696662080939859,0
1345,0.395548645265369,0.582879167478303,0.633757027328592,6
227,0.53714711102657,0.653433551313356,0.720957903657109,0
706,0.354435531306081,0.527545110997744,0.778494290658273,3
1,0.0909492385108024,0.632645286154002,0.763092126697302,0
572,0.416861484150868,0.596504536434077,0.379836753825657,2
1267,0.396783144031649,0.661252337378419,0.633348423261043,5
1051,0.393039919931828,0.631879732628916,0.637556754090472,4
171,0.147572247311473,0.239779281662777,0.128157143713906,0
1407,0.396537845695816,0.598888604230487,0.63395522267755,6
1172,0.399255318212034,0.650705071084294,0.6344390076083,5
890,0.362133686998859,0.580012290249579,0.772655619541183,3
526,0.41904579823371,0.343286770372652,0.363636006601155,2
1300,0.39660992066965,0.660088120424386,0.638698768960724,5
388,0.391872650703881,0.395406427886337,0.687614255468361,1
1039,0.391040849656025,0.621219083082041,0.633695038860942,4
981,0.39363848031755,0.633352455610177,0.642745650111461,4
980,0.401383590247041,0.629605247546461,0.631674023721422,4
993,0.396165527950454,0.6308307403448,0.634737780154268,4
540,0.416152698411606,0.465783294499852,0.652439545490779,2
1252,0.391318093968771,0.660976662379971,0.634623510167168,5
206,0.394798156805336,0.0942922348622233,0.790449576219544,0
114,0.87866288353689,0.0700281572062522,0.00945408642292023,0
1130,0.394775525477071,0.652676840767326,0.63638996482233,5
664,0.414121643556282,0.459683594969101,0.715899991686456,2
1499,0.40182577748911,0.596645749966879,0.637868597813942,6
380,0.383385086702183,0.498890920402482,0.391991605749354,1
1292,0.397599481980434,0.651374010520171,0.636568138069204,5
78,0.389361841138452,0.242711817380041,0.173500051256269,0
853,0.359363203293178,0.7208546792157,0.542326306342147,3
1197,0.401671275315915,0.655202197103008,0.6392546688393,5
182,0.921174997230992,0.669937265338376,0.226807762403041,0
556,0.414768930121791,0.47351317780558,0.475913410889916,2
1415,0.400895241571674,0.603509933182594,0.631780170614532,6
1258,0.396240468907669,0.661481435422214,0.63080070751354,5
824,0.357039769277908,0.4338195519289,0.754447521874681,3
133,0.289477118989453,0.982405227608979,0.377636630320922,0
847,0.357581606821623,0.311388594191521,0.365444669965655,3
639,0.417805830650032,0.674876317591407,0.413779317284934,2
1159,0.398992184562927,0.653767082444226,0.634376487392408,5
160,0.797210119664669,0.610751122003421,0.0539003077428788,0
720,0.362849758723751,0.726895139063709,0.664884312776849,3
210,0.252978603355587,0.189096042420715,0.684210155159235,0
63,0.624238373711705,0.154071478638798,0.528270917246118,0
1054,0.397589321122994,0.628222362359117,0.629537546537717,4
329,0.385596732073464,0.323934832331725,0.650752113899216,1
963,0.403824919422154,0.625105636306356,0.634727935740482,4
334,0.386807269710116,0.472541813598946,0.494748257566243,1
552,0.423166561226826,0.379792964062654,0.411908085341565,2
283,0.331945060985163,0.0468811416067183,0.0400883022230119,0
1086,0.403403424976055,0.627914030567722,0.642847413105083,4
1132,0.394111493449833,0.663241194710117,0.635759383988521,5
290,0.692566478857771,0.446004390250891,0.719032805878669,0
1127,0.396794213572284,0.663609062412877,0.632476722378907,5
428,0.392784078014083,0.441753872996196,0.66763289377559,1
3,0.14220045087859,0.230642580892891,0.104780575726181,0
412,0.388051427209284,0.577564707119018,0.772524960106239,1
602,0.420687113201711,0.395788123458624,0.346887460676953,2
118,0.529466326348484,0.7536172834225,0.358289704890922,0
215,0.938262919895351,0.149053174536675,0.817470665089786,0
563,0.420457379817963,0.337008993932977,0.692258423310705,2
783,0.354207223714329,0.297509548580274,0.773301218869165,3
333,0.38465855793329,0.302135203010403,0.565172348869964,1
45,0.220243078423664,0.461292790016159,0.896801009075716,0
574,0.416717967758887,0.331555470335297,0.424657188588753,2
849,0.356208609845489,0.27457627186086,0.489845209172927,3
390,0.388861011471599,0.265746085881256,0.560088326572441,1
454,0.386616404894739,0.600201837578789,0.697349311201833,1
644,0.420590138961561,0.240034065069631,0.358237263048068,2
940,0.391320265516914,0.625973879665004,0.648149202454227,4
1423,0.395748318727089,0.588755471226641,0.62940600583448,6
191,0.920727160060778,0.753516892436892,0.696450428571552,0
299,0.0729407742619514,0.53475851751864,0.170337047660723,0
93,0.418229753850028,0.463096764869988,0.333402215503156,0
508,0.419993561445735,0.366624919092283,0.599298379151151,2
568,0.416602021809667,0.507263013254851,0.705721831764095,2
792,0.362475898677949,0.668715610145591,0.799805493210442,3
356,0.387392283510417,0.481375319161452,0.427333289640956,1
1060,0.390695022988458,0.620668700663877,0.644959592207856,4
723,0.362263458156958,0.630837627896108,0.481046478264034,3
537,0.415792026787531,0.64536294513382,0.53625410515815,2
1200,0.38867864117596,0.659048834444876,0.628718170620589,5
898,0.360412341433112,0.679188350192271,0.693920954945497,3
57,0.0910794567316771,0.100359457079321,0.642633284907788,0
545,0.421346769309603,0.263027314422652,0.362147329724394,2
208,0.667229919228703,0.447835245169699,0.580441600410268,0
152,0.746217154897749,0.242598852142692,0.713843248318881,0
142,0.653643912402913,0.185455758357421,0.870482438243926,0
330,0.386861043579411,0.398086111969315,0.558037993498147,1
1041,0.39484567183561,0.626976885622831,0.627437915843875,4
278,0.853017225395888,0.726273438660428,0.140794154489413,0
736,0.355766720597167,0.612930597946979,0.435545048909262,3
323,0.384683799217455,0.362261790991761,0.795405749813654,1
1149,0.393661200703198,0.667066543319373,0.638069775246472,5
500,0.387213603761047,0.495490124309436,0.583458787295967,1
1160,0.396659767394613,0.6554085265404,0.640999874486407,5
242,0.921682447660714,0.65506805293262,0.952632293570787,0
178,0.467873689252883,0.162610228639096,0.788094379473478,0
19,0.196170995710418,0.675982593325898,0.191716028377414,0
569,0.416897743330337,0.713542294199579,0.784629714442417,2
555,0.414916303148493,0.521662103454583,0.343470653169788,2
819,0.360409397406038,0.55659758716356,0.48618324752897,3
1361,0.393901897185429,0.60171560039841,0.630768790827618,6
258,0.503611023304984,0.699255939340219,0.221369217149913,0
700,0.416985936758574,0.67093604800757,0.68216409930028,2
1003,0.395269169148989,0.630413732358462,0.636227297215654,4
595,0.416880905234721,0.486139073478989,0.479970440501347,2
1284,0.401798781100344,0.653044238365772,0.633251095937811,5
905,0.390655231747003,0.624714753708399,0.64140910395593,4
943,0.393720858599066,0.63106078278641,0.636553442970592,4
529,0.41466709590517,0.657708278833889,0.803888720460236,2
1232,0.393113945173668,0.661235453536664,0.641992190833186,5
1260,0.393477470777966,0.659948140992878,0.634393189750006,5
1016,0.391670802669497,0.629117294454274,0.632542077465187,4
1139,0.392216608715544,0.657853372135218,0.637853108024128,5
1176,0.399922119985381,0.650796301003024,0.64544565306705,5
483,0.390524076246657,0.368329088063911,0.836771314963698,1
1014,0.404109224589636,0.615720585619562,0.63781944403893,4
1301,0.406307885929723,0.596186471705704,0.638851145003759,6
36,0.000203338218852878,0.108918672194704,0.414580639684573,0
938,0.387640120207016,0.629986859848844,0.638680125862972,4
7,0.458954385714605,0.417527233250439,0.0159350032918155,0
787,0.358489107848145,0.317594390455633,0.695335150929168,3
275,0.611979002598673,0.0973273972049356,0.836324036354199,0
138,0.668223867192864,0.112355778925121,0.970821205060929,0
397,0.38964425806189,0.65791750906501,0.475689297891222,1
882,0.357315061178524,0.642247229791246,0.673369669704698,3
1390,0.396619646625681,0.600016543220765,0.635139422450064,6
991,0.385460821280933,0.625321243919491,0.627277785755547,4
1322,0.394621246636847,0.606104369933729,0.631392430560235,6
605,0.420536690659355,0.568119839741849,0.439401639392599,2
1293,0.390586094941567,0.651886683802942,0.629784643331681,5
38,0.69957932527177,0.967342091025785,0.0202632970176637,0
109,0.850774799007922,0.888188243843615,0.0639552623033524,0
285,0.24682355276309,0.68751111975871,0.207531806314364,0
750,0.354607295314781,0.421566492621787,0.690483884536661,3
33,0.846566285006702,0.224665163084865,0.332882641581818,0
1098,0.391832174786247,0.627236183963004,0.631491457231543,4
988,0.394683653271735,0.62718499701712,0.642775781424102,4
273,0.773303705267608,0.591113672591746,0.910913592437282,0
314,0.387554196431302,0.437544921971858,0.527549135615118,1
803,0.359458885518834,0.259588659717701,0.835438202950172,3
73,0.221320045180619,0.653065331047401,0.825222460785881,0
1063,0.396747614361408,0.619582952691685,0.639929036979305,4
1497,0.397598031294313,0.594122501638285,0.635563385853283,6
1432,0.402604394780066,0.595714869760499,0.641786407379682,6
1319,0.399794304946882,0.593560807335878,0.632950825018913,6
672,0.415479127683211,0.512910336465575,0.499341871240176,2
1237,0.396009873792908,0.664459023263992,0.639333191284151,5
884,0.356107423098292,0.677005961397663,0.415241697104648,3
405,0.385267282433342,0.736545531987213,0.699227593722753,1
704,0.362621672248933,0.515215404191986,0.84112887037918,3
955,0.396679834618043,0.630014545446309,0.63968019641137,4
1442,0.392782537490259,0.588173834688598,0.645883942678551,6
599,0.422624703922775,0.544327450194396,0.433091659797356,2
979,0.39741419776937,0.637436164149822,0.630574951959928,4
105,0.979717516107485,0.0377537172753364,0.212594223674387,0
946,0.395705433503365,0.629739041531253,0.632505842336905,4
1272,0.4013604118803,0.652572855436369,0.636611364758349,5
307,0.384973513903096,0.676579793076962,0.781877016881481,1
1076,0.391963791353521,0.630134935253128,0.640296360929627,4
53,0.899535565637052,0.766197409946471,0.259502444649115,0
1206,0.388186802689548,0.657792144785373,0.640126792603046,5
246,0.941413132008165,0.120778467040509,0.89476753002964,0
1199,0.406476673391609,0.660193874264756,0.640592397753252,5
274,0.064890444977209,0.905743889277801,0.328493959503248,0
616,0.415516470738221,0.301133026112802,0.738823503488675,2
828,0.363237525171135,0.469028591620736,0.593605071422644,3
669,0.422191858394072,0.28836788199842,0.773017663741484,2
119,0.813220299780369,0.0163337979465723,0.719886335544288,0
712,0.359956258474849,0.647109345393255,0.517213306506164,3
713,0.360750872995704,0.264623347180896,0.548705415567383,3
259,0.457478956319392,0.0515919793397188,0.982084981631488,0
1111,0.394941438871297,0.651345972125155,0.641977551174132,5
1489,0.407374889504577,0.590697701973362,0.62433628787686,6
1052,0.403309456523788,0.625407582401536,0.630439338032358,4
1078,0.399574668500343,0.623700622071165,0.637948022963437,4
817,0.362104059807025,0.248201137618162,0.746601837454364,3
908,0.398021574585103,0.621207076467667,0.631050673833767,4
1077,0.392808758464561,0.625968017711468,0.635225129350987,4
375,0.386516905529425,0.490416232589632,0.724149861140177,1
1461,0.390193217993939,0.591550218039272,0.639324859647048,6
1282,0.398725200454052,0.646732777828905,0.636931525569296,5
75,0.145632290514186,0.310122050112113,0.953542442526668,0
900,0.355650606928393,0.515746319293976,0.717509247595444,3
310,0.393051714596804,0.628101019863971,0.775054453639314,1
392,0.385197176267393,0.498901483113878,0.659774931031279,1
756,0.359932884820737,0.474171166750603,0.802601344417781,3
1146,0.399325839416357,0.651646071315782,0.641728101444967,5
328,0.391601165679749,0.482872616243549,0.72610099054873,1
181,0.862031038384885,0.73177352338098,0.771684139501303,0
203,0.192910933401436,0.741207216167822,0.719078892376274,0
1457,0.40030404142563,0.59384162286454,0.632993719427428,6
1203,0.401045669138247,0.654234903638046,0.635689737416115,5
253,0.637044333852828,0.83688228786923,0.749227982014418,0
807,0.362743328495417,0.642820943822153,0.391662042704411,3
668,0.419371681765188,0.273322418541648,0.491591057972983,2
751,0.353612025948241,0.355847882782109,0.588039545807987,3
1007,0.399441815880615,0.629455873568951,0.633836605052635,4
565,0.414446159361396,0.720835671271198,0.528031267807819,2
1364,0.400874323071914,0.59124086918851,0.633952734693054,6
1455,0.404306116316944,0.595458571959942,0.635351370411675,6
576,0.421026196232997,0.394579384452663,0.35759347199928,2
16,0.480930855730549,0.0913895522244275,0.713885696837679,0
1439,0.394676325648935,0.597226934880582,0.628725698587646,6
106,0.674356198636815,0.0167695332784206,0.381301567424089,0
318,0.39191723709926,0.626258065318689,0.409533090773039,1
9,0.919771893648431,0.000623520463705063,0.209517813753337,0
194,0.799617165932432,0.339747946243733,0.648053183685988,0
858,0.35552499683341,0.635240508452989,0.525426341569982,3
44,0.724400736857206,0.901257153367624,0.640805999981239,0
640,0.421086147697643,0.653128044307232,0.733992774039507,2
437,0.389526828741655,0.51920446169097,0.59315690305084,1
1320,0.402787847697322,0.595840132739299,0.632879603711949,6
1367,0.392643569934959,0.598100388922237,0.630606343472424,6
607,0.422943218238652,0.352298245974816,0.707502301433124,2
411,0.389560652850196,0.594854821893387,0.528892213013023,1
902,0.401823124854653,0.617568242847173,0.641044431014443,4
766,0.362849102381151,0.648834574827925,0.649770344840363,3
645,0.418155604407657,0.669762370269746,0.574119064258412,2
449,0.38494458025787,0.382564789475873,0.733150470303372,1
11,0.789545723004267,0.0431037929374725,0.359978866064921,0
72,0.668386757140979,0.159551444929093,0.578497831244022,0
907,0.391565918901656,0.620558286835234,0.633566174025007,4
254,0.329284480307251,0.579156754538417,0.425240505253896,0
136,0.986565179890022,0.753105546813458,0.510610106633976,0
684,0.419232552710455,0.56314571001567,0.55102023400832,2
848,0.354258190281689,0.548313451674767,0.475020451121964,3
624,0.420951683248859,0.240042761876248,0.839129075640813,2
1170,0.400016337547143,0.654643114225785,0.632681620849532,5
1371,0.397604783594117,0.600316995526835,0.63442437417444,6
96,0.231295836158097,0.109279975527897,0.527698413003236,0
260,0.200237152399495,0.709408333525062,0.829628071282059,0
929,0.409539801395202,0.623874899944257,0.639128713781193,4
1027,0.392399625460432,0.630515675407242,0.645739777288481,4
1368,0.396344745698731,0.592522300690629,0.631312417944779,6
544,0.417573095008265,0.370688644563779,0.369546595145948,2
261,0.750856462633237,0.415466178674251,0.431456206832081,0
1035,0.396389802430874,0.625721931557887,0.628880086499262,4
462,0.38350057356758,0.681861918978393,0.617119489703327,1
263,0.147961242124438,0.798238857416436,0.558919546660036,0
697,0.421825129103381,0.688802167866379,0.545112125459127,2
406,0.38484692747239,0.725088791316375,0.550303540192544,1
789,0.359722391169053,0.622392464638688,0.674899769364856,3
1047,0.39696759051724,0.626047030489588,0.626905649588718,4
1419,0.390869438144295,0.598170837150187,0.638439765375354,6
1125,0.396364458901739,0.662697988813834,0.636087270082151,5
1374,0.398041322470402,0.591395083330637,0.63780281248975,6
1012,0.388844767479824,0.626387394615142,0.63161435105534,4
35,0.000949254492297769,0.662244213279337,0.136171471793205,0
665,0.420360364767257,0.314280927507207,0.463128228555433,2
426,0.388988353712484,0.565158219984733,0.342617638874799,1
486,0.383667049787473,0.691727017262019,0.837387711158954,1
1476,0.397991171972222,0.584407306126039,0.641078955085964,6
498,0.39150168734137,0.669656863762066,0.796010579331778,1
1378,0.395964159976945,0.593721277632217,0.630501372788398,6
358,0.385301890715491,0.734311877493747,0.545486766030081,1
539,0.4221490158909,0.380385052738711,0.416032652137801,2
481,0.385707108785864,0.343998707225546,0.483931488008238,1
1332,0.390195723191465,0.605762446090079,0.636564715939098,6
833,0.353456833413802,0.704991832701489,0.581658557406627,3
95,0.347193436697125,0.649567514425144,0.123561655171216,0
957,0.395012311794817,0.626452000533413,0.631704848652022,4
1173,0.394334233356133,0.651523336510285,0.639527132368097,5
243,0.716946298722178,0.866562604671344,0.906521708937362,0
802,0.359462431105785,0.437564324564301,0.745697380858473,3
277,0.940898596541956,0.996665645390749,0.249081519199535,0
1354,0.392207535547256,0.594692710548235,0.63723510469576,6
1070,0.401180919197509,0.628994809844977,0.635618663410129,4
490,0.385079987277277,0.386526198219508,0.474987491732463,1
1487,0.394099362057529,0.596265243212057,0.630876585742005,6
1498,0.393121304474003,0.594966284386934,0.637105543218239,6
185,0.971552910748869,0.879726384067908,0.196180280530825,0
1379,0.388228479781673,0.593173647216981,0.642328767233439,6
29,0.277291741454974,0.539265314582735,0.96880987053737,0
995,0.393648343214044,0.622484420517444,0.633172041664719,4
1235,0.403671623289694,0.652594160826189,0.640206804315035,5
880,0.353299014021177,0.311187516059727,0.476391057018191,3
674,0.414737320540007,0.401357528730296,0.399989933473989,2
165,0.321249273605645,0.753933615516871,0.0177357078064233,0
866,0.353644380506594,0.637703145947307,0.596709789708257,3
910,0.396630520387722,0.623188643095946,0.635854803806485,4
1074,0.393193208579756,0.631659097203508,0.629331751789907,4
399,0.39070511154132,0.291930666402914,0.612049590563402,1
1198,0.387436651359203,0.656381558489845,0.635270405370374,5
598,0.41812677159207,0.502858789497987,0.461714032804593,2
698,0.417142945360392,0.683243804005906,0.717602211982012,2
1058,0.395413380920068,0.631593241907253,0.628585075139449,4
570,0.420579277635552,0.5598135282984,0.414314480498433,2
832,0.356317796756048,0.56910453978926,0.794028487289324,3
610,0.418305271642748,0.517184549104422,0.608483444550075,2
1247,0.396214292016157,0.655051324248025,0.64052227420587,5
695,0.420616875581909,0.541523933969438,0.496638686163351,2
1080,0.388994283382485,0.629546057317847,0.63970895819604,4
222,0.142927292734385,0.0907090313266963,0.212479970650747,0
76,0.637511193286628,0.464749468723312,0.91270174854435,0
673,0.418541786626447,0.616563296038658,0.801791801466607,2
1410,0.404617434976168,0.6027099801205,0.639240584340933,6
346,0.389412461929023,0.38155924375169,0.421870790771209,1
228,0.731926423963159,0.539595875423402,0.763864238979295,0
676,0.419280797415413,0.659832549374551,0.583571406081319,2
1466,0.381447994046226,0.600518504807459,0.63627840901183,6
1088,0.401714003609131,0.630565001221155,0.640316860240411,4
369,0.391254573024344,0.379225056013092,0.764552577747963,1
637,0.417206408751663,0.477195852180012,0.761735244421288,2
415,0.389830920889508,0.477354403212667,0.732561806798913,1
786,0.361287369087804,0.673904140805826,0.640248183510266,3
667,0.418510487484746,0.330141321965493,0.743311644066125,2
317,0.390937500991859,0.668806822481565,0.548446850385517,1
112,0.951766649261117,0.175752121489495,0.873922501457855,0
1204,0.396066650662923,0.653689022630252,0.64024464963365,5
1375,0.396275320077446,0.60359095356802,0.636211815147516,6
629,0.415822993139736,0.273360219062306,0.756820189533755,2
914,0.392890247143755,0.621669658511221,0.638788069411872,4
528,0.422962439262774,0.358456970285624,0.547594632371329,2
788,0.357479087384418,0.447612203401513,0.349428436020389,3
915,0.402907045430365,0.621541317231651,0.632470602008026,4
21,0.681269052205607,0.902405889704823,0.937180128414184,0
772,0.3567321506585,0.392432214086875,0.837639874778688,3
658,0.419688217078801,0.46910941877868,0.748062655911781,2
1298,0.391839561006248,0.657849228632275,0.632735493338478,5
1169,0.395196123801519,0.645572518424054,0.639976853736682,5
612,0.419800575859845,0.438867601659149,0.837787661817856,2
996,0.398260577183343,0.625428791562307,0.639000062647037,4
442,0.38733005869668,0.501484789396636,0.353457360994071,1
176,0.94178633694537,0.280365608865395,0.269703786354512,0
143,0.859717364655808,0.276291970396414,0.662218037294224,0
810,0.356711362865754,0.450928445765749,0.663105777930468,3
1366,0.393990927999958,0.599661763287933,0.634015216968038,6
1009,0.400980647628906,0.622628064536106,0.64187414325118,4
1386,0.396444820036937,0.59055289416061,0.630355001258762,6
659,0.421276063565165,0.339443592680618,0.464910718961619,2
193,0.583781537367031,0.976412284886464,0.149018313735723,0
948,0.398841517097127,0.620385263096451,0.640885715355654,4
886,0.356173661442008,0.673614115314558,0.37070081802085,3
1331,0.398508973997303,0.602202035125314,0.632000102720834,6
635,0.41440556071233,0.396639684890397,0.595992500660941,2
893,0.358036555578001,0.675432538241148,0.483758889720775,3
1123,0.396472699416656,0.654228284761077,0.633028897450998,5
874,0.362259463837836,0.615472784242593,0.677811549976468,3
627,0.418775564618409,0.641837446112186,0.466176093206741,2
373,0.391941405504476,0.33665971851442,0.657758949208073,1
585,0.420678055207245,0.487426877347753,0.477040655678138,2
1181,0.396284090035169,0.661003094681253,0.635986269287154,5
167,0.341632085386664,0.670246083522215,0.0356272167991847,0
1270,0.401148531843981,0.657157736623356,0.638379577609594,5
977,0.396904664147816,0.618898319139727,0.635403413916908,4
1073,0.399965979736196,0.631139906482944,0.64318502683104,4
421,0.38481731347274,0.687243080092594,0.665364774758928,1
1085,0.403210135843354,0.619128698573542,0.635574270058505,4
737,0.356080362601206,0.448027077224106,0.686198578914627,3
620,0.423018459517043,0.577036143373698,0.759352353750728,2
410,0.390482974350452,0.670516074728221,0.743615851271898,1
865,0.358616017489694,0.66886843284592,0.430755263660103,3
1064,0.389516320110713,0.629753500516007,0.646633105422114,4
999,0.387480329543148,0.62686414235004,0.627652685254605,4
677,0.417564494262915,0.413095746864565,0.635502218734473,2
660,0.422590229476337,0.243367507215589,0.785402059089392,2
509,0.418894017087296,0.6286609581206,0.733926140819676,2
961,0.403070222308521,0.624690441306309,0.636730296324428,4
773,0.362740030619316,0.305648326734081,0.404894261038862,3
1494,0.394589140995587,0.590887592163175,0.640097327213082,6
1273,0.396950445614013,0.655187210585648,0.637165325214431,5
953,0.395843530362632,0.62808684001433,0.6336431280409,4
685,0.421630438808352,0.565871772682294,0.399872152134776,2
351,0.390411845811177,0.632768842251971,0.799039101810195,1
835,0.357638040625025,0.468734316155315,0.685893076471984,3
839,0.363014308228158,0.527949620597065,0.472178769414313,3
541,0.41569216482807,0.553430902631953,0.499948528129607,2
230,0.420856438810006,0.74751580064185,0.954775126650929,0
859,0.354614205243997,0.254189366917126,0.774735351093113,3
418,0.388636757128406,0.448383928835392,0.838710583280772,1
632,0.419943062730599,0.703467000485398,0.404847290832549,2
711,0.360661342120729,0.57345078161452,0.60776967392303,3
1243,0.402548708411944,0.656710683058556,0.634186624262114,5
271,0.608291990123689,0.481341116828844,0.274702749680728,0
337,0.392434661628213,0.451053714589216,0.421768646803685,1
1421,0.384607732904761,0.593191523398596,0.639578783378339,6
566,0.421252605251502,0.348246223502792,0.520235039526597,2
1144,0.397116210167913,0.648690504314733,0.623177921030203,5
1318,0.397263128657994,0.601966935240522,0.638402397619354,6
1158,0.390184408909187,0.661491613014704,0.643606404572127,5
130,0.982166394358501,0.534739470109344,0.657559302868322,0
1056,0.402687506961463,0.632812252827689,0.643395543381607,4
740,0.354318590275943,0.354900940530934,0.68201203213539,3
557,0.417125007782597,0.47719954114873,0.671685736742802,2
906,0.397169791114823,0.629252421929206,0.63569734594251,4
812,0.363050194785465,0.518497046874836,0.833734027342871,3
1385,0.398861565493865,0.59911936839174,0.640077639329294,6
869,0.361892271970864,0.261878552241251,0.542465300066397,3
414,0.389825743376277,0.606382437725552,0.579021888552234,1
460,0.388843246637844,0.577139660809189,0.719917155453004,1
630,0.41734219245147,0.453211454069242,0.832356688799337,2
583,0.42324018530082,0.414387104543857,0.484717202489264,2
1274,0.390461967287852,0.643451991021683,0.644165368699333,5
690,0.420377073772252,0.304008468962275,0.694362558424473,2
897,0.361642746457364,0.708865346130915,0.549789018114097,3
280,0.550168268149719,0.856944422004744,0.581270704744384,0
808,0.361372397518717,0.640804130095057,0.406925876159221,3
518,0.422411191447172,0.455566697148606,0.533663064823486,2
1004,0.393604607762979,0.621413671391584,0.639909250788586,4
446,0.38849624969298,0.533627354982309,0.729610887705348,1
476,0.392812878380064,0.441625214507803,0.432940086699091,1
1162,0.405749119935251,0.655858182899441,0.625821922289993,5
716,0.35426366899861,0.340034705796279,0.700756944715977,3
867,0.355885707861744,0.284988628095016,0.602093585301191,3
1155,0.398758548759475,0.670831297719904,0.629597172431355,5
56,0.703514818102121,0.949336075922474,0.934985313331708,0
148,0.865888769971207,0.217731449753046,0.520925457356498,0
435,0.384463134717662,0.66177203131374,0.429515271564014,1
621,0.419199729822576,0.541772835399024,0.455963307525963,2
436,0.384235740071163,0.655698971101083,0.509635795839131,1
831,0.354364272493403,0.422126505267806,0.489129680325277,3
1120,0.399974088435558,0.651051982503916,0.634914010540423,5
179,0.332099597202614,0.57882984331809,0.468040261417627,0
1310,0.387696470647589,0.594063843574191,0.632321530152704,6
128,0.371008285786957,0.780879022320732,0.669378122780472,0
554,0.413660815809853,0.396566798421554,0.537041186820716,2
734,0.36315585414879,0.649805576400831,0.524948988924734,3
860,0.362465952767525,0.480382123589516,0.442853189771995,3
1096,0.40008130961426,0.631309028215477,0.632859015846087,4
652,0.416372265594546,0.253843215270899,0.592917445697822,2
885,0.35504532980267,0.723813713039272,0.763920804136433,3
1119,0.395177563783362,0.658843244655624,0.640501469283017,5
678,0.417882484835573,0.411611435096711,0.478820895659737,2
484,0.391689770270605,0.411790399905294,0.543576793977991,1
894,0.359781291354448,0.699066789331846,0.344570566085167,3
368,0.388798605634365,0.304249372310005,0.785539179341868,1
1344,0.403859819492573,0.59687702159218,0.635446490808392,6
47,0.22131250728853,0.586257898714393,0.477544490480796,0
1048,0.396727516442951,0.632913177316679,0.62226685868937,4
292,0.980345983756706,0.904981071129441,0.646739178337157,0
402,0.38727424825076,0.285766716091894,0.466540739755146,1
1010,0.393227835478106,0.627799565064833,0.630132332760803,4
1095,0.394910217881685,0.621281648270122,0.633666895177659,4
920,0.393252000560115,0.631387455161172,0.637700592777287,4
826,0.358677488029934,0.277617278485559,0.480703123612329,3
689,0.421982212604489,0.39496820953209,0.748094448121265,2
372,0.385231182067655,0.552168686268851,0.719501554500312,1
876,0.356808862090111,0.668309707287699,0.827518295263872,3
911,0.403333042662198,0.624683956536038,0.634803802595257,4
813,0.362397167922463,0.659037282783538,0.712922080652788,3
653,0.416631401902996,0.32585064470768,0.667202331242152,2
642,0.415783194587566,0.689634178043343,0.528450676589273,2
489,0.386003646696918,0.301532581425272,0.456431190017611,1
1262,0.39844982568361,0.660726713841156,0.639100372353028,5
441,0.389416317807045,0.663751625665464,0.404777382849716,1
790,0.358566074159462,0.446621660119854,0.733578876475804,3
1376,0.39134489715143,0.59105793192602,0.624798383421631,6
1409,0.385484738226405,0.600751587218752,0.636304745498934,6
891,0.362153476416133,0.667313467105851,0.73138765944168,3
223,0.255216241814196,0.202971665421501,0.19236744614318,0
302,0.38951796119567,0.718906186614186,0.391360747162253,1
854,0.362194812060334,0.498224118817598,0.802060776739381,3
1161,0.398012154517821,0.649556510049661,0.639264407100299,5
364,0.389064526027069,0.642096855305135,0.564696233137511,1
480,0.388653748829383,0.616927998233587,0.557909356546588,1
1032,0.390963444470004,0.624424114641387,0.637086709136585,4
1171,0.393816315109216,0.649631807009456,0.62720794182774,5
1316,0.393103754856393,0.591268045590811,0.642115703226137,6
857,0.354574469861109,0.55316463005729,0.635095480130985,3
1363,0.395473541614158,0.594442341233957,0.6347155595073,6
829,0.359564715602901,0.327350124227814,0.483829809818417,3
1145,0.400071157728249,0.657654306706194,0.640489924378681,5
319,0.385865175889339,0.268887808173895,0.662996042519808,1
852,0.357043488048948,0.54280744350981,0.633243372431025,3
1018,0.401447894356608,0.63132270305461,0.643469515565502,4
763,0.35741428356152,0.635727484803647,0.511168017750606,3
1013,0.40009225205424,0.620442645459342,0.622715145516826,4
1483,0.398616345203005,0.586499283741279,0.634279368499951,6
383,0.392590336932335,0.293006616155617,0.659261986846104,1
1370,0.393774183295952,0.591523454269646,0.641509696514387,6
69,0.206603451864794,0.161454305751249,0.287957461783662,0
430,0.383703153091483,0.343870864459314,0.411656825919636,1
776,0.36253494144883,0.303922990313731,0.617997776134871,3
304,0.38540151988389,0.271446357225068,0.389479005010799,1
1295,0.393868522742015,0.655362747806197,0.640478576968009,5
220,0.825167695991695,0.555282451212406,0.744858021847904,0
1440,0.402994286253545,0.604853598119623,0.630686898542065,6
257,0.22999221412465,0.840296582086012,0.784690808039159,0
597,0.414122277516872,0.557691997010261,0.620049163000658,2
1114,0.391518645835809,0.651987314898913,0.632086368737429,5
1480,0.403915045374598,0.594231420431783,0.640645915741818,6
1334,0.391435084227017,0.602157243846439,0.631734275105015,6
1359,0.391955439794069,0.591463747763223,0.635707933815359,6
994,0.391845057834392,0.627051117619845,0.638046021610016,4
551,0.421385763711296,0.50051704372745,0.765593955758959,2
1413,0.390399326316002,0.604080565644998,0.639520808680898,6
192,0.760959801729769,0.0504227767232805,0.798423516331241,0
87,0.194533913163468,0.456551687791944,0.959352743113413,0
811,0.353399101162795,0.295053346408531,0.796575260697864,3
453,0.387789865126833,0.713820956158452,0.552133988006972,1
23,0.684302691603079,0.623931699665263,0.233276685234159,0
153,0.30543988593854,0.0652115654665977,0.613412556936964,0
793,0.363144481328782,0.713781439559534,0.423542875796556,3
327,0.384337287135422,0.321294853673317,0.429396865074523,1
781,0.363096602358855,0.26989766464103,0.535847457242198,3
1216,0.397842218040267,0.646565800140994,0.633389684519312,5
173,0.404966447269544,0.956612051464617,0.544482266996056,0
198,0.803551722317934,0.667694535572082,0.433797350386158,0
1011,0.388504762008056,0.631516488314205,0.635486286827729,4
966,0.398786666549463,0.616525158590831,0.627384182249059,4
156,0.431548198917881,0.289979898836464,0.25613264972344,0
1128,0.399542129083418,0.660407214556501,0.64123403907401,5
1205,0.39786793254498,0.65787837881689,0.634771270011987,5
800,0.362249045979697,0.498723117029294,0.483286834205501,3
1212,0.397842207271628,0.663143737537375,0.635268357937045,5
1185,0.398416773097862,0.656318109604173,0.633569028882127,5
1287,0.398591384565704,0.656199509929983,0.63948643964695,5
1002,0.39125488070245,0.629933183914498,0.634728660282353,4
463,0.384749234449118,0.601408841065131,0.395648595062084,1
1163,0.398988538924164,0.655283953807059,0.639036492915742,5
497,0.385032844482921,0.636024597659707,0.704507614136674,1
845,0.362340431821067,0.322314138617367,0.64434052479919,3
92,0.541182524291798,0.807893163058907,0.894096308387816,0
1050,0.387130582679247,0.636011824659623,0.638104813537047,4
837,0.361014145852532,0.263994453218766,0.467597108217888,3
293,0.0769386633764952,0.210160656366497,0.375651072943583,0
646,0.419386612779927,0.265106875891797,0.469844633946195,2
350,0.392518802573904,0.353669238369912,0.566874868702143,1
4,0.627917003119364,0.108260901179165,0.638169665588066,0
1343,0.398326064309264,0.603265222219021,0.641485901633266,6
154,0.866743248654529,0.326372759183869,0.259154181694612,0
691,0.418254024989437,0.611062908405438,0.801117820083164,2
1101,0.395218771353144,0.652137900127053,0.636354105764689,5
1435,0.392456354754286,0.606922775242422,0.637061616698796,6
1420,0.395237404568165,0.593073971685256,0.630786997627408,6
746,0.362480459145736,0.36051817049738,0.737732298555784,3
1191,0.399186856579049,0.65071870794121,0.640762866494009,5
608,0.414422937333584,0.614411192340776,0.81102253915742,2
125,0.851794161600992,0.762286450713873,0.00458284025080502,0
183,0.913563687819988,0.754001815104857,0.231852824799716,0
266,0.998781566973776,0.562553016701713,0.388070682995021,0
548,0.422549141002819,0.622313658101484,0.689978221198544,2
517,0.421833758507855,0.384490419272333,0.424774650367908,2
1029,0.389844586179053,0.623068309516348,0.636700322513837,4
769,0.360895719625987,0.592792624235153,0.815954331774265,3
495,0.388566883690655,0.354957113717683,0.770028840284795,1
335,0.386364634516649,0.330414111237042,0.594273776514456,1
1166,0.385632744380544,0.661477059183085,0.636022176698327,5
725,0.358930514827371,0.288234045822173,0.434958702768199,3
91,0.449769862461835,0.348643203964457,0.868827551137656,0
139,0.447565277805552,0.323347925208509,0.199692739872262,0
249,0.158946686657146,0.844188337447122,0.689611633773893,0
821,0.363078670464456,0.311558196879923,0.548604107578285,3
311,0.387390578126069,0.570849411515519,0.747743374784477,1
881,0.357549155014567,0.543803486484103,0.63646021601744,3
163,0.732930100057274,0.686648033093661,0.783704231958836,0
1118,0.397822620243743,0.651605421753594,0.638154064208718,5
379,0.391229479266331,0.33415208614897,0.518339868169278,1
836,0.359332682546228,0.254058322380297,0.469468810129911,3
43,0.782211421523243,0.640085480175912,0.33386879065074,0
1226,0.396727052690952,0.665337128899877,0.63697125529302,5
359,0.390133282064926,0.278533406648785,0.441481930320151,1
423,0.384746767128818,0.381079199002124,0.826275956234895,1
1388,0.395297814978407,0.603379865549725,0.629751913370397,6
324,0.38648125638254,0.420805491716601,0.529051973833703,1
1463,0.393451302099638,0.593489364406938,0.638343082099933,6
696,0.418974863667972,0.253728469228372,0.747389374068007,2
855,0.357859240728431,0.672373440791853,0.537104423856363,3
1129,0.395740985238211,0.642877939451496,0.639214387122867,5
578,0.419196422006935,0.332467397302389,0.731904833111912,2
267,0.970100817969069,0.46687924163416,0.10747810639441,0
5,0.483003717148677,0.648989199195057,0.664945238269866,0
396,0.387983494896907,0.669973985734396,0.676122632808983,1
218,0.0713445208966732,0.80468801734969,0.511446243850514,0
655,0.422085860874504,0.553066659346223,0.42354096879717,2
338,0.391449827344623,0.603426076797769,0.705150917405263,1
603,0.416358710713685,0.412700175400823,0.70949385187123,2
1253,0.40135010374848,0.665656025645261,0.640385624986495,5
1097,0.391413287553842,0.627222116341179,0.632264931548762,4
1188,0.389019569225318,0.655455660376293,0.644732708542847,5
331,0.389325046390295,0.630563769116998,0.830051246099174,1
814,0.359588434041943,0.517137983324938,0.634557667886838,3
487,0.388519249237143,0.586787901213393,0.775435702758841,1
1464,0.40241703555194,0.593201976909882,0.63378200279074,6
662,0.41589977275813,0.377010296774097,0.708514351048507,2
303,0.390677431507502,0.513860149635002,0.475230752374046,1
815,0.362098612377886,0.681545490259305,0.577727085794322,3
527,0.419072963716462,0.552867592056282,0.412346894619986,2
873,0.360966407805681,0.689000868564472,0.354929300025105,3
1394,0.392914806479117,0.6028569271483,0.633785716131497,6
1251,0.391558745582082,0.655165860600134,0.630305523003576,5
1067,0.389569220278873,0.630531635736107,0.637667539443762,4
488,0.389093725464772,0.413373765046708,0.420761393499561,1
693,0.420452390816063,0.341926479106769,0.639776384690776,2
378,0.390754991902504,0.417445711884648,0.766345156822354,1
1089,0.39240396449586,0.624548418112808,0.638791665009117,4
1209,0.402563180098924,0.656760455349501,0.631089996241069,5
30,0.288859413703904,0.841934103053063,0.0021177523303777,0
361,0.387978963975329,0.28158961024601,0.462896857410669,1
1090,0.398089428236971,0.622511362686841,0.633134523231408,4
256,0.13607167545706,0.597394152078778,0.645281284116209,0
1184,0.395933289931148,0.651358520726231,0.638275440830229,5
709,0.354312863089144,0.607251640153118,0.70323874882888,3
455,0.389667714177631,0.267489887401462,0.615035805501975,1
524,0.416633239302319,0.453208647412248,0.492085372796282,2
294,0.72144534997642,0.549568619113415,0.338619007728994,0
499,0.391729748933576,0.504914907366038,0.840551077504642,1
115,0.495266225421801,0.516068867407739,0.235635256860405,0
1093,0.387830693953505,0.622027826528882,0.635591711268619,4
975,0.395809079593962,0.632194082414683,0.642523355033208,4
899,0.358469030316919,0.683856986672618,0.412607159465551,3
251,0.137406165711582,0.861938877264038,0.929888545069844,0
1103,0.395823311280212,0.663327994328275,0.632901694556363,5
580,0.414875252095517,0.528180225146935,0.749698530999012,2
619,0.415721026463434,0.65895419344306,0.795411547529511,2
1028,0.403627441981327,0.630942369288328,0.641792095179774,4
211,0.58618430304341,0.479387320578098,0.380706866038963,0
468,0.392966181845404,0.328466431680136,0.576699492405169,1
525,0.4164616612182,0.40717900658492,0.654051147168502,2
1452,0.40374213616622,0.600590599540514,0.62432723599893,6
113,0.782268887152895,0.389166073407978,0.750354416202754,0
444,0.387768196386751,0.569838190544397,0.624445444438607,1
710,0.357327143358998,0.677326595503837,0.657064734608866,3
797,0.362987406121101,0.642821052204818,0.62384947470855,3
465,0.383529920615256,0.475685218907893,0.426760019734502,1
1153,0.404212670614348,0.65623452577361,0.635702418543496,5
233,0.0215544996317476,0.468430658103898,0.386003269581124,0
108,0.627824651543051,0.440273237414658,0.613457474159077,0
550,0.419527773321606,0.737454588385299,0.82690409058705,2
240,0.872853623935953,0.361040262738243,0.161337370052934,0
1061,0.39823525947418,0.637065099337097,0.64277506161993,4
1397,0.391143601197956,0.596843035942091,0.637907305501518,6
1294,0.396107752573182,0.65982314765066,0.643834072357167,5
823,0.354501350589562,0.530343203432858,0.770823725732043,3
270,0.55819646269083,0.26510242302902,0.608932079048827,0
1240,0.393991042452601,0.662157738612444,0.635445582809921,5
586,0.421210780413821,0.659745182935149,0.801093548536301,2
157,0.689299409743398,0.582232160260901,0.580256443005055,0
868,0.356738680135459,0.323476354684681,0.704025801154785,3
956,0.397552425447831,0.626105512582792,0.638502439361126,4
305,0.383735207568388,0.452345192292705,0.584997077006847,1
110,0.0138013300020248,0.781527583021671,0.544063451699913,0
1414,0.395961614541409,0.592927867945209,0.640229761025355,6
238,0.605224704137072,0.135806139558554,0.736953231273219,0
188,0.825659458059818,0.220885496586561,0.512472343863919,0
643,0.418656973780599,0.669818537402898,0.436265567550436,2
917,0.400328033416714,0.619438136111396,0.640270060912974,4
651,0.422771850118879,0.59930095190648,0.431174573255703,2
1475,0.398744266858244,0.591005064562818,0.634913160898362,6
825,0.356295234248973,0.730373097909615,0.440020431997254,3
159,0.247733245836571,0.899978415109217,0.222932151751593,0
1164,0.393302715793835,0.667645356042403,0.625655724251674,5
1406,0.399176570377814,0.584424710315518,0.633785370531825,6
1224,0.39320608568443,0.660964298779922,0.636317423943876,5
1434,0.397590685007071,0.602108703338484,0.639380251981903,6
1486,0.395819510535711,0.595900400784906,0.634248092675359,6
986,0.388655326607773,0.624799940763587,0.631071321077644,4
770,0.353777788646985,0.515167134790681,0.393832502537407,3
343,0.385861015326809,0.246778472769074,0.510863952571526,1
1348,0.394966649089081,0.586213465187558,0.629646378874369,6
1136,0.395660039037772,0.647007130984656,0.638061698303169,5
1488,0.395030043396432,0.597236375926829,0.632231936217409,6
990,0.397970219455853,0.630903530431938,0.633487618377335,4
195,0.225152039900422,0.788725490914658,0.293802443658933,0
1142,0.391264642289829,0.656382096314239,0.629373998784639,5
1026,0.397315606939846,0.62484986119348,0.638045070166288,4
587,0.420571529567242,0.370975435804576,0.62885224702768,2
758,0.35969805123983,0.56705302183982,0.645502204191871,3
42,0.957946832524613,0.253728247014806,0.510462562320754,0
1433,0.399092958457644,0.59824115091557,0.636985342973545,6
1179,0.399700510402531,0.658149927486003,0.636890173327787,5
730,0.356540977808181,0.687140172091313,0.827452736557461,3
649,0.419114920683205,0.735634955321439,0.515842169639654,2
151,0.9211446470581,0.0375157226808369,0.868831179104745,0
1441,0.397500340087734,0.601487156351037,0.630171747088368,6
297,0.211153909796849,0.495340874185786,0.316537716658786,0
1211,0.399316798465603,0.661747452689886,0.630271598566485,5
984,0.402318703133318,0.61967600075452,0.632063039385198,4
1025,0.398190025862079,0.624097872057569,0.637767001469902,4
1460,0.397950236388671,0.604407451583253,0.638373912864496,6
1484,0.392721457463372,0.606378768547421,0.631035424629972,6
39,0.160667442250997,0.149552323622629,0.0142241769935936,0
1296,0.400091593990015,0.65531112714053,0.628511338349417,5
1131,0.377837411685083,0.65497195434856,0.640258639378061,5
997,0.3944449787637,0.626987104013293,0.635425843962912,4
1317,0.398583688495231,0.597886720628952,0.636441224357379,6
1227,0.39680866053716,0.650739441221742,0.645954864904866,5
64,0.782917616190389,0.337326286127791,0.655905027175322,0
164,0.682062771636993,0.525634630816057,0.0259116690140218,0
479,0.387414853821974,0.461294237733819,0.646477064117789,1
1350,0.393465697667624,0.596309422933272,0.638067425010778,6
86,0.00217277719639242,0.643175947247073,0.21851118397899,0
919,0.393847855645384,0.626770460835977,0.641148476416125,4
1325,0.401210055049078,0.593174544561962,0.637830515618092,6
99,0.820252428529784,0.663025375455618,0.67539999820292,0
1427,0.407208187139837,0.595241231653024,0.631208444374731,6
1422,0.395856149483655,0.601535156046789,0.632317553847064,6
1456,0.399711123513786,0.600175689370053,0.643294630775137,6
393,0.392847412291449,0.583106597163715,0.677588393678889,1
1225,0.388485967791139,0.66269002670756,0.630713838533944,5
575,0.420879075946286,0.707726775296033,0.481271738070063,2
1269,0.393959755700286,0.658297272905517,0.632486600518164,5
1321,0.390040089335269,0.600018887808928,0.63818968164605,6
683,0.423041163356975,0.372723860642873,0.591465463046916,2
1353,0.39476087052622,0.606581587987427,0.634319659779866,6
1124,0.391000691969168,0.653313550637286,0.634979837338144,5
969,0.40085503385332,0.63343107714371,0.630200753312746,4
1213,0.388026722739521,0.66245742413916,0.634891680329904,5
429,0.387213992958423,0.67621614607051,0.65014286711812,1
268,0.614133580122143,0.961832671193406,0.275845198892057,0
722,0.356673568170518,0.516219176794402,0.373896586010233,3
474,0.391377120008692,0.392553698481061,0.377439143136144,1
149,0.865616312716156,0.629371581831947,0.601094319717959,0
1005,0.405101186598325,0.633843775231425,0.651284068292527,4
1453,0.394577768115008,0.605864804629955,0.639102169832841,6
1283,0.398324152522641,0.642326506191368,0.632278065378432,5
878,0.354652536762878,0.422011138033122,0.758366077323444,3
600,0.41430365187116,0.247356405574828,0.430187582736835,2
931,0.393711635626398,0.619522441927883,0.643620007494103,4
440,0.385416771532036,0.263892625551671,0.373687588260509,1
1065,0.39613782538859,0.623517800298531,0.633459416055469,4
622,0.418483846616,0.352153454651125,0.786064076470211,2
1033,0.394836767993508,0.631130607787417,0.638141980798665,4
1392,0.402273440701971,0.597618263766092,0.633256417642895,6
1349,0.401233954840634,0.597690529723294,0.637703549365987,6
1137,0.397352957919422,0.656216351858564,0.633473874546768,5
901,0.385413274117486,0.62843778248128,0.635871340223969,4
1154,0.398799595870704,0.659143901747219,0.635231457718461,5
954,0.399243973965873,0.624076391900168,0.628548452580221,4
417,0.383513996491674,0.360160650545731,0.512296761269681,1
592,0.413868905701675,0.633661300968379,0.348398375906982,2
107,0.901774766622111,0.561753217596561,0.686886157141998,0
590,0.421264786608517,0.348128937045112,0.354639631812461,2
320,0.38564793737838,0.594803627207875,0.53956541325897,1
798,0.354632495848928,0.728086959198117,0.515866253525019,3
502,0.421936136023142,0.360244144080207,0.463794448063709,2
1190,0.405162907523178,0.658205802712165,0.635161583795879,5
170,0.036347110522911,0.267857691971585,0.695603185798973,0
925,0.389645360698429,0.633083155634121,0.635820575246469,4
959,0.395990123945488,0.621563544863011,0.641417700182715,4
1133,0.390948064598688,0.646500668968876,0.633804555911691,5
505,0.414153974172659,0.633768275589682,0.670221723848954,2
1329,0.391716656413182,0.600988498620869,0.630897398994672,6
464,0.387977081253193,0.401551425550133,0.762046016985551,1
741,0.361665760786273,0.73655561262276,0.82988064957317,3
26,0.645532404771075,0.50815297011286,0.54280548915267,0
1291,0.390854256550028,0.657549517485597,0.628814400539258,5
1279,0.389672186861692,0.65168787390084,0.636821835527891,5
924,0.401330122153328,0.634209888531187,0.637212734157903,4
1285,0.388408131908995,0.64773928575618,0.637870512104636,5
1395,0.395297199493166,0.590392488847938,0.636512483042461,6
1042,0.39180350916397,0.633833288073441,0.637789361433726,4
438,0.384042319494765,0.548339336155914,0.604501283727586,1
1335,0.393010188384593,0.588928537986182,0.647194404905847,6
596,0.41985871611163,0.388051205757074,0.513597803772427,2
816,0.35797016847413,0.338245750148781,0.681286105536856,3
144,0.922640789765865,0.652389361290261,0.257149074459448,0
434,0.386951212710701,0.492778719845228,0.344265484367497,1
1117,0.393011238572916,0.650282039609791,0.635328077223007,5
298,0.161973864771426,0.0389391884673387,0.544659059029073,0
1055,0.398951310842988,0.631957798909402,0.639932848769232,4
912,0.392203850028073,0.62647609219034,0.63569535469054,4
1365,0.397819309101935,0.601752857474875,0.634131356523869,6
1044,0.388690127169212,0.63327357709788,0.639753173201307,4
1152,0.396205558472524,0.653676763719406,0.640812350154148,5
1208,0.392176921015991,0.654907242856647,0.632064806935106,5
71,0.00740370550192893,0.550761153222993,0.645330909872428,0
1398,0.398402503849507,0.592035727384249,0.645714003636176,6
207,0.184179492294788,0.263857329031453,0.984517429256812,0
950,0.398342780904008,0.622926811376318,0.644516862955995,4
1338,0.394274744495131,0.603258450182159,0.641040661721651,6
1234,0.393232864076725,0.652840951351095,0.636825934626878,5
1231,0.405438921489987,0.660906524200731,0.625857494182148,5
466,0.386969567982014,0.265758087369613,0.643420283566229,1
553,0.417928337042686,0.559831888508052,0.384682663716376,2
205,0.076860475121066,0.760649921139702,0.198491743998602,0
1180,0.390980444428354,0.661034913327902,0.6348184844001,5
727,0.357090455528814,0.240689882170409,0.391446277615614,3
177,0.270996537758037,0.457617164123803,0.264541258802637,0
1324,0.396214735416733,0.597539552674987,0.635187975603305,6
1311,0.399892027093821,0.593935435703824,0.636689709820381,6
1069,0.396550297518885,0.62316046987366,0.637037743950173,4
936,0.39074668586459,0.624424635509452,0.627407996528204,4
20,0.550795882940292,0.910998516716063,0.661579178879037,0
903,0.388455616155225,0.620198888772112,0.63490569419411,4
124,0.921045835595578,0.329120305133983,0.474602349102497,0
1040,0.404079235772974,0.629104877572162,0.626746056535355,4
1102,0.396848946207374,0.654773044274754,0.636662311514958,5
1444,0.394954326281889,0.595088141747738,0.631691690076378,6
588,0.415051152775996,0.422109212819487,0.555254191276617,2
593,0.419824430285953,0.588630650052801,0.546482834033668,2
1372,0.392892996601601,0.595216380661888,0.63421235322504,6
872,0.357359929641243,0.343016459117644,0.373946301988326,3
1022,0.387097694971215,0.618838833634453,0.639378151776181,4
702,0.357886367482133,0.44001226881519,0.383851863676682,3
1092,0.397370258371373,0.623809541576315,0.640270895989076,4
313,0.38696278772084,0.394187630829401,0.603181042009965,1
214,0.169225548859686,0.0196891983505338,0.621733493637294,0
973,0.400325544442924,0.633643621887518,0.632088031766301,4
1201,0.392489333620797,0.65743125736026,0.638663081136017,5
32,0.236062691314146,0.138766922522336,0.231684835162014,0
50,0.760318479500711,0.251138999825343,0.101495165377855,0
345,0.388927438736428,0.634144606045447,0.633829656639136,1
560,0.421492429047357,0.284518347913399,0.649421614827588,2
733,0.353502048493829,0.43566949442029,0.537281046970747,3
708,0.360451105386019,0.653744605695829,0.792519954498857,3
1482,0.38540872963612,0.596171150455369,0.62973722550517,6
542,0.418532127863728,0.574890265567228,0.366061855573207,2
794,0.359212216360029,0.487895315140486,0.499804511200637,3
745,0.355241645816714,0.466442816983908,0.620682231965475,3
992,0.410669685442912,0.627735349433289,0.639253928539172,4
827,0.362392535521649,0.412612509191968,0.370108721544966,3
636,0.41720870859921,0.398090724344365,0.653642190038227,2
161,0.10900415154174,0.404245834331959,0.819395200815052,0
1151,0.387691274617167,0.650775020611058,0.637791522597561,5
408,0.389896945084911,0.702784573053941,0.830889793229289,1
1207,0.403817777368738,0.65172077190648,0.63089942978474,5
1008,0.39761746371868,0.621464517684054,0.629624744953985,4
1108,0.39248276246006,0.655064227269596,0.633893894562887,5
761,0.362375551941805,0.725701596564613,0.404957447201014,3
1362,0.392514329528779,0.599048546857072,0.634038090431074,6
962,0.396423572730494,0.629597528280046,0.632561111420783,4
83,0.943629273911938,0.435091969557106,0.652261241571978,0
116,0.380773162003607,0.138305634027347,0.965475796023384,0
111,0.175225269049406,0.437338680261746,0.891245116479695,0
978,0.406169979636331,0.630402837033213,0.634746209738298,4
384,0.38767693777103,0.65510925182607,0.756119088968262,1
1079,0.392881627923703,0.62614502056209,0.630340199662564,4
362,0.389064505943097,0.504107904597186,0.508478344185278,1
534,0.41707110733958,0.518409808259457,0.51605299289804,2
753,0.362460448178463,0.664332345337607,0.604841575725004,3
692,0.418847071474884,0.450402131862938,0.809308210620657,2
1436,0.401819656480205,0.596281321474418,0.636193024559374,6
357,0.387683278904297,0.473123043752275,0.834837847622111,1
1389,0.39109484093756,0.595820995475747,0.645210448035143,6
1352,0.397636648357763,0.60124429733779,0.638377331732979,6
764,0.362529282723554,0.454179516620934,0.835324652260169,3
1308,0.398116096683003,0.596935569956979,0.641670648624133,6
18,0.225656150840223,0.746173656079918,0.10362186585553,0
759,0.362540589265991,0.376923212059774,0.347234533517621,3
864,0.36156415297417,0.441048509650864,0.647393981576897,3
401,0.386031056114007,0.686728207487613,0.480116902384907,1
140,0.239378951489925,0.403707491001114,0.131314444821328,0
342,0.384219688165467,0.575055049010553,0.759070482454263,1
55,0.577778096077964,0.290308358613402,0.700265154941007,0
735,0.357382222202141,0.469800450582989,0.492572629009373,3
1479,0.392552850982104,0.586155940535345,0.633370386296446,6
838,0.355885631972924,0.316017338517122,0.717889923951589,3
98,0.230257279006764,0.304915518965572,0.834280709270388,0
531,0.413682016874664,0.584709882014431,0.587511193007231,2
604,0.417218023336027,0.257061119866557,0.487118219491094,2
265,0.786745385499671,0.0950874290429056,0.867206529248506,0
1174,0.397194049497831,0.654024573241633,0.639898941072085,5
1257,0.393474041345156,0.660584184069174,0.634870188318172,5
381,0.393135755429976,0.477883822727017,0.41873744991608,1
1402,0.391845785419994,0.591282225719348,0.6402354048805,6
818,0.358508749091998,0.391934319376014,0.471827282570302,3
1037,0.399510708778502,0.630682119895094,0.635551109156233,4
40,0.856493411120027,0.784164177719504,0.83012781990692,0
1450,0.392851538061314,0.594800886454251,0.634658411427122,6
1147,0.400876788745844,0.655393362901361,0.641984587255005,5
1019,0.397171478868031,0.631893790913042,0.638391650835054,4
1030,0.389291774540646,0.63056730718486,0.638613549350356,4
1357,0.394675052229267,0.59771987087102,0.631535742768695,6
1271,0.396896212586023,0.656263625571861,0.631521655878643,5
1336,0.391359470223797,0.586267227482196,0.6278272804081,6
514,0.421758802905679,0.262056602840312,0.344483767985366,2
