1585,0.241620031865956,0.401553106744087,0.571694405037378,6
429,0.671466190714855,0.377129571000114,0.733143379492685,1
1123,0.242839378030443,0.439373185345603,0.574640241670501,4
913,0.648979427891318,0.159407951589674,0.500354625680484,3
1066,0.239852330011779,0.435086996189863,0.577806758569941,4
1444,0.237202667344811,0.405299593068588,0.581541495258397,6
1014,0.246862502884989,0.427392722722975,0.592616463758772,4
147,0.740697022760287,0.564432850107551,0.396733555011451,0
689,0.700474090417847,0.200883376714774,0.772231100872159,2
1491,0.244822751911231,0.411201400801153,0.584730647599498,6
1309,0.237743415183317,0.462850814226651,0.574156514116676,5
1463,0.240576236900643,0.404529005012212,0.596665166941735,6
732,0.699959934824146,0.233631847496145,0.638534984947182,2
1167,0.237278763650911,0.427913014003257,0.570376638981228,4
1428,0.235808871226251,0.400895073643128,0.580578416425656,6
639,0.701890201552306,0.189024988515303,0.524837523396127,2
994,0.645461056160275,0.483436058578081,0.614155685226433,3
649,0.706216742405668,0.518175044399686,0.734869870170951,2
327,0.83587793703191,0.782110643805936,0.154896619496867,0
441,0.677408518488519,0.361300231027417,0.942184279602952,1
823,0.643325885499362,0.0375873739365489,0.689664749591612,3
992,0.64493424330838,0.166873987717554,0.540808530570939,3
503,0.67874153457582,0.27933527873829,0.904197404789739,1
1339,0.23067462443419,0.46671394587383,0.58304032618415,5
81,0.844669718760997,0.786611130461097,0.988172066630796,0
1140,0.240622688240402,0.434135296305638,0.571370570003761,4
302,0.249510585796088,0.222714383620769,0.160441996296868,0
76,0.0188031804282218,0.950260885758325,0.994751213584095,0
51,0.132156507112086,0.906373772071674,0.323458206607029,0
490,0.6795316373487,0.0504162568366155,0.714347612042912,1
20,0.260064371163025,0.647134379949421,0.244503185153008,0
1317,0.232974458930277,0.462693681076955,0.586014754576185,5
804,0.642838380639441,0.245081360405311,0.584162272908725,3
1175,0.239145162723089,0.431836941623941,0.584024509239786,4
1310,0.242178701863267,0.470194742168195,0.57444291161105,5
620,0.703638174531516,0.17928081525024,0.591686006798409,2
699,0.703373044938781,0.469706205138937,0.80427429759875,2
653,0.704590435058344,0.240524477511644,0.787555606616661,2
249,0.255742700537667,0.921180784935132,0.359091565944254,0
740,0.703291247286834,0.0856372747337446,0.956432838737965,2
1460,0.235131057267517,0.399603822896871,0.576971867551565,6
671,0.70958235854283,0.0500160337658599,0.565070612169802,2
912,0.642811132753268,0.0905190500896424,0.609247133997269,3
1499,0.241340000980084,0.409290423227316,0.574746759212607,6
1225,0.239320461061673,0.470362844990137,0.578020208546684,5
1351,0.245714464954621,0.468084017859098,0.587475600213044,5
1453,0.239315107750815,0.410525038781346,0.577316879883277,6
819,0.645784913981333,0.331688577611931,0.940267309127376,3
1156,0.249276602875516,0.4377665688985,0.584443317941097,4
586,0.678484486851376,0.511531397770159,0.71066662138328,1
958,0.646218877609354,0.363021986046806,0.644240927579813,3
1051,0.246565356537688,0.436538568065678,0.582348778417745,4
287,0.302773379255086,0.477343953680247,0.00168728386051953,0
300,0.988443862879649,0.973890235414729,0.133972086710855,0
356,0.407037566648796,0.1666498510167,0.493981836596504,0
631,0.707898575984873,0.356008899002336,0.558902242034674,2
1508,0.237511945031103,0.405575886980293,0.576193602398636,6
1506,0.237679995108474,0.401007847828031,0.572620778284479,6
628,0.701968358405866,0.297082809568383,0.612569570355117,2
1180,0.240538215596109,0.430329152121312,0.577590878246121,4
1311,0.233465875211197,0.467919600797491,0.58244959310191,5
1550,0.233985092693105,0.405572922837787,0.584966717447582,6
1360,0.234197614923885,0.47014371880868,0.583211499762079,5
1229,0.23942252220741,0.468514482227659,0.572885102497339,5
37,0.67331540142186,0.0936423181556165,0.492530158720911,1
696,0.709144474582281,0.355144264013507,0.684605975449085,2
716,0.708168511046097,0.316732065239921,0.976444965973497,2
553,0.677541730443481,0.454749289271422,0.665064093470574,1
28,0.467374634230509,0.986599255586043,0.403126831632107,0
983,0.641792419292033,0.504631787608378,0.770781881920994,3
1262,0.244688610846384,0.463744457401254,0.581058196672695,5
841,0.649901146283373,0.472220706823282,0.554729380924255,3
989,0.649705537110567,0.0612485439749435,0.536657452629879,3
1048,0.241577700098946,0.440472535453883,0.575241145726122,4
214,0.376135752536356,0.958780615590513,0.745042064227164,0
973,0.640744260216597,0.186568369809538,0.795279792905785,3
161,0.409878934267908,0.349213435547426,0.592264529084787,0
211,0.0730716548860073,0.609146049246192,0.62038485170342,0
215,0.851777177304029,0.192956623621285,0.944953399710357,0
962,0.64193460789742,0.0952278315788135,0.94222927808296,3
79,0.341018844395876,0.466143147321418,0.637376930331811,0
1285,0.242990823958719,0.46167220185107,0.575722332182493,5
1498,0.240941479530307,0.402742484077854,0.580981255978523,6
816,0.640489566705655,0.350218879710883,0.559710309188813,3
673,0.703994566185866,0.460360634676181,0.537278838269413,2
625,0.700587586245965,0.0936998215736822,0.695911326608621,2
662,0.707561510540545,0.318829173990525,0.928618159191683,2
247,0.0968510238453746,0.00135971000418067,0.653203930938616,0
667,0.703051624069922,0.229330202634446,0.884287692187354,2
1518,0.244852340785897,0.401359080461576,0.577667763652204,6
685,0.7033393956488,0.155544920894317,0.672930409363471,2
263,0.0724982563406229,0.106967971194535,0.250595311634243,0
810,0.641168425164651,0.336580196232535,0.763323521171697,3
475,0.675287219909951,0.257093645934947,0.49728938266635,1
210,0.996806114213541,0.612766416044906,0.200790754053742,0
640,0.702341092419811,0.207630580128171,0.735568972467445,2
181,0.912914098473266,0.916913120774552,0.0917181752156466,0
1054,0.245277534372546,0.435763685964837,0.583816213896455,4
207,0.330292494269088,0.00306470529176295,0.615901549113914,0
344,0.475760335801169,0.29369209962897,0.686706623993814,0
771,0.708316635584925,0.235186267248355,0.726032504742034,2
355,0.249346730997786,0.563108897069469,0.490949999075383,0
580,0.679181921812706,0.496824881830253,0.882855838444084,1
861,0.644424642000813,0.31247060066089,0.888634615624324,3
1526,0.232194130156109,0.400670002225024,0.588345009512113,6
399,0.226337725995108,0.26658956031315,0.00886657205410302,0
113,0.172891412861645,0.938741317484528,0.278275716584176,0
1375,0.245447806204781,0.462360611645122,0.582438189147456,5
1213,0.236987045765176,0.466244214473237,0.56669431100282,5
1006,0.244024221097605,0.433397997766642,0.579447090431172,4
279,0.644823625450954,0.939829187933356,0.955989366862923,0
1307,0.243886809997554,0.466734161215261,0.577363267311376,5
1112,0.239879051012844,0.442529759601597,0.587157646915882,4
574,0.671566093075089,0.533199680224061,0.534268813603558,1
1282,0.238662484497057,0.461929797165655,0.5863687742876,5
1334,0.231817569851514,0.47340328852395,0.575736078837061,5
998,0.649862822578289,0.25810970524326,0.738926829234697,3
1304,0.236407815666566,0.461607163873508,0.579821370060906,5
502,0.676217152844183,0.34571903240867,0.930174504686147,1
97,0.617608351167291,0.822995765134692,0.484948074445128,0
1513,0.244909525368395,0.400256815446182,0.581047806708771,6
1352,0.234137028717232,0.462833550341888,0.577463121264868,5
935,0.645225330912508,0.475536554073915,0.660358446580358,3
893,0.648265913678333,0.429741253564134,0.641746192867868,3
1199,0.239744275812206,0.433194957488161,0.575275172450565,4
713,0.701535799766425,0.360031399596483,0.603072856832296,2
1025,0.248200602415388,0.436517269131643,0.571399218957095,4
347,0.174411931773648,0.807703896658495,0.907234921818599,0
1027,0.24863535864569,0.437022875271103,0.58617676791207,4
225,0.806299024960026,0.922647507628426,0.900697893463075,0
858,0.647024874011986,0.140089521370828,0.526156458351761,3
1480,0.239943393868777,0.405366128588358,0.580903745829644,6
862,0.640036875403021,0.483695165324025,0.598144269129262,3
1596,0.237236560752114,0.407474893935212,0.586554693595674,6
368,0.958490351913497,0.278228850569576,0.195716175017878,0
971,0.642894824494142,0.431023786379956,0.718499736557715,3
480,0.674084946680814,0.112913672998548,0.507138995267451,1
474,0.677908006552607,0.35164074676577,0.529176445840858,1
352,0.816472355043516,0.650305358925834,0.879365420434624,0
449,0.672510550904553,0.431475808331743,0.962843569391407,1
1461,0.245146009570064,0.401315585296111,0.583784314610287,6
244,0.731275429716334,0.869517377810553,0.474514393368736,0
996,0.643482437813655,0.0691468680277467,0.484244105801918,3
1364,0.240584207389775,0.465587733941968,0.582318503101811,5
832,0.642191469171084,0.196096232696436,0.826704664551653,3
595,0.672624784826767,0.424373509082943,0.520369802531786,1
1071,0.242870813297113,0.427001882104726,0.582332535247807,4
1435,0.246403843837959,0.407893721467935,0.575278836617178,6
1497,0.245868805135606,0.409655633030912,0.57414249757198,6
560,0.677772149078082,0.0944285768317059,0.816953284014017,1
165,0.820159039692953,0.702416462358087,0.475392022635788,0
255,0.356543172849342,0.2509184430819,0.586935789790004,0
1089,0.251853264369368,0.432371503374844,0.575361001567246,4
331,0.57633295818232,0.800283619668335,0.137164365267381,0
130,0.9020953879226,0.996719979448244,0.556392873171717,0
545,0.679296828727238,0.0789173633791507,0.946595526929014,1
1426,0.248267254413619,0.402299055748831,0.576230140772676,6
1272,0.241654582786383,0.468636159220396,0.575760326905021,5
1438,0.236871602609172,0.40706802076141,0.581989511547888,6
979,0.642331868621986,0.438048964319751,0.908523868466728,3
1269,0.240052176816178,0.467000514669592,0.585221837872577,5
1224,0.239357365821102,0.466932973655987,0.581383485846962,5
1284,0.241684339248416,0.455724200327725,0.584859864896936,5
820,0.64012069101911,0.182696830318309,0.67191055805888,3
1424,0.237363649509865,0.404081955264733,0.576429369457818,6
1409,0.243434025755981,0.404740520572872,0.577576792416361,6
194,0.902493734378368,0.323066176846623,0.479634317336604,0
191,0.426568150054663,0.123500385787338,0.983869880670682,0
1007,0.237480251850333,0.436504824614008,0.580580214551669,4
308,0.00808262126520276,0.500051134964451,0.858183742500842,0
78,0.286861583590508,0.22135472856462,0.170634920010343,0
1510,0.232300060920086,0.405007196437012,0.576832514904781,6
312,0.34871146408841,0.902873649727553,0.372057569213212,0
892,0.649388470270205,0.426388857024722,0.599244422907941,3
1496,0.247981037794267,0.403038362645409,0.585827446627165,6
280,0.998154764063656,0.213344798889011,0.732487248955294,0
470,0.670415283320472,0.192751589533873,0.706440388038755,1
507,0.674418269686867,0.122168774902821,0.72639731077943,1
519,0.679302992827725,0.0801528658019379,0.931502573587932,1
941,0.642610205968376,0.301727552735247,0.897918636142276,3
1243,0.249977944988975,0.464291194695623,0.577326624428451,5
1325,0.242931360122055,0.465128869108341,0.582889003710756,5
546,0.675910617110785,0.16258155782707,0.597689356934279,1
444,0.675021605673246,0.251544874813408,0.890610016346909,1
915,0.642850184587296,0.330604161089286,0.531025966792368,3
1169,0.239643049910293,0.438385920006674,0.580111085599729,4
1475,0.232281266050726,0.404162626918884,0.588133669528696,6
1568,0.253041463162879,0.400406053003173,0.580776494273783,6
1099,0.236322173864029,0.435393371397638,0.574377602334083,4
534,0.679906001340132,0.363790885615163,0.650610214378685,1
1371,0.242020717605251,0.453456166885616,0.57936685353293,5
1043,0.232111596837478,0.432582471787661,0.574786836492783,4
197,0.773346713976935,0.539553587557748,0.667268575401977,0
291,0.168727286625654,0.517192665487528,0.993521009106189,0
969,0.644367559861857,0.451436936575919,0.625438107340597,3
52,0.643475143937394,0.852216848172247,0.56956004165113,0
589,0.67181222231593,0.176602349570021,0.505140759213828,1
256,0.614288043463603,0.550654304679483,0.525200295960531,0
497,0.676855886080302,0.484990957495756,0.654619551310316,1
393,0.983325361739844,0.22720493352972,0.0831855956930667,0
1404,0.238953046808793,0.411293156198713,0.581690054790089,6
1386,0.237749928704307,0.455957460558933,0.578197348423859,5
930,0.647348664191086,0.0744437374640257,0.700907084671781,3
948,0.645773103744723,0.192392803216353,0.981214676215314,3
725,0.705953675298952,0.418147155502811,0.652016722178087,2
1411,0.244034636539657,0.400944608003576,0.579641397461698,6
876,0.646877622201573,0.2558340231888,0.862066014367156,3
150,0.865483405767009,0.155177888926119,0.544501507654786,0
1028,0.241544465861781,0.435601466113487,0.580693191091164,4
1076,0.232735781545945,0.439234831344342,0.580401622887165,4
234,0.140602580271661,0.160427598981187,0.379705735482275,0
914,0.645158294665162,0.113584755756892,0.543498729867861,3
543,0.673000017094892,0.466366169927642,0.798106536665,1
1200,0.244878911747481,0.429414966421996,0.580641230380483,4
1165,0.230379694558569,0.440066140574315,0.579365610202202,4
1533,0.238278077325117,0.416383623892519,0.572684659076238,6
952,0.645783234366682,0.401499744574539,0.576804524101317,3
786,0.706387147083879,0.178584739286453,0.770393701433204,2
339,0.596759811509401,0.567163589876145,0.628566204570234,0
1320,0.234452765956822,0.459368330803012,0.582944344769002,5
767,0.709455414668191,0.353244783077389,0.967316922429018,2
39,0.691331001464278,0.813492970308289,0.0581243380438536,0
1588,0.235927701060511,0.396141838346443,0.587872038444069,6
984,0.642755624058191,0.225282588228583,0.981473902869038,3
446,0.676248667184264,0.126134159695357,0.794409182551317,1
1205,0.246574365923826,0.464317505923371,0.587036532282042,5
1433,0.244588378022229,0.409473322720595,0.575210135268274,6
332,0.750724720302969,0.642549795098603,0.598197282990441,0
106,0.845424449304119,0.539708606665954,0.457555721513927,0
682,0.703681353910361,0.452617053478025,0.550046583800577,2
1327,0.24088182273575,0.455764726710343,0.585867182818599,5
1217,0.239815296501179,0.470402081317422,0.582187726717665,5
1490,0.231543381141212,0.409045025522695,0.578547059382439,6
333,0.644836832536384,0.237493600929156,0.526315781986341,3
870,0.640657659722492,0.52419857501518,0.953088838304393,3
561,0.672598331442569,0.457354064867832,0.852811500825919,1
674,0.707681087593082,0.0760596155421809,0.880485646240413,2
536,0.67165405546315,0.12167219161056,0.819755880557932,1
164,0.95524648623541,0.408030794467777,0.246984261320904,0
1260,0.238465404496276,0.465684361089194,0.582035501323703,5
863,0.640665123297367,0.513504213723354,0.914166191872209,3
98,0.705804149853066,0.924569442169741,0.230426082154736,0
453,0.677502044276334,0.21152555635199,0.611478220368736,1
1030,0.24069685052962,0.436446179301369,0.581975837214567,4
1495,0.246163359457859,0.402642534391172,0.577595737181289,6
533,0.679591226375196,0.354198365542106,0.958726969361305,1
1592,0.245825323654104,0.406341553286016,0.580525160241736,6
188,0.337078011361882,0.569075135746971,0.904530569445342,0
1384,0.238637642795732,0.459544115475359,0.578966854467198,5
1579,0.238376362150792,0.412721866114184,0.578176749188582,6
381,0.732506862143055,0.143780771642923,0.564568918198347,0
602,0.70641041174531,0.315301941195503,0.980633473419585,2
611,0.701847448716872,0.433489652420394,0.685259794513695,2
1160,0.237703244921767,0.426357126149105,0.574012705409692,4
509,0.679239842726383,0.409586917096749,0.658128745784052,1
1440,0.235926317736516,0.408520813038634,0.57596539304929,6
179,0.474514743546024,0.340246511856094,0.0558508590329438,0
1432,0.242055017101894,0.412443434418252,0.586091140971867,6
1279,0.242642130685048,0.469338523993504,0.577706906059451,5
1346,0.244986507949548,0.464037234544743,0.579871547910407,5
93,0.68504496733658,0.686194263165817,0.478624472394586,0
679,0.703818877360318,0.379314561677165,0.61402733756695,2
709,0.701393151318189,0.0366054930025712,0.714381078770384,2
629,0.703194623792078,0.339779770071618,0.528542883275077,2
1427,0.237880168486735,0.403725045667371,0.57946281255636,6
5,0.352370787411928,0.617748487275094,0.709294167580083,0
1097,0.240425559583041,0.435892179189782,0.580588676561604,4
1120,0.244513540395787,0.432928223757793,0.579723830012886,4
1337,0.247475537589307,0.460284991744579,0.576948373760395,5
1477,0.24593928276667,0.401647789636956,0.578888102000914,6
1465,0.234943741420431,0.403068502288189,0.574814193467382,6
1593,0.239733757318539,0.40886063377908,0.583928774764718,6
626,0.704259826713242,0.124904753011651,0.935305813024752,2
833,0.642482554584276,0.291872264188714,0.59606955437921,3
121,0.0554947350174189,0.279012409271672,0.385268947808072,0
851,0.646247619115748,0.176123241498135,0.908032938069664,3
903,0.647252837200649,0.430326203769073,0.671978674177081,3
1458,0.238661400633377,0.40405320561961,0.59121656046625,6
23,0.0733861359767616,0.441334653180093,0.719254372641444,0
77,0.821651999140158,0.590560273034498,0.0777969972696155,0
954,0.646885362311732,0.063119381852448,0.923344872356393,3
960,0.649332407719921,0.108072266168892,0.679896507109516,3
547,0.67244112001732,0.277345001301728,0.76105292076245,1
1174,0.234753055665668,0.439502651050678,0.576984396252903,4
919,0.642953633083962,0.153752918308601,0.526665927073918,3
727,0.707702610206325,0.0671718855854124,0.625645555253141,2
396,0.655303790699691,0.501361719565466,0.0648684690240771,0
276,0.178155082743615,0.464771503116935,0.960987095953897,0
1209,0.241222049816109,0.464714198096432,0.582450789799501,5
817,0.648650513044559,0.367707731854171,0.764509478630498,3
1570,0.238782509962652,0.401133994529284,0.583610010535139,6
644,0.707971421924885,0.442666247673333,0.542870578169823,2
757,0.705098163476214,0.1616114303004,0.516331194946543,2
1451,0.245535880114614,0.407221152061252,0.582402613512141,6
1053,0.242513295579119,0.435351695944224,0.580648281999272,4
241,0.19892003107816,0.796241554664448,0.484331093961373,0
450,0.672747777614277,0.409227706794627,0.817636393057183,1
354,0.844261371530592,0.0214645073283464,0.430046919267625,0
1216,0.237441462833524,0.459625801328197,0.581325306419315,5
988,0.645877393088304,0.408602749765851,0.760182153247297,3
531,0.679237185197417,0.437592974700965,0.74828934231773,1
383,0.126766691217199,0.647695301799104,0.202753040939569,0
1082,0.243498876165067,0.431402453930833,0.578837468855116,4
372,0.399485674221069,0.487119300290942,0.548448060406372,0
1158,0.241642098024409,0.433730438408677,0.562242620571995,4
849,0.643758494388312,0.434178479551338,0.7263107100036,3
1541,0.244276993080816,0.402013778477697,0.58141690071467,6
778,0.705258937256876,0.248245577397756,0.529672683612444,2
782,0.709413760616444,0.160235445667058,0.563736166618765,2
697,0.708423005430959,0.120682307006791,0.922205864265561,2
494,0.673017987629864,0.244057604647242,0.684932632301934,1
196,0.596744335489348,0.294832336949185,0.531316970242187,0
1345,0.235474234150446,0.457971402605619,0.580557787843862,5
452,0.675631714880001,0.254102483578026,0.513575136824511,1
16,0.949003400048241,0.503381305141374,0.88198753958568,0
129,0.824815232539549,0.444355704821646,0.311631093965843,0
301,0.660822019912302,0.0554939899593592,0.648994764080271,0
1026,0.248097787959763,0.433734482321642,0.574061830587654,4
590,0.677448161970824,0.531879483442754,0.882921192259528,1
186,0.275687844026834,0.650807665893808,0.559331877157092,0
1474,0.238358419578907,0.410144175186179,0.580124554919878,6
681,0.704156089876779,0.534102809336036,0.893447477999143,2
1447,0.240515788196801,0.408626094369734,0.584515543871822,6
567,0.676325096150395,0.457184659852646,0.927279499638826,1
907,0.641763904457912,0.148114119842649,0.903768894076348,3
866,0.644054154572077,0.055469951312989,0.68493002646137,3
1537,0.231375930474061,0.408975037115556,0.586047648025205,6
55,0.0744757421780378,0.7154122130014,0.250902645755559,0
454,0.672867821098771,0.276446327287704,0.520540799410083,1
539,0.67071782396175,0.339494441472925,0.731762829283253,1
646,0.707920308443718,0.19895376295317,0.889457411528565,2
1124,0.23171684133484,0.432398660504504,0.584685556076281,4
250,0.335483638569713,0.494022923754528,0.0909515325911343,0
942,0.64325474181911,0.184623726713471,0.654616346163675,3
394,0.974911076948047,0.307474977569655,0.0651691383682191,0
1362,0.236775391976539,0.461732457451671,0.581486238084673,5
1564,0.233313693978113,0.405438796561114,0.581271446290957,6
544,0.677207221202552,0.484847639291547,0.967753086285666,1
1448,0.231429051014582,0.408131796123529,0.574181424866025,6
512,0.674126575647388,0.454346958501264,0.814184401463717,1
1244,0.243322815128366,0.460640169950841,0.575826398437918,5
1584,0.238864182643423,0.400018473308207,0.574463318767687,6
1173,0.242876196315186,0.427273569126938,0.587685781072094,4
411,0.679165909574367,0.136012285202742,0.90515389717184,1
645,0.703092757964041,0.0632927926024422,0.696923064696603,2
53,0.0596194483805448,0.576461910968646,0.723365317098796,0
902,0.647356483677868,0.435447898996063,0.761021617497318,3
182,0.217835799325258,0.200294443638995,0.0584773411974311,0
831,0.642898734032642,0.510475106840022,0.664954533963464,3
498,0.673852856396698,0.520129852066748,0.704168329294771,1
665,0.700047497418709,0.355566126015037,0.527729054959491,2
1203,0.24394514859021,0.464940348607844,0.574190919928512,5
54,0.519137695198879,0.690259424736723,0.493522809585556,0
1583,0.240477575356128,0.404310363049815,0.597621174586776,6
1065,0.240581899214785,0.435337449756834,0.589692612674601,4
338,0.357729493174702,0.662751097930595,0.971814617048949,0
314,0.175883083138615,0.944783419836313,0.932030006544665,0
1403,0.247601851482483,0.413328051430269,0.586649786413336,6
837,0.644804583508521,0.213086381857283,0.593881167750806,3
1316,0.235845833720674,0.465232284694706,0.586169993642954,5
1385,0.23421810835615,0.469507602839476,0.583447283557799,5
1545,0.229177667765424,0.404619766760085,0.580137398966079,6
447,0.671823948565871,0.225552396685816,0.837022407376208,1
319,0.223091322463006,0.523585567716509,0.606773920590058,0
1248,0.24130917168513,0.46428219692187,0.582788050497112,5
1096,0.23507845365911,0.442231480553542,0.584867214093162,4
1469,0.236255605211068,0.411118598766173,0.580909985152114,6
414,0.675189818423241,0.18112281775102,0.889551417250186,1
1193,0.238831973392695,0.432789102872296,0.58205036318722,4
1373,0.241870197267511,0.458239527070504,0.583345225269332,5
92,0.869896792806685,0.854035893455148,0.601327085169032,0
1069,0.23308076103769,0.434759815529933,0.576721772184747,4
1437,0.245518474703639,0.400757627190997,0.578070530672878,6
835,0.644552069301717,0.131675062305294,0.882850374141708,3
35,0.264068328775465,0.9848642507568,0.540867135161534,0
1275,0.233152154459755,0.459867510160441,0.580870448711275,5
14,0.241706779692322,0.269960920093581,0.0790054150857031,0
24,0.766236461699009,0.889022276503965,0.772080493392423,0
437,0.673733761215117,0.311452509672381,0.768010791088455,1
1111,0.237957390663655,0.440004871197389,0.578618677876454,4
1155,0.242833219249996,0.434487178275243,0.577974484182807,4
1256,0.247894485072318,0.469142854451307,0.572757015837147,5
315,0.40053877257742,0.944620463065803,0.885979836573824,0
27,0.467784327920526,0.14025635831058,0.73901027883403,0
374,0.0710770005825907,0.638107354054227,0.61001583118923,0
1383,0.238685146553637,0.462054640192558,0.568917336394083,5
747,0.709585160396528,0.503235385473818,0.974472675402649,2
1281,0.249652772373187,0.463260385767681,0.579698678300544,5
1084,0.246782524889419,0.44340653097896,0.573910861023572,4
1328,0.244973440151563,0.461267738443299,0.578928102966212,5
363,0.918709458550438,0.0938074651639909,0.330544152995571,0
499,0.675860616904683,0.521757917432115,0.957316900533624,1
970,0.647415080962237,0.492186464788392,0.773132819961757,3
47,0.469924412667751,0.806254619499668,0.252226471202448,0
1161,0.239095529188185,0.4304821959632,0.573570438224586,4
744,0.708477621627972,0.0970608938485384,0.670868671545759,2
141,0.795523206470534,0.593501463765278,0.763017352903262,0
1037,0.242363971947907,0.442228954822311,0.578512304485358,4
1187,0.2432300124077,0.4337076032398,0.571159623533828,4
1246,0.236531469064036,0.469039989942668,0.578010935350148,5
59,0.185435455292463,0.774838294135407,0.176807990064844,0
1291,0.239054560714224,0.464430718718757,0.575287322432512,5
326,0.609794178511947,0.99233998823911,0.779936077771708,0
392,0.592454131459817,0.453728541499004,0.791564616607502,0
678,0.702509769946337,0.528116526966915,0.862252655136399,2
1312,0.244612378179833,0.454839723092749,0.587208143701965,5
91,0.888076064642519,0.492395567707717,0.201835293788463,0
1482,0.247859248904732,0.412222895439984,0.5803198107694,6
208,0.188868518685922,0.921288114972413,0.545120454626158,0
965,0.649384744912386,0.52244562767446,0.717860773368739,3
1274,0.227402262832915,0.465153228089104,0.582144239027879,5
219,0.124212270835415,0.656576710287482,0.736425664275885,0
932,0.646140607015696,0.28790041403845,0.956961117265746,3
985,0.641886497007217,0.411599083873443,0.7289882972138,3
943,0.642813408540096,0.0664814916206524,0.546510682720691,3
743,0.700653920257464,0.264108928805217,0.71012520166114,2
1361,0.244610260557625,0.466618755021247,0.579675583224171,5
762,0.702183183485176,0.0606690581887961,0.501329171517864,2
1265,0.242781777347559,0.469257599803606,0.581460319105585,5
1012,0.244570460448176,0.443471359207865,0.590548538963843,4
637,0.70714016585378,0.28090083617717,0.921320674871095,2
1441,0.240633003258491,0.409002772729758,0.590107557006659,6
714,0.705288666444831,0.215378705365583,0.718529102322646,2
909,0.640254594746511,0.160541660222225,0.62997896426823,3
791,0.708801901987754,0.334581752028316,0.606627683900297,2
1590,0.236563360291453,0.408248397537447,0.577112475731111,6
880,0.641871800746303,0.314361580600962,0.532296286011115,3
212,0.87117814947851,0.738219777587801,0.0756647598464042,0
1547,0.242643486739983,0.412175789950834,0.581136092963871,6
1302,0.233791452322948,0.465258365531815,0.574595365287752,5
336,0.444598424714059,0.870023673167452,0.688228730577976,0
1581,0.243141945072412,0.410619034168308,0.581905934494986,6
1542,0.238970480498732,0.407963760635474,0.5808735096265,6
621,0.700909546716139,0.250051635620184,0.66504933713004,2
769,0.702704033176415,0.173625126667321,0.632802234776318,2
3,0.854253174504265,0.363251405302435,0.428726703627035,0
375,0.508451226167381,0.111725959461182,0.420778017258272,0
46,0.773991007823497,0.0703936049249023,0.0936169805936515,0
1196,0.247722554738022,0.432430447486649,0.581725611977289,4
695,0.70715747263981,0.0445470335660503,0.561912692897022,2
944,0.641414636229165,0.0984188024420292,0.691168360691518,3
1277,0.242330641405595,0.468945041976042,0.580157998072263,5
1091,0.237857062491298,0.43676710890389,0.58056477091366,4
549,0.670083018376026,0.192421865020879,0.947536048409529,1
1436,0.23942863398158,0.403436420509097,0.570216215619046,6
1036,0.246748754518675,0.431155469032488,0.580223863823904,4
66,0.248604845255613,0.364369400311261,0.173187223030254,0
1010,0.239677939758746,0.438464259979032,0.583260070152533,4
321,0.781117670703679,0.679143698420376,0.397360423579812,0
1072,0.237815035942938,0.427528317233918,0.579786048531711,4
1407,0.245347026810894,0.405421740770457,0.585488054951762,6
658,0.703597778484691,0.265914777480066,0.589007766381838,2
229,0.769765053177252,0.423964163754135,0.966814073268324,0
1042,0.242273704882479,0.428803343306647,0.581351411729979,4
1324,0.24738604907223,0.468454583743785,0.580948906979333,5
1380,0.240707612556351,0.471534120628861,0.577104167384057,5
707,0.709750721547753,0.193568666651845,0.532358549814671,2
410,0.679023959704209,0.158439796487801,0.808484863070771,1
1449,0.247239227468124,0.405000069020774,0.575088573271813,6
481,0.675999804770108,0.199335126159713,0.914413934736513,1
991,0.644606634485535,0.050201668124646,0.907395021570847,3
668,0.709002756769769,0.444036362296902,0.628793673752807,2
189,0.433050994528458,0.442584945820272,0.251965604256839,0
1344,0.236902528930121,0.464396359319756,0.577054856100971,5
64,0.380883037811145,0.0835752682760358,0.255181489279494,0
1162,0.239846908283059,0.430262089617719,0.578253188900421,4
456,0.673236492786091,0.3538713731803,0.696677634422668,1
487,0.673525958161336,0.342908044881187,0.572966236318462,1
852,0.641173979770392,0.341480993153527,0.964151652576402,3
821,0.648621463326272,0.458479397650808,0.601343217934482,3
1264,0.235725197776001,0.466726005273441,0.587732718396494,5
717,0.708445306024514,0.508155481261201,0.571798194944859,2
1567,0.241229205628016,0.407641045047235,0.587603697959563,6
1268,0.243909377347523,0.459564725541228,0.56889709692271,5
328,0.0835787139367312,0.0220425883308053,0.468165795551613,0
218,0.964818423846737,0.371521613094956,0.864267516648397,0
1132,0.236771596718767,0.428092615827996,0.584794353224322,4
1232,0.236645712509458,0.467161176767089,0.582766035595256,5
1381,0.231382916532838,0.469409301205243,0.57835501663093,5
708,0.706208197257947,0.134505486884154,0.630373672046699,2
859,0.649640119106043,0.481133613921702,0.679464517906308,3
908,0.641692276040558,0.51655599703081,0.800979546550662,3
684,0.705575171376113,0.482141646160744,0.825994004425593,2
391,0.349561353679746,0.856028734240681,0.474198445677757,0
638,0.707327413412277,0.334882706706412,0.596424757665955,2
1289,0.24180447271572,0.461629904022212,0.578763601636159,5
978,0.649072241012473,0.524095678189769,0.797025027731434,3
260,0.673409448703751,0.929599492577836,0.417990134796128,0
303,0.0811438029631972,0.608647300628945,0.9806896999944,0
600,0.673224779118318,0.257456533331424,0.94270146409981,1
485,0.676124361779075,0.183082804153673,0.535037447279319,1
568,0.670960894466844,0.124682541773655,0.614443807676435,1
593,0.676276075108908,0.150093274260871,0.837217115610838,1
425,0.678149040907156,0.371160591207445,0.672653986304067,1
1487,0.241115001765832,0.403463319512003,0.591515919953569,6
442,0.678881538256537,0.379809332499281,0.75236980796326,1
702,0.703813062245026,0.447299829986878,0.498041314934381,2
1011,0.239586878187768,0.420660287925835,0.578521822153143,4
641,0.706828895644285,0.0639111209427938,0.846230387850665,2
283,0.583886850392446,0.189890326233581,0.902485026512295,0
100,0.821025443729013,0.570469703059644,0.543046302860603,0
1522,0.236265976273586,0.405420653086431,0.586519434518314,6
648,0.704689077080693,0.37483331579715,0.837376382481307,2
1336,0.242933210205822,0.467587222306605,0.582989736665327,5
1166,0.235712169909935,0.438765885184719,0.577188269517714,4
1050,0.248358056292489,0.432978418232587,0.581556816386751,4
1406,0.246212264351541,0.40356549460859,0.573508926775156,6
554,0.670819850305561,0.212503385450691,0.908045185194351,1
1512,0.234357129438446,0.407606829269404,0.579093731070807,6
1374,0.235145452892268,0.468113691853578,0.580896195735583,5
1236,0.248894994733337,0.452968491183287,0.582937918279351,5
1481,0.239119471424192,0.401631743023985,0.584745910797236,6
153,0.574836879735813,0.495134736876935,0.688817910151556,0
431,0.678537544887513,0.425074022216722,0.928884594864212,1
140,0.353344667237252,0.244451642502099,0.877540180692449,0
201,0.617391501320526,0.838297803187743,0.877830554032698,0
104,0.00589244393631816,0.889885133365169,0.894545516232029,0
651,0.702563491417095,0.168495268397965,0.791224878444337,2
387,0.566388646140695,0.686287219403312,0.978883952600881,0
843,0.644341462978628,0.0466205608798191,0.790682286769152,3
1159,0.246846387071531,0.437923039502084,0.577307484835609,4
624,0.707600291871932,0.395905794529244,0.489338490809314,2
1483,0.247132107258739,0.396608736694447,0.589392202771598,6
1532,0.243593555869989,0.411009669458405,0.580502678808083,6
1245,0.238939976355335,0.462218623771339,0.585999888714157,5
582,0.67797670900356,0.321915833116509,0.888113644253463,1
1287,0.238609686228922,0.467823137085736,0.584090310694216,5
115,0.0174245263915509,0.604256587103009,0.863340204814449,0
776,0.702560389149003,0.33202488203533,0.898674062616192,2
643,0.703244527678471,0.136521257529967,0.862567379069515,2
1041,0.243463087692907,0.442618198500661,0.578922266843179,4
760,0.705987863191404,0.358373350300826,0.620739804510959,2
1087,0.234693113142799,0.435043720517506,0.581308614728189,4
1321,0.236101887747513,0.465452115598692,0.588048815235895,5
1292,0.241615223837075,0.465518084511968,0.577163820758813,5
846,0.649302908373065,0.377555673546158,0.955798441357911,3
277,0.519591888645664,0.0530794193036854,0.772013922920451,0
1507,0.24248473893893,0.404806511697735,0.58905196155884,6
1074,0.243338073729532,0.430788430330391,0.585829965538556,4
30,0.583438316127285,0.772541873157024,0.311164208687842,0
464,0.674050643353257,0.346993448399007,0.521999958716333,1
1534,0.241027523231955,0.411842346334752,0.593294777967798,6
192,0.835352945374325,0.744633853901178,0.853051220299676,0
1408,0.248042445097454,0.406232623469683,0.581829734699545,6
298,0.427068311022595,0.830510486848652,0.368673623306677,0
491,0.674147910487373,0.0941295485943556,0.822478881734424,1
1326,0.24212585029952,0.456796701450918,0.581181864695088,5
235,0.890061846002936,0.797527655260637,0.676282634958625,0
558,0.677220464900602,0.328507337789051,0.75347584025003,1
1033,0.236967999107869,0.433936909795211,0.58205207541446,4
1322,0.234047777457701,0.45865644808419,0.57580251294501,5
337,0.724760436452925,0.508308795979246,0.612556463340297,0
209,0.79722429648973,0.0264060092158616,0.161235954612494,0
162,0.597224960336462,0.363082218449563,0.990396881941706,0
967,0.642973645820748,0.483947132201865,0.849183064932004,3
120,0.700567147228867,0.476268650498241,0.527845689328387,2
1178,0.244204488029886,0.438684512281933,0.580262476703476,4
911,0.647396348316688,0.0922804413828999,0.887058375100605,3
1560,0.237894767234537,0.401020364910172,0.577036817360413,6
1574,0.244981894914309,0.411371531842006,0.572103123555466,6
1390,0.235406413837864,0.470680647860087,0.574704172082753,5
1125,0.24283030297232,0.436850730027147,0.577407217688356,4
233,0.662923362338915,0.852905939333141,0.914644747972488,0
340,0.449745693709701,0.626467589754611,0.611190072260797,0
169,0.810678156791255,0.85687298187986,0.608349112793803,0
525,0.67695043288637,0.374147408944555,0.518650052999146,1
1194,0.235419427061849,0.436307723492498,0.588402258236677,4
566,0.679473135338631,0.30484208134003,0.846461643395014,1
615,0.700439536105842,0.163709349301644,0.720702116540633,2
1230,0.246952102417868,0.467950297217801,0.575087519808204,5
154,0.973391197388992,0.852922081248835,0.251192650292069,0
463,0.677506114365533,0.216062035714276,0.923247788962908,1
986,0.644022186836228,0.166868026321754,0.636040741857141,3
206,0.0894375767093152,0.168649200815707,0.273963175248355,0
408,0.672706868269015,0.123654645239003,0.925360156735406,1
607,0.708618278992362,0.248749365634285,0.939560889662244,2
1019,0.246727382539122,0.433192519730822,0.584149382298618,4
149,0.620806162012741,0.056634753011167,0.197110261535272,0
80,0.130186095135286,0.564541656291112,0.272755088517442,0
1184,0.231007115257146,0.43152067380865,0.573751880729639,4
237,0.504394612275064,0.713917966233566,0.286671804729849,0
1032,0.238337875754096,0.438482438383439,0.575889992741145,4
195,0.458452616352588,0.0817043203860521,0.946569468127564,0
1003,0.243822895868503,0.424575985695023,0.584503679317516,4
822,0.641956816052552,0.0700344001641497,0.527452213619836,3
956,0.648542213034816,0.260776169900782,0.581801978219301,3
124,0.691677344031632,0.687287150183693,0.0776981618255377,0
1315,0.238642522135479,0.466857057337701,0.574774438751773,5
427,0.674597825303208,0.358991931262426,0.872730877296999,1
1186,0.243531833638484,0.430712690041647,0.590004562703694,4
232,0.962551860371605,0.489908886142075,0.204282777383924,0
1519,0.232662024859134,0.407335067334678,0.579181113275127,6
959,0.648104208174627,0.102231349749491,0.85670814178884,3
1529,0.239207895104602,0.408623131545531,0.580032661229589,6
995,0.647126570425462,0.0952284126076848,0.776607757946477,3
253,0.00953953480347991,0.217992755118757,0.50553826848045,0
1410,0.251335574368244,0.40121853589978,0.58306996698661,6
796,0.702376996038947,0.240891750738956,0.876214120932855,2
330,0.127951893256977,0.247562592616305,0.347272435668856,0
1057,0.233195393941539,0.444595634510682,0.584590356192294,4
957,0.641538893519901,0.174377008061856,0.565426604636014,3
157,0.217622409109026,0.396361701190472,0.850110889645293,0
366,0.619533998193219,0.00654916907660663,0.376147907227278,0
1355,0.247419176211773,0.463695868652654,0.574041780113859,5
1333,0.235681449025667,0.467753005106804,0.582457918023478,5
925,0.642259000467602,0.531008843635209,0.635723028145731,3
1357,0.225745027519341,0.465701904960162,0.579866084964935,5
964,0.645452996441163,0.2772895303322,0.569704024400562,3
139,0.99127678363584,0.0512108500115573,0.4984472009819,0
42,0.0178008852526546,0.313655039062724,0.0426616300828755,0
72,0.947295318357646,0.0862434215378016,0.277274719905108,0
1090,0.248688462628909,0.434778029495345,0.579451853881496,4
1552,0.241798608035231,0.401240578618353,0.580033292614337,6
755,0.708795549818315,0.0445563891669736,0.490699178818613,2
527,0.677292732887436,0.498339257738553,0.561119873938151,1
946,0.6458508663252,0.33155059996061,0.704268535529263,3
15,0.537167310714722,0.713606608798727,0.650783471763134,0
594,0.6701779951551,0.152984800934792,0.893784835049883,1
1151,0.243777693734566,0.441002603311868,0.580055760340082,4
1207,0.241209868178573,0.454160640918688,0.580404376252963,5
1270,0.238050311871927,0.455646986673223,0.579956061481114,5
538,0.671429060259834,0.524765834165737,0.831591850076802,1
413,0.677465224531479,0.236900673783384,0.496424260013737,1
1024,0.236215547876809,0.435441938055596,0.583402089463251,4
818,0.644148489544168,0.321242250339128,0.609884596359916,3
295,0.5184149320703,0.0777236754074693,0.809184323763475,0
1276,0.239946276059871,0.455856356623185,0.585604007106931,5
530,0.676208949380089,0.527421036339365,0.498238726099953,1
479,0.670138802081347,0.0401305970270187,0.982715939101763,1
1580,0.241457477268892,0.403501423487213,0.576405862584084,6
1191,0.237077596985685,0.435924584384879,0.581592443156581,4
1517,0.234343642254748,0.401132970737261,0.582824131038302,6
522,0.672379633258097,0.231419728789479,0.848355180630461,1
1039,0.248922032846633,0.435846092801761,0.579865855838893,4
927,0.64428199310787,0.167948172031902,0.891487231291831,3
1397,0.23909721998516,0.461194755036993,0.584889809323223,5
325,0.408932242309675,0.577967712190002,0.610091977985576,0
1008,0.242256825692055,0.429271955280382,0.577442023594473,4
1185,0.239956460152837,0.433766649772739,0.576834890347887,4
891,0.649347304049879,0.254300512326881,0.537996433489025,3
1195,0.235994368917056,0.425561857787284,0.580534777723248,4
102,0.0471781201194972,0.397791450843215,0.762294958811253,0
801,0.648011273818556,0.470024202903733,0.932471956987865,3
785,0.706980422816705,0.305850258981809,0.562276940140873,2
4,0.0814850912429392,0.904102171771228,0.112258664797992,0
1102,0.23603623661917,0.435523595890951,0.585763426570614,4
145,0.935038425261155,0.718586161034182,0.0218945958185941,0
1049,0.242860410869145,0.425798318284969,0.575714987801984,4
1363,0.244180738420812,0.464719526398964,0.578551114772981,5
729,0.707391206815373,0.127014547539875,0.935151089727879,2
584,0.670936005683616,0.306318445550278,0.753089577821084,1
1531,0.237916924291113,0.401532877384549,0.578110108336228,6
1075,0.232532709900396,0.436738978979698,0.589613382567416,4
1254,0.239990094840215,0.46396238882962,0.590896473085707,5
43,0.573977889260277,0.0627845919225365,0.141369615448639,0
8,0.667523132171482,0.483667563647032,0.255651743384078,0
1073,0.241522230390049,0.432304637563988,0.578654569902997,4
731,0.707581060556695,0.420896715903655,0.821444457559847,2
1464,0.243349495289633,0.4101749021453,0.591555412817692,6
382,0.7986410188023,0.23582482105121,0.569821163779125,0
622,0.702189644565806,0.462778075551614,0.879250877234154,2
1179,0.240490101956238,0.435254799472078,0.574034794373761,4
1182,0.240734327390176,0.430058918235876,0.579693651752662,4
74,0.0586477289907634,0.0108776285778731,0.550781923811883,0
871,0.642698915421497,0.0377153671113775,0.775104295043275,3
807,0.648095459116157,0.469570212485269,0.494623789493926,3
335,0.00468107522465289,0.455628147348762,0.0388930931221694,0
220,0.539729946292937,0.900518272770569,0.832273826003075,0
1598,0.241422365550981,0.404207402140133,0.584689183349897,6
515,0.678341808116529,0.1783088340424,0.893125500692986,1
526,0.674538063355722,0.20879014111124,0.873521113116294,1
496,0.678836026082281,0.111790811247192,0.890512343426235,1
848,0.643421599629801,0.0715199942467735,0.891370418760926,3
652,0.701338118980639,0.219952600961551,0.884635757934302,2
1467,0.240378407623019,0.413812166582701,0.583688760535526,6
1020,0.239150169145694,0.434692079865864,0.578905320089639,4
1005,0.236948372295021,0.434946293212959,0.582969183783326,4
1058,0.245224768013357,0.436285029189005,0.579979583758809,4
1369,0.226403689795299,0.461790065583447,0.578817454979798,5
853,0.646748471986502,0.490409283386543,0.619773688889109,3
11,0.67679447401315,0.969084129203111,0.186379128368571,0
402,0.679353478713893,0.450850581587292,0.727121196268127,1
1462,0.240039986609794,0.39643653134632,0.577230617194963,6
1137,0.228738207558724,0.428814250380055,0.575332489095084,4
997,0.642169284604024,0.159197674435563,0.588632832327858,3
910,0.644364939457737,0.239359114621766,0.828810103517026,3
1153,0.236081131291843,0.433251951170938,0.57467075076064,4
1226,0.233575807646935,0.467822222226423,0.577363990743309,5
559,0.676918524764478,0.459468853729777,0.791416879906319,1
1218,0.237363744393085,0.464008516187257,0.5806066919393,5
898,0.64305726133287,0.12503250008449,0.615191909996793,3
1258,0.237147510664203,0.466861995472477,0.580202844286513,5
1398,0.241739496361338,0.460217037993655,0.578420184080093,5
443,0.671546431172174,0.122527207783423,0.790369704528712,1
275,0.0684012048877776,0.8864690605551,0.550174751318991,0
929,0.645205125960056,0.0508585185278208,0.820409378432669,3
1387,0.237148509600165,0.468724934579741,0.579385922015476,5
1350,0.241153978231042,0.459796311491633,0.578246966167573,5
869,0.641613227925263,0.139534303755499,0.488702963269316,3
370,0.51143882679753,0.312316125724465,0.703055480727926,0
889,0.641531493854709,0.0936739667784423,0.847111801896244,3
1530,0.243810810478897,0.404901859984353,0.585615058669329,6
1146,0.240842760820644,0.444346311327196,0.576986627195512,4
520,0.678115450891201,0.381543134758249,0.932582191820257,1
1238,0.240483376051982,0.454994926446919,0.576457981098471,5
1210,0.242236925278587,0.473714082082709,0.566203056014403,5
1083,0.247139483330488,0.437694500961555,0.578912038785276,4
448,0.670869473644998,0.374844714952633,0.738072343566455,1
217,0.651398228947073,0.11372891953215,0.526358758332208,0
1104,0.245718094671862,0.427385881796566,0.571292263117145,4
514,0.679918116508052,0.198333793040365,0.715243145055138,1
68,0.521485357312486,0.682348009198904,0.120850566774607,0
1358,0.245164128077758,0.472025146656321,0.583106679034946,5
1342,0.24012918358611,0.466655057426493,0.583970473907682,5
968,0.649078159437049,0.0995371479773894,0.906784356152639,3
1473,0.238495485440401,0.409732341458961,0.589486638641047,6
1553,0.23732478326141,0.407337485118373,0.579387000906573,6
1543,0.236777576663509,0.41656281607974,0.577242815815313,6
1280,0.235902030246558,0.464872095337907,0.570456982237075,5
242,0.751554592512548,0.807549983263016,0.457594586303458,0
634,0.70167270190781,0.36237628904637,0.648739968938753,2
9,0.105093745747581,0.663657839642838,0.333180426619947,0
741,0.70267271671677,0.336162073723972,0.80586907225661,2
1300,0.239405320759577,0.464708033977485,0.574414223775674,5
271,0.614459171658382,0.558199730701745,0.529273564694449,0
40,0.473187221912667,0.0115937045775354,0.600444910582155,0
167,0.0666849485132843,0.797824376029894,0.865815737750381,0
203,0.709242251003161,0.0901493038982153,0.317771842237562,0
563,0.671959524156991,0.502767461771146,0.496455413103104,1
1056,0.241099149160653,0.432755016521195,0.573484316944242,4
1231,0.236807541217206,0.462299124274441,0.575901004702951,5
945,0.640052072964609,0.4086740399478,0.757880025939085,3
190,0.541809665272012,0.147993910359219,0.683501185383648,0
1417,0.231830046682808,0.397231863908356,0.579083097350369,6
1399,0.23778134839718,0.457043004612462,0.580162072068203,5
304,0.616338978521526,0.576693312963471,0.159030636539683,0
380,0.353572596563026,0.105276420945302,0.107338847592473,0
1368,0.241190747044873,0.463598314284409,0.578150347768487,5
860,0.646899767506402,0.49953313365113,0.936337844980881,3
105,0.802351633319631,0.559672457631677,0.788458439754322,0
348,0.689518327126279,0.149696164298803,0.85550211626105,0
730,0.707103249779902,0.379912969376892,0.675231798831374,2
633,0.704879557322711,0.108289484586567,0.497116415109486,2
116,0.743099693441764,0.480986895971,0.689407164696604,0
603,0.706408203728497,0.0399864653125406,0.732385418657214,2
918,0.64425345557509,0.392972011072561,0.524825293384493,3
723,0.709187490153127,0.122242765221745,0.497433591797017,2
508,0.679279060701374,0.382457014243119,0.578431600169279,1
111,0.807805913733318,0.63256828696467,0.759948066435754,0
675,0.702875074483454,0.377293420210481,0.94897571024485,2
1220,0.237396987604027,0.466317508074327,0.584659589187234,5
921,0.64052800006466,0.447115559084341,0.592343276995234,3
371,0.1864625797607,0.605585046811029,0.882878648582846,0
178,0.695850171148777,0.297244194662198,0.302253841189668,0
33,0.159576626494527,0.119823998305947,0.49989686650224,0
878,0.646909335071687,0.319613856216893,0.489685615454801,3
879,0.645079890980851,0.301748610171489,0.60810944698751,3
101,0.0896655635442585,0.40256168670021,0.677916573826224,0
343,0.542052141856402,0.482985342619941,0.104366013314575,0
836,0.640155500359833,0.191481703380123,0.69090770224575,3
364,0.876549317734316,0.765198227250949,0.140540438471362,0
1559,0.234569687836749,0.407842642417301,0.579660703883738,6
657,0.705952706960961,0.0698058465030045,0.664800878660754,2
842,0.648301039652433,0.402080020820722,0.829818125860766,3
787,0.702076876615174,0.52569241351448,0.680449284892529,2
718,0.701578241458628,0.176130329677835,0.887633346882649,2
320,0.104037853190675,0.797056209063157,0.684425655053928,0
661,0.705562950035092,0.244781328435056,0.603258670587093,2
1093,0.246047986826174,0.434046266141604,0.571048391129604,4
7,0.866708878427744,0.711484466912225,0.0544752774294466,0
1489,0.225512443102331,0.39843445290177,0.575125101302958,6
1308,0.241249617878364,0.457998562451028,0.577472687860498,5
118,0.548739371588454,0.213667323347181,0.342970567056909,0
875,0.64837515914347,0.369314972613938,0.726561295497231,3
1456,0.24327719371315,0.411225736042564,0.587454054205271,6
187,0.958453941624612,0.701148204971105,0.409365291707218,0
1599,0.240719711532062,0.408418626379595,0.589309055024216,6
937,0.643546183465514,0.329757011099719,0.603850822360255,3
1476,0.231922385309232,0.411846713688976,0.5816541992713,6
806,0.643462915080599,0.458470979542472,0.817847542162053,3
1493,0.240381569866233,0.3942264948187,0.581920120077636,6
1439,0.238742286251923,0.408983034113127,0.579802126476353,6
428,0.675604866065551,0.275122145144269,0.935913008102216,1
1343,0.239723539542217,0.467204769387607,0.57691780209831,5
1479,0.241787839721085,0.402700420170403,0.573363659577364,6
1168,0.236600758188194,0.429606683024458,0.581925523799727,4
1551,0.235501913456724,0.405376686311931,0.577399059856994,6
1295,0.247248820822091,0.464274413932778,0.582609686900887,5
899,0.643879034852143,0.229272392299026,0.566415341501124,3
224,0.599547687685117,0.801043103681877,0.507350207306445,0
1401,0.239956157721546,0.407007887558265,0.573569553712396,6
144,0.421137677738443,0.00210740230977535,0.000528980745002627,0
71,0.387725822860375,0.437680842122063,0.403718943940476,0
1468,0.223113327474433,0.404750890083161,0.579035990063168,6
777,0.70607670071302,0.0567828532774002,0.878276234888472,2
376,0.299783477792516,0.601179510354996,0.578090975759551,0
1015,0.239791549199393,0.435761771694901,0.584286394517763,4
636,0.700901643864345,0.400098259863444,0.692333466769196,2
1251,0.235750941456911,0.458412405445937,0.585077841720036,5
202,0.267674331087619,0.785602604271844,0.844217920908704,0
137,0.295649201143533,0.275303750764579,0.0501992623321712,0
484,0.67808105877135,0.125202282750979,0.484286133246496,1
687,0.705530997298192,0.134167747292668,0.487602850003168,2
683,0.703293342932593,0.36210135051515,0.701264453865588,2
476,0.672810286628083,0.401097767939791,0.585887918877416,1
506,0.676068475337233,0.374542213813402,0.93338378733024,1
155,0.00340772792696953,0.755128493299708,0.834453769726679,0
1514,0.241394472475361,0.400408268353473,0.590594047087429,6
1233,0.238176364426075,0.470340721225381,0.585935608870015,5
159,0.953980761347339,0.989225969882682,0.540878363419324,0
1391,0.236640123290324,0.469957027318994,0.58998318416715,5
840,0.648935434448067,0.519031407730654,0.770165225071833,3
1105,0.239002566851053,0.434870264945108,0.576577295044666,4
455,0.678226472444367,0.347792764962651,0.487791902199388,1
1055,0.242356542261594,0.436962615632085,0.584055193299118,4
1259,0.245584569872963,0.470535473611013,0.581700492332852,5
805,0.642063404615037,0.383851050585508,0.677783545153216,3
1306,0.237585305727971,0.455950781850547,0.582306912924805,5
205,0.853097982704639,0.0629993409384042,0.760394165292382,0
610,0.705205854882952,0.483869230910204,0.543318797298707,2
936,0.643871658621356,0.395947911846452,0.913495763018727,3
926,0.648717459200416,0.215827566641383,0.944229976902716,3
316,0.946179660502821,0.694520046701655,0.962799096712843,0
604,0.699964924396482,0.368442985764705,0.509305852977559,2
1138,0.245483070837247,0.439799186627714,0.580091838665408,4
152,0.754989200737327,0.188774336129427,0.864861228270456,0
1088,0.237526043019187,0.434082311736281,0.571243529795052,4
114,0.77887461008504,0.463135911384597,0.749891287414357,0
198,0.701250923797488,0.0600880328565836,0.075567422201857,0
297,0.508467903127894,0.459514323156327,0.878839017590508,0
294,0.0744180029723793,0.658344184048474,0.993218707386404,0
619,0.701190838806797,0.110459968517534,0.611625190172345,2
809,0.643606292905752,0.458809224143624,0.538806081446819,3
617,0.706925543141551,0.102872540894896,0.57769937585108,2
477,0.678912799954414,0.216049707913771,0.650801334343851,1
1060,0.250742101772443,0.43033751291879,0.577877155119585,4
864,0.648014063509181,0.0553870257688687,0.486222294671461,3
834,0.642020851054695,0.0779440190643073,0.704574846825563,3
278,0.734821325866506,0.883725562132895,0.967735208338127,0
761,0.70848433443578,0.144726232811809,0.978073502937332,2
311,0.665324051864445,0.505526155466214,0.541647382546216,0
1600,0.244252952295205,0.399620201689469,0.586100175834131,6
1520,0.235253558049826,0.401321479266113,0.584541322948648,6
1271,0.238381721855107,0.464571772263655,0.577261042091376,5
793,0.70262521274155,0.127843255014159,0.795587882678956,2
1147,0.246520006083394,0.434660134208199,0.582194747913684,4
676,0.700036628998351,0.123127463809215,0.966206915955991,2
269,0.343925951747224,0.0905425928067416,0.830998386256397,0
1576,0.231794316513268,0.412234910915,0.590292902589333,6
221,0.936987976543605,0.449456600472331,0.605683861766011,0
18,0.929447462083772,0.792772548273206,0.504155376693234,0
435,0.678538934793323,0.105826908675954,0.907998728728853,1
1038,0.240325132515125,0.441368843163398,0.576550600129697,4
1396,0.23978345790267,0.457817009806649,0.582113399746289,5
1485,0.231718747550969,0.400901977022246,0.581042938477428,6
193,0.493476826697588,0.45117995608598,0.544437684351578,0
1376,0.236047311656358,0.465764209080577,0.582842539254228,5
1081,0.239445562552023,0.430185774446674,0.572033917889679,4
432,0.674651004022453,0.0651762937894091,0.751809738390148,1
401,0.670277250148356,0.372103748098016,0.772544048423879,1
753,0.702459811409936,0.220114643056877,0.587855611508712,2
982,0.643368808799423,0.232692124741152,0.818873210507445,3
488,0.671339935241267,0.342869878117926,0.969352540723048,1
916,0.64652676000027,0.235676324297674,0.808325937646441,3
961,0.642525936844759,0.319211861304939,0.626537628751248,3
398,0.00504191662184894,0.500171719817445,0.232744011329487,0
1215,0.232709547642388,0.460245502009427,0.578429755844109,5
1126,0.242872170241342,0.440248552989748,0.577676464399101,4
1172,0.242235762518961,0.437379443018774,0.578061443250239,4
1290,0.237611313252223,0.462514720980426,0.575645699853653,5
434,0.670125949410722,0.101324673113413,0.970490703172982,1
993,0.640507916735951,0.134097584127449,0.513278863904998,3
1141,0.239057878250268,0.432550646157605,0.581331821729221,4
540,0.678663764898665,0.413651614869013,0.883708852622658,1
461,0.672320993752219,0.223108367365785,0.678747320710682,1
1283,0.243506125921668,0.461070903926753,0.57348088280115,5
1450,0.24341718641413,0.420223594104492,0.578215275569196,6
1121,0.252994003645869,0.431581984230564,0.594353669529482,4
774,0.706113848201931,0.387697844253853,0.789561234344728,2
110,0.734596858965233,0.382244075648487,0.559087016154081,0
299,0.918092417297885,0.671478207688779,0.672810052987188,0
1117,0.236419964870885,0.439063797399138,0.581235244902735,4
1034,0.236301682036358,0.435916983290911,0.579116597376002,4
1242,0.237927938610587,0.475497563870922,0.586067047685382,5
783,0.705823956925888,0.296188915916719,0.717759633134119,2
700,0.705776103285607,0.43134047051426,0.518301924387925,2
170,0.961035942891613,0.000561132561415434,0.297190055251122,0
576,0.675914611155167,0.08138959442731,0.961512952623889,1
609,0.701354060999584,0.0567314129555598,0.965720878960565,2
704,0.708261190082412,0.0712245888542384,0.83868439081125,2
1018,0.250529479374786,0.432030450227058,0.57706976755216,4
1546,0.238797626340682,0.403674394066629,0.585916172630687,6
1061,0.241883567491855,0.437288644273527,0.588910215271314,4
313,0.300541664240882,0.856506529264152,0.475069297943264,0
798,0.709765162887052,0.453821419924498,0.710633947094903,2
939,0.647617374344263,0.0665445730090142,0.664368427288719,3
384,0.321080004330724,0.764535543043166,0.553110106149688,0
966,0.641514168835711,0.439288488775492,0.916836262843572,3
67,0.65264412923716,0.941615532385185,0.681527603184804,0
726,0.705692735151388,0.216848051710986,0.516663283854723,2
814,0.644196866594721,0.279707397986203,0.901572986436077,3
565,0.671200369819999,0.489540953026153,0.836771346558817,1
176,0.577283896505833,0.483603376429528,0.956012870185077,0
894,0.648643809782807,0.458310676109977,0.913163499371149,3
1366,0.243928561947639,0.459418093694921,0.57505630702573,5
1413,0.238894143688665,0.397644227875796,0.580740602918646,6
1535,0.247527594900533,0.404099590442073,0.585401661846432,6
423,0.670687248145696,0.235791050782427,0.55744822723791,1
1107,0.236661404418956,0.434939451818127,0.576823753174154,4
1181,0.234493163880865,0.439258560123835,0.58225576456793,4
529,0.67908038656693,0.306804556585848,0.855010561808013,1
243,0.870881110196933,0.95747796096839,0.987147882347926,0
1131,0.235196639026399,0.436487194585072,0.585700336098747,4
230,0.0104643672239035,0.194241994526237,0.944982829969376,0
733,0.700915330713615,0.104225712548941,0.799909639218822,2
815,0.643543832874857,0.246508476510644,0.515704927430488,3
656,0.708006520236377,0.467819355148822,0.619733796967194,2
469,0.671036860994063,0.0601645797258243,0.546104971249588,1
551,0.671730810634326,0.187281596893445,0.788544575381093,1
445,0.67547788688913,0.278334153885953,0.890491362824105,1
735,0.70862498665927,0.39187341213692,0.589084053342231,2
1330,0.233398866976923,0.462400263474063,0.581401729825717,5
975,0.647963663728442,0.167158717941493,0.856895871157758,3
1142,0.228187548387603,0.429956592409513,0.577632360532956,4
721,0.705240252481308,0.278496006224304,0.97293652354274,2
751,0.709311743909493,0.145863304799423,0.812749926862307,2
148,0.471018703421578,0.159888627007604,0.392905939137563,0
583,0.676259602585342,0.0745281382231042,0.902723674243316,1
324,0.900928833289072,0.254246652591974,0.326417800504714,0
257,0.419648308772594,0.910483047598973,0.755153445526958,0
1372,0.236326684659986,0.47327315460802,0.582514085496387,5
131,0.358790036989376,0.67356174159795,0.948420773725957,0
592,0.673887014968786,0.308187871309929,0.876392132416368,1
90,0.372747601009905,0.305780168622732,0.217748997267336,0
1211,0.232146601809083,0.462876724600792,0.582022100984114,5
268,0.410170257091522,0.312292296439409,0.180934492731467,0
773,0.706392338720616,0.22091007635463,0.837648301315494,2
1586,0.243647029203668,0.402073356808129,0.592174105876514,6
826,0.647235442355741,0.460125869559124,0.582634167908691,3
868,0.647770465365611,0.378327332157642,0.545150960958563,3
1492,0.238524634111903,0.405627216367837,0.584124273741765,6
890,0.645392098492012,0.268941342784092,0.732466589007527,3
765,0.701888021149207,0.0547094492474571,0.76508104573004,2
1459,0.237494032975963,0.410130870237284,0.57546413487751,6
698,0.702841127070133,0.175718147610314,0.743605698738247,2
1419,0.250678639699409,0.395482583896394,0.57820330247971,6
1221,0.23532126652713,0.468323870561461,0.582767424268789,5
1150,0.235444782506103,0.429944367846493,0.580985789603746,4
1078,0.236963733873434,0.436286897514908,0.581618237241616,4
1192,0.240305887683479,0.437724514010295,0.583313120692065,4
1252,0.244580730176612,0.462523069884858,0.580764489686031,5
216,0.88862143130973,0.708399517228827,0.7122435902711,0
389,0.0409671363886446,0.0647224185522646,0.449235795298591,0
60,0.19150053919293,0.358260240405798,0.190511942142621,0
854,0.645258087238763,0.20405416872818,0.718074809806422,3
1392,0.236522618267823,0.45963026124798,0.572874602539234,5
950,0.643677433631383,0.0580143213272095,0.723377729929052,3
1157,0.233078588312995,0.44299483866993,0.581192361608708,4
1549,0.241579427802483,0.40440722390448,0.577144987750457,6
173,0.120532879605889,0.27997107617557,0.536568091483787,0
578,0.67444527390413,0.105000361520797,0.787872499134392,1
305,0.440441461279988,0.525127837667242,0.833178570028394,0
686,0.703816897801589,0.190625345055014,0.98141545271501,2
797,0.709402971032541,0.449763384251855,0.843216617987491,2
627,0.709363178494386,0.491028389730491,0.67342305618804,2
31,0.0461382817011327,0.821690742857754,0.691941619385034,0
1257,0.228093112741416,0.472444369899767,0.587018386369643,5
1247,0.243953313970922,0.462871462875278,0.579917356007543,5
168,0.000913548516109586,0.713448471389711,0.383664629189298,0
1255,0.230462239611914,0.464456155748219,0.587430450970748,5
439,0.676394734021742,0.518744429061189,0.608800709992647,1
25,0.894617358222604,0.42397053912282,0.108957979828119,0
1505,0.238149530083441,0.400521167839119,0.577357682489459,6
1035,0.240319272008261,0.438002458410909,0.581641081301846,4
748,0.700467161987908,0.252109481790103,0.73551549394615,2
838,0.64867390597472,0.240586450160481,0.513897877116688,3
353,0.777145076310262,0.884850701782852,0.144940350903198,0
1538,0.241726610631197,0.397480460346087,0.585733443278428,6
1422,0.239123357597416,0.408602375076151,0.578687390046227,6
420,0.674739149238449,0.481904309778474,0.700871977186762,1
310,0.851823430275545,0.797744866926223,0.877751036314294,0
245,0.446723922621459,0.228414047975093,0.858833643142134,0
867,0.64811624339316,0.236178501695395,0.785791335906834,3
664,0.704116864635144,0.396881651552394,0.880063568172045,2
670,0.705895332316868,0.424027545214631,0.520731009822339,2
510,0.676529975158628,0.514211918064393,0.5017916433746,1
517,0.670580074996688,0.408061545412056,0.918439602875151,1
2,0.535829949425533,0.956938396207988,0.386918967589736,0
1109,0.236954693782347,0.434702710181074,0.578276614245324,4
612,0.706946475652512,0.47381452547852,0.70094319996424,2
19,0.0626279949210584,0.534694424364716,0.802471097093076,0
1525,0.243287375000655,0.405003800520119,0.584104918776092,6
938,0.645769457691349,0.218270433554426,0.833450295310468,3
999,0.648184935860336,0.246986444760114,0.878708902443759,3
694,0.707562761779409,0.383459038520232,0.847077251924202,2
524,0.675939455747139,0.177186796977185,0.936521158483811,1
307,0.544693626463413,0.2640821847599,0.0668354111257941,0
422,0.671535743416753,0.433305840427056,0.68749659198802,1
1500,0.236025698325085,0.403123694689389,0.581280865915365,6
1554,0.242845576777295,0.396719395638005,0.579394558084125,6
564,0.675509223407134,0.289192759618163,0.50806776881218,1
438,0.673142781783827,0.233627527556382,0.832934483699501,1
940,0.642965696381871,0.0415956954937429,0.821105787693523,3
1101,0.232296833861197,0.437754615571472,0.583083775922651,4
1370,0.240735693012442,0.468806879906678,0.580071296682219,5
412,0.671012495001778,0.406556912884116,0.823809838551097,1
521,0.670233362023719,0.0790560740977526,0.912858691695146,1
518,0.678354147386272,0.466317778406665,0.907962688524276,1
1237,0.238644939356854,0.473788522003431,0.588670569634967,5
1202,0.237509164833379,0.462690778847051,0.584636018412853,5
171,0.106158074457198,0.569100967375562,0.462145594647154,0
1341,0.244633237972162,0.449984104605513,0.573721880503222,5
345,0.394899408100173,0.0825990850571543,0.311991246184334,0
728,0.700230228877626,0.383116721478291,0.490960803860799,2
613,0.704849721561186,0.170121639687568,0.651384689891711,2
177,0.785168231232092,0.774518419988453,0.0562420508358628,0
288,0.973396738292649,0.900291002821177,0.502008175710216,0
65,0.499498174060136,0.122184772510082,0.49337070947513,0
281,0.0735691848676652,0.193269436014816,0.37001125048846,0
1527,0.238210377982357,0.405194544745498,0.585302986265517,6
350,0.378289893036708,0.0287533367518336,0.190313645871356,0
737,0.704727391721681,0.0698713433928788,0.932142257620581,2
108,0.951653484487906,0.654005924938247,0.0512283777352422,0
779,0.701247673926409,0.334689279505983,0.71733465900179,2
465,0.670367082066368,0.488249104539864,0.864837245829404,1
1106,0.237324959281578,0.433742901093444,0.574518391016611,4
701,0.70299744595075,0.487980889342725,0.626167852594517,2
949,0.64277325885836,0.156717966962606,0.901278237393126,3
1023,0.234581468079824,0.430580638911241,0.582715691998313,4
881,0.64524908056017,0.327775782975368,0.692502383422107,3
1577,0.242239157095,0.398766203662976,0.573653287635152,6
977,0.645365027096123,0.44915214071516,0.923447963129729,3
1149,0.240866527810083,0.436347342085534,0.578313186567802,4
802,0.646822104114108,0.196731862449087,0.668619714374654,3
143,0.132893268251792,0.874447694746777,0.332265747478232,0
749,0.702335506137461,0.333784226630814,0.496941345441155,2
799,0.709786858705338,0.468960552895442,0.558947026194073,2
877,0.641474297053646,0.0493293695151806,0.74311456438154,3
89,0.669028376461938,0.436867835698649,0.65274394559674,0
493,0.67313032201957,0.441202977276407,0.927238577324897,1
103,0.441380655393004,0.545237011741847,0.777472580084577,0
1085,0.239570538735328,0.432177417813158,0.57855228637277,4
923,0.641093106695917,0.108001930243336,0.870345486374572,3
107,0.389552743639797,0.115556930191815,0.981190810678527,0
924,0.646441569169983,0.161948131932877,0.741489119757898,3
151,0.663406287785619,0.787981186294928,0.933510766364634,0
236,0.226250329986215,0.382550938986242,0.118211856577545,0
537,0.673567607784644,0.101600162056275,0.592250992008485,1
231,0.162119599757716,0.677258945535868,0.22193195996806,0
873,0.642536679438781,0.136586778401397,0.620032776193693,3
322,0.0299001417588443,0.358795930631459,0.6540492977947,0
1434,0.246291593256678,0.401333675370785,0.569553878846715,6
1118,0.245084827123091,0.442391954941545,0.581525090537754,4
1472,0.239304145148593,0.404145645577101,0.578332481169996,6
1548,0.243152192855227,0.406274240808954,0.579149331265901,6
722,0.701688192987349,0.301825929386541,0.963856540550478,2
458,0.676373520100024,0.405324037373066,0.793095041695051,1
1484,0.23992002975062,0.402872260966712,0.580991330957851,6
32,0.539984121685848,0.760315075516701,0.502422048710287,0
471,0.671446464273613,0.0393508688546718,0.907243125652895,1
50,0.459358765976503,0.135548226768151,0.070579401915893,0
887,0.646241638390347,0.0984501708997414,0.545448912121356,3
669,0.704831172239501,0.240000902861357,0.83783418899402,2
17,0.264002907788381,0.57456212490797,0.247687915107235,0
1305,0.242184312041018,0.462233925404774,0.583334599501677,5
1152,0.238399172342864,0.437122499558673,0.584851607899551,4
21,0.586703878128901,0.501116195227951,0.83341621584259,0
712,0.702581118752714,0.194925520638935,0.80757660784293,2
579,0.671649122191593,0.486341701657511,0.902958377194591,1
135,0.687353266403079,0.86379078682512,0.946706598391756,0
1429,0.238578059881401,0.407463621174563,0.578692650792451,6
756,0.702555032211822,0.29536650814116,0.571298138983548,2
85,0.151188372634351,0.845997419208288,0.482739398255944,0
541,0.674357010372915,0.225801284844056,0.926823875680566,1
672,0.705170413288288,0.315886462992057,0.636232056701556,2
1,0.955718793673441,0.804522724589333,0.207380626816303,0
1130,0.236138433353669,0.440352204502444,0.570622184427676,4
109,0.635967029258609,0.42971575143747,0.989838728448376,0
1511,0.239468465363744,0.407719811108368,0.575915079586173,6
457,0.678173249126412,0.392250928631984,0.843141166656278,1
1340,0.23808010512988,0.472723445641074,0.57715652157917,5
1323,0.242419092363702,0.470839910859658,0.580851611772977,5
1318,0.237474166066489,0.463585878937048,0.589905269804469,5
596,0.67482533828821,0.270682486426085,0.66999308175873,1
1000,0.645941753610969,0.47113129934296,0.726002510683611,3
947,0.643267261385918,0.460661370144226,0.945859013870359,3
1446,0.233674630067616,0.402084212941948,0.580450012175428,6
839,0.643264039377682,0.0924142818665132,0.582639385527,3
1240,0.23647450023183,0.465500646627956,0.581434074279115,5
61,0.656582580180839,0.429744145367295,0.830075796227902,0
666,0.705588818064425,0.120510208373889,0.597004275931977,2
22,0.678397121140733,0.470465105492622,0.00178509461693466,0
1430,0.240686353920787,0.409402160714517,0.577293996861248,6
605,0.703147377471905,0.449842240381986,0.532045628456399,2
69,0.380134154111147,0.209501709789038,0.473511479096487,0
1299,0.241226083643883,0.464927074143145,0.587551410943693,5
690,0.708185199727304,0.17484813912306,0.606651998404414,2
750,0.708884624887724,0.11651333568152,0.691238999296911,2
267,0.0738788058515638,0.339585351292044,0.167635765392333,0
1022,0.240371171279975,0.435623145629436,0.586379126336468,4
83,0.416940772207454,0.911663476377726,0.596081540454179,0
1457,0.242437212141549,0.404946723388731,0.583076977542265,6
715,0.703046823937912,0.0852191287092865,0.691585780633614,2
1556,0.241994852963047,0.393551598608962,0.574309846367888,6
1516,0.238345509254419,0.408118769945109,0.584309650707215,6
795,0.702953688248526,0.325726324995048,0.771187258465216,2
599,0.677022781712003,0.0698827205458656,0.579549412988126,1
1589,0.231240492235212,0.401772677330306,0.585249809817653,6
905,0.641467556643765,0.425346157583408,0.531342212622985,3
1249,0.238992413121407,0.453944782918966,0.576646228842945,5
764,0.701490539279766,0.140240694582462,0.582357323192991,2
572,0.672397923425306,0.076177951018326,0.538633198407479,1
1571,0.242951842813316,0.39797515604061,0.575794292513792,6
1068,0.238451106584333,0.430153303081961,0.591226012173176,4
1127,0.245025520605923,0.433090997731601,0.5808342268533,4
1555,0.243682996777431,0.410138189195225,0.58446081342487,6
1597,0.239364530443713,0.407163864497134,0.58086637432318,6
290,0.88795989472419,0.335407173726708,0.194857682334259,0
1503,0.244620440705033,0.399724923344329,0.57181167090574,6
228,0.730002014199272,0.217900240328163,0.335852325661108,0
855,0.647486531664617,0.460183276399039,0.960653398931027,3
953,0.643442866862752,0.0763069117208943,0.552473999955692,3
183,0.285172172123566,0.221851025475189,0.886855612741783,0
38,0.228348103817552,0.27254129271023,0.655217877356336,0
75,0.186261598952115,0.140459220390767,0.48248770320788,0
1502,0.234768605445986,0.404219759626333,0.580938090367557,6
1110,0.237201908946957,0.431861886539391,0.579981624898885,4
226,0.330705743515864,0.858661947306246,0.297986182617024,0
1077,0.23861143619776,0.433838463641358,0.579714470168173,4
386,0.762321101501584,0.515033915406093,0.261623093858361,0
548,0.677669701369014,0.169807661045343,0.640523107885383,1
175,0.0915215776767582,0.858779545407742,0.728534396970645,0
1267,0.228666868094871,0.466242187896656,0.573368068152028,5
768,0.70083871340612,0.292025368264876,0.761970444745384,2
172,0.455677634803578,0.996837347745895,0.863422624999657,0
426,0.671821414541919,0.234600856620818,0.90714824530296,1
1098,0.23265494202832,0.433355388766826,0.576648595293146,4
813,0.640551337816287,0.237100914306939,0.84239407540299,3
397,0.813927589450032,0.669662615749985,0.385541886324063,0
132,0.228637831285596,0.0840604363474995,0.45576469018124,0
29,0.67094688070938,0.0193204956594855,0.459656024584547,0
1190,0.234589630838356,0.432946601969154,0.575788618213587,4
323,0.879578675376251,0.469711128855124,0.584496118826792,0
1253,0.246372906217526,0.461600150792602,0.576741984978394,5
34,0.116999463411048,0.982031497871503,0.434086435474455,0
895,0.647465109915938,0.369799541844986,0.584231597185135,3
1557,0.238022599890403,0.401786152926938,0.572767929307225,6
261,0.0689709146972746,0.30161441443488,0.117332387249917,0
495,0.672290036708582,0.135768317221664,0.678522743913345,1
588,0.674295410460327,0.342391144204885,0.779036924056709,1
1319,0.235004727575572,0.469020864976387,0.580815301589765,5
1414,0.238973925956571,0.408673046224305,0.575064199078531,6
122,0.123204705538228,0.350970562780276,0.327854628441855,0
1154,0.2357124756901,0.442831547111629,0.582603672243546,4
1293,0.245524624314976,0.46105756943005,0.579275729760284,5
1143,0.235041578192606,0.43367764966777,0.588128710354712,4
790,0.708117498592474,0.337490876740776,0.877519086748362,2
377,0.731987084960565,0.397984974086285,0.158407311420888,0
96,0.268748160684481,0.610124276252463,0.468994095455855,0
811,0.649157764513511,0.533385954750702,0.537102719000541,3
45,0.107050348538905,0.802126719383523,0.504910015035421,0
351,0.590140189742669,0.192838384769857,0.430780306924134,0
1415,0.242950378989138,0.404805149577379,0.578689656459451,6
1031,0.244092034981592,0.435119062498805,0.582632854732443,4
84,0.462335207033902,0.335068335058168,0.835574119351804,0
222,0.627541297348216,0.35830443771556,0.455764296464622,0
630,0.705327462279238,0.290448141936213,0.977118398225866,2
1402,0.237990460084657,0.407741746921624,0.572334741393211,6
341,0.759241278748959,0.0938619468361139,0.166995592648163,0
239,0.0123484660871327,0.114553770516068,0.960265242727473,0
379,0.790220476454124,0.323222824139521,0.60249465610832,0
692,0.709441208899953,0.355618339916691,0.716070075565949,2
1314,0.236959565911776,0.460267586752791,0.580281436986616,5
1263,0.231441615794192,0.470504662566093,0.578791418087482,5
415,0.67196821547579,0.448283559828997,0.57349483021535,1
886,0.648312048970256,0.516466210200451,0.570813399436884,3
44,0.279666885733604,0.0448504369705915,0.600276183104143,0
703,0.708849386835937,0.0984077122528106,0.83375703478232,2
296,0.379356388933957,0.572021475993097,0.791533812647685,0
349,0.834997193654999,0.268396518658847,0.835694804089144,0
719,0.709384544789791,0.103110416978598,0.708830689941533,2
126,0.768949679564685,0.32884760084562,0.381562004331499,0
346,0.486398467095569,0.700330498628318,0.452032163972035,0
342,0.596934576286003,0.0190412481315434,0.496087893843651,0
1420,0.238015060533126,0.398570677621345,0.586371072524561,6
557,0.678041262968909,0.100605240627192,0.515461798920296,1
1080,0.238709799997602,0.424532337702519,0.581206714880675,4
57,0.879449172876775,0.366100219311193,0.164599126204848,0
885,0.649444546652958,0.22984251701273,0.712735919328407,3
440,0.6764739594399,0.0822287179296837,0.919829038018361,1
720,0.70011221514782,0.405778466560878,0.897217590874061,2
1288,0.246985631237334,0.461682214807045,0.570892822066582,5
1227,0.240217542583902,0.466975736342867,0.577707855313609,5
1405,0.242646925007069,0.401672918412146,0.573357329819083,6
433,0.672245014826767,0.162381612765603,0.975420880876482,1
1128,0.246143326227499,0.434447734737038,0.580581757771873,4
365,0.145632995758206,0.362240315880626,0.467813912080601,0
70,0.438906782306731,0.024713640101254,0.808962733950466,0
1122,0.244406623085686,0.442464776964704,0.572176955074317,4
1177,0.236137238721934,0.429247570170931,0.583871061146501,4
705,0.706714148186147,0.466258516954258,0.64034999422729,2
213,0.990936297457665,0.0215530130080879,0.392957120900974,0
555,0.673509142566472,0.141422848519869,0.909962904686108,1
1094,0.247600190692093,0.439690520578819,0.573982273459947,4
1009,0.227100328758495,0.435904787490859,0.575035633524219,4
532,0.676262925921474,0.146045359270647,0.940466127288528,1
1379,0.240782971264605,0.469930655886171,0.585031279254217,5
158,0.258906751871109,0.93055100296624,0.751842473633587,0
1378,0.236228518720789,0.47104682459534,0.584436249339825,5
1062,0.240726572385977,0.432514318689831,0.576409714299753,4
318,0.89655898581259,0.35771186510101,0.431186452973634,0
928,0.641345242890529,0.226369616761804,0.78464699506294,3
1119,0.238397627303826,0.433543339231408,0.593221962409122,4
482,0.671586673932616,0.0761133045423776,0.665317082824186,1
1297,0.25049910400559,0.464756736589783,0.573259730383535,5
1455,0.243556572060819,0.408081920277365,0.578777142228932,6
1389,0.241362478900232,0.457084424503339,0.585001972608158,5
125,0.0987340139690787,0.0616819597780704,0.632260874146596,0
436,0.678799994143192,0.255763173638843,0.948867781716399,1
693,0.703579859703314,0.316775784664787,0.862677774438635,2
329,0.848444378934801,0.707621435634792,0.289710748475045,0
1103,0.226246261845031,0.437905694159208,0.591432984513801,4
1338,0.250123972517347,0.462162395988837,0.583380629085931,5
1067,0.235860260722105,0.43392137895494,0.573428626721347,4
505,0.677435714940075,0.304196559777483,0.89400878821034,1
1573,0.236274817702321,0.407351159049337,0.59028699875985,6
1509,0.241962783559928,0.402935396171935,0.582241793314107,6
227,0.82974054524675,0.350944702047855,0.637751890812069,0
1540,0.241961738271995,0.410507390037584,0.583756693150295,6
1561,0.245411910831559,0.390039989575578,0.581388933782677,6
123,0.115930943284184,0.877168427454308,0.494280268670991,0
577,0.672712767058984,0.472104044584557,0.915826976578683,1
844,0.641211058325134,0.0610943940235302,0.959947316488251,3
272,0.957951058866456,0.690913570579141,0.655947992112488,0
418,0.678784594750032,0.286859978525899,0.781096877926029,1
1303,0.243121897601036,0.477736101432087,0.588458218944841,5
587,0.67826279370347,0.531838518637233,0.891980749601498,1
1348,0.244881251782497,0.465161592254471,0.580693494000808,5
575,0.676555389927235,0.533409174368717,0.65210381411016,1
1144,0.234042327509993,0.43658818407228,0.575248358765176,4
856,0.645159651360009,0.486375249060802,0.706774089066312,3
1377,0.23588947621374,0.460136294707645,0.583375707712085,5
292,0.197980913100764,0.717876147478819,0.766548167681322,0
824,0.648217246693093,0.513578142109327,0.72874637010973,3
896,0.646681334958412,0.515382589143701,0.736665723309852,3
248,0.857209641253576,0.70834971126169,0.526729214005172,0
1356,0.240717611754483,0.463211527003607,0.581310688768019,5
185,0.255998997483402,0.0214025224559009,0.382815235760063,0
36,0.933535157935694,0.263806717470288,0.57237008609809,0
1204,0.249641992247737,0.458896201028718,0.584132592521718,5
535,0.672433730138,0.229901866940782,0.673829386406578,1
759,0.705144732408226,0.352460927050561,0.958099571452476,2
660,0.705787146852818,0.321338232792914,0.884696718701162,2
360,0.150863033719361,0.372198154684156,0.820485210744664,0
1569,0.243111754936392,0.401239692311724,0.582028293894691,6
884,0.640232845158316,0.235365063487552,0.558221664791927,3
1572,0.235097987664112,0.402595276461808,0.576108399671098,6
616,0.7075069258851,0.339313570712693,0.567296205251478,2
174,0.23000152898021,0.16222206549719,0.223173772916198,0
794,0.702552044859622,0.345766111579724,0.908700489369221,2
134,0.650792046682909,0.343096252530813,0.742735822917894,0
829,0.648617677285802,0.391414142516442,0.555828529805876,3
405,0.676872657404747,0.196457479218952,0.838467415468767,1
1443,0.243070558884101,0.401127041863755,0.577252108898677,6
1558,0.241292012617092,0.404230328302717,0.584155073773657,6
623,0.708126795177814,0.389226686162874,0.586314334231429,2
598,0.672682357495651,0.0784995948895812,0.484049032954499,1
763,0.7001944914856,0.336457965266891,0.520635536918417,2
570,0.676777119848412,0.411320287338458,0.487821480771527,1
754,0.700155648968648,0.44151537255384,0.783684827201069,2
746,0.708786307610571,0.220019793673419,0.679586557485163,2
460,0.674190261741169,0.0635291933547706,0.978189623611979,1
409,0.676983718911652,0.0559957173652947,0.729393507167697,1
1250,0.237333595026932,0.461868699669171,0.574196379302385,5
390,0.504891060991213,0.620879912748933,0.683357152389362,0
492,0.670643862769939,0.312281344505027,0.790889301383868,1
468,0.674110934680794,0.350140649429522,0.658426306955517,1
601,0.700570127598476,0.154559803497978,0.709453087113798,2
1164,0.234235639966211,0.442009668976447,0.580981436780577,4
738,0.708403875380755,0.0493099799612537,0.541604116023518,2
1222,0.244372683513352,0.464826317191336,0.577186431596515,5
95,0.887605666881427,0.139660400571302,0.476722233695909,0
606,0.704946914371103,0.0728526280261577,0.519192524300888,2
550,0.678132576826029,0.386606181692332,0.495489056501538,1
1239,0.243544773904966,0.456341717639896,0.582741120578331,5
770,0.704655638288241,0.533114549890161,0.671364377997816,2
800,0.705709569919855,0.41704775004182,0.675404044031166,2
597,0.678114334172569,0.533733517467044,0.793161879340187,1
781,0.7093524124939,0.363785155070946,0.946848977985792,2
99,0.059573593782261,0.338103943970054,0.727293332805857,0
1214,0.236488996595581,0.461671346049313,0.588645028032796,5
922,0.64819583170116,0.0890004420187325,0.536534830159508,3
1524,0.241660045196443,0.400957699364802,0.574453891845882,6
724,0.703769099763595,0.226935913041234,0.766625842708163,2
1353,0.234179118345931,0.468175532101351,0.577622818918079,5
1114,0.239747127751139,0.442792711055801,0.582328138955293,4
688,0.701500976607204,0.511862355819903,0.496806458383799,2
204,0.00142567977309227,0.189764893148094,0.912493834970519,0
758,0.705900510805659,0.213203892298043,0.918674437724985,2
1261,0.23716650018223,0.473399359242327,0.576483362092473,5
775,0.706514872366097,0.518760662712157,0.663908171048388,2
1189,0.238731779187176,0.437436662485432,0.580510629365268,4
1523,0.232670597258979,0.399409799632349,0.588663682347723,6
654,0.709589595983271,0.527801816770807,0.709583965176717,2
200,0.829902163473889,0.92752824514173,0.0994701914023608,0
511,0.675366150587797,0.399933796445839,0.671485929796472,1
1047,0.238871317341615,0.437895390257056,0.583020739001073,4
180,0.0123069484252483,0.899547872599214,0.152095160447061,0
1134,0.238945049876581,0.431662595166134,0.581191511825927,4
1395,0.240997706673975,0.466801179232413,0.575901277287405,5
270,0.0876919988077134,0.9562570261769,0.396382583072409,0
489,0.670866504884325,0.122339929756708,0.634431752888486,1
827,0.642321998749394,0.301015256042592,0.488855099002831,3
48,0.9424904929474,0.369264472741634,0.096129606012255,0
419,0.675322309411131,0.134504487225786,0.717584168468602,1
736,0.704687623432838,0.211020827828907,0.807629229431041,2
1129,0.234505134739178,0.438638656603594,0.577820334042687,4
981,0.641918128440157,0.196117810974829,0.518246003356762,3
1562,0.238663292499433,0.402105465837081,0.582914418037075,6
1139,0.2350722894254,0.433426420945484,0.578253265200564,4
1170,0.243806291650751,0.438816012742253,0.58701005301161,4
1045,0.245924087221352,0.426571686239258,0.575045964057193,4
1235,0.237722568820431,0.467166824483919,0.588625768143236,5
1365,0.245626605945037,0.468929846756163,0.582151584090913,5
772,0.708406464711297,0.479632541723549,0.915626332443208,2
972,0.64930455558002,0.0589748436585069,0.865385989355855,3
1521,0.244738866062993,0.40605920127582,0.57465538799679,6
362,0.554495478514582,0.176754694664851,0.767070502741262,0
1331,0.247335723540211,0.456933245957254,0.567911704315244,5
273,0.0950301096308976,0.113936951383948,0.256719198543578,0
1171,0.241445959374424,0.425050601777218,0.581456415178408,4
1286,0.247446974750613,0.465408531308691,0.584785410749019,5
26,0.892996106296778,0.0795308700762689,0.498999656876549,0
1086,0.242483831078574,0.434680424857675,0.582155445348509,4
974,0.649883141762111,0.434130984195508,0.561033290857449,3
1488,0.243762168909405,0.403733492659676,0.580052922882193,6
87,0.0520677377935499,0.380056036403403,0.190980688901618,0
830,0.645234659889247,0.493287166184746,0.722191127529368,3
883,0.644208338642493,0.270171903027222,0.598837997461669,3
1016,0.242684556274229,0.435521565608366,0.574489827190809,4
1421,0.232894169537023,0.414059045641973,0.577371540026579,6
1228,0.242921291468755,0.460751402828363,0.577027550579047,5
1070,0.237106826791516,0.43734464544788,0.578937816018982,4
1004,0.233180028294607,0.440845093833799,0.578819343082256,4
581,0.674588949366007,0.12489821955096,0.706048193899915,1
404,0.670146830079612,0.311847755522467,0.693584896321409,1
238,0.692411117022857,0.0858443230390549,0.433521878207102,0
1278,0.23702218699156,0.459105853759609,0.583996538348808,5
872,0.643913290644996,0.519386115204543,0.606421383144334,3
1046,0.241891874196496,0.436514327897107,0.580835762496885,4
1296,0.234163197380932,0.467454339125894,0.579971805101117,5
1501,0.244412929302773,0.405285613440644,0.581458152143499,6
451,0.675338678173721,0.499386924738064,0.828956708824262,1
1266,0.239632934889495,0.466375020031278,0.574951129435131,5
1198,0.246504618982425,0.441644583217301,0.577469248912687,4
904,0.645166974067688,0.482249305653386,0.725265281205066,3
266,0.594654319807887,0.503091287100688,0.114889168879017,0
119,0.591045569861308,0.430626560002565,0.801732862135395,0
500,0.67484794637654,0.231872160057537,0.750092087127268,1
421,0.677787641210016,0.533990221633576,0.851552791008726,1
1466,0.238643741037949,0.40926240365445,0.571023882736745,6
571,0.678356727920473,0.327473609545268,0.545762752229348,1
1566,0.24231635664931,0.407658926115872,0.578521904080329,6
184,0.229846952948719,0.518405953422189,0.0914901620708406,0
1515,0.242531069228154,0.407308874208802,0.590587974235825,6
252,0.313745618332177,0.868137244833633,0.125012913485989,0
56,0.0645331568084657,0.406984132481739,0.641714358469471,0
133,0.473145767813548,0.22335226717405,0.68755791336298,0
955,0.640383681890089,0.0362007451010868,0.615887756855227,3
739,0.708298413713928,0.0498208198230714,0.49999086773023,2
12,0.67119100689888,0.0722316233441234,0.535977512365207,1
13,0.761074398178607,0.75079591665417,0.231901780469343,0
1563,0.232575745674286,0.410649572952866,0.578225670915046,6
825,0.6488597457367,0.106971168494783,0.66492891642265,3
523,0.672252252716571,0.294057552772574,0.511895636841655,1
1582,0.233786071117444,0.401695978580492,0.585705383773111,6
632,0.702444530539215,0.353408781182952,0.651837708358653,2
542,0.679869871996343,0.378595030819997,0.688501322921366,1
933,0.644008789849468,0.204713360941969,0.621025420422666,3
403,0.671778831081465,0.343772622477263,0.841004120348953,1
223,0.568292779149488,0.416168931871653,0.3256977701094,0
289,0.960002868436277,0.368296603206545,0.624048481229693,0
1544,0.23627677165019,0.408141390200599,0.582626201885098,6
1294,0.24011704638329,0.469153197641872,0.581556019971823,5
466,0.670304850984831,0.190750862075947,0.57109441717621,1
246,0.188669471535832,0.0203488599509001,0.41294876486063,0
1219,0.241649280646047,0.466508322171632,0.570461024464734,5
742,0.708133463317063,0.107015637168661,0.879891848936677,2
1393,0.240642641818845,0.457772958486476,0.575311144920558,5
6,0.603262177901343,0.693727971054614,0.119270543800667,0
1145,0.232669392976187,0.435488139534289,0.579241131909363,4
359,0.904935258906335,0.30432743835263,0.787131248041987,0
367,0.799888514913619,0.0352810437325388,0.0887834639288485,0
136,0.437525708694011,0.889773713657632,0.35632533300668,0
951,0.645906720266212,0.308916137740016,0.709964292403311,3
642,0.705312423303258,0.273725952673703,0.777762706787326,2
317,0.397640875307843,0.910461683059111,0.233520178124309,0
573,0.672804161212407,0.313434045948088,0.681824906775728,1
1234,0.236494962391235,0.463487111411255,0.591187674671355,5
1188,0.238201790279541,0.422766114928575,0.587359484017287,4
1079,0.236098178230748,0.441187114132296,0.590163819425344,4
1575,0.238237290320511,0.409805185346178,0.572258972522353,6
282,0.900457385927439,0.824132768902928,0.967909374041483,0
882,0.644984977643471,0.0784477935638279,0.860446461755783,3
1431,0.249808760960478,0.417742852556706,0.578828591730724,6
1197,0.238960533377161,0.44113599444244,0.576545880256856,4
127,0.402524471282959,0.1845524138771,0.892554818186909,0
259,0.0488546348642558,0.961021602153778,0.119217047002167,0
400,0.300889658043161,0.32931748800911,0.811990113696083,0
334,0.0559165335725993,0.214900435646996,0.992623611818999,0
1115,0.235956158298362,0.439648511586279,0.576681573530561,4
920,0.649086800874211,0.413012013491243,0.655291261896491,3
1001,0.238028783209598,0.433351781181337,0.58415778979783,4
1394,0.239545436507736,0.466905317228248,0.579126258065095,5
516,0.673664024581667,0.490059735905379,0.509491896419786,1
1400,0.231936912306424,0.462613471196509,0.578008904850086,5
1587,0.231991607968526,0.401590081730914,0.581527783343487,6
459,0.673667791227345,0.273436764790677,0.67463383723516,1
780,0.702189556602389,0.0977446862496436,0.864001619326882,2
10,0.660581761272624,0.829515165183693,0.597137649310753,0
659,0.703109697944019,0.363233770779334,0.655331339151599,2
240,0.0411037190351635,0.295388444093987,0.531012263847515,0
1471,0.239425418785033,0.392155567130104,0.582143731248436,6
1241,0.236103919671266,0.464714231341632,0.577971013857531,5
1528,0.23405404208193,0.399046458106244,0.582561883669714,6
430,0.67556568932021,0.371546845603734,0.522100157150999,1
828,0.64938866142882,0.137495489628054,0.509738740790636,3
472,0.67905925828265,0.362316433642991,0.515061186091043,1
1029,0.249733605179238,0.434220542307833,0.577098650170522,4
417,0.671011633290909,0.331347728334367,0.523875178582967,1
1313,0.237681564509388,0.464188330956571,0.575527389220118,5
1064,0.242626232239562,0.430167592244047,0.582498306479104,4
1347,0.240022705724046,0.470019205190226,0.58288210829301,5
501,0.675894737360068,0.13726438251324,0.621296901418828,1
388,0.450295765418559,0.157156866742298,0.613714809995145,0
980,0.644403606690466,0.111878259642981,0.850510610663332,3
1273,0.23500093943038,0.460833201978658,0.576274069397729,5
1063,0.238276665873877,0.431468671930358,0.585822566300581,4
112,0.58986707101576,0.656022649491206,0.986116720363498,0
1504,0.235124239242725,0.409610949273457,0.576143268944006,6
1594,0.242243135493898,0.405925295211009,0.585589059660138,6
647,0.700137797500938,0.523898305441253,0.938664143136703,2
128,0.129417543532327,0.56667859130539,0.995196521515027,0
874,0.64222500334261,0.245782034425065,0.721574315498583,3
1454,0.233716771791056,0.402469483065974,0.58029397222186,6
1040,0.233118890497895,0.43199395447432,0.583554235267792,4
88,0.364862781949341,0.408572150859982,0.736500192200765,0
1418,0.23574980329854,0.406065678090166,0.576365060341823,6
1425,0.240821572805332,0.398894981135181,0.580374406018813,6
710,0.708701768792234,0.332751778140664,0.893754347623326,2
850,0.640433596954681,0.299405185924843,0.645657396223396,3
473,0.679031033124775,0.22160955676809,0.787514250073582,1
711,0.708511521462351,0.313778060674667,0.784255199064501,2
1335,0.24418327204194,0.468430091649052,0.586795739327237,5
1212,0.238777412485004,0.460680523596402,0.581008328026428,5
1298,0.245833192146531,0.468348487992554,0.574066235341733,5
254,0.915706084575504,0.383721145335585,0.433267631335184,0
251,0.658332369755954,0.659666371531785,0.884390664752573,0
1176,0.236174237790164,0.437908122565861,0.583588159609253,4
635,0.701347880573012,0.107528128265403,0.938914920249954,2
1100,0.245255457998621,0.42740184555374,0.588372481637986,4
766,0.708502501498442,0.283638931647874,0.697845262405463,2
264,0.898796283639967,0.19182314677164,0.128621004289016,0
528,0.677318501784466,0.485919435578398,0.94992504005786,1
1354,0.239624376824532,0.460335374951854,0.585538136139763,5
734,0.705521298816893,0.0738552320515737,0.957026390288957,2
1565,0.244281922290623,0.415759974041484,0.574048595655985,6
1591,0.234808082849382,0.398315610101847,0.576316052124899,6
1059,0.245735931764925,0.426535418403511,0.579604055677077,4
385,0.0372969086747617,0.536631761584431,0.3546993881464,0
1470,0.237860652378365,0.405089718388486,0.57720270032105,6
1367,0.238545595550175,0.472137449053789,0.580728932015788,5
608,0.706881631612778,0.38741411275696,0.982663487945683,2
361,0.0255591687746346,0.0122250991407782,0.157603312516585,0
1388,0.234585315760748,0.46733430152125,0.576607256966448,5
58,0.915946077788249,0.270235715433955,0.641815886367112,0
655,0.708040468215477,0.0590073880273849,0.548649445222691,2
1223,0.240926828166042,0.460869891704875,0.581794369538026,5
407,0.679759382165503,0.313474700623192,0.937237840658054,1
569,0.679079130187165,0.241760794259608,0.898686272837222,1
1163,0.234696583817091,0.437680459568421,0.577791623546332,4
357,0.721131838392466,0.918938480783254,0.728827839251608,0
1044,0.232963930112025,0.432105945788389,0.576641018916304,4
987,0.642935844217427,0.174718070146628,0.937820706795901,3
73,0.727334451396018,0.329708043718711,0.827199923805892,0
752,0.700197016668972,0.48161275528837,0.658445984288119,2
478,0.672785005269107,0.329344143113121,0.562710174522363,1
650,0.704660472909454,0.266023317771032,0.889966473029927,2
784,0.703407133829314,0.223360862536356,0.894140855572187,2
62,0.166011552792042,0.882859162287787,0.861914368811995,0
865,0.64511398731498,0.214756813552231,0.75550889170263,3
467,0.679393918595742,0.0963473891140894,0.489346625912003,1
1359,0.242615489082653,0.462795646657655,0.582275826024495,5
788,0.700475783124566,0.386973493453115,0.529801722313278,2
792,0.702999168976676,0.452347218361683,0.910894941817969,2
1113,0.23252371007213,0.435091735939607,0.586591283289261,4
900,0.640148129186127,0.0963679491076619,0.549681288120337,3
552,0.677675518817268,0.0570612643612549,0.77126506161876,1
934,0.648319271276705,0.214363987976685,0.663387128547765,3
931,0.647848858882207,0.496425968781114,0.808990717213601,3
416,0.67828918713145,0.506084325443953,0.64509393547196,1
963,0.640492074883077,0.185559730348177,0.512510976567865,3
1452,0.230654682453944,0.401304064099717,0.583394518432817,6
142,0.614904247224331,0.602015344891697,0.0563772113528103,0
504,0.671614438490942,0.471415927470662,0.58041493378114,1
284,0.0996896554715931,0.836636139312759,0.93744993256405,0
1445,0.242122912905931,0.405809630591662,0.580557109960245,6
1208,0.239799669182113,0.465232553508587,0.570372840556241,5
1206,0.243891706206118,0.46771778461358,0.570895941145062,5
513,0.678654020584654,0.366368034225889,0.95600494327955,1
378,0.460296449484304,0.0473570961039513,0.637463135411963,0
1301,0.238223056884015,0.467088756013973,0.581162725926229,5
897,0.6490983267501,0.0476550051942468,0.964604675234296,3
1095,0.235424654101616,0.441340044589117,0.583260733640106,4
789,0.708696031423751,0.390153305558488,0.659933810401708,2
395,0.314269830938429,0.731009208597243,0.58030264521949,0
745,0.701684475892689,0.048794709914364,0.802110479027033,2
94,0.214898119214922,0.809829318430275,0.61265782895498,0
1332,0.244780640672408,0.459861946578329,0.575651610954167,5
424,0.675541342445649,0.263560619857162,0.912284629466012,1
1002,0.249633959034383,0.43642820354056,0.581103905483228,4
906,0.645188178056851,0.290625655394979,0.55384629026521,3
663,0.709563747025095,0.39193196403794,0.969921232014895,2
373,0.924424850614741,0.175788396270946,0.596613246947527,0
677,0.70669234074885,0.264297111378983,0.593014430883341,2
901,0.648323857916985,0.47635487834923,0.780052405130118,3
618,0.707843284946866,0.0452557906508446,0.698626269283705,2
166,0.445027484092861,0.406753120943904,0.729051045374945,0
1412,0.237812654201205,0.405004697909824,0.581937537348081,6
82,0.685477334074676,0.00504367332905531,0.303243753500283,0
1578,0.239216794757992,0.412191347136944,0.578694071197564,6
1183,0.242132068760172,0.429858706074747,0.576590764790491,4
265,0.67683984641917,0.04872344317846,0.0982755487784743,0
285,0.389309522463009,0.178428888320923,0.180867337854579,0
1092,0.2355066205819,0.436040094677469,0.5746511009771,4
1494,0.23405995071079,0.398740521932145,0.581921843067592,6
1539,0.237948116162609,0.406980559276309,0.581412769431934,6
1442,0.243353529081173,0.400258127304702,0.568982423534903,6
163,0.125726762227714,0.452173568774015,0.667138203047216,0
483,0.679167736612726,0.52229004255496,0.864771326584742,1
1013,0.247340488781665,0.429820524000887,0.580627023672959,4
1595,0.234724729600941,0.405817063979705,0.588399185946136,6
160,0.50357812969014,0.327554015442729,0.288639839971438,0
49,0.83702595741488,0.859156854916364,0.681784939719364,0
1135,0.242044884099533,0.440144943167998,0.578434914444242,4
293,0.869212134275585,0.761829229770228,0.0308268291410059,0
976,0.639979716774542,0.214485677494668,0.643353101029061,3
591,0.675162542872131,0.37770862581674,0.523764290311374,1
1536,0.245504658386762,0.405420169800939,0.580097455958405,6
138,0.848747646901757,0.604870320064947,0.747388414805755,0
808,0.642012721241918,0.149667345522903,0.96372829801403,3
1116,0.222070444043087,0.435528620128006,0.578997819855463,4
1329,0.233647236134372,0.459150709457691,0.575978827784536,5
812,0.648638898299541,0.0769683004589752,0.74858269460965,3
1349,0.238499722527852,0.462072724416044,0.576966374327995,5
706,0.70335915372707,0.339091300335713,0.668025999958627,2
258,0.78050610399805,0.112624523695558,0.334590720944107,0
1478,0.241847531164737,0.404844823343931,0.576985928830538,6
1017,0.238689458465425,0.429928426474628,0.583341691671682,4
1201,0.237245424685531,0.465426349805614,0.585259858434628,5
857,0.641352408367675,0.117914104089141,0.494097866280936,3
845,0.640891890602652,0.28145308252424,0.717386467079632,3
990,0.649615354051348,0.195036981906742,0.859511368372478,3
462,0.670503872018308,0.444835002254695,0.729291482642293,1
117,0.788899803301319,0.777896872488782,0.154517818707973,0
41,0.125255470862612,0.354394363006577,0.673606553580612,0
585,0.670311673479155,0.533109933673404,0.639800799358636,1
847,0.641454304882791,0.188201404595748,0.922811193089001,3
286,0.564536349382252,0.490350868552923,0.737512250896543,0
63,0.604344366118312,0.454026239691302,0.119513738201931,0
1108,0.243535931289366,0.425774126517728,0.580668170798281,4
358,0.629905901150778,0.278057435061783,0.808131368597969,0
262,0.43471076246351,0.966632128227502,0.812678587855771,0
406,0.679103253539652,0.226921871257946,0.953883765777573,1
1136,0.244166274971339,0.428401099388679,0.57953601646043,4
306,0.111146424431354,0.700457819039002,0.692017095861956,0
614,0.702640993290115,0.477314256317914,0.80921873326879,2
86,0.307709782617167,0.859633937245235,0.728763446211815,0
888,0.648592188602779,0.455970952124335,0.694202067842707,3
1416,0.235868892985744,0.403820929738456,0.578291234216638,6
309,0.399067574413493,0.932014546822757,0.577260803431273,0
1052,0.236915397767931,0.430013787396752,0.576472660263027,4
156,0.914082587463781,0.000687605002894998,0.616513601038605,0
146,0.67451615142636,0.805157727561891,0.641650490928441,0
1486,0.232597857238657,0.406981798072248,0.575609985845905,6
680,0.706213222802617,0.0870116399135441,0.721073108538985,2
199,0.921803259523585,0.837178928311914,0.275757102295756,0
274,0.707498210482299,0.203337754122913,0.187452353769913,0
556,0.675433237985708,0.125857430696487,0.571177886147052,1
1423,0.245814403487947,0.402036172461556,0.576943921449333,6
369,0.951706689083949,0.995590151054785,0.147304764948785,0
691,0.704633308511693,0.189180181082338,0.826390690216795,2
1021,0.239304485363712,0.440593387418155,0.583417900921639,4
1148,0.23487829460827,0.435997841710466,0.581639455541707,4
917,0.641630188846029,0.10124833562877,0.711776486877352,3
1133,0.242648412317931,0.438230452816038,0.572280953891496,4
562,0.679025329663418,0.0506160738412291,0.709660465875641,1
486,0.673248154136818,0.347562894877046,0.497740891925059,1
803,0.649006496600341,0.0883035888662562,0.609534782753326,3
1382,0.242499334478013,0.473280426346678,0.571430066556589,5
