46,0.661011469550431,0.597899570129812,0.292631343239918,0
1317,0.768925870516725,0.19436038244204,0.449742055547283,6
291,0.661010533829685,0.725979557610117,0.352431056974456,1
415,0.694411322877277,0.62606960372068,0.430798242753372,2
509,0.695392010689248,0.308406986645423,0.575242920499295,2
434,0.695772955310531,0.615363333839923,0.452507998165675,2
1293,0.750647507930895,0.196858827227643,0.446519719608644,6
1330,0.76034889531498,0.188892546338264,0.447508176029983,6
111,0.870387860573828,0.531417353544384,0.488174903905019,0
1032,0.763596103800609,0.24765919703871,0.442310268153845,5
763,0.634474969785661,0.667637526057661,0.546859992970713,3
152,0.765742518706247,0.989753912901506,0.603774897288531,0
494,0.690539176722523,0.449517918983474,0.700334514444694,2
679,0.634005996689666,0.62598823546432,0.671361906873062,3
306,0.663613320356235,0.299155506538227,0.397958397702314,1
1025,0.750792593990664,0.260209684824247,0.448156720558847,5
8,0.957321915542707,0.33569785580039,0.0135005344636738,0
212,0.135247529717162,0.279711381299421,0.676006916444749,0
221,0.662303022388369,0.405804089852609,0.385027606110089,1
1133,0.76442020620809,0.249234874451181,0.44269778923249,5
181,0.635633794358,0.972081231651828,0.474365674192086,0
1110,0.763595568840588,0.249911163444837,0.449796217224605,5
1251,0.766100072926518,0.19279767019238,0.444907965294534,6
1000,0.766350048077697,0.223491929982878,0.443187320696925,4
165,0.0140624744817615,0.0965318426024169,0.850652663270012,0
1319,0.760441746372946,0.1898877913947,0.44084578735947,6
1243,0.762965152643393,0.192981112033089,0.446146202057127,6
1283,0.754826782664996,0.182835893522425,0.448591144192644,6
946,0.7600264089259,0.21632102002869,0.449051242014075,4
469,0.694779798365198,0.487345775938593,0.743206064053811,2
451,0.694849341087975,0.358174806227908,0.511551392567344,2
556,0.690194778980222,0.592626743717119,0.4331431978615,2
814,0.750316810415813,0.215338698353979,0.445958747040705,4
1263,0.762562228265933,0.1779141310287,0.456988939415406,6
1161,0.757608805106553,0.253721041794977,0.453739884998411,5
218,0.660040927014779,0.427640961832367,0.421633109054528,1
911,0.761580627008054,0.222408814956883,0.449506582921532,4
735,0.637645016130991,0.385080547421239,0.445308890612796,3
331,0.667093598286156,0.461685965768993,0.760860619554296,1
1215,0.763863466302568,0.194466256681847,0.453680598028839,6
452,0.695036651066039,0.665931295603514,0.757483553211205,2
767,0.636209320153575,0.372525430400856,0.762549449526705,3
207,0.69496820634231,0.646923990920186,0.608740662457421,2
472,0.690476120044477,0.376719524268992,0.400236157071777,2
1022,0.7556957075329,0.254515884647738,0.442239130248846,5
1150,0.753019064082444,0.241626058675451,0.447370507673894,5
392,0.663575215700548,0.352486376999877,0.441101106652059,1
1255,0.766548031899418,0.189177733000879,0.447093911851283,6
887,0.766910735791622,0.216022133437704,0.448726522945644,4
350,0.66816341384314,0.461586535326205,0.609051943360828,1
75,0.264868322992697,0.759237539488822,0.0199610206764191,0
961,0.766884353981642,0.218847711154917,0.445122715186091,4
650,0.630456282119267,0.433275087736547,0.346043144771829,3
375,0.666001834536437,0.49646330694668,0.472058006050065,1
105,0.138641981873661,0.622072215657681,0.208687324309722,0
622,0.634305798856076,0.342197551392019,0.569975279341452,3
448,0.697669020916801,0.696617254405282,0.368269338924438,2
948,0.760879510577287,0.224294391194415,0.442764192161062,4
1305,0.765662601840549,0.183297405225852,0.447716557960888,6
1127,0.76627888279228,0.245081157218318,0.444788785925579,5
842,0.762784967693757,0.214657286416896,0.44452957961998,4
1252,0.761265315975455,0.18793121011311,0.448924101541546,6
674,0.635626849301625,0.454257335979491,0.559199893567711,3
924,0.750568482727429,0.221616416399409,0.449415212917145,4
987,0.757561726689846,0.227483921406794,0.448734401140585,4
20,0.678300198866054,0.967037104535848,0.0321521679870784,0
1149,0.758895427401741,0.257683077971269,0.442831013923975,5
1412,0.753710726408042,0.186866489292266,0.448453718042797,6
923,0.768549451111808,0.215531178093769,0.444241813922863,4
583,0.691422966194805,0.49596056365408,0.64159086633008,2
601,0.689576985836029,0.30379058374092,0.445118223270401,2
886,0.754102951026821,0.217843330331668,0.450046302643252,4
1078,0.751135478721889,0.248020705117736,0.444476307685816,5
179,0.968269528821111,0.800069688586518,0.540231755934656,0
550,0.690059735460673,0.330177195603028,0.514142862008885,2
1233,0.755136539587069,0.183651164684512,0.449321442486095,6
404,0.664127025655471,0.319905733922496,0.55396084645763,1
1194,0.770771427633195,0.246447770614929,0.442398531414266,5
134,0.745225780177861,0.104252716060728,0.770557166077197,0
863,0.765285455953674,0.21823276267065,0.4420057902331,4
697,0.637067337073386,0.644125723163597,0.743927332409658,3
859,0.757380400900819,0.214815481690901,0.45465641098635,4
1304,0.773883959454701,0.193160472181003,0.450359983028055,6
1169,0.756849438907668,0.24777985829549,0.444128809569593,5
240,0.662523508775048,0.539948999765329,0.658371122390963,1
56,0.00135857914574444,0.709304725751281,0.0599349760450423,0
684,0.635244303168729,0.429921957664192,0.458131946926005,3
1409,0.768695161410975,0.188239035699974,0.451978563300603,6
478,0.697172331772745,0.696128773852251,0.548711785767227,2
625,0.632685378813185,0.642373012145981,0.721074608340859,3
1066,0.76062416934404,0.253597064839951,0.439157442931993,5
436,0.695560105694458,0.528049141634256,0.47160289012827,2
510,0.693735155058094,0.408893043873832,0.357036068174057,2
1062,0.763214658861653,0.25336780232346,0.43919687546765,5
699,0.632149345506914,0.374472183757462,0.412266310257837,3
262,0.663112719771452,0.550873769912869,0.772362802131102,1
106,0.533758767182007,0.649894687347114,0.366599895292893,0
1068,0.763976513541803,0.256207769255656,0.451940352671728,5
631,0.62975005753804,0.625016881152987,0.467284646886401,3
1358,0.759717708199418,0.190688823964203,0.446786886889427,6
1340,0.759334636491407,0.186724883250213,0.450538623405409,6
833,0.761371625548348,0.217669001975133,0.446579519710221,4
1084,0.755831206293221,0.247394944255641,0.444490760744386,5
249,0.663411294021644,0.327111532911658,0.680837865988724,1
1368,0.770799124682223,0.198342984278055,0.436073067982072,6
323,0.660124620983843,0.499899438698776,0.559815366822295,1
185,0.682145521277562,0.58457917557098,0.779192394809797,0
723,0.633781433266122,0.611682264250703,0.457673392794095,3
1320,0.747928521259866,0.187421918687727,0.441006948318971,6
1353,0.762003774464541,0.192964361829587,0.44255002467997,6
928,0.758563123130591,0.219845129391025,0.438178274434964,4
154,0.106795536819845,0.839981624856591,0.0777982510626316,0
1041,0.756379597091793,0.249606138366165,0.441980970364808,5
2,0.599747792584822,0.624686912866309,0.694977600825951,0
87,0.896584503119811,0.320437256013975,0.413080828962848,0
1089,0.757809548667443,0.256721178747556,0.451638429656718,5
281,0.665080099275801,0.647617219365202,0.54368198774755,1
470,0.698611814358738,0.608384466264397,0.659130550990813,2
214,0.662683042264544,0.436406477121636,0.558521627518348,1
806,0.634702701854985,0.6670699872775,0.474811882781796,3
1021,0.759791769496445,0.249920157527522,0.446286010783499,5
1095,0.765491240731074,0.249498139196444,0.446288849225935,5
69,0.130359349073842,0.994430656544864,0.932787858182564,0
125,0.49532219953835,0.950011654756963,0.612502033589408,0
407,0.667365770204924,0.352659140597098,0.37228336611297,1
230,0.667865567991976,0.332349859178066,0.304618698032573,1
459,0.692032210347243,0.415330480551347,0.712461486528628,2
132,0.590310594765469,0.524303164100274,0.489039140054956,0
1360,0.757033217712083,0.196046085724052,0.447903998563691,6
141,0.18120210012421,0.624042851151899,0.0859286633785814,0
50,0.132693637162447,0.131873280741274,0.147904299432412,0
24,0.776853970019147,0.244473216822371,0.386611416237429,0
680,0.629417713901494,0.594456794089638,0.478165720775724,3
740,0.633511625842657,0.64886509499047,0.30363099295646,3
751,0.636464038514532,0.427148899645545,0.697171033313498,3
261,0.664039953900501,0.720947689143941,0.514319893741049,1
1174,0.770618164355564,0.247819102592219,0.450943905034662,5
807,0.635597352066543,0.530592910363339,0.332051828573458,3
308,0.666117108007893,0.329201915534213,0.580035987962037,1
845,0.753304863077729,0.222464893155298,0.445259851153859,4
25,0.85558498930186,0.57433825940825,0.851794731337577,0
5,0.160719725769013,0.439931716304272,0.351290303980932,0
816,0.768486910909031,0.22964854247829,0.441249202956103,4
1071,0.757805161187157,0.256416444893032,0.444795661601808,5
1244,0.761844910838306,0.181548220251712,0.448443026974068,6
35,0.372441791230813,0.265539699001238,0.860133657231927,0
140,0.464535458711907,0.308357761707157,0.598720824811608,0
351,0.668206711381208,0.663562812260352,0.491133378189988,1
1406,0.765513793442068,0.195166000291223,0.445059327194942,6
730,0.633484518812038,0.490645435987972,0.422637198888697,3
11,0.730882287723944,0.360225655836985,0.593124522827566,0
756,0.630075146595482,0.646160913165659,0.572965017007664,3
975,0.754013779907148,0.217359460740754,0.445777066381299,4
1195,0.759476919751356,0.245937084183166,0.444754161264883,5
110,0.351474916096777,0.612112335627899,0.106686030514538,0
959,0.767395152772474,0.218082469802354,0.43568426256673,4
1268,0.760916618920036,0.185858930828301,0.437750728349521,6
346,0.665367486001924,0.656625637668185,0.723745457315818,1
1188,0.759547678016708,0.246846126476499,0.46006898457258,5
682,0.632642733894754,0.726237532217056,0.426357171451673,3
758,0.638540725440253,0.285108632640913,0.646140127978288,3
1198,0.762250796290112,0.246526959123908,0.437355360180008,5
537,0.698893987394404,0.66897664021235,0.487159979366697,2
380,0.664888774489518,0.700909265084192,0.708237204654142,1
943,0.766827513157294,0.223831069822966,0.441524434838014,4
825,0.754449519627716,0.223884910577903,0.454755172067271,4
1257,0.767907034472002,0.190102125316933,0.448754296387711,6
430,0.693599898824468,0.283442467451096,0.71723181551788,2
1042,0.758643531893639,0.253532173461906,0.451685855846672,5
728,0.635250454957131,0.670336134615354,0.713728331099264,3
1147,0.762501575755129,0.237811390578842,0.443404428021738,5
534,0.690772604907397,0.40927504748106,0.609098769910634,2
248,0.660487809723709,0.298005164135248,0.779513936326839,1
169,0.654106459347531,0.330699617275968,0.045854028314352,0
1033,0.762201534317922,0.2538964826232,0.447963822865564,5
316,0.660821828697808,0.696230305125937,0.757958897110075,1
51,0.465847568586469,0.167874684324488,0.100706032942981,0
677,0.633414507883135,0.564691096078604,0.724423818476498,3
724,0.638189959712327,0.523082573083229,0.443541602184996,3
482,0.692141503593885,0.23412686237134,0.561773683712818,2
108,0.00259196921251714,0.154144318774343,0.491263139527291,0
48,0.00257872021757066,0.0524679515510798,0.616393707925454,0
1139,0.759914885895494,0.25444806093796,0.446038238826035,5
780,0.633739428101108,0.695775905973278,0.703156114160083,3
115,0.0282292338088155,0.0924428999423981,0.0920575212221593,0
992,0.756423890561879,0.217319048351538,0.446727811391018,4
651,0.630707106718328,0.269185180892237,0.625270179077052,3
237,0.665750446843449,0.477923551457934,0.725538831506856,1
57,0.318006190238521,0.533258932875469,0.239762659650296,0
526,0.694633106866386,0.473361220909283,0.612415789463557,2
68,0.0802236881572753,0.246861341409385,0.155983298551291,0
450,0.696676968114916,0.402252919273451,0.379883091151714,2
358,0.66865979073802,0.238874822040089,0.734917282429524,1
1175,0.758180488989117,0.2532197178718,0.452904782002247,5
932,0.762449022574446,0.223189448861836,0.441114939184001,4
1338,0.773361998928177,0.192804449541809,0.439623359810573,6
588,0.693444851143286,0.582784383324906,0.518652315088548,2
1341,0.766240976929537,0.20258503247611,0.446875627522907,6
466,0.695218769640196,0.520609104423784,0.723027766402811,2
1373,0.767878261256891,0.180089396469063,0.447486991697304,6
220,0.66744943212485,0.509358438430354,0.500526069034822,1
785,0.6326397098694,0.29690746194683,0.437179400539026,3
1276,0.765926282564353,0.193752747606552,0.448908619816191,6
1297,0.755890551332535,0.185976852931415,0.44529363863688,6
603,0.696275569417048,0.718289948417805,0.500765654793941,2
417,0.692302413568832,0.273081257357262,0.705912246671505,2
760,0.629429475162178,0.514487280277535,0.410157427960075,3
838,0.755368538676967,0.217366608667424,0.441549981919815,4
137,0.163234116975218,0.289495116798207,0.0913207826670259,0
1354,0.760189838353081,0.181139430565235,0.448322120996545,6
465,0.698258507912979,0.357885380275548,0.75851441018749,2
1369,0.766381793688267,0.195095241865023,0.446324928479553,6
604,0.69286291629076,0.301771142054349,0.480143438396044,2
1052,0.763386467104912,0.255053070807968,0.446610559649604,5
387,0.661882431805134,0.384739833651111,0.5246694478672,1
1036,0.763225431873595,0.254092555073754,0.450261236616975,5
1086,0.76213125642944,0.244187484633452,0.450130380835983,5
903,0.764418551232966,0.227182659749716,0.449299074765072,4
223,0.666604392756708,0.254896579892375,0.524895952851512,1
884,0.764411526849069,0.210450538195123,0.437808262286162,4
690,0.629445522788446,0.495011454098858,0.442756883404218,3
420,0.692673036211636,0.539060378214344,0.387672460475005,2
42,0.326652243034914,0.329900847282261,0.195676883915439,0
307,0.659549887292087,0.26116027822718,0.63199938328471,1
1159,0.771938748477537,0.249297961163321,0.441951838504392,5
438,0.697751941052266,0.413956818287261,0.559824830805883,2
795,0.636667350213975,0.246364656719379,0.384968397393823,3
1259,0.759621599563306,0.194631319359564,0.444797191383438,6
960,0.751244067208481,0.226565533135759,0.453639804657368,4
1224,0.758357359838764,0.196035171376818,0.455179675182555,6
683,0.63383673142409,0.277924508904107,0.498345092241652,3
1332,0.759412610963683,0.200795178245261,0.44064310332428,6
507,0.693153486005031,0.461304381489754,0.315010642120615,2
754,0.631496561337263,0.575127725256607,0.528764963103458,3
854,0.754492160566955,0.224315265487053,0.443665204576709,4
163,0.164663606090471,0.777751999441534,0.033468815498054,0
1178,0.764118599387809,0.249790062003312,0.452375277648238,5
1226,0.752488946787808,0.182550668689265,0.44090843418519,6
354,0.663695555226878,0.386155291344039,0.791367726470344,1
593,0.694874263762031,0.380295745562762,0.720191314187832,2
319,0.667592544669751,0.510052531259134,0.520609200419858,1
953,0.762944962327839,0.219122105399878,0.447084499390745,4
172,0.674451196100563,0.110754426568747,0.896631631534547,0
171,0.481199843343347,0.971827365690842,0.0145114590413868,0
1134,0.768033733763179,0.251576607565612,0.448303991406117,5
462,0.691545781947207,0.299083347781561,0.665098325186409,2
405,0.668768019638956,0.302036732900888,0.725728488247842,1
18,0.197136966744438,0.410117817111313,0.350500665372238,0
1001,0.76654218411367,0.219179569762509,0.442931293009205,4
746,0.639231906316709,0.329405942815356,0.612161850277334,3
1019,0.770393255326436,0.254500341076108,0.448957920000869,5
1397,0.755477730432142,0.190164541329477,0.457196815806946,6
1112,0.763867521988275,0.250543214059453,0.447425633786115,5
29,0.0937871737405658,0.308888876577839,0.289296393981203,0
623,0.633860866858158,0.409029549104162,0.620119778858498,3
126,0.0668053752742708,0.364411957096308,0.968706759857014,0
425,0.694269406637177,0.440629633143544,0.326641836739145,2
573,0.694331208097283,0.546492593479343,0.473454909585416,2
609,0.695072929551825,0.563717781798914,0.507097497652285,2
642,0.638191558667459,0.525647913804278,0.424444849905558,3
521,0.6981155287195,0.441437000292353,0.582129883067682,2
1394,0.774784246059406,0.19458815041004,0.442423257581552,6
4,0.411795044085011,0.153991383034736,0.421361467801034,0
1014,0.765071551539315,0.256194529857705,0.448857066821838,5
361,0.663013913431205,0.498933938564733,0.411644374905154,1
1235,0.762586586040945,0.189853896700164,0.443798245012355,6
577,0.697858518760186,0.6314756028587,0.538265563966706,2
1122,0.756332330316002,0.24045579579858,0.446226630065021,5
725,0.638201879283879,0.504364540567622,0.77416324657388,3
1274,0.766668014453011,0.187389326102699,0.451616235625914,6
1131,0.76806923003839,0.250982387432481,0.451065199502407,5
634,0.637026630004402,0.619747349293903,0.586585867055692,3
270,0.661106888027862,0.6460838773055,0.626359001686797,1
714,0.631311829076149,0.481534574879333,0.476750394515693,3
408,0.668741917693988,0.679501873091795,0.3185839390615,1
1103,0.759012518337756,0.246323008427366,0.447567568484207,5
290,0.661906579956412,0.609205524437129,0.777064238977619,1
196,0.116696078330278,0.0740973688662052,0.092716220067814,0
246,0.667664598054253,0.53822152200155,0.689823094941676,1
668,0.636365274912678,0.585499163600616,0.477506112144329,3
371,0.667175705251284,0.291508072521538,0.551632623258047,1
156,0.413542133755982,0.282382542733103,0.0957412435673177,0
116,0.116151634603739,0.0722669528331608,0.784354961244389,0
67,0.932280299719423,0.958481303881854,0.058278200449422,0
1286,0.756447791972504,0.187886686038706,0.44200014613962,6
204,0.355253233574331,0.354514182778075,0.206093232380226,0
311,0.665506732419599,0.430017335806042,0.587093332852237,1
1231,0.762377524290987,0.187128229849058,0.443587621517542,6
1227,0.759433359199657,0.194809008641592,0.450321782586177,6
744,0.637409139650408,0.505209459341131,0.482890926604159,3
877,0.766304701488688,0.215381153824894,0.451608912539211,4
511,0.697531282361597,0.667461142526008,0.468061333359219,2
1387,0.763782842772041,0.18604061795823,0.443701233960622,6
130,0.876229676883668,0.130650939419866,0.0649750083684921,0
691,0.631166046517901,0.580976418568753,0.637658866890706,3
356,0.668888154991437,0.265886154957116,0.487774593825452,1
384,0.663569083933253,0.481999381328933,0.370266916416585,1
849,0.764188585301144,0.226629945828796,0.448232707938759,4
617,0.635985920042731,0.390420124167576,0.735375170665793,3
1272,0.761963282153863,0.186650910430365,0.43746128767274,6
1119,0.765953183312029,0.251181906684849,0.446583885979825,5
843,0.771536444415955,0.220525139324374,0.448206618570735,4
271,0.661131068458781,0.371138573158532,0.491589294699952,1
426,0.694527024223935,0.642667946289293,0.524025382776745,2
962,0.767008695360366,0.216938168244543,0.450929806607032,4
1279,0.757960826674744,0.190749017056654,0.448004311473411,6
79,0.542756345588714,0.828295569168404,0.561716170515865,0
1048,0.762434901948429,0.254856718727063,0.452452106313002,5
206,0.0585095984861255,0.0313446468207985,0.548998021520674,0
793,0.630734173811507,0.235985492006876,0.338434055284597,3
318,0.667355042002164,0.388763819239102,0.412744117388502,1
627,0.637402641251683,0.439241725136526,0.411126646981575,3
1049,0.750102797688565,0.237602393538796,0.447466706036025,5
761,0.631978493756615,0.561111915158108,0.645003823167644,3
294,0.66152884478448,0.226524599129334,0.31140182511881,1
1099,0.755576375275813,0.255436611904428,0.445961198999075,5
288,0.66269604209112,0.294116065604612,0.576288922759704,1
64,0.403812385397032,0.812983107054606,0.845763202058151,0
250,0.666810241828207,0.368215783382766,0.580650086700916,1
88,0.880739406915382,0.0960604506544769,0.455265229335055,0
985,0.756303765764123,0.223204013705824,0.444898046543386,4
1310,0.762407807842738,0.18833796982221,0.445200458713185,6
292,0.659663043727633,0.578647236456163,0.422933033620939,1
326,0.664304585501086,0.290025940048508,0.63868276886642,1
772,0.63069198893616,0.514364005997777,0.489583172206767,3
528,0.695749354069121,0.466829773504287,0.513176362216473,2
325,0.659456968056038,0.637180903693661,0.771990996506065,1
1044,0.745267597353563,0.256104619956329,0.448606362042376,5
444,0.696369107055944,0.431449930532835,0.60726637202315,2
443,0.693117220306304,0.540184110868722,0.695230014692061,2
480,0.692256454781164,0.706023090751842,0.677286174101755,2
193,0.70460870815441,0.360212665051222,0.062145616626367,0
1168,0.765777109968036,0.247608912478546,0.44260515981145,5
572,0.69539044932928,0.609634945751168,0.305629970692098,2
431,0.693865082678385,0.264122599503025,0.729555936250836,2
334,0.667742748544552,0.47235926380381,0.467938628816046,1
245,0.66724781527184,0.660879460396245,0.309302718914114,1
839,0.756863575262961,0.215295453597386,0.456792115868136,4
120,0.723835085518658,0.461855210363865,0.567903141956776,0
1165,0.759042465064457,0.24646854578635,0.448888910545099,5
966,0.755804142139879,0.220335396989454,0.443069694431152,4
554,0.690932733030059,0.550966747920029,0.486952738789842,2
98,0.691735281608999,0.448876375332475,0.399184384150431,2
266,0.660748726010788,0.536310377065092,0.764864933979698,1
956,0.751535455740458,0.217529373846444,0.441043860746521,4
794,0.634574810443446,0.260545237571932,0.318636487191543,3
1160,0.754959708930172,0.244004578847823,0.455240644686289,5
726,0.631129159354605,0.277596545522101,0.40425140929874,3
764,0.636309079427738,0.674492457532324,0.597583404928446,3
951,0.768282736140453,0.226497134494132,0.445118931619539,4
669,0.638875152110122,0.53288415807765,0.765671518351883,3
832,0.76274747233602,0.215604614725717,0.43934733713696,4
848,0.761587021841663,0.218231233637437,0.44134066692177,4
74,0.239192713284865,0.757991592166945,0.536772011779249,0
513,0.699141906886362,0.235992297180928,0.787961485981941,2
999,0.766573519837258,0.223256445024766,0.439335814185124,4
1260,0.759581347462717,0.19150608156768,0.43999168103233,6
6,0.170929845888168,0.934212423861027,0.547459984663874,0
868,0.76204557209725,0.224234255778325,0.441291230363073,4
829,0.764011887368546,0.217618320839418,0.436847122537595,4
449,0.696873719373252,0.311570329824463,0.473069083015434,2
874,0.760517502981129,0.217271781784494,0.447165220937399,4
233,0.659396645969246,0.347075432422571,0.549586849706247,1
823,0.752845229505103,0.219913155879141,0.44888333885933,4
95,0.708869534311816,0.238034559646621,0.544344997731969,0
606,0.693225540718995,0.242602719110437,0.404460499598645,2
72,0.203248190227896,0.242148699937388,0.50129396491684,0
1239,0.760033879048803,0.183761376641373,0.449678438978729,6
1370,0.765912062595699,0.188470376530302,0.446869717730776,6
594,0.69231207605917,0.720722174737602,0.450043112458661,2
907,0.758870686482784,0.214280564264026,0.445792179113806,4
1056,0.762679746149638,0.254631222329166,0.440973341450903,5
34,0.196988359326497,0.79496501525864,0.336467408109456,0
1050,0.760854459899805,0.243933937364131,0.439614690328452,5
418,0.698322588654701,0.567803329438902,0.354084666189738,2
579,0.692108408124186,0.637689168215729,0.574895197479054,2
1065,0.753996273409327,0.250507944606601,0.44759836987448,5
229,0.668642613755074,0.642248235410079,0.350791822606698,1
1114,0.762171640278611,0.252025622359875,0.442720872855116,5
184,0.405405460158363,0.151176704559475,0.321626111865044,0
662,0.629901553939562,0.365900801145472,0.589320787764154,3
458,0.694298198095057,0.584613085607998,0.344933814671822,2
254,0.661159362986218,0.610317144775763,0.501486752252094,1
400,0.663604093363974,0.508713428862393,0.625143349124119,1
1371,0.760497349886747,0.183289870961947,0.454392217074777,6
1342,0.763806216980346,0.195056784926538,0.43840589759705,6
378,0.66496374205919,0.436140299891122,0.776976963691413,1
1010,0.762958454729648,0.216143063620913,0.447959165300408,4
853,0.765931605975257,0.228946715496634,0.450729290198634,4
1,0.477172772400081,0.0194554522167891,0.572322024032474,0
1287,0.76377606629936,0.189200587098674,0.440314378535489,6
547,0.698975270274095,0.723191117285751,0.504941309173591,2
202,0.336224329192191,0.36890600877814,0.0649530354421586,0
485,0.694390721009113,0.293120447662659,0.641134397662245,2
1345,0.758653360110305,0.195044537696631,0.44137943111538,6
109,0.0538890685420483,0.523088925750926,0.150083608226851,0
322,0.668426348017529,0.595988609362394,0.799904922675341,1
1069,0.75550033550457,0.242333441433099,0.454499778436085,5
895,0.758830425719534,0.219620782098686,0.448440285404001,4
1154,0.764952695971458,0.252983766294699,0.449231540308922,5
195,0.942691246047616,0.928693643771112,0.00613173400051892,0
1303,0.7652382396254,0.188919057384681,0.440622165395226,6
542,0.694335490837693,0.422413134481758,0.705776386964135,2
390,0.660304184567649,0.245058232918382,0.519857831834815,1
596,0.698889258797281,0.699906761408783,0.528038931963965,2
416,0.698446387792938,0.591256378684193,0.533871467527933,2
567,0.691313174250536,0.636269585113041,0.797411755030043,2
514,0.695218879422173,0.543148207128979,0.59824210726656,2
487,0.691860661932733,0.307762927492149,0.629321574419737,2
1407,0.749885837425443,0.195017214263054,0.443248653863745,6
529,0.693330549262464,0.444272740045562,0.485263168998063,2
899,0.757890982243201,0.225188874465328,0.443167967340241,4
1312,0.760748877840219,0.185356852572931,0.438923152939091,6
200,0.0198699194006622,0.73895153333433,0.787290575215593,0
136,0.558661522110924,0.274858149001375,0.281808834755793,0
797,0.636934054561425,0.41436021879781,0.492298553418368,3
1203,0.756930822314381,0.252451558334916,0.451677663694403,5
272,0.660546029258985,0.347176586394198,0.30134452409111,1
486,0.695306882713921,0.663446264457889,0.586257928935811,2
687,0.637174742349889,0.419435292016715,0.416898421663791,3
519,0.695620123394765,0.478305296390317,0.577383249602281,2
73,0.898924737470224,0.900601513683796,0.44101439928636,0
898,0.76562891579737,0.214492721546718,0.445469554691172,4
681,0.633695121495985,0.303537941304967,0.382428317749873,3
1013,0.767629525152201,0.25789818626519,0.440952420210704,5
712,0.634246117775329,0.71481820801273,0.738008002704009,3
545,0.689537435539533,0.234326940844767,0.509223668090999,2
619,0.63788355775876,0.659624077496119,0.728704657359049,3
883,0.761265221123175,0.222336689918173,0.438485584332651,4
1141,0.758777612793311,0.255166420227612,0.460000094926574,5
762,0.638090999196284,0.247640524175949,0.368093174952082,3
637,0.638838324919343,0.592697445768863,0.78218818299938,3
429,0.697717263617087,0.351614633342251,0.630614926759154,2
1187,0.761094721108285,0.255351063979527,0.447026128822496,5
525,0.696908870313782,0.555371333728544,0.614883660175838,2
7,0.591666289139539,0.00584769039414823,0.531930106226355,0
1383,0.759807353989553,0.195669985248069,0.440967320995491,6
1331,0.761989590894487,0.19773057926519,0.449439875509026,6
701,0.633265869522002,0.6633977383608,0.458284223638475,3
508,0.69628133215243,0.484630280523561,0.311810598080047,2
773,0.635902952481993,0.491474360344,0.317564586945809,3
784,0.63479965209961,0.590107875177637,0.780365075287409,3
695,0.636859346576966,0.366999875986949,0.672592449886724,3
1016,0.761636768488525,0.251507272071958,0.446721008225398,5
945,0.761883060433466,0.214753478443703,0.44850424472685,4
187,0.731341359438375,0.143391445511952,0.161405091406778,0
399,0.659851155525539,0.394954352756031,0.490465469029732,1
1288,0.762338760153922,0.192441471288987,0.447781259469072,6
259,0.668823282066733,0.458053890964948,0.499797922046855,1
1082,0.761200532133426,0.242327404137527,0.446693921701732,5
686,0.638496696052607,0.640000516665168,0.617595791537315,3
790,0.635129168427084,0.619874455151148,0.621915240958333,3
1343,0.75842238784074,0.191539086634634,0.455919780675503,6
145,0.73644812963903,0.18692505848594,0.209813107503578,0
1030,0.758530074550379,0.247250247370978,0.443928137025341,5
711,0.636273669390939,0.661877865204588,0.798599379090592,3
1362,0.748662818060983,0.188842220543556,0.45785999349497,6
367,0.664786651078612,0.577717655920424,0.363799193128943,1
1138,0.753330095606227,0.245564655766658,0.45164247391077,5
234,0.659866617384832,0.428350780159235,0.402290881914087,1
1094,0.757038467416008,0.248371056894442,0.436909587128614,5
1003,0.755766947768954,0.226155743453462,0.442906593483379,4
743,0.630185923953541,0.232821559999138,0.581950907199644,3
28,0.37885845429264,0.782839107559994,0.891675711376593,0
275,0.660533966626972,0.415468058781698,0.485717107844539,1
1035,0.757862276056497,0.260562637237523,0.453931711167518,5
820,0.769475206382309,0.217356074075006,0.447350171990145,4
802,0.633592976315413,0.446374581195414,0.784238134580664,3
1064,0.754572529646387,0.255106475189143,0.441229472724299,5
618,0.631935547208414,0.664754876866937,0.352577164256945,3
889,0.762124018565731,0.22230548898147,0.439614494628027,4
427,0.694008981348015,0.565893498132937,0.681522246752866,2
113,0.979390618856996,0.847299000481144,0.41556922532618,0
890,0.75845230529951,0.222427483723251,0.445759069864556,4
562,0.694079123528209,0.306000901153311,0.442374458839186,2
1223,0.765882654555871,0.194084252939368,0.450366810478306,6
329,0.667283026853111,0.613753177924082,0.698541209287942,1
1039,0.759301069542004,0.251929131834991,0.440445944620144,5
906,0.765344392073827,0.220266005336643,0.449160884685965,4
474,0.693100218479522,0.454391840845346,0.343640494695865,2
660,0.639043885141146,0.235242873197421,0.457050730311312,3
827,0.749127440952118,0.205415868486122,0.43454156053294,4
1113,0.761884032977991,0.256028490336999,0.445570754430834,5
23,0.299065518891439,0.985808698227629,0.505221159895882,0
1316,0.761201786550292,0.189460355167997,0.437327932686286,6
119,0.815985119901597,0.139750801026821,0.109008004423231,0
561,0.694281108805444,0.368102332926355,0.434348818683066,2
576,0.696733090742491,0.500260935630649,0.503683346393518,2
958,0.758396608709736,0.209993141602405,0.44197985552311,4
973,0.760271109698817,0.211740380573896,0.449661009595853,4
236,0.665876747944858,0.422820799751207,0.720861639664508,1
454,0.692504506774713,0.38765877019614,0.411176053644158,2
630,0.632510516587645,0.590473133604974,0.51956483705435,3
1292,0.76307049584828,0.18343889862286,0.450069395828558,6
78,0.0541896170470864,0.802848278312013,0.211921026464552,0
710,0.635529049886391,0.679708160809241,0.701948913233355,3
777,0.634444511532784,0.672616274445318,0.787642096239142,3
310,0.666525203690399,0.541945214150473,0.622644276544452,1
475,0.697879376169294,0.620712621719576,0.432467614021152,2
646,0.633336788660381,0.52937983488664,0.649209588137455,3
139,0.276991551509127,0.560797759331763,0.965500680031255,0
303,0.659908511624672,0.578880190849304,0.768195210327394,1
483,0.696145801295061,0.532887396402657,0.452393041993491,2
227,0.666386083031539,0.549145678989589,0.346022228896618,1
445,0.689430501381867,0.358167979866266,0.354169136914425,2
914,0.756356407512574,0.232141290404679,0.447575897803106,4
60,0.0478952790144831,0.0708030173555017,0.184202422853559,0
428,0.690554747753777,0.40875030355528,0.40054764978122,2
453,0.694565921404865,0.541205821908079,0.643072112766095,2
977,0.761485587779783,0.213519973676856,0.444234818346851,4
117,0.731020301347598,0.371209268923849,0.00589748937636614,0
241,0.66533726924099,0.723840798949823,0.365644966205582,1
1163,0.768033428976533,0.250870612958581,0.438399473500029,5
1388,0.757253816156708,0.193960387400366,0.449040969540676,6
76,0.239669058471918,0.267589301802218,0.143674769671634,0
1389,0.755437317483326,0.188324485447922,0.44388049361641,6
1402,0.754610123289056,0.188825530150547,0.441868409264803,6
871,0.755675419233066,0.220970627816598,0.439138357935197,4
703,0.630072604534216,0.590794404852204,0.361368562397547,3
1374,0.759804044094377,0.18994993076879,0.449249543844095,6
936,0.763341277209575,0.211178167997557,0.447302351587541,4
388,0.668097465042956,0.505215923767537,0.339176756865345,1
1352,0.760210001071449,0.194845807954874,0.445296944815961,6
180,0.476845091441646,0.205988271627575,0.763100133975968,0
1137,0.760569149839607,0.25454523747136,0.454531137267016,5
1355,0.761278958466543,0.187742271810646,0.445116542090297,6
942,0.764884753556452,0.215993650612275,0.447949160631729,4
337,0.660206242827699,0.536654100986198,0.76936883428134,1
925,0.761179892094932,0.226419972645655,0.444910700507178,4
455,0.694629608723335,0.395763653912582,0.333160126535222,2
421,0.689710896417964,0.234920152346604,0.761153180222027,2
489,0.68989376897458,0.557855430408381,0.383153926650994,2
1228,0.762731854201664,0.190838114158671,0.446631774179784,6
1209,0.770655944057628,0.258981070530633,0.442177938316153,5
1109,0.763908226113983,0.253083599818782,0.448835013864194,5
570,0.695864513567649,0.375776893575676,0.416676793200895,2
981,0.758335268623462,0.227207274395554,0.4543155302676,4
1318,0.762645530323392,0.194731887415768,0.44321650851339,6
286,0.66193032144336,0.517030324437656,0.404533488629386,1
546,0.699099099282176,0.655800975160673,0.679306853748858,2
1298,0.76058195044851,0.187070645587423,0.449571150066388,6
1074,0.755132257520656,0.255453959290418,0.442884893396877,5
1181,0.762035498880529,0.246655257415574,0.453990247343002,5
1254,0.753779243426038,0.175878552840286,0.445819701531304,6
33,0.376810160232708,0.35516243125312,0.43415054329671,0
191,0.146187051897869,0.138098442461342,0.422125920187682,0
104,0.949136454379186,0.0504291781689972,0.466775346547365,0
1380,0.768845029903559,0.197034107954347,0.449133148985427,6
1225,0.766608091329006,0.183309906218462,0.439997201829902,6
178,0.26925354404375,0.879195928573608,0.310464288108051,0
70,0.140537761617452,0.556541232159361,0.939711950719357,0
522,0.697603951266501,0.580931890872307,0.655936673469842,2
149,0.0347572355531156,0.996196500957012,0.993274395354092,0
600,0.69566837155493,0.701538289082237,0.338515454274602,2
360,0.663448041786906,0.539227242930792,0.526427070214413,1
1245,0.764594336984847,0.196125493817338,0.452039340105171,6
665,0.632357682343572,0.336492397007532,0.401282233255915,3
1301,0.767025477613624,0.184486127057209,0.439118573770514,6
861,0.750869773464646,0.212492254035303,0.445946204085291,4
636,0.63123219972942,0.461941896006465,0.338005988113582,3
1008,0.756642631522062,0.222650807950879,0.450968602940363,4
188,0.951332609169185,0.361139432527125,0.607524880906567,0
12,0.66243391064927,0.243303749477491,0.972789851250127,0
1157,0.758976427630464,0.248718123144688,0.443753502021808,5
1284,0.763649238321995,0.191900509654736,0.436462265907513,6
201,0.757258191937581,0.390142902731895,0.758812164654955,0
1262,0.765756812195048,0.197241009020673,0.442785052507921,6
1088,0.766882882080996,0.258190484702638,0.448688634531769,5
1116,0.756311263762908,0.252635246802104,0.446121753278291,5
645,0.639313525068574,0.5060412887251,0.377208812697791,3
766,0.629905117144808,0.37169518310111,0.697961240261793,3
776,0.635123627719004,0.440894055296667,0.617418310674839,3
183,0.106363675091416,0.617188863223419,0.0487013498786837,0
53,0.359062477014959,0.00678028957918286,0.478483401006088,0
63,0.0545297521166503,0.074880168074742,0.231699824566022,0
935,0.757305025209541,0.220319240390348,0.44365916691894,4
300,0.663592134010978,0.389620144618675,0.58755513089709,1
1291,0.766474947461645,0.198449679422872,0.448710512330891,6
369,0.668708478244953,0.407653560279869,0.782857006369159,1
1162,0.758469604143422,0.248618551711926,0.445431632029307,5
1344,0.761108327390856,0.191142238016773,0.445786005247043,6
745,0.634842601853889,0.693244770518504,0.758846266847104,3
1045,0.762394246713399,0.243471558295637,0.448151336018831,5
649,0.633198697834741,0.385919337277301,0.453330147615634,3
91,0.972823313204572,0.00712096644565463,0.526530851144344,0
1038,0.763216454095576,0.254460917366421,0.443218946131935,5
757,0.633309497612063,0.383721454069018,0.778042006958276,3
504,0.692392778578214,0.58340512518771,0.408119993237779,2
1087,0.772425720262415,0.240526740163582,0.455209118039442,5
1059,0.752415976340634,0.254554591578646,0.446540959890363,5
602,0.699206889998168,0.491069885785691,0.317159411800094,2
282,0.664626447171904,0.709709927556105,0.361926655122079,1
1248,0.764406074132231,0.18324126269442,0.449064217536849,6
1327,0.767186294323738,0.179897292507955,0.449125814557747,6
349,0.662284467022401,0.557140540913679,0.399617938511074,1
166,0.897957055596635,0.382578942459077,0.302547257626429,0
830,0.76026712615546,0.222806939547009,0.452923913189872,4
799,0.635991175628733,0.284672518726438,0.657643046998419,3
1125,0.756280568045067,0.259403866460069,0.456237356941321,5
856,0.76230916348859,0.215290559988865,0.433655514281439,4
1055,0.755608495053343,0.255559800426188,0.453311617262059,5
107,0.105439504841343,0.459888756973669,0.863156646722928,0
920,0.757592950009354,0.223566575905955,0.439937170447334,4
1246,0.765979259942044,0.196840273195351,0.450899546224066,6
902,0.75404717385157,0.224939813766274,0.44042461678512,4
918,0.757654141051645,0.217960292617026,0.441510885230786,4
817,0.763050602701664,0.222582234132755,0.437901842582066,4
413,0.695854437267408,0.382364211487584,0.770816494897008,2
846,0.759439964351086,0.226481042549537,0.438663508155713,4
811,0.638694217863958,0.651699264300987,0.347698051203042,3
1384,0.762884239712338,0.19246680960837,0.447635686204973,6
527,0.689842033009045,0.594005001126789,0.546450934209861,2
58,0.901385936653242,0.117304373299703,0.481159354327247,0
698,0.634154822635465,0.419403642648831,0.716878631105647,3
860,0.761428398390957,0.21783644135176,0.447547381043596,4
160,0.180298599647358,0.2193907732144,0.709962769877166,0
611,0.691390117041301,0.362445258302614,0.436446628370322,2
1085,0.766090543035243,0.244620094545235,0.448599213616574,5
1359,0.762644642765265,0.192367746666603,0.444869662615427,6
268,0.669020384128671,0.360566351097077,0.627338042785414,1
146,0.0449735415168107,0.59852309548296,0.178764731856063,0
873,0.766576954001617,0.219714197109687,0.44550324539608,4
1379,0.758175607796026,0.194540828094142,0.449340733755854,6
954,0.768285252791292,0.221847685460741,0.453937535913574,4
709,0.637436988032423,0.492580705904402,0.30707523454912,3
1144,0.761937076104102,0.243142906393381,0.454213998913094,5
1278,0.767616802616293,0.184906098886443,0.449944738038719,6
541,0.69229364662664,0.457425726344809,0.652185808122158,2
1101,0.758533312358673,0.257102932060375,0.446757708981456,5
199,0.523281910689548,0.309845346491784,0.0803690818138421,0
419,0.689564373602625,0.240056338487193,0.309929251973517,2
978,0.759711172987702,0.219761292967189,0.4445983861253,4
99,0.198952529812232,0.77339927200228,0.762386477552354,0
908,0.767849548969371,0.219133841793573,0.445354989205574,4
441,0.693656167148147,0.53749497293029,0.49751585170161,2
433,0.69931053233333,0.526163707487285,0.600217269337736,2
1220,0.759946325209028,0.195225966630087,0.439116221820829,6
92,0.12692743819207,0.167637454578653,0.574027895228937,0
231,0.664662812664174,0.259618381503969,0.301248466549441,1
982,0.753303578938082,0.223081431448482,0.451212642990215,4
670,0.637064023127314,0.69560713658575,0.468249164591543,3
1275,0.751841696846083,0.191521160737852,0.445963095450548,6
1323,0.762911111170271,0.192201435842824,0.440227977910022,6
581,0.694208797209431,0.581436817185022,0.478928695619106,2
1236,0.758333709823826,0.181203944999329,0.438479845479999,6
123,0.729538090061396,0.433899641269818,0.939756772946566,0
803,0.638688016042579,0.278254767181352,0.755647285794839,3
707,0.639046483747661,0.389330678852275,0.511619450943545,3
544,0.692465567749459,0.493444013874978,0.542903545731679,2
1166,0.761153912231638,0.249471132276977,0.441840255767494,5
1005,0.759474271113174,0.215783618836239,0.442965017318603,4
225,0.665683417944238,0.46185914799571,0.503050634125248,1
882,0.75452633658439,0.225332200829324,0.440552849354597,4
1140,0.753567953381286,0.252331447334388,0.438402041720289,5
264,0.663963501465041,0.683770326431841,0.306872935686261,1
440,0.696409756450448,0.550690851756372,0.428822363913059,2
1006,0.756802880685263,0.220228305979771,0.44487085441075,4
1176,0.767078485483214,0.250769563097775,0.444155905060716,5
1026,0.760673787816279,0.247109315618171,0.43267413234745,5
253,0.663563551830594,0.411716272705235,0.487646101228893,1
566,0.693144928063266,0.519080811413005,0.628497241949663,2
293,0.660138241790701,0.63917391281575,0.411805303604342,1
481,0.693922381282319,0.361656730179675,0.380393017968163,2
1326,0.759099400710455,0.19393173978347,0.445761877928319,6
1396,0.764556655200065,0.186499151114639,0.448499389008298,6
1313,0.765792031392621,0.191167270971313,0.434956754380112,6
855,0.760681290983068,0.214280847095071,0.449964231410433,4
45,0.0925694750621915,0.0728999755810946,0.254577707499266,0
280,0.660290096644312,0.296842254465446,0.674601612566039,1
1399,0.765074722612254,0.195631556879417,0.445371468965708,6
851,0.768978518452261,0.221610360326896,0.44461596448691,4
22,0.134505624650046,0.729355413932353,0.663470956496894,0
1311,0.761348730319156,0.189901561313144,0.441480122157018,6
791,0.633909050598741,0.570980150252581,0.589955284213647,3
1346,0.768451916224956,0.188104868459779,0.445603402528047,6
164,0.986322277458385,0.794743019621819,0.51584186591208,0
949,0.768360804934231,0.219414839334262,0.449444559185313,4
1386,0.771943952538494,0.181502699451577,0.441049013563069,6
373,0.665946605417412,0.235158402007073,0.663046132959425,1
538,0.692810590902809,0.367732241400518,0.784777503530495,2
835,0.760333260405652,0.22465943650547,0.447615209877755,4
689,0.634739563872572,0.493333811988123,0.551395420520566,3
1269,0.755976182322204,0.190667239981136,0.447368611124833,6
1058,0.763539683729748,0.244872166039516,0.449652051305423,5
382,0.669219914167188,0.261091491091065,0.481559330550954,1
424,0.696654483578168,0.419156072544865,0.40629982710816,2
21,0.3258778587915,0.251778729027137,0.487515711225569,0
591,0.690312301546801,0.286751560517587,0.396245146240108,2
456,0.698336011895444,0.234849377418868,0.618051173002459,2
584,0.698129685875029,0.518129699048586,0.315021344297566,2
1123,0.760178441685393,0.243637113557415,0.442433963610051,5
44,0.779167374363169,0.441098331706598,0.975927263265476,0
647,0.630420356115792,0.553296599653549,0.629194748192094,3
370,0.666926701364573,0.380940455477685,0.784654417145066,1
597,0.690449340140913,0.477121036266908,0.711149636260234,2
65,0.6237873416394,0.335416318848729,0.602879229001701,0
124,0.306696471991017,0.267752341227606,0.265201333910227,0
305,0.663785773697309,0.269049127935432,0.722509795054793,1
40,0.353212077403441,0.925139367347583,0.318574100267142,0
460,0.690735641908832,0.31310413510073,0.531347529566847,2
1004,0.755752975537841,0.226266893716936,0.44356239695159,4
344,0.667387630827725,0.615033852285706,0.445892778295092,1
1264,0.766863876825041,0.196987303790986,0.451482299120397,6
1186,0.768689141653816,0.242174196230848,0.451178010796073,5
398,0.663407988562249,0.690383975976147,0.466792717413046,1
1356,0.767076798307649,0.193991268572664,0.441653737345958,6
589,0.692532381233759,0.508278883760795,0.711963551305234,2
1211,0.764584670542308,0.251754594860924,0.444791650303059,5
929,0.755730390340255,0.220208946762152,0.443911725520074,4
144,0.868761014891788,0.0663797673769295,0.938330858480185,0
1193,0.761150827263722,0.248314185936085,0.454029073515651,5
563,0.697963462169282,0.540813814732246,0.479426163434982,2
969,0.752159831967583,0.223467538833513,0.441164565955875,4
1335,0.767808579172459,0.193240745169373,0.457666083248765,6
571,0.697861718572676,0.661980167846195,0.758489339100197,2
16,0.838445167057216,0.746115617221221,0.554204164072871,0
352,0.660304656869266,0.30884421907831,0.366468492266722,1
1250,0.760869705167958,0.189950941139373,0.44013940415107,6
1107,0.761139316526095,0.244599476620992,0.448630895289556,5
17,0.46792595135048,0.312894694274291,0.293617721414194,0
19,0.230406757909805,0.430931579088792,0.650906930444762,0
717,0.631371945415158,0.424624465638772,0.441751089831814,3
232,0.661051004489418,0.407728209276684,0.494701514905319,1
364,0.668775668663439,0.453856496489607,0.693949097720906,1
996,0.753001891871207,0.219017707074721,0.454080556019576,4
552,0.694335135286674,0.491468635387719,0.632358389743604,2
362,0.662274195621722,0.69468584517017,0.644501981628127,1
94,0.957304012961686,0.185416404856369,0.988039998337626,0
1237,0.765489799659969,0.197700124885926,0.450127815582902,6
558,0.696660364004783,0.619530564406887,0.799455189215951,2
765,0.631605083523318,0.489088157424703,0.496694095153362,3
713,0.636014450450894,0.434683352941647,0.410173211665824,3
1093,0.761635046931105,0.248566359614082,0.432016924919621,5
518,0.697377935457044,0.461618652567267,0.654602561797947,2
174,0.908980840584263,0.586626418167725,0.121982716955245,0
1130,0.757700679199887,0.245029797291423,0.449299219577383,5
273,0.664680143673904,0.398546520154923,0.339556398522109,1
844,0.759320488142874,0.225241484354092,0.452903139706129,4
1146,0.758584008545856,0.249975629535205,0.446578671949131,5
147,0.589655299438164,0.729476230684668,0.720562452217564,0
274,0.664321917996276,0.508068269002251,0.783436520327814,1
919,0.758824957754407,0.223999289472408,0.446719821473352,4
678,0.632637543678284,0.227340749581344,0.78900784261059,3
302,0.661607918643858,0.608415450667962,0.683799165836535,1
133,0.418301090132445,0.76113553554751,0.565705886110663,0
493,0.692780650570057,0.698709223186597,0.613119368860498,2
1249,0.757865294482571,0.192389408166951,0.446137538340251,6
867,0.762756537877356,0.230673635481223,0.445301954543912,4
39,0.305279010673985,0.406762083061039,0.0415393908042461,0
1361,0.764177791179488,0.183603838545891,0.447280937072167,6
708,0.635210627424531,0.614065323024988,0.695378965418786,3
412,0.664226811386179,0.47350497241132,0.729379416280426,1
934,0.75575914304332,0.219715153435828,0.445075895820665,4
869,0.763497280616196,0.213037141627466,0.447115379893058,4
215,0.666571309969295,0.454111930215731,0.508533183322288,1
658,0.633849885179661,0.70958467957098,0.341459156316705,3
210,0.096705382457003,0.0188525998964906,0.877354962518439,0
1253,0.762851231842717,0.189847611689153,0.442405458011079,6
1208,0.759410228385905,0.254921607275691,0.458116812083503,5
1105,0.769292677484696,0.259561824602719,0.435867977622199,5
127,0.307484961114824,0.358177202055231,0.316122217103839,0
298,0.666906763846055,0.391781140817329,0.610326944570988,1
957,0.76175436391695,0.217256101596095,0.444704582224849,4
284,0.669240517846774,0.508571911253966,0.48780962517485,1
812,0.63426592376316,0.532770392019302,0.641174527537078,3
612,0.697246709284373,0.707981993909925,0.359428758104332,2
247,0.665081190580968,0.634335384122096,0.665113178617321,1
798,0.634927511464339,0.386643965961412,0.469843581621535,3
332,0.659543598284945,0.632460380671546,0.565231511555612,1
260,0.660838339847978,0.564333279617131,0.555165127106011,1
939,0.758346618668291,0.211039436809936,0.438902997152664,4
1280,0.758094883864841,0.182408004437643,0.448062618465309,6
753,0.631747875832953,0.303237028419972,0.372868823306635,3
626,0.632061907930765,0.510531258420087,0.701923406287096,3
129,0.0902045494876802,0.822303867666051,0.39710538694635,0
941,0.756675561347357,0.22360457764516,0.440096990882781,4
984,0.758920500013451,0.220040586797993,0.448903318327365,4
672,0.638641392653808,0.410043431562372,0.773514640936628,3
269,0.668394315952901,0.474762891069986,0.346589871519245,1
217,0.663257132554427,0.683622971759178,0.42481241277419,1
301,0.667088680041488,0.634817632264458,0.703335571987554,1
265,0.660412993771024,0.444983454188332,0.596057698433287,1
498,0.692586621842347,0.278660492738709,0.687983295600861,2
1348,0.749697267596512,0.193901890412487,0.43868334859087,6
314,0.667918653781526,0.327685582917184,0.60985688965302,1
755,0.636753556872718,0.464088557520881,0.431539245019667,3
1296,0.762143865751711,0.186407763655349,0.453751855935365,6
878,0.764816029023272,0.215280379698921,0.444828234842045,4
1392,0.763676873947979,0.191196585283393,0.439347137945258,6
330,0.668333064650651,0.508191131637432,0.75202055585105,1
1395,0.752683477327049,0.194188984803026,0.451611508604221,6
800,0.635801698756404,0.392851328942925,0.720869883149862,3
189,0.946876682341099,0.0195565815083683,0.867632190696895,0
1043,0.77067552349926,0.255801014242746,0.450236236544911,5
324,0.663588934738655,0.71227940893732,0.489250223105773,1
786,0.631171126414556,0.326491180690937,0.322937499103136,3
299,0.667825049106032,0.416903842939064,0.770238589216024,1
1295,0.756246663557789,0.190484848075421,0.452193474425333,6
1063,0.759793881912067,0.255068121445727,0.445387063156009,5
190,0.525324659887701,0.29282651678659,0.318657781928778,0
409,0.659992536287755,0.645528604625724,0.595022417325527,1
1408,0.757889331343379,0.188870828833264,0.445754604965807,6
971,0.757594292242123,0.215279961011494,0.440148142724887,4
722,0.633814447284676,0.37940400338266,0.559304469567724,3
155,0.773804976139218,0.634887447580695,0.125477374298498,0
1403,0.753265278245557,0.190635228189519,0.448071278758242,6
824,0.754949624581506,0.21641233837086,0.450549302450483,4
880,0.765498537508576,0.213645498610802,0.452352780739016,4
1309,0.75528610502379,0.190847922187065,0.446789073346613,6
496,0.696112760612741,0.230198994046077,0.531001287116669,2
1217,0.760246668412368,0.186026320521021,0.443068981269061,6
1102,0.766778227919861,0.248773604169949,0.441404670725863,5
1077,0.769027464002142,0.263502478722156,0.443229213551477,5
540,0.689674285959918,0.357606332981959,0.67813119776547,2
976,0.761797891280949,0.224812073877661,0.445642088234386,4
1034,0.763099906593126,0.247456942773818,0.442142891133697,5
1170,0.765047457160392,0.234748769209294,0.451122116458668,5
1129,0.763297783243926,0.253797802783349,0.445548452210767,5
103,0.379994879243895,0.748958217678592,0.431971746962517,0
995,0.76187492559519,0.218205903458852,0.447225393366842,4
587,0.697136096230243,0.255142743233591,0.451193189900368,2
879,0.762777245670137,0.228362328709454,0.44327321904124,4
1333,0.764439498194019,0.187645212127467,0.444158473085457,6
1337,0.768438985378251,0.199092029797515,0.440127202377012,6
910,0.757040808050183,0.216907435854481,0.447080087442957,4
771,0.63626973855542,0.634227232076228,0.597820368316025,3
9,0.428479673340917,0.284857301739976,0.102599976351485,0
574,0.689400191665627,0.690152720664628,0.429360157763585,2
198,0.734579242067412,0.842043427517638,0.510095082921907,0
815,0.756618180695374,0.233699125049611,0.445209006583105,4
27,0.591814285377041,0.185156850144267,0.376398224616423,0
731,0.639135352098383,0.313627641182393,0.7676951947622,3
402,0.663070907404181,0.367862001527101,0.477743354579434,1
267,0.664938285998069,0.629071984207258,0.53771469341591,1
870,0.756858874312405,0.218723628455535,0.446857196742176,4
801,0.638331954502501,0.518008162849583,0.319093944923952,3
497,0.694395961398259,0.420656986651011,0.321180170238949,2
781,0.634766943461727,0.712237835628912,0.600080320681445,3
1366,0.753766006904815,0.19417453042138,0.448550439587266,6
83,0.3984030992724,0.340675617568195,0.729266293346882,0
747,0.630162764894776,0.393540537799709,0.474225716851652,3
1076,0.775313808654652,0.249039957309053,0.451466586468105,5
864,0.761160197863635,0.218964543695679,0.444270761166421,4
1190,0.750805931236428,0.257354135255479,0.445203865158303,5
194,0.971664119744673,0.288948273519054,0.535413379082456,0
1214,0.761779542015074,0.188404393411038,0.444131790781538,6
1377,0.756600735093162,0.193710936549812,0.446196900842077,6
343,0.663333303793334,0.391798822209239,0.324681505630724,1
257,0.660028247658629,0.567438839236274,0.489371551619843,1
333,0.663906885865145,0.533715460216627,0.334865783178248,1
353,0.663813113684301,0.592449478106573,0.779674838948995,1
335,0.662185155856423,0.267001904896461,0.77322115348652,1
457,0.695316325367894,0.581903336686082,0.751075321179815,2
138,0.842728270450607,0.921456460841,0.276414011837915,0
1117,0.764221570217279,0.238638149480371,0.446372099510627,5
1132,0.758397082593424,0.252946905731186,0.443988642250211,5
866,0.758229700521042,0.224635175228665,0.454303558739842,4
219,0.661150596251246,0.2764633144252,0.701693143416196,1
716,0.634384326988366,0.483079452882521,0.775624166196212,3
549,0.695142070925795,0.640955099486746,0.64986150613986,2
338,0.663853294460569,0.579679930582643,0.550585702713579,1
143,0.590249685803428,0.955196907510981,0.0247931031044573,0
599,0.696282983717974,0.279000640730374,0.546370949083939,2
1002,0.762875000524501,0.22556661494427,0.446267795203413,4
1325,0.749357376676976,0.182579392265805,0.442344113068466,6
442,0.694693092685193,0.395595539710484,0.514975124690682,2
1273,0.762424607912536,0.196828927605434,0.436360454446527,6
947,0.741757175625247,0.214104579443294,0.433470499899983,4
635,0.638912395350635,0.661359712248668,0.521432582824491,3
473,0.697796650591772,0.395903032855131,0.592074673576281,2
1126,0.759666457002483,0.251885912981163,0.450937132524853,5
1172,0.761837858974299,0.251042244511781,0.456062365840591,5
490,0.691214221182745,0.312052376219072,0.605540437693708,2
1167,0.764743964970467,0.239073136650374,0.442791024113165,5
841,0.745805593281194,0.217793286631739,0.433318060909667,4
341,0.665290374485776,0.62958284385968,0.33323390102014,1
37,0.170365949627012,0.4141639333684,0.991557730827481,0
1285,0.76227034284484,0.187790356650381,0.446128210586978,6
1183,0.762063949638002,0.251557217229986,0.447102423700339,5
1108,0.753082957015599,0.247361131182428,0.438809425564508,5
779,0.634955103525426,0.410058521665633,0.399606529693119,3
940,0.758851748526234,0.222983817516091,0.445367849583653,4
876,0.757888326358616,0.2192299542949,0.446404887736755,4
30,0.838972128462046,0.0974727459251881,0.426414632704109,0
377,0.665945773883723,0.532110680127516,0.561607634369284,1
1204,0.760557559456686,0.248946875849417,0.430224774894266,5
313,0.66667496674927,0.259700516471639,0.783069108100608,1
893,0.759364991890401,0.221405176210904,0.441633486466303,4
1179,0.769806866187855,0.255087682471383,0.448963826589587,5
1315,0.76902801512041,0.190745356485428,0.452529905442678,6
339,0.665895136313047,0.351716009667143,0.626816000393592,1
752,0.629627896212042,0.603018242167309,0.782236910494976,3
1051,0.762592862421946,0.253613943982671,0.450170107109499,5
348,0.662693791687489,0.591767321922816,0.611368598719128,1
1192,0.758135135863032,0.23798234355706,0.44118042183928,5
628,0.635123029868119,0.561063360539265,0.598945319023915,3
287,0.66740467218915,0.441384667064995,0.649377357400954,1
1202,0.764960560826986,0.252787306532489,0.450698244910641,5
805,0.629462806752417,0.591160739655606,0.734765084064566,3
1040,0.756628448758061,0.248735784314367,0.449205633586149,5
379,0.66786882896442,0.282828262192197,0.714522742386907,1
97,0.650611684424803,0.281088566407561,0.229326743399724,0
437,0.693206888432615,0.638172364328057,0.335625726450235,2
192,0.31510172970593,0.088859970215708,0.186201359843835,0
495,0.692453305365052,0.352571918978356,0.349241186352447,2
365,0.662168181936722,0.587000662810169,0.477156430203468,1
309,0.666473352028988,0.455822662101127,0.516924179461785,1
1271,0.759932466763496,0.181226482029685,0.446069167972063,6
837,0.747689993429098,0.225058541550613,0.445367850663924,4
342,0.666770046262536,0.590836319606751,0.536281262128614,1
963,0.757218019455338,0.225352755165526,0.44161611909362,4
1350,0.761810344537594,0.188199400218409,0.448343627761417,6
661,0.637692126948387,0.492665697820485,0.759160248050466,3
368,0.661812599434052,0.625204633572139,0.394709890545346,1
569,0.694655816424638,0.247607617755421,0.700004681199789,2
464,0.693034614073113,0.689932694542222,0.365477842581458,2
89,0.176619954872876,0.448456621728837,0.834783587837592,0
439,0.689623770262115,0.672754753846675,0.39462878620252,2
327,0.66008197986288,0.615995662286878,0.709849186195061,1
831,0.757963869910042,0.223234500640568,0.452259308379668,4
1213,0.764342607534931,0.198732235284037,0.44487301725942,6
32,0.251357974018902,0.0283703643362969,0.865649587241933,0
733,0.637872508387081,0.650503054261208,0.489234671765007,3
235,0.668419957212173,0.358652996714227,0.613027824042365,1
1136,0.761754825639059,0.243996426074631,0.454667596495734,5
1281,0.763460016083202,0.194554301286648,0.450884903584463,6
168,0.00874963379465044,0.45668967301026,0.388351934496313,0
1158,0.765211556524639,0.241119303873347,0.440121143354058,5
1100,0.74943476572028,0.261925644913074,0.439082753064575,5
391,0.662918996890076,0.712841449771076,0.496411986718886,1
515,0.696437859956641,0.52866377949249,0.42767744238954,2
406,0.66194254769478,0.611790353781544,0.509254654473625,1
385,0.661047283895314,0.556887862156145,0.521473755198531,1
657,0.638150391119998,0.577950231381692,0.591703833383508,3
54,0.262907715281472,0.641436020843685,0.00979503593407571,0
933,0.764377215112993,0.227658162213553,0.439286749938741,4
396,0.666760723376647,0.537413527723402,0.439745009480976,1
1405,0.757161813541532,0.19148574157713,0.451330408411211,6
1090,0.754638472389595,0.241771571887004,0.442677455064542,5
435,0.694427136022132,0.422699790913612,0.727054556552321,2
1054,0.766494036591012,0.257499480607706,0.450206557605824,5
121,0.288585613714531,0.571481456747279,0.0457787576597184,0
872,0.763382373412086,0.211829480202463,0.450738888196573,4
721,0.632229931917973,0.563237631111406,0.426712000113912,3
892,0.761776413179868,0.218889095766083,0.450379356212538,4
82,0.0907320429105312,0.0680841282010078,0.240859202342108,0
737,0.631444833874703,0.242653803899884,0.486600749380887,3
479,0.691186203048565,0.251268257386982,0.646706168376841,2
847,0.76023877642408,0.21058103946693,0.447903419219812,4
285,0.66764159288723,0.58540633157827,0.315596302924678,1
340,0.661893792522606,0.619195568375289,0.450672361021861,1
503,0.699168034743052,0.504880918888375,0.564992227777839,2
1308,0.75414453652014,0.187528209843978,0.442126231231019,6
52,0.791082876501605,0.558246532455087,0.889337247936055,0
256,0.661751272473484,0.435917635215446,0.413270976929925,1
885,0.764180211954276,0.226453288792047,0.447601472714376,4
858,0.756837866527186,0.212770628760877,0.442881547613448,4
422,0.693794984733686,0.272433958831243,0.396454079146497,2
1258,0.772819596282418,0.195331571808371,0.444299648276948,6
1104,0.768518013834512,0.252210418668875,0.438164711976923,5
787,0.637524225087836,0.636326418723911,0.733235912467353,3
71,0.69854502286762,0.663710639812052,0.60811997554265,2
543,0.695665829111822,0.706184442620724,0.726474880310707,2
49,0.632725415052846,0.127349134068936,0.114547924371436,0
1398,0.767435140460855,0.188929043979891,0.448217570366106,6
1191,0.76240707925456,0.251553993169201,0.438507120535324,5
347,0.66771083656,0.439980546943843,0.61962541595567,1
1092,0.766155202349437,0.248839632485835,0.452904756738012,5
592,0.698035736731254,0.227031521033496,0.506317850272171,2
578,0.693948264191859,0.423695646109991,0.489561070641503,2
1218,0.757244927113364,0.185305332696427,0.450093972056136,6
582,0.689341436543036,0.487424931372516,0.479881504736841,2
1070,0.763693868846564,0.246481790495538,0.447271925077944,5
782,0.634738088159356,0.63168407860212,0.385122635820881,3
432,0.68996219816152,0.444380820845254,0.687124016880989,2
1028,0.760836742579558,0.253512745132966,0.453359568802476,5
277,0.662659846302122,0.42419642128516,0.676780427177437,1
901,0.761609159956438,0.214111664611322,0.453786406903424,4
931,0.76880444172215,0.224540690345294,0.450668735298425,4
1216,0.757969749877853,0.198409217347781,0.447398270344728,6
238,0.662291715689935,0.234342245850712,0.702183910948224,1
1365,0.763156028358522,0.190224821123576,0.449905528753693,6
1205,0.758413075322186,0.251061026725316,0.438904164171574,5
15,0.559793247375637,0.247553943889216,0.574434878537431,0
1182,0.762364534452709,0.260914628920762,0.444679144577945,5
395,0.667761068665423,0.414674697094597,0.318122849520296,1
991,0.766279988793482,0.211714150076808,0.442629034359888,4
1012,0.761869427558065,0.22897599127894,0.438771966594504,4
226,0.660269887172617,0.715709560434334,0.352953599253669,1
979,0.754516482906742,0.216798810248313,0.445603490737333,4
693,0.635183745652903,0.519256532890722,0.560453670052812,3
616,0.63361219169572,0.446801070705988,0.363819235190749,3
251,0.661008147709072,0.603319149813615,0.756848793546669,1
1372,0.759620767553475,0.190765285116395,0.440372840189577,6
359,0.665177162485197,0.336521064396948,0.528191912872717,1
336,0.66785146729555,0.356714994879439,0.402359731215984,1
1339,0.755059041601274,0.189473255299568,0.439673984328328,6
1024,0.758966255636106,0.242816513645984,0.445879707860852,5
916,0.753516809934793,0.221608888990331,0.44993895637414,4
828,0.760919445404591,0.223143468976745,0.44696675884933,4
921,0.767602362175574,0.220111847547871,0.44460001097402,4
1241,0.75476681481529,0.193721199742132,0.450810983131008,6
729,0.637979319666047,0.449515041545965,0.580690949526615,3
536,0.698444859704469,0.688585921889171,0.715090283029713,2
244,0.668540873448365,0.338918326073326,0.396271151327528,1
605,0.694401242816821,0.269732033950277,0.70460147568956,2
216,0.661678904013243,0.453651038231328,0.570229861955158,1
128,0.71166686876677,0.189646885730326,0.544744678074494,0
114,0.0324730183929205,0.625303184846416,0.0336945815943182,0
500,0.689477412248962,0.502032064367086,0.416460360703059,2
1197,0.766012658050911,0.252560612607505,0.439401706167863,5
917,0.756345143573489,0.225732854418905,0.44051667457001,4
492,0.697066876431927,0.612163458601572,0.512670739158057,2
598,0.693160369282123,0.605625764816068,0.460815044073388,2
968,0.762488390277496,0.228049619154109,0.448785373064486,4
1240,0.761338914895329,0.188587806155005,0.442303570251472,6
1322,0.766597327297551,0.1955090332045,0.437516063985961,6
1135,0.761556279734488,0.255345606868889,0.440458939556222,5
891,0.761897596898789,0.216062804198549,0.452076117583657,4
702,0.637566972174682,0.319905740325339,0.587975662969984,3
36,0.0775022974703461,0.935365701792762,0.94408766576089,0
819,0.759902048109766,0.2236645626733,0.440054194539375,4
1328,0.765206875691445,0.195254238247803,0.443390007697279,6
411,0.668130246675573,0.301721325027756,0.715660433121957,1
222,0.668860543821938,0.462284146458842,0.306877607898787,1
1351,0.758170145808916,0.18505488981319,0.445626958652987,6
926,0.760928751166849,0.215637040061246,0.448180653553249,4
1401,0.753622603626502,0.189298352464138,0.43925334756562,6
1289,0.763995957000751,0.194645890969038,0.453670557512469,6
403,0.662781385590788,0.561806136160158,0.592796936118975,1
810,0.634083025488071,0.72272862738464,0.476554018747993,3
1120,0.765577464371589,0.259480163426971,0.446824616596656,5
512,0.695383984327782,0.417348852846771,0.526869331672788,2
31,0.866173982620239,0.780560019658878,0.370010708924383,0
1256,0.768622120138267,0.191596291850938,0.435182882443926,6
575,0.693055032573175,0.647315049776807,0.614467463176698,2
386,0.66436840815004,0.4667383863125,0.427853408106603,1
613,0.629433645491954,0.535598914604634,0.589186527836137,3
692,0.63140047079185,0.309879878186621,0.412242764676921,3
505,0.698373205892276,0.360516027431004,0.500254051014781,2
1238,0.752329395813848,0.192279700929199,0.453251627098631,6
586,0.690117534331512,0.322118876501918,0.731195835233666,2
813,0.760049085792535,0.220062024765733,0.441848115143853,4
463,0.690931427967735,0.364325974485837,0.655348536395468,2
26,0.711286377394572,0.816275655059144,0.581790863303468,0
102,0.261686741374433,0.525531952967867,0.0804377447348088,0
909,0.759528866384445,0.217749335813811,0.452251244937721,4
530,0.698787112643477,0.654819889809005,0.439968291157857,2
1189,0.763868031490169,0.24911161283551,0.457828882130921,5
502,0.698190271302592,0.506576923653483,0.723786882078275,2
700,0.639254496726208,0.298373306985013,0.717202150798403,3
944,0.756967922804851,0.21638403444028,0.444582480562852,4
62,0.17514454969205,0.0908307828940451,0.875215243315324,0
694,0.630712678087875,0.654301018919796,0.425328068737872,3
1072,0.765316261793959,0.248782664015788,0.457977361423567,5
1393,0.760962422291424,0.182650113471609,0.442581200558696,6
1061,0.763360610947795,0.252897411939811,0.453249381563555,5
705,0.629816715749912,0.30845286056865,0.730190154002048,3
1357,0.756969782123196,0.193755779480949,0.443000156943499,6
135,0.870555973146111,0.455974703654647,0.533333765808493,0
1151,0.751800746267013,0.257576840661508,0.449221511856308,5
13,0.42511027189903,0.011385680641979,0.443749025929719,0
638,0.638265087974724,0.24908805382438,0.511732122581452,3
614,0.636275789884385,0.673136088997126,0.454866524157114,3
345,0.659818507933524,0.266520478064194,0.516189572121948,1
788,0.634181513315998,0.437749589444138,0.792594441748224,3
553,0.699198253145442,0.590784046449699,0.336191937047988,2
252,0.663463707047049,0.714553446159698,0.704501013457775,1
739,0.637519580635708,0.607939265086316,0.5901923666941,3
41,0.841428838437423,0.0432969727553427,0.982949417084455,0
523,0.698122415360995,0.683699291665107,0.604582625511102,2
732,0.634352847291157,0.510622929432429,0.417586414911784,3
1329,0.756140075752867,0.192144685293364,0.438368024981862,6
296,0.659478569964413,0.348651057342067,0.370163160678931,1
696,0.63869318518322,0.506361933425069,0.511365290218964,3
652,0.636050889343023,0.625486996723339,0.427780140377581,3
1391,0.757011498020172,0.195056101797933,0.441846048810276,6
930,0.764970687117052,0.223920694999466,0.442028130553245,4
671,0.637366320167203,0.528168312390335,0.582535552280024,3
506,0.698963310604449,0.571074917446822,0.369315648055635,2
565,0.699318972772453,0.371559935738333,0.729514852818102,2
357,0.668887003031559,0.449014472891577,0.530669335462153,1
520,0.692470902053174,0.620692885480821,0.692731299274601,2
524,0.693407175273169,0.514966980903409,0.55576663017273,2
826,0.767922494367727,0.222278423991458,0.455523981985369,4
736,0.634715797984973,0.6752362762345,0.783649462577887,3
840,0.76476995852424,0.216084024604711,0.45885181541496,4
965,0.753741857287262,0.217871391879693,0.450991531095436,4
186,0.533897893736139,0.742355084978044,0.83934718859382,0
501,0.69666039646836,0.723776033497415,0.300877609709278,2
461,0.697688926558476,0.654333139536902,0.305073074134998,2
278,0.659756701118313,0.243246562546119,0.631837165285833,1
1180,0.766187490884861,0.241469649059597,0.446685641509961,5
1410,0.760634637041579,0.183861777660246,0.450351075068772,6
539,0.693550034395885,0.480472938739695,0.620955746108666,2
759,0.63622707818402,0.39492900960613,0.365269271493889,3
66,0.113200170220807,0.720159199321643,0.710780845489353,0
938,0.767755900586826,0.223800663391811,0.443804170604924,4
131,0.280218846397474,0.134204956237227,0.970615221653134,0
1053,0.76169650247338,0.254332255069432,0.447445525086191,5
1232,0.763648239583488,0.188421749842472,0.452396677315057,6
621,0.630210773523431,0.256141752935946,0.793503445759416,3
279,0.662174525733572,0.625444434350356,0.747950542904437,1
608,0.691531034186483,0.240216498845257,0.639972024667077,2
836,0.760692744297815,0.218998207067321,0.446929856981538,4
320,0.667270218192134,0.415510686929338,0.576813324657269,1
397,0.667578272374813,0.524878482101485,0.581259988201782,1
258,0.665267061165068,0.284014474018477,0.465724631515332,1
158,0.279423709725961,0.708495093276724,0.375451953615993,0
175,0.878574725007638,0.513253801502287,0.834614482475445,0
850,0.770657297852434,0.21286168519392,0.447344586149828,4
659,0.638988767925184,0.495149409514852,0.634074636688456,3
727,0.635334196754266,0.508051353506744,0.571932721836492,3
974,0.768764790587605,0.216939835266282,0.445510629195108,4
242,0.659690197277814,0.391819677432068,0.404776756837964,1
1307,0.760172135127944,0.191809730635309,0.434960002953249,6
491,0.690169990893919,0.347091149538755,0.365707591827959,2
804,0.633422131906264,0.540357045829296,0.667866464192048,3
394,0.668701490696985,0.447116990573704,0.49573241029866,1
897,0.764723088088817,0.218085566818764,0.444892374457162,4
55,0.384703200077638,0.118659090949222,0.42420121235773,0
389,0.662759189275093,0.318228093208745,0.626346599147655,1
177,0.840938456123695,0.775558891473338,0.818057368509471,0
1219,0.760651990056142,0.186795324987916,0.450145712933298,6
1376,0.771128612674901,0.192026832541332,0.445815261679617,6
476,0.697797217539046,0.62552526674699,0.730770589620806,2
950,0.761769423829413,0.225316862779939,0.446117022389727,4
568,0.698303215787746,0.312663232558407,0.369796954281628,2
383,0.667588031804189,0.40791643213015,0.706292861327529,1
393,0.661819610588718,0.586222924059257,0.712046016077511,1
170,0.998542997753248,0.34853783948347,0.154032540274784,0
675,0.633329864167608,0.644507542136125,0.593793645687401,3
857,0.756870143150891,0.222080188104608,0.455036140440755,4
423,0.69884451747872,0.453793479711749,0.412496055080555,2
243,0.663456445378252,0.391906548175029,0.708719431725331,1
738,0.630803358559497,0.685548909008503,0.717872187914327,3
148,0.670260899933055,0.299134484725073,0.655689262552187,0
624,0.634205108445604,0.570051510352641,0.530534060276113,3
355,0.668589193294756,0.283137012040243,0.309851154056378,1
1378,0.759276967383554,0.194841426459098,0.452480460047078,6
881,0.760345723746346,0.221137637344818,0.443748926300131,4
1079,0.753757291331458,0.248929114291222,0.446014296521932,5
122,0.613922618562356,0.702459605876356,0.335831047734246,0
517,0.69516424929956,0.235492739942856,0.468211647309363,2
414,0.690444520106539,0.708801881992258,0.319446618738584,2
997,0.762565155326291,0.223237571017893,0.448926574185591,4
1153,0.754453231808044,0.247328808788456,0.439082499474479,5
629,0.629401728499215,0.266247027320787,0.477319948445074,3
366,0.660309793476481,0.258862713468261,0.558166378596798,1
905,0.762508052664884,0.211719096192865,0.445080505130975,4
639,0.63641692986479,0.628894569352269,0.65547618905548,3
1018,0.760597115957047,0.246563690634196,0.451152368389633,5
471,0.689866845710203,0.350870990660042,0.461420220392756,2
580,0.694809959845152,0.567396051599644,0.528301763418131,2
783,0.632313866068144,0.26125698571559,0.531137906317599,3
865,0.758013922115088,0.21956805326445,0.439328920396596,4
822,0.762713725510359,0.231515286003021,0.446139475638942,4
1096,0.760706006222843,0.251184179551126,0.440999965605788,5
648,0.632355241470505,0.319829157320783,0.468983560986817,3
14,0.450601611053571,0.380772305419669,0.394339143531397,0
90,0.684526448138058,0.881008360534906,0.862466755555943,0
1234,0.762794206496867,0.186588440393419,0.448580193980876,6
673,0.630619689126033,0.68706378643401,0.74899498927407,3
150,0.281697523081675,0.516703052679077,0.58358124573715,0
1321,0.764939016613134,0.1900172851576,0.453306081141324,6
1385,0.752100331937273,0.192508087677665,0.446835234708071,6
852,0.760024586356394,0.218720209445132,0.448574230255575,4
1277,0.759954358631698,0.190194794906028,0.446500906056174,6
770,0.635990108742844,0.405771091696806,0.739307171152905,3
643,0.631169140932616,0.677275716327131,0.509028946119361,3
77,0.724205365870148,0.249409459764138,0.924262855900452,0
666,0.636912551051937,0.353732003830373,0.770122632104904,3
85,0.56365529098548,0.155231615761295,0.36756868287921,0
972,0.753873974759822,0.217216255916848,0.452538946102223,4
720,0.632806135227438,0.725418419577181,0.744697135128081,3
1261,0.758133190894316,0.192225021082658,0.447430711363044,6
1324,0.756946970166179,0.183778299475139,0.44591809865125,6
1347,0.759516080685504,0.184636586712109,0.452269984251126,6
1011,0.756746655485191,0.217878108043375,0.449390146376054,4
142,0.0561140857171267,0.725208023097366,0.366658700630069,0
875,0.763434897720505,0.217705686986207,0.443657306710983,4
715,0.635374033749104,0.286159536102787,0.740098097431473,3
983,0.761293140656153,0.212230634464529,0.444415895024098,4
913,0.753616837015878,0.216384814599372,0.458003052950937,4
632,0.634277676569764,0.331426358548924,0.792826177272946,3
704,0.633021878534928,0.435672187944874,0.48997927766759,3
182,0.823323754128069,0.268105143215507,0.0664966870099306,0
1046,0.757361847504997,0.254300808235732,0.447167919057666,5
937,0.776506024420356,0.220208776744379,0.437315850406841,4
980,0.75506651572883,0.224000879230103,0.441216415896037,4
467,0.69017240940826,0.293242655461654,0.609367503738031,2
894,0.754905037269269,0.210567396838594,0.456276701761652,4
1247,0.765194833945231,0.187698562190192,0.441545020925756,6
900,0.769824088424184,0.210585401076458,0.449853393269119,4
363,0.665865555324126,0.577518938458525,0.662873859354295,1
477,0.690531340769958,0.411983820260502,0.700273921317421,2
38,0.825781732797623,0.736128600779921,0.217203543521464,0
1242,0.766083980647443,0.193219896465231,0.445842056760391,6
1115,0.750927606645319,0.244619791703921,0.440769863574725,5
328,0.664078854322434,0.704749946133234,0.624729734915309,1
676,0.63926117767347,0.54837515600957,0.62116810278967,3
151,0.27090237964876,0.632446811534464,0.62538075633347,0
1171,0.759687915139164,0.24354252809438,0.4412507960465,5
1199,0.762656317312257,0.255797449886597,0.444130268974436,5
610,0.694496124100406,0.302634916035459,0.459811427583918,2
1097,0.759055203064578,0.248909905994852,0.444417571888236,5
1106,0.763223492879179,0.239843116888092,0.453626909670248,5
208,0.593053772812709,0.593355716438964,0.815795792732388,0
1381,0.769233530143024,0.186815092753721,0.452111158989129,6
533,0.692034368475434,0.331703285221011,0.74088390446268,2
564,0.692327532635536,0.561166675761342,0.644760314445011,2
749,0.636029320086818,0.301544471993111,0.657593260356225,3
904,0.76369475297001,0.218411296616805,0.445101031907257,4
551,0.696275945571251,0.289728444186039,0.462642294191755,2
719,0.633495681639761,0.411813769605942,0.690566268004477,3
532,0.694176186930854,0.671660133521073,0.752970470301807,2
173,0.112606057664379,0.192827576538548,0.998209124896675,0
993,0.764661247885764,0.2177181016164,0.442653402436268,4
93,0.176144020399079,0.51381129748188,0.442717370809987,0
1124,0.772431253983254,0.248427378268647,0.455706138378247,5
1382,0.759079042160767,0.187255228885977,0.445198761816004,6
641,0.635640296307392,0.451269761659205,0.360738075640984,3
1060,0.767922587685779,0.254668157939988,0.4427776013648,5
1152,0.768166823308076,0.254454067334887,0.445249378864856,5
915,0.765692944642635,0.215617071992047,0.447123802298682,4
1367,0.763190085190964,0.197434152103096,0.452622803750589,6
775,0.632374944407493,0.679570766631514,0.457878106227145,3
1148,0.759062290758333,0.254181529712987,0.453000859197285,5
1411,0.757613724928846,0.189137118651554,0.447185055304769,6
768,0.634769060600083,0.696843612007797,0.444747164682485,3
1121,0.760117610666862,0.250780731685915,0.43974861755347,5
640,0.6328293886967,0.62520402262453,0.638003171840683,3
1017,0.760337590669362,0.247866196869045,0.439961303311836,5
1230,0.759436721081842,0.184622211185989,0.44570180782864,6
1212,0.76469891295411,0.253709143640826,0.443944676692802,5
1201,0.76378503108033,0.249983478032949,0.442244478068666,5
176,0.730761246290058,0.366763589438051,0.875833532540128,0
734,0.634377693429124,0.53586721373722,0.788393232109956,3
1302,0.7658730992517,0.184299602717918,0.443876410750109,6
1210,0.765733523409336,0.245852128837485,0.433605534926152,5
1229,0.760588753786472,0.189280498188272,0.442655164111604,6
295,0.668445081459358,0.565671055344865,0.418686630507,1
555,0.697874297669623,0.438350236974657,0.431975383032113,2
1143,0.760273358225364,0.252999268012572,0.447321637949149,5
1083,0.766630512920421,0.256024942126785,0.454717828652367,5
1207,0.758618482927873,0.249902508097131,0.449653684932564,5
655,0.631488557101693,0.331276170560159,0.724690457060933,3
1111,0.758639084465983,0.248420440699218,0.445697169562587,5
61,0.666942782234401,0.329896071460098,0.26875436049886,0
162,0.393164202803746,0.595768048195168,0.139579254668206,0
1091,0.770223031520869,0.251295938978839,0.454709685402868,5
633,0.632398388551083,0.463039913447574,0.489771672477946,3
80,0.871791000245139,0.679092212114483,0.815218204632401,0
197,0.245216106530279,0.298954982543364,0.587247502291575,0
796,0.632080128197558,0.248135376372375,0.356564915925264,3
1007,0.75926244013012,0.217505619598534,0.437585784050236,4
1027,0.768423095148194,0.258551604465849,0.448699902255292,5
742,0.634673610716127,0.540692748385482,0.554742477438413,3
964,0.761559525281156,0.217017476747725,0.443620248802716,4
1184,0.766791737066115,0.247043405924651,0.443842961548634,5
315,0.668025173679926,0.697046909830533,0.393407366541214,1
372,0.663324577289168,0.257931273779832,0.40754915967118,1
10,0.199879168765619,0.487880482105538,0.336079450091347,0
585,0.690302585726604,0.534801756381057,0.706816781614907,2
118,0.666865710867569,0.00463742879219353,0.957557072630152,0
834,0.76828255093974,0.220521233212813,0.449231540046188,4
1080,0.767796647556958,0.259302649757532,0.434188674548621,5
1306,0.766142615532171,0.192205716744404,0.449706043578899,6
374,0.663491824511439,0.697560287662782,0.648792270408012,1
1185,0.761157070529705,0.253623207183513,0.443057693221158,5
446,0.691797826495022,0.442539745592512,0.363127004890703,2
706,0.633455420481041,0.363455663085915,0.632941556116566,3
1390,0.761897381619583,0.192019050945322,0.444431432900941,6
81,0.100112256361172,0.6777004301548,0.117502867942676,0
1173,0.760628523326109,0.243377556532546,0.444290931171803,5
557,0.694575175370556,0.560558502678759,0.660603931476362,2
862,0.7542375636284,0.218307020147712,0.445151227662928,4
998,0.762255176282362,0.224073773209978,0.439132646032115,4
1098,0.760066296228568,0.254064476031389,0.436412358752683,5
748,0.630731270096731,0.621125542675145,0.596378260478377,3
1164,0.771526999083014,0.244440321522997,0.447782307709048,5
718,0.632742411370855,0.536050940048881,0.71192568698898,3
559,0.698263517701999,0.331618434167467,0.63191999909468,2
167,0.00114537845365703,0.117670503910631,0.0668359308037907,0
1270,0.759852476200373,0.183077315526454,0.449689754731611,6
1266,0.758135927635673,0.181225448906191,0.440293818925687,6
615,0.631594638917595,0.723602461512201,0.638210160960443,3
952,0.758117881577009,0.225195841871534,0.445611250130759,4
955,0.759584987612219,0.214528707046748,0.444150357034358,4
1349,0.76947037278628,0.195772239037777,0.447052517435862,6
1029,0.766549846463171,0.248734299102611,0.452266285998039,5
263,0.66644443779951,0.452544872881845,0.319841795903631,1
769,0.634052161241416,0.362958966288716,0.371907921810634,3
809,0.634448213395663,0.347496395464987,0.543620082503185,3
1364,0.762430029544955,0.201231711157366,0.440321795531471,6
750,0.633550221126061,0.524668966769241,0.542526563117281,3
47,0.862068875692785,0.558740058680996,0.0689062217716128,0
209,0.0320272380486131,0.338969349628314,0.904943486209959,0
224,0.668465889552608,0.453258252236992,0.387839743355289,1
1334,0.767351174277096,0.190828939588137,0.45367094505466,6
792,0.63569755503675,0.253215550561436,0.494938601925969,3
653,0.634618645841256,0.438842621981166,0.675573485856876,3
922,0.76791044867526,0.225945056901003,0.449565629467014,4
59,0.413902947911993,0.379734565736726,0.0398413445800543,0
1015,0.760612117714795,0.24413339803902,0.447647552412577,5
1300,0.752208796709739,0.189220375877903,0.450259340116109,6
1400,0.762561788485551,0.190952609425483,0.440259003648787,6
808,0.634355077985674,0.648338191676885,0.622971669607796,3
789,0.632559156843927,0.723253254895099,0.732540825684555,3
990,0.768177017304483,0.225415286869456,0.450660450741037,4
1118,0.759150343688067,0.243424763828131,0.439183910410826,5
1057,0.762114655595204,0.249578964958512,0.443266626236052,5
317,0.668914908177685,0.361421162844636,0.422689552023076,1
1294,0.76004582767513,0.191175475513605,0.445133611968682,6
1196,0.769508050936239,0.254840181597472,0.446251335524671,5
157,0.249050808139145,0.929782107239589,0.887040849542245,0
283,0.666371389511041,0.485338766826317,0.443365071620792,1
1145,0.771835965753774,0.247755179106306,0.451878989376444,5
656,0.632528673016932,0.592450993135571,0.610211548348889,3
970,0.763396328142187,0.227946412284537,0.447099633961615,4
447,0.696872039355803,0.600025736377575,0.677122884034179,2
774,0.635665781414136,0.688148202258162,0.584202067181468,3
1067,0.767337573926318,0.239857308620869,0.444363452440592,5
1200,0.762616173657962,0.251881159553862,0.440526475695892,5
239,0.664730959874578,0.582340731751174,0.432965536555275,1
654,0.631471981478389,0.445524835842662,0.751666518230923,3
1267,0.759372323634484,0.19383682843191,0.451171254132816,6
161,0.428834705613554,0.297335004899651,0.629998250631616,0
297,0.659543997964356,0.2695198970614,0.664455119124614,1
1404,0.762318226739898,0.187371948878861,0.447242043968009,6
663,0.636231796038337,0.617576088523492,0.794016911834478,3
1075,0.755496998387783,0.249519100310806,0.442763141873564,5
499,0.692477379336488,0.382818880258128,0.417918852600269,2
376,0.659774686919991,0.694116782629862,0.785533511033282,1
101,0.280861724633723,0.732551093911752,0.700373691041023,0
96,0.428228588076308,0.609817110234872,0.201059807557613,0
1221,0.760527061199547,0.197869536866399,0.444865023406635,6
255,0.663327630073764,0.556837983895093,0.498087901575491,1
304,0.666055070806761,0.505566148669459,0.358926665456966,1
994,0.766812282165627,0.23448861115003,0.45119305261965,4
607,0.693368739767466,0.508377435035072,0.694032370299101,2
100,0.946408960968256,0.260906202252954,0.443964362610132,0
1031,0.760816176072801,0.250034981158582,0.452778464412083,5
516,0.698559661442414,0.637126375338994,0.351503955270164,2
381,0.667210508314893,0.452821127255447,0.564620771282353,1
644,0.633037272363436,0.507222868385725,0.66181963456329,3
1073,0.763600399304206,0.24954448299717,0.4546505431864,5
211,0.638871890725568,0.40196089213714,0.45250660344027,3
228,0.662486923865508,0.558031715918332,0.580449373647571,1
1155,0.76492114271314,0.248998372528849,0.447178529053298,5
213,0.668753681250382,0.23282988218125,0.538120940863155,1
896,0.761765683744567,0.215114093873883,0.445400909614228,4
967,0.754362443337841,0.223342373948331,0.442960121107218,4
1047,0.751115166312367,0.245594683237592,0.441844109287434,5
86,0.471576876472682,0.582442162092775,0.0190205322578549,0
410,0.668162792667281,0.723492811783217,0.342127229855396,1
203,0.492610772373155,0.161617129575461,0.120467482600361,0
988,0.757231981680463,0.215484589860228,0.447619066586944,4
153,0.247225748607889,0.977993891341612,0.927433251868933,0
159,0.498738193651661,0.855180254904553,0.789729777723551,0
1206,0.762406382677751,0.242763269658261,0.447923481865697,5
1023,0.762562521346891,0.246126893638402,0.447834814940151,5
548,0.694733048281633,0.442645930335857,0.405144265922718,2
688,0.63130174346501,0.455499524483457,0.59040471627377,3
989,0.764699136910339,0.219557022541927,0.452109475556593,4
912,0.763620813638902,0.224920096366988,0.448341373444146,4
927,0.766548253666752,0.221877513090855,0.44731892291593,4
276,0.664712298724335,0.387642453075387,0.31470642152708,1
1156,0.753074034741337,0.251917361751767,0.451103702587215,5
312,0.66686658679042,0.571531019289978,0.448286817013286,1
1290,0.763052851170083,0.187505415656162,0.441317696500059,6
1222,0.754660624248555,0.184490964882438,0.446460584226066,6
778,0.633588939113543,0.555361609673128,0.467073444346897,3
821,0.761381972375604,0.227021770117255,0.436814956064866,4
289,0.661183618661016,0.277012815349735,0.70276069950778,1
112,0.0119889394845814,0.305184645578265,0.541204446228221,0
560,0.689838123894297,0.270880337571725,0.786006400315091,2
1037,0.758502989649953,0.250384788188748,0.440299748856363,5
1282,0.763030947866894,0.191506611173664,0.438200128761888,6
1177,0.762141531595892,0.252646408927126,0.452629581604891,5
1128,0.772451565555343,0.258721749704125,0.447282979228235,5
43,0.497203673701733,0.476103220367804,0.103553821565583,0
818,0.752582270343681,0.217221571724894,0.451489177335276,4
535,0.697532547325827,0.25295323098544,0.70182076219935,2
1336,0.770460570412886,0.192826801751937,0.444159079150368,6
986,0.765742334542002,0.218785422278615,0.445051534136775,4
1020,0.76157283368765,0.256700636406691,0.45316136821711,5
620,0.631761685477104,0.719706205651164,0.358326895232312,3
741,0.636676194448956,0.459430410526693,0.787602258101106,3
664,0.630599483372644,0.304465920431539,0.708513686386868,3
1299,0.754560727148839,0.180454003458956,0.454769722933124,6
321,0.667918040922377,0.432172230444849,0.399289485719055,1
1009,0.754952688130158,0.215360574559595,0.442956710315923,4
484,0.695487759874668,0.572069719666615,0.531830493314192,2
1375,0.761245919288905,0.190553782978249,0.443626869485769,6
1314,0.758824132081334,0.190275460521681,0.449853465760776,6
1142,0.767020596446695,0.252836478179584,0.442542482372736,5
888,0.760373815715476,0.238877343780883,0.447742781945108,4
401,0.665506017580629,0.647419865010306,0.43969706161879,1
685,0.629943288189825,0.313844312098809,0.462682999158278,3
3,0.172160485992208,0.22743083932437,0.618040947709233,0
595,0.696487214583904,0.701800594804808,0.56671745989006,2
667,0.636568504918832,0.431552082765847,0.621903811534867,3
590,0.693212775317952,0.619921903358772,0.51181919972878,2
1265,0.768109676833776,0.185168532214869,0.44554241486619,6
488,0.691467248718254,0.473600839497522,0.495877507328987,2
84,0.997243934776634,0.293999709421769,0.273429215187207,0
468,0.691890286726412,0.565808470360935,0.526281953509897,2
205,0.0959298084490001,0.344743409426883,0.45813689334318,0
1363,0.76200728163096,0.198003300898545,0.45061084610645,6
531,0.690859660112765,0.313857641303912,0.701407886180095,2
1081,0.754881123293243,0.255166520345523,0.447835273046974,5
