1261,0.734615184717413,0.653531152554812,0.405940497823632,6
822,0.733883264389908,0.67672150255105,0.398236377787831,4
559,0.315838337568566,0.173811819334515,0.248703055130318,3
903,0.732682884496812,0.676564242565642,0.405122248292366,4
251,0.343347718426958,0.540513178962283,0.302896174765192,1
1240,0.726624027814768,0.648522428885405,0.405738223791125,6
305,0.340436772881076,0.145210671052337,0.471185145247728,1
905,0.739130498837749,0.688124536690378,0.405700712379074,4
836,0.742005107602384,0.676235883061617,0.40249124750068,4
1187,0.730622020223328,0.653095637548375,0.40985850750463,6
833,0.735058921403997,0.686944830981602,0.406637168628891,4
819,0.736313484073658,0.678495636940013,0.40259277986654,4
496,0.368166542013641,0.483588747959584,0.261939765932038,2
739,0.727324324005145,0.672346992488055,0.404179679926693,4
13,0.307550046592951,0.722760429605842,0.804545462597162,0
987,0.726990243808347,0.713389818481168,0.411044700834679,5
306,0.343191975869704,0.303074997779913,0.443799865129404,1
685,0.307933254214004,0.299485426791944,0.716326143988408,3
275,0.338689821073785,0.600356424390338,0.466248514060862,1
1182,0.735234519659523,0.648665302061324,0.405520876586666,6
254,0.346736959123518,0.502104173926637,0.304284570785239,1
182,0.339134678102564,0.340946965082549,0.532918517873623,1
214,0.346030860361643,0.349411411606707,0.406799510517158,1
42,0.303128114202991,0.0223998846486211,0.952301590936258,0
337,0.376642533098347,0.57470218539238,0.694452639250085,2
902,0.727771852923527,0.680998666200015,0.404790435269114,4
991,0.728279793373571,0.696214590915218,0.398419490246122,5
900,0.735059075706268,0.678898834168307,0.419691752472638,4
635,0.310590292077977,0.519834943511523,0.579613232216798,3
81,0.857977050356567,0.144329140894115,0.088978918036446,0
312,0.337678847769275,0.23415674273856,0.271618366986513,1
694,0.310522289059591,0.309681567642838,0.305579836992547,3
713,0.315222338992171,0.157030353834853,0.628978209733032,3
1203,0.732911880623293,0.647618416480467,0.404373143496534,6
1190,0.733068312925038,0.651309402536609,0.400282584891828,6
493,0.375611383577343,0.239703493122943,0.393521058186889,2
556,0.313757384405471,0.502772281924263,0.473123556980863,3
82,0.726049418561161,0.162322626914829,0.437885844614357,0
644,0.308126782749314,0.382376714074053,0.669464220688678,3
777,0.734778595491958,0.685701926920026,0.402850286146405,4
244,0.344951647208072,0.337107516638935,0.498477507545613,1
252,0.337419544516597,0.275093847233802,0.607524881418794,1
837,0.737383229820815,0.681748614563723,0.417547277727223,4
475,0.371659022627864,0.430902234558016,0.452797530498356,2
1277,0.733840284923841,0.665162976294559,0.404687658898878,6
634,0.314111513586249,0.206116108619608,0.585232288856059,3
670,0.31147268097382,0.344866404123604,0.363415556075051,3
418,0.372258801935241,0.509612466953695,0.657777496194467,2
785,0.733880386316994,0.686783322170753,0.400583907745221,4
1054,0.733712083281898,0.70978273104033,0.399838189168233,5
1080,0.725769307300299,0.703058518774646,0.404811545553939,5
667,0.316378000164405,0.637528454931453,0.473812950472348,3
590,0.310188338395674,0.530910102697089,0.665402899775654,3
348,0.369414854515344,0.382773883454502,0.59711140061263,2
995,0.738937103905325,0.709824737662641,0.40758706208235,5
721,0.313417545168195,0.463248060597107,0.727549237012863,3
1072,0.736636746838397,0.705386903784759,0.396881396875342,5
157,0.339166873001959,0.254074408719316,0.428769520763308,1
1155,0.741949088539784,0.647434854109867,0.402516732612997,6
921,0.730130249845364,0.677398633811993,0.402437944836967,4
84,0.705656277481467,0.830063035711646,0.837285221554339,0
1302,0.725348468830553,0.648971104679592,0.394609058356159,6
955,0.722355532056623,0.708058821634436,0.399894270807085,5
866,0.72653036899293,0.68314910019089,0.409791304252566,4
746,0.732237431121152,0.682047928831584,0.412783933515446,4
6,0.138013321440667,0.0714756292290986,0.195124489953741,0
382,0.370754598733038,0.37686822952237,0.348381445207633,2
1064,0.728118707951631,0.718704962797528,0.398029505991841,5
1000,0.731622395604232,0.71055838154918,0.411398597270593,5
380,0.376527481582016,0.511154733295552,0.499422428011894,2
526,0.368950991977472,0.27447882508859,0.658702724194154,2
827,0.734050709948878,0.682877761055651,0.407118866766549,4
1209,0.730211539129154,0.650908230975122,0.409247654487103,6
861,0.732302550718012,0.683483543953085,0.392863691065394,4
1121,0.738685881832978,0.716833999295339,0.414744309983359,5
1243,0.733116867019939,0.649900274464934,0.402224233078521,6
912,0.743802165415044,0.676492362363212,0.401500295745235,4
20,0.950522046303377,0.201396573567763,0.103415101068094,0
599,0.312164337947033,0.304116650531069,0.621081239706837,3
196,0.340056034200825,0.581813046638854,0.368355313478969,1
779,0.732035742962672,0.680553838075689,0.410010593973893,4
1031,0.736554172737392,0.712110184399634,0.409562302984603,5
1018,0.733243317423427,0.707299566000114,0.409128668221375,5
549,0.309007197348401,0.14857747585047,0.718569845589809,3
339,0.37415284256218,0.193797263246961,0.554297976242378,2
969,0.734005837446421,0.712798925818112,0.405181350304979,5
1297,0.737054011033976,0.644006197473706,0.40767861787514,6
326,0.340280597365927,0.548855969146825,0.258990683057346,1
859,0.72764301961616,0.671200016468865,0.397118362002324,4
1017,0.723118232605147,0.705937049314712,0.414163358573846,5
1042,0.727278779709681,0.71115304445472,0.40402787144088,5
1125,0.740178543548049,0.706693021959382,0.401566884341495,5
743,0.729914619971815,0.679090133385669,0.409677222684938,4
259,0.340564265144058,0.180639445362613,0.554395300266333,1
934,0.730212613903171,0.709537546989796,0.409671108194274,5
600,0.310620589712635,0.569597032899037,0.434314126544632,3
655,0.312691736295819,0.456280230474658,0.355661955475807,3
506,0.373567942529917,0.438686578231864,0.691011518985033,2
622,0.307380270813592,0.3805863189511,0.405795564805158,3
860,0.728303090376448,0.678493481069361,0.40607464168146,4
257,0.339608684829436,0.503438087925315,0.254487432003953,1
98,0.498443186515942,0.960820717969909,0.216252787970006,0
536,0.315129786722828,0.507259673019871,0.665944967465475,3
712,0.31493539059069,0.211462500668131,0.464853469561786,3
564,0.307765986919403,0.374022452905774,0.381188933667727,3
727,0.309576798938215,0.504694818449207,0.242356118443422,3
1112,0.733198709042448,0.706071836050959,0.402978476242403,5
455,0.376062455652282,0.24343929362949,0.408244042587467,2
190,0.346428330347408,0.609643233637326,0.332853827439249,1
5,0.308845037128776,0.440768254455179,0.760278063127771,0
399,0.375786396560725,0.370041090925224,0.373601200454868,2
131,0.420027937740088,0.103575839661062,0.708708576625213,0
434,0.369808504164685,0.215333959599957,0.634919699560851,2
982,0.740258652480312,0.714496923006177,0.409582219900141,5
1066,0.728645201254925,0.706394837952852,0.399460187178927,5
404,0.369527670848183,0.639777944120579,0.640884607844055,2
899,0.72001459122566,0.694227541924383,0.407785945128003,4
10,0.211288101971149,0.290544579504058,0.888864377746359,0
630,0.310957808264066,0.329624807275832,0.448392591718584,3
700,0.315184072670527,0.244039676431567,0.592315481323749,3
470,0.371668313536793,0.208130824542604,0.693593297898769,2
935,0.727952785248397,0.714069839952684,0.409262173202805,5
288,0.345944586177357,0.319213780504651,0.722848911699839,1
428,0.372380100900773,0.611975953611545,0.281547380774282,2
23,0.0821972205303609,0.38021224620752,0.522084543481469,0
350,0.36846744725015,0.30602857475169,0.641820242325775,2
801,0.741193056723335,0.687172455575097,0.404036760840487,4
998,0.732635414608965,0.706906356482504,0.417037588325175,5
910,0.734925199461115,0.675491143293652,0.40176154367062,4
213,0.346330340506975,0.284594647865743,0.253802553331479,1
53,0.76534742442891,0.719833268085495,0.260960628045723,0
189,0.343907041233033,0.565530047100037,0.255347823654302,1
202,0.338416645238176,0.396783627849072,0.383293619425967,1
304,0.339184432541952,0.187456081900746,0.271362832095474,1
234,0.343642942826264,0.230488005955704,0.404157357336953,1
237,0.340643808238674,0.595429552067071,0.495615724637173,1
747,0.722827414835455,0.683635531875358,0.399395432147929,4
1244,0.72770079101592,0.653763474085768,0.402296219236155,6
753,0.72646108455268,0.681779475436661,0.399324634651927,4
618,0.311466762186028,0.30216309549287,0.38814434891101,3
485,0.372767866759095,0.224796482524835,0.350774872163311,2
641,0.316035563247278,0.283153031067923,0.536163244443014,3
514,0.370631037694402,0.186564347171225,0.473135516676121,2
798,0.73303174259704,0.680092215968891,0.398663205953181,4
992,0.732864462292247,0.714068633352035,0.406198063931902,5
1195,0.731531973364757,0.648609581483748,0.413707109863969,6
401,0.374165765242651,0.620936057111248,0.309330631792545,2
413,0.368535510890652,0.14861634040717,0.517782877245918,2
1057,0.739635989115523,0.711663862981164,0.409674205956557,5
678,0.30998900702456,0.171630652667955,0.352156012831256,3
467,0.375562239643186,0.610598849412054,0.26480074103456,2
565,0.313130724907387,0.55180304851383,0.469335683784448,3
1225,0.729731776607705,0.655736367986351,0.405009702115842,6
230,0.34469885252649,0.508659723959863,0.341134317964315,1
363,0.37179987820331,0.434587570186704,0.490179581614211,2
1250,0.744180797218319,0.648979901660763,0.406607932007144,6
161,0.344278940882068,0.179213504237123,0.441415863623843,1
271,0.346560042332858,0.448940336168744,0.596703220088966,1
217,0.339401129037142,0.617778234696016,0.396837086929008,1
474,0.368937360679265,0.239181171217933,0.464776410069317,2
696,0.313067788772751,0.171619664574973,0.276606392860413,3
1172,0.737418618558098,0.652523297958367,0.398128008756933,6
799,0.726833968375735,0.677808030418136,0.40608132120427,4
1306,0.73277837596001,0.655627614030538,0.40729671232038,6
1333,0.73069104516495,0.649011120536778,0.409785013214785,6
429,0.374940377299208,0.573680127435364,0.377408680669032,2
1083,0.734594231323934,0.70598456759778,0.399452370841417,5
452,0.367924170359038,0.331142435013317,0.300504590664059,2
1217,0.73433722407324,0.650140706399272,0.401694191245552,6
772,0.728060092113153,0.683632904399421,0.413284748553459,4
368,0.376754342345521,0.178069765493274,0.54531220421195,2
285,0.345895372696687,0.538625605683774,0.474071658495814,1
1032,0.724552497222967,0.703618829073468,0.399806462173078,5
699,0.314892779304646,0.503316982928664,0.361998476833105,3
1272,0.721457957535496,0.650127163973221,0.405828956786821,6
1040,0.724954231933263,0.714430752737732,0.407789819598547,5
359,0.37507942782715,0.549779484909959,0.696795716346242,2
1043,0.73020000225636,0.71687537381189,0.398689185145362,5
750,0.739474073115572,0.685420574273978,0.401678093922618,4
1113,0.733136014720119,0.709129302158682,0.404573393285493,5
272,0.338171679084189,0.517824499914423,0.472810963797383,1
1332,0.726029850793743,0.647342099136584,0.401665398609409,6
508,0.376982135020662,0.631938786990941,0.618802736443468,2
511,0.375094949498307,0.352209336869419,0.399487831443548,2
361,0.368993741744198,0.430811359593645,0.608812008448877,2
369,0.367311642756686,0.301270389161073,0.34785231067799,2
1122,0.725776069941035,0.712440970358197,0.399855254491554,5
1029,0.728089543066399,0.712612096756621,0.408276525280352,5
303,0.340460696592927,0.5788257825654,0.680609055608511,1
725,0.316059225567151,0.418211930477992,0.527011677320115,3
476,0.36991205292521,0.629328724509105,0.246171866124496,2
637,0.308106036309619,0.635803148546256,0.62376398248598,3
557,0.312169863791205,0.544775206409395,0.721301502827555,3
567,0.310111075965688,0.175887915818021,0.679618565179408,3
551,0.310737559937406,0.590229954733513,0.491036981041543,3
584,0.310898958689068,0.289053633739241,0.250940250162967,3
510,0.369087691612076,0.52072462211363,0.507026839349419,2
76,0.369940645992756,0.111806300468743,0.454681443748996,0
25,0.264565889257938,0.577497508376837,0.294254906941205,0
1275,0.73163592046805,0.651033841766446,0.399222233081143,6
26,0.16047074762173,0.625057611148804,0.96418363135308,0
854,0.739777586465343,0.68197575158918,0.401598226991375,4
970,0.737802789450861,0.710938747943014,0.404172025518889,5
769,0.739764082153762,0.681380383281836,0.403572293723262,4
426,0.37248835579725,0.526781132724136,0.678438853868283,2
1213,0.735487996692753,0.649047567440304,0.408087820980383,6
583,0.315578377975617,0.209695547749288,0.713084976235405,3
535,0.310665242113173,0.218584946985357,0.283113646600396,3
1299,0.732425726270969,0.648578331562623,0.401618151521564,6
656,0.309595999389421,0.378473912412301,0.2970478663221,3
1238,0.736691707387397,0.648277956055524,0.402309793330502,6
128,0.587784828385338,0.586040311027318,0.692860831739381,0
1315,0.726948480464951,0.651657394112276,0.4114521616293,6
289,0.34151637733914,0.171400688402355,0.341992697841488,1
1214,0.735946532126203,0.651588756195442,0.406195598246347,6
504,0.37235345088644,0.296151673817076,0.611042414023541,2
90,0.668995370622724,0.436501004965976,0.779171001166105,0
61,0.63132676621899,0.635560562834144,0.684639618499205,0
302,0.344130782224238,0.196774889179505,0.642134754383005,1
920,0.72133954873711,0.687185834859576,0.396793251857452,4
625,0.312692677490413,0.559915824607015,0.591431178781204,3
96,0.880838124779984,0.938410972943529,0.143011126900092,0
103,0.591931199189276,0.962631082395092,0.720337925711647,0
745,0.729025274881701,0.676665711389169,0.416995041786736,4
27,0.368164440616965,0.534366734093055,0.979387709638104,0
1205,0.734949483748265,0.65099317121266,0.405061607647507,6
607,0.307769903826993,0.269261948461644,0.352341933571734,3
1325,0.729518856147335,0.64912496823809,0.406261321978189,6
136,0.337457350746263,0.498883086186834,0.244919084524736,1
1262,0.726010683513018,0.656688402851872,0.412373517228739,6
579,0.317196926439647,0.566329601383768,0.333928700583056,3
175,0.342308924305253,0.259110761270858,0.674530221312307,1
7,0.317894415464252,0.0929698417894542,0.690364310750738,0
395,0.368578832566272,0.538760830578394,0.284372617886402,2
1197,0.743729146164298,0.655015573798918,0.406266387949078,6
1314,0.729191691848489,0.648905308377797,0.406241119698654,6
423,0.373995052552782,0.60310769318603,0.68852436686866,2
218,0.346705165333115,0.306706081540324,0.575625255634077,1
901,0.74272227889604,0.680282034906627,0.402241946714517,4
1084,0.738942464240513,0.715984365306116,0.406372383749271,5
1169,0.740757944029863,0.652470040165815,0.405034256122405,6
1215,0.734926706830115,0.649216148604355,0.409028093543126,6
79,0.488197278697044,0.834697478916496,0.394361940212548,0
527,0.373805061087478,0.465935696312226,0.295573504106142,2
1007,0.737042534957472,0.710923713010342,0.40474673737256,5
456,0.37659008061979,0.203634584601969,0.466448033624329,2
367,0.368615761208348,0.549266525474377,0.456368946866132,2
960,0.728403951939946,0.71522114022728,0.408509963880597,5
9,0.917802064912394,0.4062736898195,0.870097426697612,0
1185,0.732983101329735,0.6447290700022,0.400755389357581,6
759,0.734521252767271,0.672885391919792,0.401643914736943,4
808,0.727896640683183,0.685640852477643,0.406577168518767,4
223,0.345053844575305,0.44518663471099,0.666559333493933,1
815,0.731843729665266,0.681718757088029,0.408051510922067,4
1048,0.736430518317384,0.703665815312468,0.403043537424277,5
676,0.309629083746113,0.570548839098774,0.287933577364311,3
147,0.342537089353427,0.305304191121832,0.464511636923999,1
671,0.315246109429281,0.197226965846494,0.560190398409031,3
1247,0.733893457049216,0.658541627801302,0.40609097105858,6
1079,0.723448264159617,0.708700112386539,0.406536185726446,5
444,0.374721232519951,0.501384444464929,0.574506462016143,2
258,0.338265705709346,0.354320560861379,0.320842305594124,1
292,0.340496525212657,0.343026308622211,0.474097491288558,1
457,0.375338083633687,0.226345140067861,0.435913676558994,2
117,0.323407951043919,0.63860728032887,0.603265359997749,0
847,0.734630055809197,0.684915738972741,0.401244415532101,4
1293,0.731332402004981,0.649536897526222,0.403661020707112,6
923,0.734149124011656,0.680666748246531,0.403402052778751,4
321,0.344536352020223,0.449117060215212,0.655102325766347,1
1223,0.720403721594438,0.639836146029972,0.39707417935163,6
843,0.732090081644091,0.683369391639066,0.386149196594554,4
446,0.374479181950446,0.583612788747996,0.645303888176568,2
420,0.367805520710535,0.586057295138016,0.459109229547903,2
892,0.72673141216631,0.676132943240139,0.407109281670357,4
591,0.307891052984633,0.497092448570766,0.526912024174817,3
598,0.313308145683259,0.523376617860049,0.312434672540985,3
1295,0.731745038637277,0.657650238365261,0.403962914956806,6
430,0.373695509389509,0.172539221867919,0.602973395306617,2
1065,0.740211880016586,0.712489704046846,0.409299636955882,5
1145,0.738701562378808,0.647183311165451,0.403349640080874,6
1316,0.737099068774168,0.646760391619711,0.404432879709786,6
120,0.194426531903446,0.870494693983346,0.291794620687142,0
989,0.73404602833554,0.71688787747755,0.412204849820399,5
311,0.34712989500491,0.408242244436406,0.666499000554904,1
112,0.447311727562919,0.402074401732534,0.850287198787555,0
930,0.733475886015318,0.678883611455431,0.401501384288982,4
1279,0.725608894504518,0.657962689543941,0.388049297590776,6
388,0.375535547845066,0.537020398117602,0.341906664823182,2
417,0.373210830753669,0.424243777687661,0.6086800677469,2
153,0.340393202251289,0.381605499587022,0.512647292157635,1
356,0.375374202684034,0.19485502706375,0.457631001411937,2
616,0.311195166890975,0.234628298832104,0.527541776816361,3
1074,0.727778231478568,0.714322289016333,0.410972784486359,5
1118,0.735860925035341,0.70796864418816,0.406940678605538,5
489,0.370881848107092,0.283641355391592,0.715151500352658,2
1321,0.729436079318647,0.634921162129971,0.405759356753837,6
1180,0.730573802996588,0.645302743285063,0.404300663462881,6
109,0.874703663168475,0.572400963865221,0.212876847013831,0
1148,0.738076446462712,0.642317329013557,0.402571241005811,6
21,0.527819612296298,0.794128755107522,0.221886593848467,0
675,0.307430776515976,0.343216284690425,0.338770757126622,3
1098,0.724452602656698,0.723787245886459,0.406481590124194,5
849,0.73482309856871,0.677170174054504,0.401145548313872,4
1092,0.726806439172254,0.717294054450621,0.395077217878212,5
316,0.346775192057248,0.183909408096224,0.482973413006403,1
3,0.82157904910855,0.554516536183655,0.954921431373805,0
933,0.732051401202686,0.686558490742565,0.395975577037169,4
886,0.734991656329114,0.68020611977412,0.407266695102195,4
163,0.34485188319115,0.1520883790683,0.718758739810437,1
1026,0.738320226479285,0.708658006635004,0.402074838569669,5
393,0.373272391085047,0.250343610462733,0.535362302837893,2
904,0.728288678496215,0.674806190221273,0.402292662983709,4
1319,0.721437054164854,0.652457476120571,0.404749372832186,6
347,0.374684410532936,0.430569619568996,0.526369733316824,2
919,0.724899737280366,0.693018220622606,0.399379849901733,4
858,0.732943888103566,0.6780979766988,0.397625753945702,4
106,0.509436561260372,0.265725477132946,0.347766353283077,0
320,0.338661662328523,0.460156272910535,0.61567582427524,1
1292,0.732263159576661,0.657299972812272,0.409359507229157,6
372,0.368069483805448,0.372638773568906,0.260587982879952,2
853,0.730453825038698,0.676348789199101,0.395909942811209,4
586,0.313197651833762,0.549400341045111,0.289538196334615,3
1101,0.73070659733431,0.70948062794101,0.397569980783417,5
548,0.30866846987512,0.220521244849078,0.554265426052734,3
605,0.317121895491146,0.229856925015338,0.320171557064168,3
37,0.253881740616634,0.662977021653205,0.88061164598912,0
1289,0.726183928934221,0.64640531163167,0.406912720407576,6
1028,0.727250757515182,0.711704712438687,0.414138794422667,5
279,0.341177130765282,0.515494889044203,0.547566226497293,1
432,0.37005147686461,0.564073347533122,0.307026999699883,2
1161,0.733475167028426,0.641900469491858,0.395989631066585,6
345,0.37150580918882,0.275761354411952,0.573159003327601,2
883,0.739090585703355,0.673218183078057,0.403472337338997,4
65,0.569582022726536,0.263752156635746,0.062311444664374,0
178,0.345050133350305,0.508907807688229,0.703165972069837,1
144,0.338224410293624,0.159332682308741,0.571731147752144,1
546,0.308597997722682,0.164177448302507,0.522162741795182,3
835,0.736277717743852,0.679209022009711,0.401142449994785,4
1236,0.72940979216138,0.641070630698546,0.402339926426065,6
537,0.311712941669393,0.61912291594781,0.390723958192393,3
761,0.736137522724657,0.692701569312222,0.406646817019823,4
623,0.312664462786634,0.411485200910829,0.665081293485127,3
1173,0.72517842441989,0.657304463287282,0.408334640422282,6
191,0.342453025847208,0.416019324725494,0.580164357833564,1
730,0.309917711755261,0.169287555431947,0.729729610891081,3
823,0.73880386296493,0.673325364965285,0.389650134779635,4
240,0.345505751415622,0.434398392494768,0.573700143303722,1
942,0.738763403298347,0.713679855363583,0.402838291558897,5
335,0.375360122113489,0.264606654923409,0.686203892738558,2
805,0.7288244644933,0.677452311810467,0.415980370410754,4
374,0.374621894771699,0.385250320238993,0.526868823496625,2
282,0.338140983772464,0.500280396128073,0.623808853956871,1
710,0.31144990412984,0.184991259872913,0.300954627036117,3
994,0.72510764946644,0.706882942246552,0.400597841947245,5
398,0.372333421932999,0.437800568342209,0.722328787250444,2
1132,0.736065417237081,0.707038323910218,0.40858362707028,5
152,0.343889703438617,0.48792343614623,0.576438371371478,1
387,0.373648574345279,0.644814172806218,0.448066974338144,2
438,0.371523743981961,0.618517263256945,0.493916521244682,2
1041,0.721837143136719,0.717733281284317,0.398802921390115,5
531,0.374950110712089,0.432515940908343,0.24319337871857,2
472,0.373533348620404,0.595637575886212,0.72714491460938,2
603,0.313390780356713,0.34943681540899,0.259544295188971,3
840,0.729855052392366,0.674577864685552,0.405747075928059,4
1135,0.741437166264016,0.643505005816377,0.402244127416084,6
834,0.724970379002905,0.681497487882135,0.410937667472717,4
552,0.30947440803051,0.391002231324092,0.486678283126094,3
636,0.316511837723665,0.336016670963727,0.459912927402183,3
1207,0.736420375326559,0.655464910875956,0.402367954107412,6
333,0.340478068825323,0.235304545657709,0.308351926202886,1
1162,0.725155791464517,0.644250467260194,0.40479140666871,6
1105,0.738364418211704,0.707277889150488,0.411044216936003,5
1116,0.738402195203673,0.713376113602798,0.405931114743301,5
269,0.340647993471939,0.594644747604616,0.736169250030071,1
728,0.317280882457271,0.298034537397325,0.715342431608588,3
530,0.375127412136644,0.493599073425867,0.276541113434359,2
871,0.72919670225035,0.684182627578757,0.409925603966696,4
1095,0.72853026005551,0.707255837159855,0.402975456755884,5
898,0.731825240959057,0.686402440552914,0.401113183555586,4
293,0.341906784819439,0.319595036841929,0.401965990825556,1
72,0.966563672060147,0.630177489016205,0.80655956082046,0
460,0.373032956086099,0.43125437181443,0.593522000638768,2
653,0.314980829742272,0.477742750826292,0.371943797846325,3
4,0.659680851502344,0.421096348203719,0.119329654378816,0
677,0.315722009129822,0.167013712623157,0.314552105776966,3
961,0.73341542298492,0.714379548967943,0.398732282273587,5
1330,0.731593348753536,0.65101967721593,0.40144300796074,6
469,0.370806277629454,0.55240422131028,0.645072060916573,2
73,0.408691919641569,0.631992672104388,0.125600219937041,0
846,0.737402204027725,0.686559941218295,0.407943220630261,4
1235,0.734543687398229,0.656388790178118,0.412573036460542,6
1106,0.734516647701972,0.711233284136738,0.401017924788541,5
137,0.338112251386046,0.454348819260486,0.698619048157707,1
110,0.241071007214487,0.792792115127668,0.0323939344380051,0
807,0.723276984544229,0.676010141699392,0.408005450674753,4
776,0.737298922673221,0.673968078226333,0.401448891607704,4
532,0.367745073032565,0.44835729575716,0.366616032249294,2
581,0.311446235449985,0.515222598961555,0.27317126961425,3
611,0.314885528974701,0.17850019892212,0.609862061613239,3
19,0.0551914479583502,0.309293283848092,0.0109132241923362,0
177,0.339491700169165,0.296571284811944,0.471477161673829,1
1086,0.728123035606208,0.709920043518549,0.403946515868153,5
281,0.345072950702161,0.614892661152408,0.494678311096504,1
851,0.735396852685646,0.679716611224109,0.41194723303899,4
1004,0.729313110290446,0.720189092024835,0.406661243838473,5
543,0.307892872653902,0.575177977373824,0.452456799265929,3
1085,0.732369988920786,0.701903136660286,0.403953597791883,5
33,0.308911892585456,0.283223010599613,0.645040145609528,3
1291,0.735012622340333,0.645599066429996,0.41655930011789,6
1141,0.732445673072169,0.652963201834073,0.402814134187018,6
1286,0.737471370039963,0.658696265709356,0.403317154831371,6
91,0.651479095220566,0.692575681721792,0.691789592150599,0
936,0.731682789178051,0.712479708084063,0.40180469912989,5
139,0.346422330264468,0.264318020013161,0.294705319148488,1
744,0.730857573353534,0.672876196794112,0.411315795712019,4
1103,0.73537541812919,0.712247838688426,0.410918021315838,5
124,0.473106561461464,0.955785513157025,0.283503813203424,0
811,0.724118353575591,0.686114506156492,0.397027376883853,4
659,0.308924335811753,0.468905192730017,0.44693720031064,3
668,0.30743688828079,0.215062046935782,0.452837291918695,3
869,0.726353630608343,0.676001748366458,0.398045238136289,4
1003,0.737756155973882,0.707628571604055,0.412528075194035,5
77,0.827598408563063,0.150652330135927,0.152073911391199,0
939,0.736596902824401,0.711626427309051,0.407498184544655,5
225,0.346210760280956,0.520754542015493,0.648128293966875,1
365,0.370377560583875,0.254704048903659,0.62037479870487,2
145,0.344851972144097,0.365150877437554,0.349179512169212,1
516,0.370992357851937,0.421470307209529,0.557908231089823,2
988,0.734128537813719,0.718075470550654,0.406725947513568,5
1144,0.733645521809259,0.652835404594098,0.39584152005271,6
609,0.313010869231075,0.411863434640691,0.476643476216123,3
722,0.312441299690399,0.32423158949241,0.558859392814338,3
425,0.370455492075998,0.426199760683812,0.290233707102016,2
164,0.34483755084686,0.301286670076661,0.671081877010875,1
624,0.313437515534461,0.324055403284729,0.478209373587743,3
314,0.338779678218998,0.557612925581634,0.549312546895817,1
882,0.72261785106609,0.685136967962681,0.39819397010774,4
487,0.374206868070178,0.39938887481112,0.356950423144735,2
1067,0.731735634626622,0.709544373788525,0.397812506255737,5
198,0.343587964246981,0.413834895985201,0.715579486964271,1
953,0.730517953130261,0.724246536900675,0.407121546414126,5
949,0.728396807047609,0.712646933944849,0.396241759221606,5
756,0.736350208964453,0.674678281710328,0.411256672312555,4
1294,0.72561494409525,0.639806232937041,0.404670955303568,6
587,0.316829175699968,0.383923086151481,0.710142920655198,3
524,0.371924935670104,0.159426777204499,0.556434386223555,2
1152,0.724483937808673,0.646137427770375,0.411054706796905,6
78,0.890722728567198,0.911178614711389,0.900675716809928,0
844,0.735521897164354,0.681449358116776,0.40455082599742,4
1204,0.726950534703684,0.647458633485236,0.399785074132764,6
403,0.370667632648256,0.221714009111747,0.588783457223326,2
701,0.316998321313877,0.274584865826182,0.368584323488176,3
83,0.058033132692799,0.853354927152395,0.685284450883046,0
250,0.339717375370674,0.158511095610447,0.482658150536008,1
409,0.375896754066926,0.395180696202442,0.42936392982956,2
46,0.733937019016594,0.223098491085693,0.513815009268001,0
433,0.37084092493169,0.290291523258202,0.59081534568686,2
857,0.730276256035071,0.673283786157214,0.397596902529388,4
371,0.371771917974111,0.550666146259755,0.584018975542858,2
749,0.73610363428518,0.679471230230418,0.408550248301566,4
1140,0.738745305056393,0.660503523922505,0.393510853759958,6
499,0.367875951915048,0.264468455733731,0.478855309821665,2
30,0.876732752658427,0.424621748039499,0.487315492704511,0
790,0.73399795492689,0.684794889376336,0.407387667551931,4
267,0.339490082568955,0.314458387484774,0.578793509677053,1
715,0.311306448546238,0.591685595270246,0.590152313397266,3
407,0.37652043902548,0.231284716562368,0.59952017692849,2
1326,0.736602762832691,0.651580199688688,0.411604553193677,6
290,0.337475513976533,0.614421525318176,0.695858490117826,1
1119,0.726283896513245,0.706663142859581,0.402623985730092,5
319,0.33980240627192,0.429145176359452,0.371814153902233,1
1313,0.727218858380997,0.652639274385753,0.410981711976313,6
812,0.737516387718635,0.678322775847261,0.408271139148233,4
115,0.0520565060433,0.350008975947276,0.512695850804448,0
576,0.31117016691016,0.326271376851946,0.646953949867748,3
60,0.201482798205689,0.896220046561211,0.938284013420343,0
226,0.345337601683568,0.569367684121244,0.720254128263332,1
1035,0.732761637331506,0.709530363434883,0.409848997345815,5
1305,0.72886461978546,0.651762027088515,0.407736770604813,6
752,0.739465214358631,0.670389698694518,0.405263195944473,4
1166,0.721528967790232,0.654718234933719,0.407357807378126,6
130,0.723624816397205,0.373622494749725,0.85297572449781,0
450,0.367518281317316,0.636988602741622,0.628856457583606,2
1049,0.728102764287661,0.715917368195,0.405853583333524,5
788,0.743261186368057,0.679375316446518,0.406279063283733,4
373,0.373082301463,0.327696912968531,0.373493239679374,2
1088,0.736408634560398,0.702573886053401,0.409135453086773,5
105,0.919682845240459,0.179608423262835,0.73069276381284,0
260,0.342664422264788,0.481827231636271,0.515130062750541,1
481,0.369635896268301,0.249308329005726,0.549747828906402,2
873,0.729107205525093,0.672902108102338,0.408588599922906,4
159,0.34604468184989,0.343091483740136,0.492583333677612,1
1192,0.735731619123946,0.65277424874325,0.403897776732168,6
325,0.343917709423695,0.545178223331459,0.297702457103878,1
639,0.315169257633388,0.223594475002028,0.663454083888792,3
1157,0.72466263545755,0.650816222193757,0.409857112384868,6
803,0.736470199483132,0.680442792542775,0.400245640172043,4
1013,0.728837042624938,0.709498172568666,0.409182579487737,5
1138,0.735435695647857,0.648768533245126,0.409802003875198,6
1171,0.730835459263711,0.647606060171107,0.402611583270242,6
832,0.730530887673674,0.67756643814561,0.409603066934678,4
247,0.343481393281836,0.275139391236007,0.469050744711421,1
983,0.726230070408007,0.712967971034845,0.408535971955943,5
88,0.85189915751107,0.553766672732309,0.644277347251773,0
273,0.343439976763912,0.202034974633716,0.305233014095575,1
1175,0.734752602826709,0.655387945980129,0.408309181431049,6
1147,0.733218151331168,0.652288963126312,0.393814758771884,6
1224,0.7298347380408,0.648327958702891,0.405362884942097,6
1226,0.729552195208391,0.648053873203877,0.401115047051103,6
1156,0.726698456062083,0.648378739405746,0.412421486463594,6
1263,0.736911106850874,0.6534491670392,0.406766061200374,6
1015,0.729216980675497,0.712879256809803,0.401563781308008,5
612,0.308613172674086,0.454829710000195,0.593773197778501,3
800,0.735984639186869,0.689316913881986,0.394430716970731,4
1078,0.730500686668234,0.708364011242667,0.411395157206005,5
415,0.373536575173493,0.304444365366362,0.638792352913879,2
602,0.307775528933853,0.262048444407992,0.670262331422418,3
396,0.374566457157489,0.480379560077563,0.711113249696791,2
154,0.34498036704259,0.210621262481436,0.383758281636983,1
662,0.316528338480275,0.232577292877249,0.481474863993935,3
702,0.307980884322897,0.405545994453132,0.645553054218181,3
628,0.309509570179507,0.31823819426354,0.304686972335912,3
127,0.630374397849664,0.317212012596428,0.746483735740185,0
155,0.338937989405822,0.210961997671984,0.347158747538924,1
194,0.345931711134035,0.601353918598034,0.592555863596499,1
503,0.374856604456436,0.6318869470153,0.656441544578411,2
985,0.733490243945074,0.714025934325461,0.410204023309472,5
49,0.650507149519399,0.641446555731818,0.556356697110459,0
885,0.726139713461403,0.678524823909865,0.410041479047631,4
962,0.73189225109432,0.7078760610215,0.402342738731481,5
358,0.377087254631333,0.57556041602511,0.243422545772046,2
249,0.342539833309129,0.638225024030544,0.678742481325753,1
880,0.728124773869615,0.684735153326451,0.408170500334796,4
123,0.0934882813598961,0.323551879031584,0.460880929138511,0
462,0.376558263055049,0.486098816315644,0.556147542013787,2
734,0.72475771981159,0.68917555778991,0.403785133478867,4
1309,0.727018080387049,0.650670559572348,0.403473751740866,6
562,0.314619730785489,0.501569332950749,0.616211319854483,3
1280,0.742590384666517,0.650186817229492,0.412850473353073,6
619,0.308545656912029,0.54224040817935,0.539671859983355,3
38,0.46959625929594,0.934405104489997,0.102322971215472,0
277,0.3462650415604,0.206909006275237,0.671048415638506,1
773,0.732589647853254,0.68613290942576,0.404565400832978,4
1222,0.733381035323337,0.640046520300127,0.394655715520536,6
1022,0.73261295912422,0.708879457168165,0.406725163793802,5
1242,0.73580640740192,0.65551147930621,0.403492917282693,6
1077,0.731208739497364,0.707423648159328,0.402896443883052,5
377,0.371682986544911,0.368666157638654,0.362770623108372,2
62,0.882547629298642,0.800859148846939,0.143495479831472,0
1249,0.733250374447912,0.648215770195599,0.397195384041687,6
1010,0.737311727750091,0.713206634515572,0.401431684510974,5
682,0.310721208034083,0.360775420605205,0.588767248950899,3
212,0.345990030500107,0.478906869585626,0.278106058528647,1
1271,0.733669275050612,0.654681493632951,0.40285924695635,6
620,0.307305028287228,0.231983398948796,0.27537015224807,3
443,0.368094171583652,0.561599131952971,0.262988099409267,2
1019,0.73651158669488,0.711861767149072,0.405062127876523,5
523,0.368771737087518,0.378370812907815,0.723616656311788,2
615,0.309297506227158,0.302446734672412,0.574189450871199,3
473,0.369075307371095,0.624453639076091,0.349556680698879,2
647,0.310668579759076,0.536479486315511,0.608100940054283,3
1104,0.733027289853448,0.709474707934452,0.408682453525232,5
362,0.374873798296321,0.42410476137884,0.36830801346805,2
1001,0.730203957528718,0.707632220404111,0.398718428978022,5
572,0.315798710568342,0.331329660303891,0.445704103843309,3
132,0.683666871627793,0.0618660643231124,0.0627323323860765,0
940,0.730688122682981,0.710185813191878,0.408250232977874,5
845,0.732217602717381,0.688446686227197,0.404178990912991,4
439,0.373856905167922,0.585631004231982,0.470455314894207,2
150,0.345926131489687,0.416707816463895,0.377297993097454,1
50,0.716271553421393,0.635070059914142,0.45995528344065,0
301,0.337776147027034,0.265857167472132,0.368582845595665,1
1211,0.730423555392966,0.652005994217281,0.400521776603114,6
1025,0.730306846765476,0.719977878671492,0.40527465035244,5
824,0.741030898308583,0.673318604766745,0.407641964241226,4
366,0.377141713306773,0.629028604179621,0.617826740071178,2
317,0.340370621152688,0.409040001849644,0.304828864336014,1
197,0.338489545991179,0.438818823127076,0.56335539794527,1
1081,0.724534789839132,0.718411396352424,0.402757957083119,5
54,0.204822502564639,0.0204879071097821,0.461960308486596,0
294,0.341786531179678,0.172256592591293,0.395799444569275,1
1134,0.72711228768346,0.655882056991858,0.411154448708173,6
1136,0.729700589566394,0.646301332883053,0.401234699602591,6
283,0.345680340535473,0.303416196885519,0.539693056419492,1
1232,0.731996106284988,0.656893241833736,0.404576240012745,6
464,0.373826793925837,0.597122939000838,0.666995657305233,2
691,0.308754587278236,0.591370911733247,0.588624199200422,3
666,0.310014927776065,0.213154920772649,0.440708545898087,3
852,0.741894995076556,0.682326054114028,0.401525792047415,4
947,0.72778412745493,0.711343335960932,0.399593918865272,5
1170,0.733364506268932,0.662517148573178,0.396675975063291,6
95,0.798368733376265,0.213154127821326,0.471337728435174,0
922,0.740048805886014,0.677428988100077,0.40340296627024,4
268,0.346147285327315,0.245092649874277,0.360540320561268,1
1327,0.732121986046161,0.656828156931312,0.408507041437176,6
1052,0.73315759166423,0.709151621583806,0.399799778261614,5
1020,0.736677822483269,0.714122906430494,0.405618083349865,5
1009,0.735401636709793,0.704836137933007,0.405069561096417,5
708,0.311257263405714,0.346725599770434,0.628625865839422,3
717,0.31594950417988,0.291175713227131,0.599560849182308,3
977,0.728387863708128,0.713638238665662,0.411909581595632,5
1114,0.732359248343645,0.705146898031609,0.407501342594631,5
133,0.788592046359554,0.517971629044041,0.863848897162825,0
906,0.726535750541161,0.680010777038632,0.410676319505777,4
274,0.340032788957469,0.365575938299298,0.341767261084169,1
829,0.728338676033127,0.679795376594039,0.401754801545881,4
718,0.31357525178697,0.561101938644424,0.653659528749995,3
568,0.310371182577219,0.214300196198747,0.431378920259886,3
248,0.344831570819952,0.49638660675846,0.399857545900159,1
107,0.2434152206406,0.244942688150331,0.805765895405784,0
661,0.313015355081298,0.593067913362756,0.529390434082598,3
1163,0.730809336327144,0.648209321943242,0.398795323596511,6
488,0.375386510030366,0.390325036994182,0.333933579549193,2
978,0.732311504867263,0.706534345681635,0.40314587576081,5
500,0.370886513162404,0.517416715901345,0.713879751437344,2
204,0.345488054254092,0.484963443526067,0.457759738480672,1
68,0.597941569983959,0.195375222247094,0.245908256154507,0
521,0.368065396428574,0.396859025279991,0.359287388902158,2
817,0.733668226310614,0.675186472417809,0.411526868541652,4
1308,0.736267338887789,0.652313734997053,0.406792951641449,6
1323,0.733152038513915,0.646216562671816,0.405980518488484,6
149,0.345880132364109,0.31263668013271,0.350558691821061,1
1267,0.727107578708512,0.649749776644897,0.400215315138106,6
246,0.346751566193998,0.286358255357482,0.276200630050153,1
555,0.314573198175058,0.284460230660625,0.268450926337391,3
1070,0.734349982338297,0.709639220034053,0.40782734826983,5
87,0.979868383612484,0.423626069677994,0.0210662144236267,0
352,0.374828958550934,0.200090643414296,0.358029993413948,2
138,0.345235022129491,0.256075970875099,0.659571407642216,1
649,0.310200534742326,0.160435960092582,0.594682417507283,3
318,0.345481806665193,0.616816579643637,0.52246034021955,1
342,0.376092003649101,0.468398156855255,0.64264406117145,2
70,0.198899890296161,0.0437528602778912,0.75094558019191,0
509,0.37527584515512,0.529795258236118,0.298739460343495,2
263,0.344221287553664,0.430808466323651,0.360068467142992,1
687,0.308435390354134,0.555215721880086,0.378646502899937,3
606,0.316888956082985,0.354575526132248,0.322970144613646,3
810,0.73997751223082,0.680259163485916,0.401806734666934,4
1011,0.7293390463859,0.711940482646871,0.400635648865412,5
111,0.744448276003823,0.533267317106947,0.961750041460618,0
965,0.729483805592839,0.711263131694634,0.414294311485693,5
41,0.528860142221674,0.540039248531684,0.413999142823741,0
781,0.719641191177239,0.682439120748391,0.409838502207961,4
755,0.722096814486249,0.678210021035087,0.404801648767216,4
394,0.377182067993563,0.171966170705855,0.402261940925382,2
597,0.310276998428162,0.375234602182172,0.422050931188278,3
735,0.728698787653102,0.680574845842877,0.402160007491645,4
974,0.72874267055115,0.705109692097301,0.399740628368807,5
200,0.345511197170708,0.340507965581492,0.686766804591753,1
553,0.315936989863403,0.311462457687594,0.692630959139206,3
626,0.313547116694972,0.471443526027724,0.611306354799308,3
56,0.119861396495253,0.22061826242134,0.60058642947115,0
158,0.345155677006114,0.602890199213289,0.267961135879159,1
220,0.346714952054899,0.202417034003884,0.547585313487798,1
976,0.731686820541177,0.715150298697776,0.414818937124604,5
972,0.737063473343675,0.70571937336097,0.410077791098792,5
1093,0.734232668443274,0.712562035593172,0.398499830632894,5
643,0.307355729397386,0.55355351830367,0.641955237532966,3
69,0.176909347996116,0.343601128552109,0.126180201536044,0
1287,0.729468121572866,0.648643246060982,0.406207742487696,6
231,0.344492595354095,0.241843677056022,0.384910889482126,1
501,0.373969498232473,0.257108538225293,0.497083283192478,2
354,0.367729362053797,0.333610630524345,0.733586107310839,2
360,0.377249050559476,0.170852074446157,0.376726558478549,2
454,0.37206526329508,0.450620401464403,0.497925955033861,2
1012,0.732158787886765,0.708964524770989,0.412574987649363,5
544,0.309234741618857,0.336017475277186,0.284777749842033,3
783,0.727579417030195,0.679740776660389,0.405858022088417,4
1208,0.726945405675233,0.648071741766258,0.404884144843522,6
697,0.31312957004644,0.348081448976882,0.406415400025435,3
561,0.307370988978073,0.202522449125536,0.695987042435445,3
48,0.237405816093087,0.018120814813301,0.107162506319582,0
205,0.343737665943336,0.539358528726734,0.286964664515108,1
945,0.732034573578185,0.708941700791189,0.412772672108423,5
329,0.342559045543894,0.191228969534859,0.269050031830557,1
1274,0.729554045496921,0.644065794786596,0.39867881176556,6
1254,0.733918893544412,0.65061890303906,0.400225756364735,6
253,0.340031781911384,0.267347151227295,0.273524336097762,1
741,0.730246297942383,0.68056919903351,0.407359079244967,4
984,0.74066155394423,0.713820588706074,0.411834419342689,5
1146,0.742878818310047,0.660050846201405,0.410380680308773,6
874,0.723375719389674,0.674465972409233,0.403430888199868,4
928,0.737173379117821,0.683803962050774,0.404472537664062,4
406,0.37201188320294,0.437922513391823,0.621407357323915,2
51,0.253291247645393,0.465687110321596,0.254234270192683,0
820,0.731704336685844,0.680010136810413,0.404811314134313,4
924,0.736481496499142,0.686366945723988,0.407055834090406,4
793,0.722218908558993,0.688727094063527,0.403243682313863,4
309,0.34607747165719,0.503456353954971,0.247377271344885,1
893,0.73079294204521,0.677712804582062,0.414599986420693,4
631,0.313985274496954,0.576064385171048,0.712847029254772,3
165,0.344577871060465,0.56443823762238,0.574517455114983,1
1288,0.730396868558727,0.648447252203858,0.405988426920104,6
437,0.369430860427674,0.633805040898733,0.555846868827939,2
839,0.730071874865594,0.688881942871515,0.398189462905788,4
538,0.316549416235648,0.149055542470887,0.295132684567943,3
950,0.733163426216613,0.713177919952891,0.40650476919196,5
113,0.579999384935945,0.557079134043306,0.928643477614969,0
24,0.0110631573479623,0.662512968759984,0.350429488578811,0
669,0.309638461940922,0.42955403837841,0.286079895030707,3
116,0.2813127534464,0.829460833687335,0.1249249370303,0
868,0.730196256028073,0.678476254276755,0.399608322654828,4
28,0.139099681051448,0.722301133908331,0.899753083707765,0
1069,0.736199197396949,0.706684304622892,0.408159969974436,5
93,0.0664758989587426,0.911742476513609,0.763966384576634,0
1264,0.730822724563124,0.655670585529522,0.399023844517106,6
108,0.903355976333842,0.746295301010832,0.75112182367593,0
43,0.414854615926743,0.32169523416087,0.159896528813988,0
386,0.375031676481012,0.279165268572979,0.621583733172156,2
1027,0.728656877289379,0.700888111678432,0.405286928061345,5
578,0.308089450860862,0.363268246920779,0.312752743065357,3
780,0.735425117564367,0.668955957870364,0.404676584657992,4
100,0.478363206144422,0.313772504450753,0.00263631134293973,0
520,0.368618537259754,0.304443292948417,0.256969037046656,2
1257,0.728080423181584,0.648395767299656,0.397300092338896,6
206,0.34633914367063,0.213712982297875,0.58729996769689,1
913,0.737632864715065,0.682839946767789,0.410857172215918,4
1073,0.741488858249785,0.71610742610632,0.41139455917809,5
280,0.3389635809022,0.552066164370626,0.729020657995716,1
1259,0.736120567566426,0.648462353345756,0.406046427803787,6
911,0.73494942671971,0.677224747670891,0.406833218011054,4
594,0.308804808191489,0.52988444075454,0.436088771373034,3
185,0.344487255830318,0.244208078063093,0.324012481886894,1
370,0.372394747671206,0.57958674528636,0.676417924510315,2
688,0.311938612407539,0.349529996910133,0.704300496657379,3
796,0.734033462632532,0.684512989096616,0.404305457800822,4
999,0.728691023476015,0.707152755279229,0.401824553941272,5
1183,0.733598727644282,0.647612265262977,0.415414255299447,6
522,0.371999388423283,0.318115160381422,0.358779250457883,2
498,0.369414441152476,0.569488858385012,0.498183320439421,2
1206,0.73122999578542,0.653153124161308,0.402997991114833,6
296,0.343545998854097,0.302340627694503,0.69334290868137,1
349,0.371299624487292,0.169540353631601,0.5401174278697,2
1127,0.73646610995675,0.710132954429852,0.395542467499086,5
148,0.338801255286671,0.221616867394187,0.542565315775573,1
187,0.341771883349866,0.317901820340194,0.734155443427153,1
424,0.373635482413229,0.357664681319147,0.729543475015089,2
529,0.376900314947125,0.498824835452251,0.649950619018637,2
235,0.340625463714823,0.331124890758656,0.560436256509274,1
1229,0.731588506394064,0.654181273677745,0.402376364104874,6
916,0.733894584054024,0.683002369276377,0.410429485557187,4
484,0.370364091112278,0.351354595785961,0.663143611093983,2
540,0.315793558424339,0.201673898426816,0.512322730896995,3
1216,0.738784454060881,0.654048147336099,0.395945206563193,6
201,0.34242026401218,0.408382776821964,0.436645700642839,1
673,0.309726579166018,0.457079266943038,0.433719819807448,3
782,0.726540554145278,0.679990177957755,0.408606140756953,4
1096,0.730482064929971,0.711740567167481,0.409859463843502,5
183,0.341811994886957,0.562783872522414,0.577024208428338,1
724,0.308786888956092,0.521052553947084,0.486581073072739,3
748,0.735738805800971,0.686096383140083,0.39957812781898,4
490,0.377196387441363,0.598603664012626,0.395873371674679,2
94,0.963037965353578,0.292995260795578,0.953239758266136,0
1251,0.725964207717583,0.649427194484751,0.397451666896951,6
650,0.307375413377304,0.4226866572164,0.721093530231156,3
482,0.37519712066045,0.605310061760247,0.309312860528007,2
188,0.346133259166963,0.534319510264322,0.368577510514297,1
740,0.728923892374457,0.670646860022029,0.412864616667753,4
1061,0.728943227768672,0.718911417668693,0.402174219550496,5
338,0.373656340034213,0.430112183839083,0.422682682564482,2
1014,0.732287768075873,0.716718649143998,0.4038306885221,5
14,0.0571476784534752,0.128301491262391,0.958288758993149,0
534,0.311767123185564,0.360032608429901,0.473456179420464,3
315,0.341049308513757,0.453364494186826,0.337029792531394,1
897,0.728354985087898,0.688544949040704,0.398367469921384,4
1034,0.731498544128494,0.707549108707728,0.402955142481635,5
692,0.314957805406302,0.184344306751154,0.544388030818664,3
1039,0.728784513600419,0.71181143234147,0.399012964590539,5
574,0.313207161417231,0.57664663256146,0.237086376687512,3
767,0.737733457237598,0.687633145138475,0.407341143272876,4
608,0.312658844278194,0.60701558557339,0.349597051437013,3
560,0.309708018905949,0.588719383976422,0.689793427637778,3
990,0.733628378416446,0.713866445930002,0.392741370458328,5
448,0.376312726591714,0.604468281776644,0.694658491690643,2
875,0.728792156213709,0.677201109140956,0.402064004465188,4
938,0.723320750180957,0.706833041894667,0.404090679226505,5
300,0.342996697241906,0.501478499546647,0.655382570857182,1
908,0.731262533201226,0.680027268785275,0.407055855834437,4
751,0.734142046818554,0.672636262889724,0.410290063713635,4
1055,0.731263435753045,0.707378339652764,0.400943548953648,5
519,0.37254117739154,0.4491830032086,0.713300769380294,2
539,0.311175893242471,0.507904460350983,0.619276608154178,3
209,0.345961992747616,0.312577960477211,0.654446390271187,1
925,0.737445621024618,0.678098819085419,0.402025361579828,4
663,0.30805571614299,0.316599983884953,0.575980804092251,3
141,0.345495653129183,0.598227605153807,0.6460400728276,1
1094,0.728322654558483,0.700919820976451,0.398668323021903,5
726,0.315461322972551,0.634968877234496,0.28285676734522,3
789,0.730182131787368,0.683845193961454,0.402052070583478,4
1255,0.733764589688125,0.649546361657129,0.408369487617996,6
686,0.31188268299913,0.376113087916747,0.25488556472119,3
954,0.733514060327212,0.699123369794503,0.396453868254054,5
40,0.88962220819667,0.389163749525324,0.000869358656927943,0
270,0.343756437494885,0.333956335601397,0.600124707608484,1
241,0.344041431979276,0.473261014022864,0.41804780466482,1
917,0.739757305612914,0.68375884886723,0.401470548167652,4
802,0.726185224932104,0.680643512088721,0.404209029885007,4
1051,0.731528535004691,0.705671698286798,0.397645840722297,5
1150,0.730377722366678,0.648891768608526,0.402847303454189,6
1068,0.724311148781226,0.712675801974208,0.40541076047465,5
1160,0.726351008127666,0.649516996154605,0.397597520371163,6
736,0.728387022515328,0.679019815275178,0.405943983629604,4
870,0.734049270334355,0.680444501187411,0.404246209066512,4
295,0.345782961358782,0.578259415272623,0.45414309615735,1
679,0.311893609389663,0.578634692518972,0.246564404037781,3
1178,0.726488984417333,0.640952890503628,0.393251591268655,6
299,0.342874849410728,0.226452438556589,0.480389265040867,1
709,0.309476905521005,0.565491906413809,0.692336465627886,3
34,0.913965162821114,0.80538878403604,0.212578126462176,0
1320,0.737192175316964,0.649813793500244,0.401814185854502,6
1269,0.72880133365301,0.64703487838053,0.402552365179344,6
1201,0.734829860286162,0.645644191123854,0.402792309204327,6
1282,0.729459091415895,0.652610320416132,0.397097578342567,6
791,0.73410425723739,0.684681242390652,0.402483957472343,4
140,0.343139559200499,0.452298046718352,0.341246871324256,1
932,0.734603325132815,0.680011244391815,0.408073997945067,4
716,0.313770714250859,0.622060032491572,0.532609262899496,3
1123,0.737637353274042,0.705975831420881,0.405908622285183,5
410,0.371286440200638,0.145970903267153,0.514946530968882,2
652,0.315832285215147,0.32494522461202,0.724703966220841,3
461,0.370986600122415,0.454402219434269,0.412845730711706,2
287,0.340943497368135,0.57243405811023,0.664579692692496,1
436,0.37185348480707,0.26601564574521,0.59635801280383,2
664,0.314393949231599,0.406841608276591,0.484572257311083,3
563,0.313045873213559,0.15648048853036,0.315419019944966,3
1129,0.735616565582588,0.716031632627039,0.406803340264246,5
122,0.13633999414742,0.196419882122427,0.532522930298001,0
1298,0.732752469810255,0.651106439280703,0.40007640800047,6
613,0.312925533077214,0.422237595240586,0.278656158060767,3
480,0.376098864886444,0.575284622889012,0.658712417632341,2
308,0.34571102171205,0.426935672224499,0.377211111527868,1
848,0.737945292195921,0.681742605136708,0.405044137565706,4
554,0.315831370521337,0.483023081719875,0.362743659340777,3
228,0.342332397173159,0.344943052902818,0.374222161062062,1
956,0.730655022970976,0.709338968770985,0.404310523599248,5
266,0.342208522688597,0.514235537895002,0.692239059763961,1
166,0.343881220319308,0.277259376761504,0.492784132761881,1
416,0.369771142266691,0.290441065258347,0.548982049385086,2
1033,0.725214107774098,0.711715257948821,0.407131872950383,5
459,0.37645376667846,0.39983260857407,0.324683252768591,2
1260,0.73000841950359,0.653046874405819,0.40269966866096,6
872,0.737332110843544,0.675254471221592,0.404639434378457,4
408,0.373872590379324,0.378773333900608,0.56249762494117,2
512,0.376906157657504,0.49321388003882,0.321264387969859,2
1296,0.728027256504146,0.646296009020464,0.414834755493371,6
907,0.730237624765406,0.680026878998915,0.411448645861208,4
826,0.738404581280421,0.683928097743637,0.405445055366228,4
1276,0.735093078474664,0.647436778693254,0.408890564487789,6
449,0.371473835976794,0.3613129877951,0.39812465144787,2
690,0.309646654075477,0.217208983073942,0.535563778993674,3
1239,0.72899437789635,0.645021822724692,0.401489284154643,6
1199,0.727425206734682,0.646144234414082,0.406187515213745,6
12,0.488666774472222,0.27460331749171,0.0542122342158109,0
1139,0.733626251303154,0.643839160981057,0.403868430936385,6
64,0.598079354735091,0.474012048915029,0.484606218989938,0
681,0.316132230968215,0.475954860961065,0.546604562713765,3
1059,0.725396088954139,0.714219975008866,0.410419252109957,5
379,0.371138507986907,0.569118677568622,0.684837778494693,2
660,0.313376372840721,0.550776963634417,0.50372853402514,3
1063,0.733191866376575,0.707806402765356,0.407276144286732,5
427,0.371039318835828,0.237834418471903,0.379162664106116,2
1062,0.724288565959864,0.706736537998273,0.408103589580304,5
621,0.310864681412932,0.349322163895704,0.592554640653543,3
865,0.731600128926955,0.680175263185532,0.408556495272033,4
1231,0.723236299816094,0.652000347197103,0.405133210033434,6
585,0.316715999071021,0.585501640383154,0.456412067450583,3
323,0.342195464370307,0.477406637906097,0.429369644774124,1
211,0.346798879830167,0.575095969997346,0.578086555982009,1
862,0.732085065390006,0.676447595264976,0.402714097340293,4
1196,0.73043940823253,0.666708013397203,0.401438824317724,6
804,0.729949701436548,0.677567299658982,0.40300808359909,4
414,0.374743321940769,0.581894164835103,0.509846296091564,2
1158,0.737019162203774,0.65235860953738,0.398965098717276,6
176,0.344399365296122,0.261352846678346,0.701589038642123,1
47,0.774174119578674,0.799033523537219,0.969620232935995,0
683,0.313483467414044,0.628585361107253,0.679050811496563,3
1050,0.730142729383729,0.709735590197914,0.40400816341012,5
1131,0.724571753829576,0.707454880509644,0.402391591690069,5
392,0.376442324826494,0.175238273851574,0.335616515413858,2
944,0.736744988872926,0.712307927782499,0.395785196769508,5
255,0.340582013784442,0.625690381904133,0.362819437216967,1
672,0.311889887538273,0.330254593561404,0.715710948384367,3
518,0.377258333445061,0.346067484165542,0.395846499525942,2
816,0.734952626051904,0.688744986118443,0.405157709809927,4
1191,0.7264346264231,0.643062283433083,0.403065537902297,6
184,0.345149245983921,0.429173448984511,0.71532374904491,1
447,0.374677114472725,0.180008363723755,0.616987156146206,2
256,0.342141650281847,0.249009844078682,0.539761378592812,1
580,0.309850466237404,0.348170222644694,0.417417159350589,3
571,0.314033289675135,0.343149346928112,0.585899089393206,3
39,0.864371930481866,0.266807962208986,0.69519985280931,0
658,0.315295819542371,0.384293176513165,0.628462277515791,3
74,0.62804936664179,0.346084104152396,0.7777488976717,0
778,0.723191523586062,0.679910167803529,0.410837302832877,4
1212,0.734945942036096,0.651476056913302,0.412200397770287,6
1324,0.736798742868909,0.653014295914685,0.400271760950886,6
1100,0.725998961312113,0.701280325616519,0.404058244449961,5
528,0.376375563200563,0.447315079788677,0.253421398042701,2
453,0.376867447777186,0.532621394423768,0.477083844994195,2
121,0.86010085279122,0.611443405970931,0.282766437390819,0
168,0.342731657468248,0.265408825757913,0.523116510524415,1
515,0.373331895133015,0.48780151961837,0.453231509705074,2
1329,0.734883358918981,0.644506571972197,0.40712329758835,6
1120,0.734570056089402,0.711861318797228,0.413923715950311,5
1234,0.732679330230797,0.653881632633788,0.410629787138755,6
814,0.738963131445765,0.686788112520206,0.395769755714122,4
440,0.368917004386894,0.337820816598833,0.320813964982517,2
1220,0.731540501177986,0.647888022202434,0.412406823693982,6
134,0.33870407627197,0.183874698053114,0.279193516401574,1
208,0.341740607069805,0.338934647897258,0.594472335930914,1
948,0.731289916934774,0.716792592523259,0.407056819613308,5
711,0.31005929623032,0.286609500343911,0.558422872261144,3
85,0.0701526023913175,0.0695660680066794,0.224257812602445,0
216,0.34568040673621,0.488839596207254,0.567149482131936,1
1045,0.732255381763981,0.711526323833836,0.405607187456583,5
222,0.337611206627917,0.220184334134683,0.678504025493749,1
787,0.735503998118035,0.676731615375211,0.410077105936373,4
170,0.341008143140934,0.415147034265101,0.529135465319268,1
15,0.350035102339461,0.660115537932143,0.998376124771312,0
89,0.999955328181386,0.347011998761445,0.371710001956671,0
1090,0.729371421951614,0.698803020680512,0.408174129698165,5
442,0.37265060442267,0.154480450833216,0.412378386873752,2
1281,0.731880136874021,0.654442266052425,0.39836550010291,6
617,0.316585059647914,0.201260401797481,0.315419641020708,3
169,0.347222703257576,0.329162068711594,0.700703936675564,1
97,0.523193116532639,0.464153879787773,0.516681986162439,0
390,0.37571096181171,0.155450915149413,0.335175218456425,2
1245,0.734590402107529,0.647369608730953,0.399664139286897,6
16,0.236820297082886,0.185000970028341,0.0271070136222988,0
1053,0.732883203614326,0.713304042174559,0.405393634684667,5
207,0.346632653439883,0.598597397725098,0.35353414893616,1
1097,0.725267020601965,0.714678001701058,0.416397935723606,5
795,0.735882106533435,0.675493619980663,0.39762051820167,4
792,0.721885470596117,0.682747100281324,0.409481300523332,4
203,0.341729279651772,0.167673567822203,0.271927762590349,1
167,0.338829999777954,0.554178627952933,0.662440189556219,1
229,0.345943567305803,0.487396557978354,0.536414742749184,1
975,0.737717365863594,0.710978806117189,0.407190715828073,5
22,0.950944678159431,0.636602284619585,0.120098264655098,0
92,0.496864130487666,0.944455137010664,0.71431257808581,0
1317,0.732321944842593,0.657234649853826,0.415339600650997,6
542,0.310488654801156,0.409771059453487,0.431158050941303,3
328,0.342084140493535,0.337008079211228,0.445005231816322,1
704,0.313236489009578,0.244545836979523,0.48132467973046,3
160,0.338770540188998,0.255681651108898,0.412871630908921,1
378,0.374834057546686,0.454183125100099,0.56158067395445,2
1091,0.73299176753995,0.706609473625491,0.399740111365598,5
66,0.455643787048757,0.282822240842506,0.237469035433605,0
971,0.732941214633506,0.698904425393706,0.403458236341858,5
2,0.32644183980301,0.798377335770056,0.071900769835338,0
941,0.732219132478901,0.704584894152825,0.403872568287482,5
863,0.736353458386866,0.686574812116643,0.4027801892567,4
1186,0.740245385807317,0.639975404731106,0.400813529060526,6
595,0.31036148903193,0.624862071988173,0.592868369119242,3
313,0.341136766339187,0.252373133832589,0.514531537122093,1
57,0.390014096396044,0.951667970279232,0.719617949798703,0
262,0.343054082395975,0.163039987371303,0.699543387675658,1
927,0.734941480324199,0.68851604539614,0.400849597951346,4
497,0.369783619511873,0.173602437763475,0.588412192929536,2
797,0.730834509891321,0.684874891130698,0.413095147544149,4
842,0.729742827547831,0.672863016958104,0.406655300894635,4
931,0.731273072531937,0.690887165837027,0.404918537176679,4
1176,0.731328443362011,0.652056942900669,0.406478567513783,6
550,0.316932033181656,0.205448229261674,0.374292685813271,3
245,0.344930378173012,0.391692153923214,0.73086311428342,1
264,0.341908501680009,0.606439238926396,0.278789870021865,1
227,0.340458901533857,0.232670317334123,0.455956389475614,1
32,0.0443771062418818,0.368923849659041,0.428507246542722,0
657,0.307682109596208,0.512754935468547,0.384537632623687,3
629,0.314381804079749,0.415077058295719,0.431642479076982,3
135,0.339175510602072,0.257190186926164,0.678802970028482,1
703,0.311954663605429,0.574058500514366,0.57626248667948,3
357,0.370273450822569,0.524397591175512,0.41843448956497,2
1109,0.734009465191257,0.714180555327548,0.402652949353517,5
963,0.729635378476014,0.715472225994867,0.412278370813603,5
754,0.723993960580538,0.67345946945254,0.397201357754428,4
18,0.996410597814247,0.793850836576894,0.818770555546507,0
1075,0.731686362747072,0.716883268648304,0.402527052491255,5
915,0.737610794247943,0.677499772086089,0.403273357318096,4
867,0.733355478057884,0.671782891562766,0.412436887236453,4
592,0.314487806071993,0.423261893726885,0.354054305981845,3
864,0.733527452807873,0.668860196645276,0.40739517038922,4
693,0.316298580390867,0.483613109728321,0.658357628318481,3
831,0.739127483858577,0.68397345669527,0.395586160114127,4
838,0.727371518465968,0.686992532591235,0.3913358008575,4
232,0.34075650018407,0.161110156378709,0.370757734565996,1
1246,0.725424187509132,0.65413326168425,0.410410544288039,6
80,0.742685768287629,0.871557359118015,0.784411030588672,0
265,0.343871511274483,0.221843141992576,0.326480911974795,1
809,0.743704022183779,0.688150416847399,0.402343337903377,4
768,0.738334084112545,0.676918403571519,0.398336555526155,4
58,0.758894416270778,0.706771416123956,0.509821612620726,0
968,0.738212613781416,0.715742564451295,0.40112086005614,5
1233,0.726033409951947,0.656956113939626,0.410354218670208,6
973,0.736191998557489,0.697634236907563,0.401014172351029,5
75,0.573386210948229,0.372786545194685,0.768137525534257,0
958,0.731756843915207,0.709722214420252,0.397151755367162,5
547,0.31238908583764,0.251000479492359,0.482656196621247,3
856,0.734601640796501,0.673925570971098,0.41081872966309,4
813,0.725707672769094,0.680012490883682,0.408249851210634,4
573,0.30869754378451,0.391868334310129,0.710366112343036,3
926,0.73003545939252,0.688936357459968,0.415142775787885,4
638,0.313333038601559,0.468900829018094,0.557849115971476,3
533,0.370845647023525,0.428590709273703,0.339040287700482,2
505,0.370931622856297,0.452033694647253,0.584583241655491,2
1153,0.72816942970662,0.658399331970404,0.409104432647263,6
468,0.36894387252396,0.43538360837847,0.504832509136759,2
771,0.732800043712929,0.68074333891096,0.405149041821274,4
180,0.345187803087756,0.631371604907326,0.640928180352785,1
284,0.344342639287934,0.575739107141271,0.557948055490851,1
125,0.201731568900868,0.159449697704986,0.803878945065662,0
684,0.314187769268174,0.400533114606515,0.673757319268771,3
391,0.37349871117156,0.27604766683653,0.32599420978222,2
1253,0.730243882149211,0.650118800876738,0.410557897716555,6
340,0.367477246881463,0.555060788337141,0.467342323437333,2
1198,0.726297230001331,0.649641469783281,0.398630697636796,6
412,0.372238037986681,0.488716727518477,0.477720712474547,2
1089,0.730887698364536,0.712998085225256,0.404237428986619,5
419,0.367411837470718,0.193096512276679,0.604989067348652,2
1046,0.729899246456127,0.715371412089477,0.400893185402931,5
1016,0.729578201751307,0.713820934268725,0.404377461783658,5
411,0.372803122405894,0.27216477219481,0.487869001971558,2
99,0.984255575342104,0.463264573132619,0.40290051093325,0
1194,0.725673448822491,0.652141484190837,0.411674639532949,6
36,0.715261792764068,0.892449556849897,0.994830245850608,0
937,0.734117300944691,0.712649495467634,0.422221394110468,5
966,0.732589937427967,0.708357527714287,0.397840990822897,5
492,0.367430895259604,0.314442151039839,0.706128884851933,2
720,0.31318775073858,0.552666424121708,0.64739778933581,3
894,0.734048315126176,0.682889619578657,0.405231876447859,4
114,0.477127458900213,0.817695715231821,0.409368142019957,0
986,0.728733797466373,0.71266073907687,0.410480385223804,5
1149,0.728946040604703,0.646530872703826,0.400066615989798,6
770,0.731124977841822,0.679581923964039,0.409531727837726,4
633,0.31396940631792,0.507396086864173,0.415136926737614,3
1310,0.728074584180254,0.651865051587855,0.400173813991444,6
593,0.3109283235576,0.518939293152653,0.440126983029768,3
1133,0.732107347577608,0.720513059416639,0.401815113102645,5
570,0.31700213853037,0.5028749586083,0.579847084986977,3
680,0.315131543043535,0.543346733949147,0.286227386607789,3
738,0.731907945666851,0.686055498263633,0.408351257687357,4
1143,0.726420198056176,0.640928084749969,0.406731761175155,6
466,0.374393148082309,0.219600510597229,0.422595669678412,2
1151,0.723137978759661,0.651744858081335,0.412173191478243,6
322,0.340143125569448,0.336785187409259,0.396711729164235,1
967,0.724826930031714,0.712206435631505,0.409012508254547,5
1154,0.730623095664642,0.652608158364423,0.408766505760669,6
193,0.338471905202605,0.36487418639008,0.690090297069401,1
479,0.375627468151506,0.50394180258736,0.630266101844609,2
298,0.340820219353773,0.632660604827106,0.255406208033674,1
959,0.726856355496758,0.712808449007,0.405764598452867,5
1322,0.734388210384015,0.654886932527866,0.392254540806156,6
1036,0.7208640221819,0.716706073362762,0.413143405457337,5
278,0.338157133369241,0.160185828618705,0.533927725558169,1
1181,0.728847961813926,0.660204768091708,0.403999790304077,6
173,0.341070173808839,0.150254913885146,0.445118980645202,1
477,0.376185471056961,0.152952062012628,0.511401858809404,2
582,0.308265124866739,0.555423129396513,0.711694172979333,3
604,0.30842907973798,0.512994847889058,0.727632206561975,3
733,0.307359252946917,0.164504444040358,0.271653262129985,3
129,0.214321264298633,0.301990110892802,0.658371192403138,0
199,0.342853825872298,0.335091102682054,0.560837736981921,1
1008,0.722990000001615,0.707607463532257,0.401730310508059,5
828,0.732895762091933,0.673822686549267,0.406905167697211,4
162,0.339410907076672,0.195164071791805,0.575921722617932,1
310,0.342711504041217,0.165301421005279,0.328241890226491,1
569,0.312602929286659,0.555920372996479,0.439323259796947,3
889,0.735984899859406,0.681454996338534,0.402134607940014,4
763,0.730498247604957,0.681093028824179,0.398002699670561,4
719,0.311228263981175,0.239186819456518,0.492182395001873,3
1006,0.72108939302487,0.708643097156147,0.404889169915159,5
1038,0.739690221532857,0.710691930733102,0.409104567248542,5
346,0.374519386910833,0.189645712659694,0.700344146508724,2
186,0.343950373316184,0.165512110502459,0.359551056916826,1
888,0.737987922814215,0.683110003064447,0.401165553554521,4
1099,0.735136636077537,0.710478749187431,0.40126863405791,5
146,0.340369655678514,0.609589779679664,0.53670641342178,1
654,0.309334454571363,0.373308313707821,0.487743943161331,3
1060,0.728513242397369,0.703807541941889,0.398111046317357,5
964,0.732664286353007,0.716163492772057,0.399551633340283,5
577,0.315969576169737,0.489040785515681,0.406139243789949,3
307,0.33768772653304,0.598316349368542,0.732582842279226,1
887,0.736102206827581,0.678628797418012,0.403964495024878,4
1030,0.729932476820771,0.710929439238904,0.404095548318467,5
841,0.734217261479401,0.682216838369685,0.403862659159512,4
385,0.376396748437546,0.163685707887635,0.423059179028496,2
458,0.374501088096295,0.367476306436583,0.384598557301797,2
1200,0.725055146454305,0.655908423037074,0.412054325371217,6
1021,0.728446590666205,0.70720801309861,0.402308746945144,5
421,0.376033383111935,0.612364349351265,0.647871342650615,2
441,0.375249340238515,0.41659341128543,0.636882134177722,2
1130,0.723712059518485,0.708550089933546,0.399293204824306,5
513,0.368116270198952,0.443399165337905,0.555159757426009,2
774,0.736290427974331,0.681476829501999,0.404434078963907,4
1111,0.732124944469767,0.715830540945933,0.406066624318072,5
566,0.309650627123192,0.592211599857546,0.327527567674406,3
236,0.339068903131411,0.193101533851586,0.322539058560506,1
494,0.375843003606424,0.423093640175648,0.562620146595873,2
996,0.725556727956172,0.722548596087343,0.406935217587338,5
946,0.734706496957481,0.709537817815715,0.406235021956756,5
786,0.727285263031138,0.681163329849818,0.408325436825503,4
242,0.339901166388299,0.532583666197024,0.342413465538994,1
1311,0.73492349980443,0.635316329649116,0.401087543773782,6
575,0.311546348149423,0.457325312239118,0.421318017109297,3
825,0.733090647339228,0.681310083374973,0.404872919369475,4
1307,0.726304974912775,0.649085509573938,0.405888169608867,6
327,0.340658278062474,0.287753169122152,0.490969294612296,1
731,0.314025190279353,0.351986025390215,0.611928471410647,3
929,0.731031069448525,0.685188992812053,0.402025568108578,4
881,0.727915225536648,0.671087617832444,0.412085820399407,4
507,0.374678315697238,0.254351415601559,0.45544966198504,2
1218,0.728685864370199,0.658635642105299,0.40710701608751,6
355,0.369324909355491,0.39904004666023,0.552878306875937,2
351,0.375229426377919,0.279538871883415,0.278746307175607,2
525,0.372850875724107,0.277249041758478,0.374046422820538,2
55,0.620939916465431,0.856099015334621,0.892451767344028,0
706,0.312791892937385,0.549138654768467,0.278756249160506,3
760,0.740312707324031,0.681945405947987,0.405935787203992,4
376,0.374598207939416,0.621497068717144,0.678374488186091,2
422,0.369117096834816,0.349221684318036,0.447727246023715,2
1,0.886464740149677,0.0715716413687915,0.310257717501372,0
174,0.339076283008326,0.427499574539252,0.27042637700215,1
375,0.368690823439974,0.41357214380987,0.467257721046917,2
1137,0.736081831206253,0.662617396491234,0.408950588663982,6
877,0.733260118673531,0.68481507211794,0.411750711187874,4
59,0.812747784657404,0.176010123454034,0.705207793740556,0
1312,0.727566148400516,0.649055229801863,0.416203493869467,6
765,0.735397611898233,0.68236204304044,0.412743771378932,4
1219,0.732953298123753,0.650962285687811,0.402163693309465,6
896,0.730136921343258,0.67056401524294,0.403607372167633,4
151,0.339727623944636,0.149304011650384,0.345959137938917,1
1108,0.730774745769774,0.708039487886226,0.401197179541128,5
52,0.00166785158216953,0.609523852588609,0.161578884115443,0
179,0.34722934526857,0.615072346339002,0.343407371942885,1
957,0.726766195152469,0.70803687251525,0.406862879219416,5
830,0.730463506075764,0.680042569921152,0.411236721494154,4
8,0.547971388325095,0.13722819997929,0.245921457652003,0
29,0.618908036034554,0.95018516946584,0.884471866535023,0
1056,0.734286373904451,0.712683103689516,0.406996843438386,5
451,0.375493626042735,0.561226258333772,0.522332160314545,2
71,0.738238115329295,0.916391297010705,0.966538115637377,0
17,0.282548120943829,0.671620364300907,0.983016711659729,0
1202,0.734525802676762,0.654072232779898,0.407747211684228,6
764,0.726875964994657,0.682835146242957,0.397980143540235,4
502,0.370578688394744,0.622435744316317,0.671365209436044,2
1164,0.734095569460304,0.650487195024532,0.401638450520957,6
1047,0.731880649789009,0.710066189501729,0.406818539471745,5
86,0.012478252639994,0.358325367094949,0.55649548349902,0
1071,0.734821441728985,0.71099052118991,0.399101413528991,5
980,0.731262824504249,0.71029929427795,0.406468186182702,5
1126,0.7333732100514,0.720215425714484,0.409327295067233,5
181,0.345714300293475,0.242278941022232,0.440668031154201,1
471,0.376579258053098,0.566459472803399,0.306749718775973,2
1044,0.736954212315025,0.718048571765235,0.401435444841456,5
951,0.732168699260756,0.712920141449891,0.407048248783958,5
766,0.739452121512547,0.67633195466294,0.400211403797889,4
914,0.7315556194272,0.679727509177249,0.407860461667298,4
1174,0.729711243118376,0.650453504585776,0.39559026300063,6
1278,0.74376499748698,0.645605477760465,0.409390677419954,6
126,0.0897877686657012,0.976623541442677,0.667514725588262,0
1210,0.732225562913272,0.646960689411376,0.410214242732059,6
261,0.342893612724729,0.289978008647449,0.351015409850515,1
1023,0.731782806434753,0.715170617520291,0.407796990803288,5
714,0.316773162072059,0.323339388635941,0.620916095259599,3
1167,0.739248788493466,0.646952019206988,0.403323779757361,6
705,0.316395989260636,0.532926643895917,0.655922737135552,3
1002,0.734985549929359,0.710413706527596,0.401709888643938,5
195,0.344957873604726,0.498926237854175,0.662647370877676,1
1258,0.73384580959077,0.653591622672542,0.409966776001028,6
1110,0.724691354227564,0.708414394380078,0.407810528809454,5
632,0.316746407514438,0.463907827204093,0.292873493791558,3
729,0.314917432470247,0.184390093944967,0.281248160800897,3
758,0.728151708577808,0.675226490244895,0.406788443326341,4
884,0.732938200744271,0.680960135667246,0.399192867109597,4
979,0.736922997558204,0.705408134425318,0.398658220592291,5
1241,0.731918403564741,0.645287603390287,0.401244805840242,6
757,0.733416732940905,0.67698475061006,0.398809076361071,4
695,0.314124664871488,0.584341311058961,0.627612378727645,3
674,0.313074572186451,0.598332053562626,0.330001914105378,3
855,0.725178833269304,0.67989807813184,0.399813959098498,4
1227,0.734263518806772,0.652555295137493,0.407638659943809,6
665,0.309081110977568,0.175726502831094,0.284786428604275,3
63,0.33907361747697,0.0578192460816354,0.408381934277713,0
879,0.726034920259056,0.679404497870149,0.401800269914115,4
517,0.374798612266313,0.277637439942919,0.570683902408928,2
11,0.881862177280709,0.808721417794004,0.615393298212439,0
646,0.308139046446886,0.469739508628845,0.526676447177306,3
1005,0.733542453551551,0.715569203242326,0.404192556740434,5
44,0.363371300743893,0.516008634585887,0.508158318931237,0
495,0.373812067816034,0.558417168376036,0.353919886564836,2
993,0.731010635050609,0.707154380587685,0.399613071002761,5
1117,0.739785290765802,0.702249824127171,0.40114377144022,5
445,0.369637241056189,0.497805209760554,0.503351619048044,2
400,0.371249048770405,0.344195853499696,0.42047413000837,2
723,0.307536066980101,0.45280294730328,0.475579544948414,3
364,0.370315430802293,0.173341741133481,0.330890174070373,2
1283,0.73339087146571,0.644877718724592,0.406664709064056,6
541,0.312672192302998,0.32746661552228,0.379569871164858,3
1024,0.736269274140568,0.703424066083039,0.40463222769442,5
465,0.373269614886958,0.262218817649409,0.689685827866197,2
1266,0.723049227925353,0.647034431335625,0.406386218692142,6
156,0.342499414628837,0.581206124438904,0.455125174648129,1
742,0.72977806103532,0.680621262587432,0.39742880512281,4
1076,0.727109589240138,0.709085498073022,0.401317519717395,5
589,0.314534084992483,0.327303419518285,0.623998005106114,3
233,0.341545909764245,0.645054865209386,0.664936548727565,1
1328,0.741104491099869,0.655508628899772,0.407733674973153,6
143,0.34382829566719,0.488909300928935,0.32796461652033,1
1179,0.734031603321415,0.651674600502036,0.411220008062554,6
775,0.727632296511394,0.681831833964321,0.412568118511631,4
483,0.374926170127001,0.344172814441845,0.252441956475377,2
1142,0.7439009964025,0.647637099765912,0.408056659065091,6
794,0.731748375478479,0.671617369672436,0.399302011811274,4
383,0.368689511578996,0.614448288152926,0.266910523688421,2
878,0.730376011263302,0.680810430415679,0.402362040971577,4
601,0.310485489044804,0.403816088847816,0.720223802304827,3
102,0.467039310140535,0.581485868664458,0.436200371710584,0
918,0.739226156283191,0.684534635687169,0.406734242064624,4
334,0.367652493098285,0.169172826386057,0.544446254428476,2
1230,0.727006033360857,0.653054521941162,0.395663118230596,6
821,0.732513076836754,0.677986797201693,0.403376897465592,4
1193,0.728055235936574,0.648106736989315,0.403840552598308,6
215,0.343751788651571,0.289702507015318,0.473735519149341,1
142,0.337427589283325,0.342408556188457,0.384151090215892,1
192,0.340270461903419,0.192334773065522,0.535635111201555,1
762,0.737648179550728,0.678220845990048,0.403985285962034,4
221,0.340791385767516,0.425440150825307,0.423098319023848,1
486,0.370886425334029,0.614216672652401,0.276332173659466,2
397,0.368088280633092,0.462266532983631,0.717924131941982,2
463,0.374155206040014,0.579226165940054,0.342875851248391,2
331,0.340896491925232,0.445311366394162,0.317474387516268,1
818,0.740637871638404,0.676615505805677,0.398918549255994,4
389,0.37683787942864,0.39221045775339,0.534317379863933,2
286,0.341930995329749,0.368711449019611,0.33525615085382,1
1285,0.734493746028387,0.650066279162991,0.413312690515561,6
402,0.372650698963553,0.331914445199072,0.349190390831791,2
238,0.342128814505413,0.261228764941916,0.597956767817959,1
909,0.735761443602082,0.6753551633393,0.406896025388146,4
737,0.723837403036769,0.671593253146934,0.399745344727867,4
1237,0.735091092460899,0.650835466664341,0.400761926302155,6
1304,0.721114997910231,0.656922155737756,0.409477731597556,6
336,0.377227608992252,0.537704148842022,0.442163024959154,2
343,0.376625772668049,0.195504987542518,0.695039741508663,2
642,0.316075989331584,0.637113616615534,0.575245040748268,3
806,0.730154743797697,0.671520059044491,0.409115674348436,4
1102,0.734971372062614,0.715930889454841,0.404934088719903,5
1270,0.724560361945267,0.648614042734545,0.4128126511545,6
330,0.344710267300252,0.563109956029803,0.343824107246473,1
648,0.317030035082717,0.245727047719993,0.283229478914291,3
344,0.374212693774607,0.549359838524833,0.271585823316127,2
596,0.315457574347966,0.15365740719717,0.341678198124282,3
172,0.340613589694258,0.490027835173532,0.574027133802883,1
558,0.313180332945194,0.544241192680784,0.546232215757482,3
1184,0.733028486692431,0.641645580688385,0.402473367184079,6
332,0.341554596782662,0.601898026233539,0.418302163179033,1
707,0.307532957859803,0.338702776865102,0.513064042828046,3
35,0.573653835104778,0.402082941727713,0.294058903353289,0
1128,0.728518594057305,0.715956224512538,0.412149796547204,5
1273,0.722475626808698,0.654297709080708,0.404494082794408,6
67,0.440847450401634,0.290200302610174,0.351151769980788,0
171,0.345215077977628,0.642786345491186,0.567634644499049,1
1318,0.725705726430561,0.651516008004628,0.405087179112632,6
784,0.722953815225639,0.683309559793492,0.403326750737918,4
891,0.739061714361049,0.683012821030763,0.413091061916048,4
895,0.737408343842184,0.672505743064589,0.405201014175333,4
1248,0.731023360499246,0.649645644762401,0.406990469808494,6
276,0.340720759094693,0.489359524846077,0.243877828516997,1
1303,0.73643537639756,0.648712535401045,0.394270292408029,6
119,0.950743852416053,0.534616086166352,0.0883559368085116,0
1284,0.737728396774588,0.651362920947643,0.414117852104804,6
1159,0.744763283898048,0.642551717986577,0.399124953069434,6
1058,0.725519527504483,0.718224734796067,0.410939688754884,5
651,0.316837986852042,0.495787627459504,0.500100545398891,3
1300,0.727124268814169,0.649324219018639,0.410091958217987,6
1107,0.73048006071316,0.706529081863567,0.408196371370627,5
1290,0.74072913478451,0.645385001445816,0.40474135614222,6
341,0.370705048297532,0.160466228891164,0.534320940775797,2
952,0.731262546040269,0.714835118259207,0.407500664028721,5
981,0.735809838265528,0.701553168755112,0.404376124799687,5
224,0.343162080883049,0.512395856715739,0.580303268088028,1
1177,0.731327814483114,0.659779786621878,0.401839769491448,6
545,0.316596633086447,0.268037159158848,0.484965872764587,3
1168,0.734428881859683,0.656334226785725,0.411975026235633,6
435,0.375055002323352,0.324035680433735,0.368082687654533,2
588,0.307484001489356,0.607368624699302,0.640940744942054,3
1301,0.730878549554042,0.659526756463981,0.403798712563651,6
431,0.368696080348454,0.615426115156151,0.568602584232576,2
118,0.938565819757059,0.200465477770194,0.738405984826386,0
1228,0.72702065572218,0.645057207635299,0.416138089732283,6
353,0.370561956949532,0.370081788324751,0.491600264492445,2
997,0.734800755846493,0.717778203230412,0.400104222604863,5
698,0.310653043012135,0.411654371931218,0.303624478913844,3
297,0.338896537572145,0.353766237897798,0.731297788838856,1
1268,0.733512290995478,0.652340749065014,0.407142556266794,6
243,0.33855583694065,0.356707439571619,0.69363209377043,1
239,0.338848933442496,0.558021221356466,0.395205607451499,1
614,0.307434848339763,0.412722686352208,0.64937528623268,3
384,0.376818409627304,0.357804790767841,0.493128072051331,2
381,0.367561970790848,0.622758513363078,0.701724677043967,2
1331,0.740763284243531,0.649244721678203,0.397526856305699,6
689,0.315175122898072,0.207396669359878,0.270833428646438,3
943,0.734711872142763,0.709295616307628,0.401438687600253,5
1265,0.723521370730504,0.649279920098083,0.400856019843857,6
1189,0.733282364742599,0.65296565742633,0.408718911936707,6
45,0.0359658859670162,0.044792631175369,0.473818368976936,0
1037,0.727834957644227,0.708500364412774,0.415164357954453,5
210,0.343560634646565,0.506169802439399,0.591515392810106,1
219,0.343529873990919,0.228240722487681,0.250294437562116,1
1256,0.735577725480977,0.649715273247262,0.415941859148923,6
491,0.368833956057206,0.343575270543806,0.452119663520716,2
1115,0.729632669032976,0.717517615087843,0.406747091845557,5
1252,0.729648794220627,0.658884837758818,0.4070199521564,6
291,0.342206341975834,0.209770270087756,0.655420707352459,1
405,0.368322938187048,0.586252754717134,0.275887559214607,2
101,0.374241377459839,0.178813939448446,0.750164243392646,0
876,0.727774858620923,0.686634863079189,0.394481225341813,4
1087,0.741000657164852,0.713807892368274,0.410640609204466,5
31,0.533045957563445,0.444038843968883,0.740791752003133,0
1165,0.728357521026474,0.642186704529528,0.39784104158537,6
645,0.316330799916759,0.204243540111929,0.469351366558112,3
324,0.342905525758397,0.151193533372134,0.42200644784607,1
732,0.314980781199411,0.27102846831549,0.689853178383783,3
627,0.314004463863093,0.526169268693775,0.630650331196375,3
1124,0.72924093102551,0.713477660760911,0.409382666418277,5
610,0.313665686387103,0.59454433915671,0.735871256142855,3
1221,0.738177681849409,0.654193009837157,0.415574342036814,6
640,0.315599263147451,0.39392923777923,0.639553362433799,3
104,0.425509683322161,0.698784842388704,0.0296221820171922,0
478,0.370517950544599,0.592217525979504,0.565547529770993,2
1188,0.733644596791196,0.656138943428295,0.396355413596761,6
890,0.734773258309769,0.683927584428341,0.409837546164208,4
850,0.726732947459476,0.680336408931511,0.401100119831277,4
1082,0.731748698949104,0.718583807773165,0.410616533675784,5
