562,0.775109682956245,0.680198092968203,0.620962706580758,1
1153,0.783016875252821,0.257573196285519,0.729877612065553,4
835,0.743001044150442,0.5413663870655,0.872807256132364,3
387,0.647853467846289,0.429228781489655,0.841335208388045,0
90,0.360042490530759,0.734334359876812,0.579041302669793,0
988,0.737767561250366,0.81435303427279,0.934110157145187,3
1457,0.787544567719743,0.233284274560893,0.74264749749808,6
1552,0.778399925788637,0.227520994696678,0.735127876657012,6
1009,0.777849315543785,0.261405438710445,0.739700211406894,4
1096,0.788777683331776,0.263826104794103,0.733687695703032,4
427,0.768617173747625,0.557860620459542,0.644387359567918,1
11,0.8544805503916,0.117098087444901,0.0972426978405565,0
1588,0.786831216457849,0.239518617405676,0.727521172962139,6
460,0.769851833027788,0.506293725827709,0.749000632856041,1
80,0.256511268438771,0.779510537162423,0.852633687667549,0
616,0.804921849330422,0.528896681638435,0.68350979774259,2
352,0.540919973049313,0.858977665193379,0.656816783826798,0
832,0.740245544447098,0.357894157315604,0.509334600134753,3
380,0.689228193368763,0.574396627023816,0.72734162863344,0
678,0.804548391578719,0.556845705630258,0.538663721596822,2
1364,0.786130528903887,0.287144176518797,0.733900812577839,5
54,0.435269902693108,0.579219923820347,0.328176197595894,0
971,0.742776159460191,0.42034825370647,0.484255421860144,3
174,0.227678736438975,0.082117811543867,0.86235586181283,0
1543,0.789746405442348,0.234274658252445,0.734411028078124,6
1199,0.781247578750153,0.270139570342161,0.73931638634284,4
672,0.797536412288901,0.472250713291578,0.576195548824035,2
445,0.768657998037525,0.769945450732485,0.470347989536822,1
929,0.742778943171725,0.34405824218411,0.624409034568816,3
639,0.804562728570309,0.693100873637013,0.57517949603498,2
727,0.806554183531553,0.719109909399413,0.738164951046929,2
532,0.767068680494558,0.763621434126981,0.77062046348583,1
199,0.788878221064806,0.329138526692986,0.791321272728965,0
19,0.0269533472601324,0.678242354420945,0.275758313480765,0
135,0.472312341909856,0.168687378754839,0.335732945008203,0
205,0.646425329614431,0.719911588355899,0.66778179584071,0
502,0.767915672792588,0.729833652172238,0.696568180061877,1
945,0.745407856910024,0.456055761338212,0.892217703233473,3
296,0.0489926752634346,0.740264625288546,0.311944190878421,0
41,0.468086321605369,0.107814492192119,0.313061300199479,0
586,0.773888239408843,0.540214229049161,0.699427926400676,1
201,0.733140537748113,0.825019943527877,0.598749378928915,0
1229,0.778075524928342,0.292052637635063,0.729615503756298,5
680,0.806850688622799,0.712662150990218,0.925045130378567,2
143,0.797811901429668,0.773177956463769,0.450902128126472,2
1521,0.784517448477416,0.22938841397087,0.733462075068039,6
39,0.343357793753967,0.684060746105388,0.801056814612821,0
1130,0.788158017374813,0.271832809267728,0.725867033164178,4
1284,0.791084860828988,0.284776504522661,0.732022528148414,5
166,0.843338006641716,0.79629534878768,0.750496738357469,0
1518,0.78392790935141,0.233241892838351,0.721557505457084,6
1139,0.788096954122403,0.258492630824852,0.730734132115878,4
206,0.709784486331046,0.308482891181484,0.593018365558237,0
6,0.773274767911062,0.534815139370039,0.674105128506199,1
1411,0.78520776894669,0.227438196430355,0.732906038366319,6
450,0.76991346959956,0.406610520347022,0.79619170720689,1
1136,0.777117309910517,0.260283557433082,0.732130563876316,4
947,0.74124698208645,0.81610586415045,0.86921086832881,3
1503,0.785134566295159,0.234614325696788,0.717656570566831,6
1540,0.781440096985668,0.23249050475286,0.730971713115435,6
416,0.770489982073195,0.468738563498482,0.801364424126223,1
476,0.767425437860657,0.756099640880711,0.590516294073314,1
676,0.803337635803037,0.397185707371682,0.542012663511559,2
1270,0.782163424782515,0.283448385277886,0.735647013818014,5
488,0.771972984275781,0.51908516001422,0.677248622826301,1
594,0.767919935660903,0.703757853619754,0.483238404686563,1
1508,0.782835903838297,0.239604123191693,0.728665624638421,6
481,0.770773315320257,0.378126200078987,0.864451100537553,1
1286,0.783949438083436,0.29389099107478,0.726317335821422,5
1353,0.784119864671715,0.295442209588652,0.733087920456538,5
736,0.797621928390581,0.48378033740446,0.85500084918458,2
646,0.798174844454043,0.563827974861488,0.780565910693258,2
259,0.353452576324344,0.367195866536349,0.602074595401064,0
345,0.314294286537915,0.680135178146884,0.296747624874115,0
1166,0.7790062388027,0.261475942253704,0.723931282829515,4
350,0.709487046580762,0.2533890013583,0.500098658725619,0
409,0.776740895477124,0.481233055493794,0.752405049814843,1
1590,0.793092058641474,0.226440851367991,0.735449255564519,6
120,0.21420925622806,0.356546687427908,0.830158739350736,0
1010,0.788610994925381,0.25576821568335,0.733648809471648,4
306,0.595256454311311,0.160582351731136,0.462477785535157,0
186,0.068287615198642,0.803499847650528,0.185599559219554,0
782,0.803942981041037,0.600674881623127,0.588495179382153,2
444,0.771608260516077,0.482680267211981,0.559978173882701,1
558,0.771997640801128,0.584766405890696,0.679936238168739,1
95,0.286373065784574,0.722606798633933,0.771707653533667,0
1361,0.785405127946976,0.292236315866073,0.73266992558126,5
85,0.126514280214906,0.0531313703395426,0.174332645954564,0
1212,0.796663593556456,0.289294424183929,0.71866364830076,5
1087,0.776375965162637,0.259544029104477,0.733110091705973,4
913,0.740769973837305,0.721527566574514,0.830958742718212,3
228,0.0457775169052184,0.306834999239072,0.805911812232807,0
1138,0.7880100990112,0.265603374626746,0.726215784118708,4
1215,0.789745871920899,0.293162731148529,0.729809580006235,5
725,0.804804900251329,0.678964745393023,0.615014813793823,2
471,0.772103535651695,0.668585567525588,0.903923206916079,1
497,0.772068151156418,0.543330156151205,0.827532367734239,1
477,0.772899882174097,0.728726951195859,0.670687193819322,1
168,0.148245943244547,0.783284858800471,0.0570815345272422,0
327,0.0538594489917159,0.215813990915194,0.619079080410302,0
853,0.743307552912738,0.764476397912949,0.520262347720563,3
1316,0.781535546840944,0.284995765479942,0.738217910189284,5
1244,0.788140190607724,0.294038166131748,0.738415366185002,5
1408,0.780867675106689,0.236440708381278,0.730848472651797,6
17,0.750322811771184,0.539142608176917,0.799427564255893,0
188,0.178077619057149,0.509030416142195,0.0716285170055926,0
1387,0.788675874598298,0.290461136185473,0.72939433301856,5
1186,0.792141183081071,0.265023947977165,0.722133395783295,4
578,0.775027913998347,0.7129064244451,0.772452491638251,1
44,0.367064284859225,0.351119918050244,0.617602909682319,0
1331,0.782610303774694,0.293013817165331,0.730662924331674,5
956,0.737770192536991,0.700715686334297,0.854099801462144,3
700,0.800969596179202,0.456844422989525,0.681761279772036,2
14,0.200424869777635,0.790428013773635,0.273689278867096,0
1578,0.785352729936961,0.232870167101364,0.732858688574627,6
376,0.310766485752538,0.0531015733722597,0.496258117491379,0
1301,0.792910192886282,0.283309153207481,0.736472695108685,5
200,0.868513352936134,0.229587783338502,0.0454383580945432,0
878,0.738291601757519,0.336044452176429,0.536910971812904,3
1471,0.781150145428927,0.230064850068096,0.738079332136428,6
790,0.803591314246878,0.513965624989942,0.876746127335355,2
1220,0.793946795512798,0.283392795863861,0.733812704511615,5
421,0.771940442745108,0.752074906975031,0.536374644446187,1
918,0.741196923064999,0.591643795627169,0.898046339699067,3
1271,0.788844503430701,0.290286883362429,0.737241663875803,5
71,0.384453467326239,0.603667195653543,0.24501617369242,0
202,0.354383213911206,0.441253090742975,0.29726549051702,0
1193,0.792937337436901,0.262363937937191,0.736348588407377,4
967,0.739037854331546,0.695584967755713,0.924274507863447,3
282,0.409488573670387,0.477279957383871,0.498319701291621,0
1523,0.783002339252151,0.237137845666132,0.724650296462983,6
518,0.771821818824392,0.504165382264182,0.771521836705506,1
1142,0.784026493015051,0.258561646894224,0.726207494374923,4
1260,0.782391548186057,0.290494695380903,0.738379100456067,5
536,0.773356054660399,0.490113889006898,0.684794406360015,1
401,0.775129231750034,0.731664541899227,0.672352817794308,1
431,0.77003448041156,0.744296119804494,0.746930990321562,1
193,0.509884072700515,0.0562535065691918,0.711741696344689,0
74,0.931690511992201,0.734044984914362,0.732017845846713,0
665,0.806771287794691,0.522365435748361,0.456630956451409,2
1355,0.794161803040984,0.298010826252045,0.735260340274682,5
1074,0.783924245488968,0.262710637532583,0.736825216097327,4
1079,0.781546112063787,0.244305987698601,0.726341099237505,4
781,0.804264318607748,0.684095249534585,0.861549838050269,2
1161,0.78587499024253,0.26511511276432,0.725547910091713,4
214,0.799742554314435,0.315852839732543,0.813688850961626,0
559,0.769785265335813,0.709828565968201,0.498638107860461,1
1106,0.781771741007648,0.259987581164429,0.732446382517782,4
615,0.800068216181826,0.797061565704644,0.588946310407482,2
1089,0.787440920658579,0.259657867468723,0.732509240654538,4
115,0.749788547400385,0.239462527213618,0.573951931204647,0
88,0.968404260696843,0.446864077122882,0.653274280717596,0
921,0.74515789707657,0.656232984177768,0.814004128985107,3
1516,0.788576252054013,0.231106200931216,0.719512375822439,6
140,0.477919238852337,0.387116834055632,0.297361623495817,0
1593,0.789965883075961,0.22919302186539,0.740755912956278,6
1282,0.781758147456415,0.29195904573992,0.727822676344178,5
804,0.7410015963763,0.524966774415225,0.790485031390563,3
1437,0.794146169844021,0.245797080162548,0.737774356166422,6
969,0.742771507203579,0.643344488134608,0.923314169817604,3
845,0.74437401490286,0.755295851640403,0.851044075749815,3
165,0.712478772737086,0.325131280813366,0.861519015859812,0
1140,0.786037188035274,0.256068614456394,0.729733855202962,4
1075,0.78607448437898,0.260699590943193,0.736270479770722,4
681,0.800616734675132,0.711070253420621,0.453769040014595,2
879,0.746698558758944,0.731822717841715,0.575703230174258,3
1511,0.78007623370395,0.233694542503081,0.733022075382142,6
49,0.596339790150523,0.0112215057015419,0.917636315338314,0
944,0.74516473523574,0.559636480081827,0.627810705523007,3
1322,0.791143100417711,0.293132574084906,0.729775303224197,5
15,0.915995761984959,0.617892460897565,0.864512906642631,0
465,0.772950709529687,0.590522481268272,0.496026716614142,1
136,0.987576508428901,0.251606344943866,0.135671420954168,0
1488,0.782736120191689,0.230144003103618,0.728981056305422,6
563,0.769680898236111,0.718906447896734,0.937363782618195,1
398,0.0473265904001892,0.562074211193249,0.880736444378272,0
882,0.74410748211667,0.525672802142799,0.844766527600586,3
1259,0.792421228101194,0.30265536189209,0.732756845714294,5
795,0.80083448613761,0.758370511722751,0.669491033488885,2
1145,0.785642670131777,0.267882597925815,0.742466957744185,4
187,0.848453892627731,0.377026835689321,0.885864143958315,0
513,0.772299618287943,0.323040240583941,0.590240625618026,1
1485,0.795395960772694,0.235924602104272,0.73134666748269,6
1522,0.790015515735567,0.226712836757848,0.729859758471803,6
1218,0.796085803171331,0.284411862409651,0.72159902893706,5
185,0.816871862392873,0.0816807344090194,0.220563850132748,0
812,0.739022753806785,0.370648121833801,0.800196991371922,3
863,0.745978731187061,0.642638703715056,0.585611673025414,3
1053,0.785354585864011,0.268389856605583,0.728923648504177,4
1314,0.779570451085076,0.293985633603813,0.735728515253115,5
1003,0.775402507564768,0.259998649489461,0.740238934371705,4
78,0.411085624247789,0.978189653716981,0.852259184001014,0
1127,0.789962812540997,0.261739237153076,0.724338803583427,4
1021,0.787878248456172,0.261148769732684,0.734072572020099,4
1446,0.792959939677746,0.235726488080989,0.729725206218316,6
1123,0.779271242399205,0.255962504105041,0.72953785809653,4
870,0.74150303022936,0.359423036361113,0.596954078483395,3
84,0.41010008007288,0.654991824645549,0.817632987629622,0
703,0.801348631186411,0.684611358703114,0.888418172905222,2
728,0.800069903500844,0.507528771320358,0.810639575542882,2
379,0.871129884617403,0.387364145601168,0.0921878865920007,0
141,0.77467063604854,0.994439780944958,0.809804876334965,0
1405,0.784640479125467,0.231641504045989,0.732590796513139,6
850,0.743671702602878,0.458075227006339,0.458434921642765,3
1006,0.785432818106564,0.264589967804151,0.731060751133091,4
588,0.774887866249774,0.81478937251959,0.817593870521523,1
1486,0.78983654516683,0.228790616356731,0.730995313911282,6
1056,0.790159042333064,0.265208043029645,0.72622152731496,4
1311,0.774057858051946,0.292382052028036,0.733860315186258,5
719,0.804918185146526,0.618531766254455,0.754036233248189,2
440,0.773598294404801,0.500453795329668,0.948637202568352,1
489,0.771746265341062,0.606973979878239,0.487581590027548,1
424,0.76917391150957,0.772359246294946,0.932601885474287,1
934,0.743894147796091,0.454317985707894,0.703993107960559,3
970,0.746148888370954,0.362762203696184,0.778766695829108,3
155,0.439077994320542,0.246161286719143,0.0824294786434621,0
1137,0.779380100060162,0.268013841567691,0.733050710855901,4
269,0.0707602768670768,0.513107605045661,0.543725844705477,0
733,0.80452650308609,0.746082396619022,0.915373136126436,2
1548,0.787419209242597,0.232236652698087,0.730363575450314,6
576,0.767260184949264,0.516956440079957,0.500030352687463,1
1112,0.789164384405391,0.261315274018359,0.735451200681362,4
320,0.865298718214035,0.69426122517325,0.660960901528597,0
784,0.806256129273679,0.503128029196523,0.557065043668263,2
688,0.804095802146476,0.636067894892767,0.657120026601479,2
1093,0.78227510265535,0.259135338843499,0.732127364797998,4
1325,0.789599959949657,0.293449019012605,0.731206211721279,5
138,0.51493905344978,0.807065443368629,0.832613443024457,0
277,0.369330761721358,0.856903283158317,0.714744897792116,0
1573,0.783499275965366,0.231881956025665,0.716419931660406,6
1597,0.78720752521239,0.230592683719664,0.724999137364522,6
208,0.906790485139936,0.5884784986265,0.293375114677474,0
671,0.801903181825765,0.768946459540166,0.717394208372571,2
253,0.662123649613932,0.592659992631525,0.650065610650927,0
568,0.770196182606742,0.380814290163107,0.87726024358999,1
313,0.157516604289412,0.212998771341518,0.865559620782733,0
848,0.739942413221579,0.713406661432237,0.636998842889443,3
753,0.805434660569299,0.729742819000967,0.573033649777062,2
941,0.746583084205631,0.619097345764749,0.682829967653379,3
1115,0.781925854175549,0.266139753237752,0.728724977183527,4
1451,0.783385209763817,0.225741028412212,0.734178746608335,6
1219,0.782850406953081,0.289022301785086,0.732973754329186,5
1236,0.786749413151854,0.294850309617267,0.730072503683228,5
301,0.212408289778978,0.935650101164356,0.363712672144175,0
950,0.743242366192863,0.800025765574537,0.556400954211131,3
874,0.745230228824075,0.65963375326246,0.582606441294774,3
1092,0.789819881530864,0.260308406434411,0.735387945582523,4
560,0.770864457974676,0.704488743119873,0.934815358091146,1
1473,0.78353302439123,0.232894418162499,0.727750420266471,6
1542,0.782742338893532,0.233966636187545,0.734719941862494,6
1023,0.778281741270589,0.264110061071527,0.724795469488369,4
1076,0.789964574400202,0.267666103067206,0.723329822702696,4
539,0.772424902883358,0.424458653223701,0.791873927065171,1
196,0.0257694877218455,0.899295848561451,0.795973412459716,0
1291,0.781428901599473,0.290876693818502,0.729727998171041,5
1544,0.784351102267202,0.229901821251412,0.727935161837673,6
104,0.5256576850079,0.207494415808469,0.588527055690065,0
1440,0.77595604447695,0.23454575198327,0.725982919352282,6
666,0.803178102413658,0.533192871860229,0.626693667215295,2
867,0.744404125453439,0.604270544275642,0.823465397418477,3
309,0.854397662449628,0.383205984253436,0.714882481610402,0
1586,0.784058550417896,0.221363981156445,0.730871466884332,6
316,0.997820364776999,0.259952913504094,0.556821948150173,0
1477,0.782729633271057,0.227024710610432,0.733944652809669,6
1211,0.781443492466937,0.289272721442561,0.728753426095661,5
1476,0.784407539202016,0.228525563229908,0.732368030673687,6
523,0.770199880686123,0.815559917734936,0.792181841749698,1
1479,0.776986692370728,0.235983346823435,0.726376800372625,6
1393,0.786112470031429,0.289021119426145,0.732773917737054,5
803,0.743045676569455,0.703186295717023,0.64540413657669,3
529,0.771996420400683,0.568345654429868,0.576116702356376,1
849,0.737047706148587,0.799980303179473,0.915423341398127,3
601,0.80134200645145,0.681024028360844,0.888557595969178,2
645,0.805664442055859,0.336272177076899,0.665267119719647,2
1265,0.78155839771634,0.287186259648193,0.731809245239541,5
636,0.801167628311087,0.57220443666447,0.851734777749516,2
1483,0.785310006846018,0.219385168754447,0.731701310976884,6
210,0.507522034691647,0.272988258395344,0.436221908312291,0
522,0.769370701562148,0.810868326365016,0.795646079070866,1
43,0.670289424015209,0.132042098557577,0.133473317371681,0
448,0.774129607225768,0.657886668015272,0.769099846668541,1
1184,0.784217455239432,0.258819168012957,0.72917901617382,4
1013,0.785208559295604,0.269377712469742,0.729037056536917,4
1532,0.783304905068872,0.223069277916867,0.739249962079367,6
1158,0.7846598416184,0.25331155636113,0.730202110523819,4
1400,0.778434717652248,0.293233772778605,0.734697690384989,5
895,0.742908509315457,0.786660964856856,0.481558814249001,3
451,0.77312290366739,0.623627544753254,0.725092905177735,1
1524,0.783771821126066,0.232307820170419,0.732985439504636,6
623,0.80206643027952,0.334518361627124,0.721812288812362,2
284,0.627129627391696,0.423764466773719,0.253557487390935,0
959,0.746293287952431,0.342163550690748,0.490335624734871,3
612,0.803973852316849,0.801537403278053,0.48336083937902,2
617,0.804939535998274,0.78002552667167,0.837927473895252,2
1033,0.785670973556296,0.25451517345499,0.726009498475205,4
614,0.799376410958357,0.322415906144306,0.476898029516451,2
611,0.801977479783818,0.456613401556388,0.627017011470161,2
1493,0.78717443869667,0.23679269123178,0.737576523166716,6
370,0.0753034681547433,0.293417884269729,0.297062949277461,0
238,0.54902436491102,0.941929426277056,0.789486624533311,0
1164,0.794742918484458,0.262266902853067,0.723243417126649,4
890,0.742501914547756,0.80489702001214,0.772825636272319,3
484,0.768607828530949,0.320084063126706,0.651529928273521,1
1391,0.779905669476501,0.293935954934585,0.718237861858787,5
1579,0.785250306302425,0.221763182799125,0.728186223816283,6
1504,0.785334966711792,0.225626326196994,0.727760258626066,6
374,0.41055010445416,0.831810174044222,0.287196515360847,0
501,0.76936956841033,0.488711451087147,0.678772039664909,1
655,0.803382658108603,0.594677270180546,0.847574121970683,2
1310,0.789706814803343,0.287718169401553,0.728419415382422,5
1534,0.783227861296357,0.227275880918626,0.722344528993616,6
129,0.580034865997732,0.614340213127434,0.533595607848838,0
1318,0.787148940141467,0.286098890347797,0.724691729277169,5
880,0.743477123640478,0.376112172403373,0.490705661778338,3
1165,0.782516500792858,0.254141684056023,0.729528410404887,4
324,0.880128926830366,0.675444644875824,0.763492911122739,0
1494,0.79055861871944,0.227567382291772,0.724110462120024,6
1497,0.779310470152221,0.234201531081128,0.737803600243101,6
436,0.772387204275001,0.461943776137196,0.800040808459744,1
30,0.423310858663172,0.421428192406893,0.770859108073637,0
1553,0.781822083690365,0.235561102874945,0.733708066311432,6
1399,0.788772343207726,0.292856060302931,0.732410288709127,5
479,0.775337570442353,0.563720920379274,0.455852064606734,1
246,0.616175766568631,0.0443859328515828,0.198904574848711,0
940,0.745815287656151,0.669521910278127,0.528106299531646,3
1433,0.787266198690287,0.23612558366564,0.731533437836228,6
1041,0.795076292719162,0.266227264929323,0.734834518675294,4
978,0.744448886576574,0.770110949780792,0.864780698739924,3
805,0.743917446942069,0.439368120534346,0.682676688139327,3
435,0.774304580586031,0.710876091872342,0.83585357114207,1
286,0.274533985415474,0.809626016300172,0.261609622975811,0
1384,0.791210238022949,0.293253545058151,0.724570223724368,5
1492,0.776914979981082,0.234193727554247,0.726168919455636,6
473,0.772435020431876,0.748431760724634,0.713349762442522,1
219,0.192322475835681,0.804326598066837,0.85537936957553,0
1549,0.795832407380678,0.23340340122635,0.729454608974163,6
1011,0.786732094620871,0.266496815323833,0.728088489915895,4
999,0.746520110419951,0.377874464984052,0.781360615347512,3
283,0.50715355318971,0.893680696841329,0.953176176873967,0
1419,0.794560535168051,0.240580787603399,0.728109835473443,6
1264,0.789247542044808,0.292335334679351,0.730866236674634,5
437,0.769140892117284,0.558965928177349,0.645443372265436,1
1421,0.7909261715032,0.221407288632645,0.731583404335101,6
1589,0.785514922426031,0.22754902865466,0.726239623236418,6
1202,0.781138174847838,0.294190098798742,0.726435104741944,5
980,0.740485808169469,0.451563841570169,0.761899005691521,3
860,0.745068167452701,0.474700108426623,0.934173977887258,3
587,0.774347955056001,0.329122566292062,0.828927998035215,1
922,0.745293458767701,0.523481830395758,0.873433047044091,3
117,0.836183303035796,0.299566197674721,0.100265803514048,0
1293,0.791102386243892,0.292721772222511,0.733077589365395,5
814,0.738931238627993,0.60676131574437,0.826707053999417,3
1564,0.783401194478953,0.239245844374448,0.731527863601573,6
555,0.770331618157216,0.328993208147585,0.753829234465957,1
266,0.189764888491482,0.622716470388696,0.892398386029527,0
396,0.167830997379497,0.709374186117202,0.496301949955523,0
1304,0.792466950371316,0.289085362781093,0.72923604429343,5
173,0.54701701970771,0.0751449959352612,0.947164945537224,0
1328,0.788122499437228,0.287350216966249,0.71832850889113,5
995,0.738838682465721,0.543743422394618,0.641109052766115,3
1376,0.779396196770865,0.30120321473098,0.737849606049757,5
924,0.743030546773225,0.492216760315932,0.852013729233295,3
225,0.858858919236809,0.00687456573359668,0.237292729085311,0
1178,0.791418413996279,0.263043241494507,0.734074155706217,4
643,0.803879605757538,0.473576228856109,0.83267096390482,2
425,0.773710448639467,0.434825809346512,0.641156578855589,1
1094,0.783329898419479,0.271387009434667,0.731366067415841,4
250,0.796946697635576,0.829661098076031,0.451287264702842,0
1247,0.781819165138842,0.287888301835214,0.730074033561115,5
1429,0.787679828998555,0.228472861060269,0.734456510870727,6
1565,0.785500385094757,0.232202599589382,0.732225164882308,6
1510,0.785802271541931,0.230171806818769,0.729638484587361,6
547,0.768409665164072,0.488561808038503,0.754994051717222,1
686,0.799157848306932,0.745007328363136,0.510261925240047,2
1181,0.779491910802492,0.257361565376774,0.726486281654642,4
1103,0.790327058242234,0.265094332276568,0.728816841110382,4
1090,0.785741497406201,0.259146257204266,0.732011107471418,4
362,0.139291271567345,0.893230049638078,0.374350460246205,0
833,0.738916399364825,0.693003760091961,0.670476296287961,3
763,0.799766476675868,0.64415015084669,0.811448036180809,2
682,0.799306247972418,0.350889251939952,0.55970972457435,2
322,0.805273020640016,0.59561819001101,0.126698019448668,0
217,0.0113514051772654,0.721602776320651,0.158120079897344,0
1319,0.7805450645239,0.284533359723391,0.736336137511719,5
1412,0.7791071268483,0.232025426446323,0.721517923406045,6
486,0.768225729954429,0.770034246868454,0.869969034055248,1
1428,0.782141817467386,0.22960666419036,0.729070671854101,6
710,0.798760275426321,0.761008877796121,0.772998200915754,2
1595,0.779510940981121,0.232383530741068,0.733985453394148,6
1545,0.795163505810044,0.228748362401676,0.726091390593852,6
273,0.622591786552221,0.316750658443198,0.58825273392722,0
1396,0.793153567072044,0.292020374176293,0.719480701846417,5
771,0.798858610920143,0.475489906058647,0.943448368296959,2
1425,0.775722596469664,0.22776859111319,0.729776534913561,6
1509,0.787091898280387,0.224165015283987,0.730865872833383,6
769,0.806116709965281,0.506578122870997,0.840421362034977,2
743,0.801017553051934,0.356284804781899,0.89302087360993,2
1466,0.780467128019975,0.230334316282449,0.726810847070568,6
1195,0.782778107813695,0.257313047460029,0.731860376599529,4
869,0.746357465698384,0.573655581707135,0.626356172561646,3
295,0.349202729295939,0.339096117764711,0.828657776815817,0
758,0.803460848163813,0.459742242493667,0.591957259061746,2
132,0.106456005014479,0.013755043502897,0.995170794660226,0
197,0.0594160545151681,0.618443233892322,0.891832046909258,0
1292,0.782510581527657,0.294198525409745,0.727153437535475,5
1596,0.780287249131086,0.233213173568885,0.736823587244363,6
47,0.779814466368407,0.102503134869039,0.683326745638624,0
1367,0.786188009791126,0.291623400437886,0.734426176924234,5
1125,0.793311729538412,0.252539786320619,0.737232373980418,4
787,0.798837651046925,0.652069857018069,0.68328421220649,2
1491,0.792195482649022,0.226651699062277,0.726789597183053,6
1232,0.794685286376318,0.292567918166472,0.731153120327336,5
1464,0.791925184239667,0.224666655527262,0.732310030987507,6
37,0.9832422810141,0.304220603546128,0.388447076780722,0
905,0.739798677233048,0.80599110762123,0.542914897273295,3
1462,0.778907962146327,0.232813105361674,0.724982752441727,6
933,0.737301511494443,0.647048805863597,0.933900055778213,3
740,0.798166304568295,0.721539918123745,0.894737511593849,2
317,0.345821188529953,0.808978956192732,0.908774002455175,0
1467,0.788753294547253,0.23587839065044,0.729396113035156,6
146,0.285761345876381,0.641556879505515,0.376353493425995,0
1582,0.791900485032542,0.229217892712759,0.735074250084296,6
1049,0.78414207728592,0.268900848745364,0.728836420448817,4
1424,0.788591444385307,0.240442866819517,0.738604898859904,6
498,0.772696005636826,0.793161309813149,0.453445453499444,1
108,0.376756398938596,0.225158182904124,0.952366496436298,0
1064,0.782975557670227,0.264947057360934,0.726584405524449,4
1480,0.782934367354205,0.237803699211177,0.73562176544988,6
510,0.772078560227528,0.622634564782493,0.711214218009263,1
215,0.471368237864226,0.224091494921595,0.679904636926949,0
1454,0.789104619232766,0.228408168486184,0.731096779419867,6
263,0.77574645774439,0.771156042115763,0.375200257403776,0
548,0.774007556086872,0.350561079359613,0.845745290233754,1
33,0.874582923250273,0.0747859056573361,0.122130314819515,0
757,0.800912691887934,0.737306919437833,0.831492368783802,2
960,0.73906203786144,0.376930063264445,0.707813403056935,3
1175,0.786092200094283,0.263056284672727,0.722990765279228,4
1472,0.786801504310464,0.231223929765827,0.73183580812307,6
1180,0.783974304632067,0.259429318669824,0.728455864317461,4
182,0.945645343046635,0.121147301979363,0.401247978908941,0
1442,0.776333655424524,0.225338398686659,0.73212535462934,6
1381,0.789022288233283,0.286124838450986,0.729398437916018,5
458,0.776256351764314,0.363001804123633,0.88445647417102,1
1238,0.791520909414846,0.290766790923408,0.72415851427741,5
393,0.230844409670681,0.211254870984703,0.444813459645957,0
585,0.767779774523806,0.548739863466472,0.857029603049159,1
1340,0.788228738326455,0.279847428569342,0.738433394163898,5
767,0.806957650869154,0.395375885558315,0.67619643821381,2
1538,0.779867438321112,0.23183745189239,0.725290502236438,6
403,0.771915119371843,0.516698142304085,0.843588301865384,1
1336,0.782216922873051,0.286676818835101,0.729918624092689,5
735,0.79946095174877,0.530096351890825,0.456070850556716,2
1418,0.788040805452384,0.227071767560681,0.728736598553448,6
986,0.740556197599508,0.489120597508736,0.67473313708324,3
124,0.972718813223764,0.525443310383707,0.516906226985157,0
1239,0.773621847332824,0.286015914334792,0.737275735272391,5
579,0.771997296633199,0.80660465664696,0.823017877829261,1
25,0.0917063190136105,0.442685974063352,0.897361759794876,0
1338,0.786027331709289,0.28647612763195,0.739875539238419,5
227,0.528392351232469,0.832182064419612,0.614618936320767,0
300,0.24402383249253,0.353337830631062,0.750928248977289,0
954,0.739241445723456,0.330345510761254,0.787094975775108,3
515,0.772642571851611,0.463412093836814,0.799180933227763,1
58,0.448049173457548,0.887183093000203,0.538413892034441,0
840,0.743329303492792,0.744129791180603,0.60691913026385,3
512,0.767655319268815,0.433167335600592,0.538336270209402,1
20,0.70935943769291,0.773964632069692,0.0800987540278584,0
45,0.802185430191457,0.321589814964682,0.177728980779648,0
1501,0.787509904503642,0.234446625944979,0.723015361623052,6
598,0.770590943016578,0.3617119748611,0.535856565530412,1
747,0.801791005309206,0.722803754173219,0.66296318389941,2
582,0.768185614510439,0.455098942061886,0.508944460842758,1
1449,0.791305508387265,0.231381602678283,0.731298874312819,6
91,0.192783238133416,0.153125287266448,0.474504301324487,0
731,0.802755274672527,0.73558795535937,0.714934078464285,2
1289,0.784355628093656,0.292996531112345,0.731900645149482,5
260,0.305536576081067,0.414016342489049,0.970122649334371,0
1558,0.778268835464337,0.22664879961344,0.729261965731729,6
1283,0.795724463134789,0.295047008745276,0.722588020357019,5
1279,0.784147872148264,0.291600516931511,0.731823877818354,5
493,0.76918789876625,0.614404091867618,0.545693871402182,1
1512,0.788906169555348,0.232518960119961,0.72111008071812,6
738,0.802274427404627,0.728907586913556,0.466421802481636,2
855,0.739216943960637,0.771539454488084,0.670511719374917,3
1000,0.745206501749344,0.534817235567607,0.584367928514257,3
1342,0.78718159063764,0.288742583326024,0.728424548377261,5
293,0.966240832116455,0.0223365565761924,0.428532209480181,0
570,0.769115427692887,0.739210933935829,0.862472397112288,1
287,0.238719947868958,0.418483912246302,0.0472499164752662,0
249,0.137354181613773,0.362893313635141,0.251925694057718,0
1368,0.792478125927238,0.293603918633787,0.732602146280402,5
627,0.804654987370595,0.509186832956039,0.84694091656711,2
385,0.216819018358365,0.2237727525644,0.927153868833557,0
1109,0.77993591034653,0.259645080845925,0.729876023048307,4
183,0.847324136644602,0.695221951697022,0.275677518453449,0
1447,0.791280489739529,0.232844009466556,0.727290048723556,6
1468,0.786834933247656,0.230732206218094,0.734344784280482,6
592,0.773165453984402,0.63286186826881,0.521909570158459,1
858,0.744937074270565,0.337390435999259,0.497515687556006,3
1536,0.788875368312282,0.230544200518581,0.720713269813916,6
1438,0.78802593506445,0.229281707223193,0.737902384634663,6
223,0.597704306477681,0.326635754900053,0.850728231482208,0
1148,0.780088777977546,0.25813760307358,0.74046726509993,4
1382,0.782451142008001,0.291349802356269,0.727370553363506,5
1263,0.795605515817875,0.291786623306547,0.717085224074396,5
931,0.741152955680154,0.466501471144147,0.598968845163472,3
979,0.74249766850844,0.550702752103098,0.841675831773318,3
961,0.746785216694698,0.468625656119548,0.496698629762977,3
1562,0.783653334677952,0.23055648276144,0.73374804690746,6
55,0.439044846454635,0.0309187616221607,0.858939354773611,0
195,0.363012399058789,0.064004248008132,0.61293378402479,0
660,0.804515049222391,0.319063705997542,0.595292967814021,2
315,0.504778450820595,0.505004626931623,0.96855994942598,0
1185,0.784430445758401,0.254786981967799,0.736539041852619,4
1124,0.782319956367716,0.267914944560119,0.732386290737229,4
659,0.803390629040078,0.804506984096952,0.651446591550484,2
158,0.957424900727347,0.903863919200376,0.501772698014975,0
1104,0.777238862571731,0.263739036795841,0.730829469966249,4
1078,0.790014087392613,0.25842867927958,0.725010969329823,4
207,0.233751360559836,0.887099214829504,0.48084718757309,0
1559,0.782595506542648,0.225477138663765,0.729390869494309,6
1237,0.78360371388484,0.287378795409457,0.723913750114817,5
1432,0.781856187605587,0.222448164333574,0.727492835133863,6
388,0.0210610232315958,0.387833178741857,0.287745202193037,0
1172,0.792713165071379,0.26342995867525,0.73067285367434,4
926,0.744316722499207,0.81409034752287,0.710923319170252,3
566,0.767294775149785,0.683604000043124,0.803657999797724,1
330,0.2171413928736,0.768615139415488,0.399137545609847,0
408,0.770520442938432,0.56840556897223,0.477648716024123,1
76,0.172289000824094,0.959421894978732,0.506293675629422,0
13,0.366062371060252,0.329129557358101,0.110434801550582,0
599,0.768878526545596,0.717844961234368,0.709719916409813,1
641,0.802919022717979,0.537302960664965,0.523296048119664,2
605,0.804681759888772,0.449669811548665,0.914270002231933,2
1192,0.785451573582678,0.260671513297212,0.73046194425968,4
1448,0.789731215606217,0.232859859776784,0.723716868694005,6
1091,0.790478001449561,0.266816165586758,0.729220093120623,4
113,0.651038534473628,0.178974489914253,0.140764472307637,0
1285,0.787146329498619,0.288589185609266,0.731899145256175,5
699,0.804844495740254,0.632846314250492,0.513314256398007,2
1554,0.786176126312451,0.23122193522606,0.738537340876901,6
904,0.746522112002131,0.818056247569621,0.481799665559083,3
16,0.661325824679807,0.309717401163653,0.0774062795098871,0
1507,0.786500475982494,0.223232264016063,0.726240401862046,6
462,0.767530662466306,0.409272957849316,0.872879187297076,1
687,0.801576124827843,0.349855929287151,0.711962180165574,2
145,0.0656582363881171,0.652914943173528,0.333557927049696,0
800,0.799216380505823,0.402420675288886,0.85862731882371,2
626,0.799722807256039,0.763884050329216,0.485348153929226,2
1086,0.790373070402005,0.267296853197774,0.721807090854597,4
1413,0.780979882731958,0.237532191552151,0.729152074147878,6
1207,0.785257093281115,0.293622649277793,0.735449909264774,5
1357,0.781909795283166,0.297036233190776,0.730506482404216,5
1372,0.781577380421075,0.293655163836019,0.729186954364792,5
42,0.359157452592626,0.806145281530917,0.104207615600899,0
783,0.797148122421932,0.57450136509724,0.639122341480106,2
342,0.390449600061402,0.814811287913471,0.127077279845253,0
649,0.799738909124863,0.36991033484228,0.904262832435779,2
231,0.619117505615577,0.835772502236068,0.781706192763522,0
920,0.740052960959729,0.692966506141238,0.618954360787757,3
299,0.179415431339294,0.225105970632285,0.327878900570795,0
679,0.804618841309566,0.79159160903655,0.476833672565408,2
1028,0.784609124892784,0.263975460162071,0.730479509215089,4
826,0.741518072921317,0.359792212513276,0.465843921829946,3
955,0.746045366425533,0.4229750986211,0.817016206635162,3
1204,0.782010580005024,0.285908699266348,0.724640483819061,5
663,0.802674324819818,0.620713823731057,0.690376155730337,2
1001,0.790329648810358,0.266649030200762,0.728471704423234,4
194,0.75353435636498,0.999346657423303,0.063531655119732,0
620,0.797974146956112,0.501299193152227,0.631335557159036,2
739,0.799321816454176,0.33618723358959,0.645114218071103,2
99,0.7671967681963,0.222155045485124,0.58662449172698,0
675,0.804543910941575,0.603343344549649,0.919681172189303,2
56,0.918135932646692,0.267778453184292,0.838773207971826,0
1397,0.787459693808023,0.292491035357163,0.7383601262068,5
338,0.45720639382489,0.955924839712679,0.122794985305518,0
1409,0.784644519412144,0.230905836360111,0.727623255195119,6
1231,0.781111540087938,0.288851046848394,0.720693640274531,5
732,0.80403871846851,0.709731268021278,0.740953240729868,2
1272,0.789469560824085,0.286564517523555,0.73126746516073,5
843,0.744235909865238,0.723534284997732,0.514366315631196,3
1055,0.791834050229387,0.272132643746239,0.738094163743684,4
325,0.975510980701074,0.968092164723203,0.894741376396269,0
572,0.77193841739092,0.803387048910372,0.592381162871607,1
1305,0.786604376769582,0.298895503169265,0.726600844760514,5
328,0.0556649025529623,0.172456713626161,0.379145507700741,0
807,0.737279802241828,0.35402066949755,0.938046729261987,3
1221,0.783443981409625,0.297620757945633,0.735283708831884,5
902,0.737960648990702,0.754096173588187,0.47582121794112,3
811,0.743106117767748,0.496292731049471,0.56706787920557,3
1203,0.791948774969583,0.287778063870789,0.724042992079905,5
73,0.77853217558004,0.930516085354611,0.674211780307814,0
1513,0.781867534504451,0.234577926902239,0.727868969439347,6
1213,0.783887256208043,0.297816733412263,0.736518630006766,5
1329,0.787832500637237,0.298866639375593,0.742065788186515,5
264,0.736448245821521,0.0500452569685876,0.100219534244388,0
1333,0.784810189215394,0.28935361933046,0.731386107494036,5
1312,0.779245117227442,0.286086507180122,0.73111459352781,5
508,0.771573996529915,0.513613485172391,0.823939951439388,1
1100,0.785061971824808,0.264509038359729,0.728828040935868,4
610,0.797585197431036,0.397468702308834,0.86222870934289,2
718,0.803803417806048,0.341725757485256,0.885834901197813,2
291,0.495606949320063,0.123573809396476,0.622969304211438,0
245,0.751888769678771,0.838532308116555,0.0915485599543899,0
1434,0.783881612269297,0.228418498975748,0.732344247440228,6
1531,0.791385598493838,0.234682110755205,0.73388043647188,6
1450,0.782440617414812,0.225274708743719,0.733854349158053,6
198,0.560301391175017,0.778404142474756,0.48193742800504,0
677,0.797087595160119,0.3694597246591,0.886676448117942,2
846,0.743842123176437,0.773939796164632,0.716638090158813,3
381,0.126035131746903,0.272707307944074,0.538647521752864,0
1160,0.778593125999406,0.261014960073308,0.733885138355027,4
303,0.805340902414173,0.215226663509384,0.469191854586825,0
1570,0.781143454640726,0.233939096840941,0.719684015040894,6
1176,0.788667030557915,0.263083686005787,0.730338194240766,4
1045,0.779495927585318,0.258741946671984,0.724100314337109,4
496,0.770861857798882,0.640781832067296,0.831683866749518,1
61,0.80226492905058,0.142082157544792,0.408460803097114,0
1026,0.774465875480783,0.261124022171357,0.723269005709054,4
151,0.111876861890778,0.930734199471772,0.192938110325485,0
103,0.679036292014644,0.812267488334328,0.583256735000759,0
793,0.804059829751495,0.377420995640569,0.614981920062564,2
1177,0.789473507365657,0.263591480905859,0.737479506688447,4
1134,0.786685034690948,0.271169561368217,0.736248398944991,4
1275,0.795157692652758,0.293063637169249,0.731829379966034,5
1535,0.780202651202401,0.210574093196113,0.740368846787927,6
1167,0.787585190814046,0.257029454038158,0.731870051011302,4
1417,0.783716758346193,0.233732714595811,0.723113924176924,6
35,0.311053160578012,0.240916420007125,0.931899761548266,0
828,0.738525577238761,0.544459941587411,0.824664244498126,3
630,0.804089824045077,0.40918453540653,0.594720364967361,2
1082,0.786725494188076,0.261134331310823,0.723494539099355,4
854,0.741417120029219,0.478676862223074,0.535598485101946,3
1343,0.780262154737701,0.296003673781865,0.732882265077294,5
764,0.805763387321495,0.583347608125769,0.478591443691403,2
1280,0.786249297870218,0.293158268718373,0.730381159898046,5
181,0.710395525209606,0.112764817429706,0.804160358617082,0
29,0.590936062391847,0.768325933488086,0.133298155851662,0
156,0.851724755950272,0.303499567089602,0.544882939197123,0
770,0.797343175841961,0.584947299351916,0.727268104394898,2
792,0.800674742164556,0.640032128803432,0.629453668557107,2
457,0.772956158092711,0.7190083718393,0.479642178001814,1
1248,0.783241484517151,0.294381872100237,0.729028076038759,5
909,0.740954678596463,0.562669905275107,0.831539308722131,3
658,0.804282006404828,0.513075731717981,0.488584667630494,2
899,0.739403543143999,0.420487400051206,0.478366026608273,3
222,0.991570963757113,0.943582739215344,0.570431004976854,0
364,0.667891807621345,0.0391943822614849,0.147334804292768,0
1258,0.777527821853903,0.293365565367228,0.732931625125134,5
1321,0.784944958845902,0.293182745754485,0.728222019762852,5
148,0.137679970823228,0.943497432395816,0.422119174851105,0
937,0.744828284126707,0.447944456967525,0.679433931433596,3
1063,0.790633563729654,0.256512572031561,0.745958425892504,4
791,0.80667593137594,0.495859925891273,0.767170272488147,2
1498,0.78360736636002,0.224247262023652,0.729105191854006,6
724,0.797079076226801,0.360026055155322,0.756206354079768,2
461,0.772332138817292,0.377710920316167,0.852826972445473,1
705,0.797328605663497,0.625725454208441,0.755522064818069,2
384,0.6849536371883,0.842073561158031,0.923758038086817,0
802,0.744817461331841,0.442348068254069,0.902679357398301,3
258,0.718949743080884,0.511907271109521,0.226985800080001,0
1243,0.783197633855476,0.297543478811576,0.733695598211093,5
1267,0.782328482947943,0.289620060308772,0.730823469119913,5
834,0.745156023039017,0.779169119684957,0.718036519200541,3
314,0.273696300806478,0.346929928520694,0.529280314687639,0
1173,0.776112868501103,0.253957238567213,0.730876288254288,4
382,0.804677714128047,0.159557901788503,0.749980112537742,0
714,0.797962207894307,0.567493659467436,0.726048457738943,2
528,0.769043195249979,0.764299767347984,0.471753098722547,1
1065,0.792815068911719,0.269463167848322,0.726876891156448,4
354,0.859166449867189,0.708709438098595,0.0774287327658385,0
1378,0.786676924813055,0.299720081969467,0.733596759671044,5
204,0.64590852544643,0.480233642505482,0.249831394059584,0
18,0.0893310096580535,0.190939066465944,0.957855322863907,0
1475,0.793355112684429,0.221228750388632,0.721494346095855,6
275,0.594718300737441,0.408291551284492,0.847492029657587,0
958,0.74513976380229,0.596462531154975,0.908434043009765,3
549,0.776262501699384,0.578612072765827,0.948025218979456,1
1233,0.783765305484377,0.282146368193742,0.730743378410937,5
480,0.767185837102588,0.36387112471275,0.742576643894427,1
779,0.806888324280735,0.507947850646451,0.570964670227841,2
67,0.830651870928705,0.616486594546586,0.492600492900237,0
290,0.906943103531376,0.751057879533619,0.0613647145219147,0
280,0.710306841414422,0.364691987168044,0.416132027981803,0
525,0.771084548635408,0.344247516733594,0.451889056782238,1
917,0.744380392530002,0.719504751171917,0.671940138982609,3
1458,0.785160318657554,0.236392449532773,0.726944537942358,6
1034,0.794540007828487,0.252343758233401,0.730471619933724,4
760,0.797074907338247,0.77127427237574,0.778510290035047,2
1025,0.784617267943117,0.252019278925569,0.72806017019657,4
1459,0.786395581613545,0.242383268506529,0.724734366805566,6
809,0.742756434381008,0.692536700307392,0.493141019204631,3
371,0.891455833101645,0.866160709410906,0.135522489901632,0
872,0.73923569663195,0.705154317920096,0.784383246744983,3
311,0.0726385014131665,0.758455676026642,0.775388012407348,0
1022,0.783598061833118,0.270170485683411,0.725572025472096,4
110,0.0266388605814427,0.728009518934414,0.471230415161699,0
517,0.768761254919227,0.793539658444934,0.895744015998207,1
1317,0.771929867847397,0.292184574665759,0.732795005219808,5
438,0.770457486335654,0.706862613465637,0.666018577362411,1
38,0.825550829526037,0.850572969764471,0.506033392157406,0
1133,0.785097797451111,0.256470647156032,0.719434777886156,4
650,0.800636750927661,0.448462782916613,0.681947046611458,2
1592,0.777574937042685,0.232773068560245,0.737580932542184,6
504,0.775426214411855,0.685997201735154,0.928088930388913,1
526,0.772129103776533,0.567047026380897,0.521787213929929,1
1121,0.777824727463245,0.26837526781563,0.734210191310727,4
1200,0.787499254527195,0.260181510410765,0.728841164169952,4
467,0.774605662885588,0.655735777248629,0.57829121844843,1
276,0.21598116774112,0.606677792966366,0.804984477581456,0
915,0.745597038289998,0.612622711481527,0.87429844501894,3
1147,0.788958026709506,0.260328352074973,0.727807439419844,4
894,0.746438165502623,0.597612607316114,0.775543018314056,3
1377,0.79089387151792,0.284083376925585,0.732160916123955,5
1557,0.786982034592172,0.230219370712829,0.734266260883551,6
648,0.799624131335877,0.369166063168086,0.896327987033874,2
603,0.799156964120921,0.505347244581208,0.657252248562872,2
647,0.803974090362899,0.689139700634405,0.597361559700221,2
509,0.776799440300092,0.464487801096402,0.565768697834574,1
1373,0.789435752382394,0.290218851383605,0.731992459634542,5
745,0.806741059585475,0.321447725780308,0.885881815291941,2
1568,0.78613277182943,0.224994285751791,0.740542154295381,6
220,0.701070946408436,0.596602786099538,0.0838766258675605,0
97,0.874783646082506,0.410248171538115,0.909732409054413,0
1050,0.776486058347964,0.263262532731683,0.736573411456103,4
989,0.745205258312635,0.700586009095423,0.791835662862286,3
1226,0.783208264642174,0.293834952621159,0.73384926295741,5
1348,0.789562621414969,0.297706426706762,0.728716206015838,5
46,0.262999885017052,0.276724473107606,0.732028109952807,0
167,0.903564219130203,0.920713690575212,0.160240470664576,0
209,0.425185290165246,0.692938287509605,0.119298294419423,0
119,0.0860416921786964,0.528270457172766,0.100444621872157,0
265,0.192540796939284,0.700210445793346,0.0109469795133919,0
621,0.801125844551716,0.801561523368582,0.676709739677608,2
1306,0.788815352219635,0.291002322813456,0.725064710059103,5
919,0.741488432369661,0.811011541425251,0.562818563729525,3
911,0.741195083037019,0.752425269130617,0.836161021911539,3
1388,0.793908610492897,0.293369396913402,0.730706789009435,5
492,0.773274457878433,0.736392475338653,0.618686648155563,1
1048,0.781756830096438,0.253987419510305,0.728513934379824,4
661,0.802296806178056,0.517316035716795,0.648220648942515,2
1520,0.781091289801309,0.235372553092617,0.731004256117846,6
591,0.772083961439785,0.51831751272548,0.861806281912141,1
53,0.253911437466741,0.904064719099551,0.814851598581299,0
1339,0.77930973964739,0.288942652138152,0.728810201598192,5
226,0.919304334092885,0.550876799738035,0.499676967039704,0
876,0.744922970766202,0.806143708783202,0.745912863942795,3
762,0.807035392906983,0.362167943525128,0.817832044512034,2
469,0.771418699570932,0.694820534461178,0.594351289863698,1
936,0.74610758360941,0.435378403309733,0.698383713676594,3
270,0.779120163759217,0.632653184933588,0.814360566437244,0
72,0.843249100958928,0.224093416240066,0.701203744160011,0
816,0.740123766046017,0.359838985512033,0.498175548575819,3
886,0.737046848661266,0.787443915987387,0.526452615112066,3
825,0.7424110181164,0.682544349483214,0.616735386149958,3
633,0.806303677589167,0.468550490937196,0.648993203486316,2
1574,0.787086747159683,0.221175971763537,0.729498558799658,6
600,0.774660209612921,0.697959748120047,0.887133691296913,1
893,0.741016574872192,0.490639532590285,0.70767004690133,3
818,0.743355627804995,0.508764543011785,0.619724737084471,3
1383,0.784813180186497,0.282383257102136,0.729153752790988,5
1290,0.776846331092111,0.289851053636523,0.732364438843338,5
695,0.798769424930215,0.549153307476081,0.928797183861025,2
821,0.741224409188144,0.388492816500366,0.522728999215178,3
613,0.805820690779947,0.737361792032607,0.847340336255729,2
1024,0.781293461142701,0.264986132314533,0.733658904493172,4
1577,0.791173716616791,0.229103835873396,0.736516587274621,6
859,0.74361870672321,0.670182027760893,0.862298527336679,3
1298,0.793533350685433,0.288327739192329,0.733532106511604,5
1141,0.778890997470024,0.260806619341903,0.744363357434877,4
635,0.797364612037782,0.489228093321435,0.724817307037301,2
749,0.80437094359193,0.705984813533723,0.794664475205354,2
992,0.746314914217219,0.535218736063689,0.558884166716598,3
308,0.319889536360279,0.191139895003289,0.692104469286278,0
1183,0.787803573421258,0.25413395833433,0.736011131462104,4
122,0.663543606642634,0.505400674650446,0.854005072033033,0
1088,0.786373124402751,0.261908144630037,0.734329332266219,4
1344,0.794160746532446,0.292302722673341,0.726075450224383,5
21,0.0133802329655737,0.0397325316444039,0.591769072692841,0
1490,0.788059745211223,0.233092580412532,0.730112740665561,6
312,0.26352203078568,0.0806877491995692,0.0578082553111017,0
32,0.535235208226368,0.237306427676231,0.536411873530596,0
1297,0.788932411612644,0.285404912517561,0.734512551655734,5
365,0.343241434544325,0.643503412138671,0.285056735156104,0
470,0.7711234861915,0.336988208140247,0.708656341372989,1
1585,0.779547667341704,0.228150073227035,0.731842147041244,6
28,0.170342674711719,0.7020146867726,0.906409447081387,0
565,0.767888421860989,0.682010017242283,0.514480307884514,1
1020,0.785070753826963,0.260207199633105,0.725636984983598,4
128,0.943461516173556,0.595686301123351,0.480581066804007,0
1008,0.791514782117293,0.262042695244629,0.733142474908781,4
1046,0.783410843754439,0.256017998604212,0.7294713267985,4
1551,0.7914861494671,0.225310735986561,0.730954897554383,6
1547,0.785817042776113,0.23641803259608,0.729500742066846,6
410,0.774675900842995,0.696540830098093,0.619724242552184,1
118,0.370352329686284,0.737771821441129,0.294485773192719,0
404,0.776719866408967,0.570506144454703,0.491719548776746,1
808,0.741300777927972,0.593459716322832,0.792397437570617,3
1332,0.788499289676414,0.292526822892575,0.740660804946102,5
1071,0.786839495342186,0.263835130828316,0.733572851433031,4
1539,0.78021338325157,0.233883026845254,0.727368279101036,6
147,0.0163584197871387,0.0698075003456324,0.271828543161973,0
1407,0.7848487656417,0.231690260757716,0.724054571685689,6
237,0.56310329050757,0.133203687146306,0.689455255400389,0
1414,0.780679767710839,0.233687217783643,0.732786627213131,6
175,0.8142779849004,0.801488716155291,0.464927279390395,0
656,0.806808036542498,0.724912269995548,0.665442079375498,2
455,0.771611884778831,0.354623153596185,0.896099803806283,1
106,0.0677369937766343,0.68779295287095,0.0481276889331639,0
356,0.224132485222071,0.0722680839244276,0.925950343022123,0
1095,0.789326328394678,0.261777884753337,0.726959771034214,4
1363,0.78285097138245,0.286801840390299,0.725867772529954,5
1062,0.784926326203007,0.261973323372692,0.729613869282293,4
662,0.797912367128302,0.750739709031768,0.915876524359919,2
1365,0.790980460988993,0.300507645201332,0.727361517377674,5
377,0.630564754130319,0.219773394521326,0.379289007280022,0
1404,0.780651335615574,0.230997930513222,0.718943756898313,6
908,0.745403021527454,0.385590694402345,0.885814149468206,3
1515,0.786080629727842,0.235668347773434,0.725408552879485,6
40,0.536424380959943,0.552181276259944,0.865505921654403,0
1274,0.781352076065685,0.284895464596027,0.727756142331634,5
1156,0.782795420069916,0.262256765578024,0.734201379318488,4
390,0.375840170774609,0.974283141782507,0.687779459636658,0
1143,0.791486436060355,0.259384727960272,0.732606639491835,4
938,0.743203739046585,0.435701461066492,0.545585010736249,3
1300,0.777746194953747,0.291363463124136,0.724996766391472,5
159,0.0380575354211032,0.727302821818739,0.151094046421349,0
1337,0.78314755163875,0.294647928044837,0.732731939584002,5
546,0.771919422475621,0.805235701752827,0.879910851083696,1
1205,0.784657207617288,0.288900321173632,0.728741457656946,5
964,0.74424747076584,0.342028150008991,0.759281781688333,3
1529,0.790642876628424,0.232369964601581,0.724345023528149,6
997,0.743541104083415,0.385814397386275,0.786804824671708,3
268,0.67473510093987,0.810179489664733,0.204948454163969,0
5,0.235590602271259,0.604781751986593,0.455209236824885,0
1105,0.789712424799964,0.261697791678279,0.720205949720106,4
1235,0.792264297901646,0.298086958619102,0.730255624736583,5
998,0.742747876043432,0.348669812805019,0.736281059985049,3
901,0.738256844852585,0.798107085889205,0.623447811068036,3
394,0.763394405832514,0.448063741670921,0.284986250568181,0
62,0.572430208092555,0.710346389794722,0.707220877287909,0
602,0.806553131646943,0.587812049803324,0.732437967159785,2
1234,0.787923304386146,0.286120327958039,0.736689485725979,5
837,0.741328855087049,0.323536237841472,0.843448318727315,3
89,0.154412482399493,0.341372771887109,0.272441139211878,0
1030,0.791012158492003,0.267497669379005,0.731525374480941,4
272,0.064858568366617,0.312484547728673,0.47767188004218,0
1194,0.782755578136202,0.256182641385402,0.721587863525777,4
190,0.164883013581857,0.161264292662963,0.579591802554205,0
1334,0.788376352797669,0.285992083121291,0.732545453726703,5
57,0.285834645619616,0.0400836963672191,0.109415787039325,0
1452,0.783628454493548,0.23357574590964,0.730312879074796,6
994,0.742236564469058,0.706179811409675,0.661325054662302,3
1228,0.788386820448434,0.290255533811412,0.733054554643614,5
1302,0.78438882386735,0.299477029618632,0.731031704895626,5
698,0.797709047028329,0.382329256297089,0.656268173782155,2
329,0.215188495349139,0.754738461924717,0.90293648163788,0
449,0.774136074713897,0.77239840538241,0.943586336169392,1
751,0.804409694701899,0.522436422202736,0.526390879484825,2
212,0.960945364320651,0.270365100819618,0.405802711611614,0
993,0.740237575732172,0.43397703897208,0.516743343509734,3
125,0.517511352431029,0.871441777795553,0.0217099017463624,0
1251,0.792615766781681,0.282350795318696,0.730989724996906,5
24,0.594008774030954,0.738444131566212,0.800451352726668,0
1070,0.784780552211572,0.259150162960136,0.729289783008018,4
52,0.277108172187582,0.516933740349486,0.35038907174021,0
50,0.698253015289083,0.701870306860656,0.834361058427021,0
531,0.776461255142931,0.324889660486952,0.576307503227145,1
823,0.745388369155117,0.624678540881723,0.946531906095333,3
298,0.523965328698978,0.306958152679726,0.725592620670795,0
426,0.775284489260521,0.504901230940595,0.540270951879211,1
1077,0.782742351045525,0.264639337530586,0.729379730361095,4
692,0.803612242671661,0.640361391031183,0.60989051645156,2
540,0.767217997901607,0.505164417577908,0.552803408890031,1
583,0.774237571067643,0.352763513359241,0.657987930998206,1
584,0.767540066880174,0.766227172361687,0.934512646356598,1
1217,0.789144129848608,0.291519946889477,0.72941335897385,5
780,0.800187151432038,0.658874487760477,0.542603420745581,2
511,0.776379755451344,0.342331397836097,0.542292772163637,1
149,0.649699366884306,0.498928792541847,0.025956267490983,0
1441,0.782328894680348,0.22952552248445,0.724955693375139,6
357,0.29438481782563,0.203272765502334,0.829432088881731,0
414,0.774053223154042,0.764525539963506,0.665035666734912,1
534,0.776249693075661,0.434177053067833,0.620365436025895,1
841,0.738625577536877,0.639738456835039,0.645195665257052,3
852,0.740665448633954,0.700277053192258,0.585169433685951,3
1061,0.789171138371364,0.255650517986327,0.736018799250459,4
1052,0.78936445221113,0.262611033324126,0.731047968498029,4
1163,0.783835466781229,0.258936617365559,0.728879051400038,4
982,0.741177773079835,0.623283966234885,0.85409555148799,3
1439,0.780663316559676,0.231615042858032,0.72899439737932,6
796,0.801310438455548,0.403456140332855,0.556123028928414,2
1131,0.786442493097695,0.266815978550349,0.730850505832284,4
827,0.746568765076809,0.615441263676621,0.501809770311229,3
176,0.804721286986023,0.947331768926233,0.75530347158201,0
505,0.772672902771738,0.535635598842055,0.914118215977214,1
98,0.714213187573478,0.155426699435338,0.0319316301029176,0
191,0.953898301580921,0.0968659338541329,0.707264131167904,0
744,0.799084383458831,0.716290642879903,0.727601128467359,2
1018,0.794589476208323,0.259516006185355,0.727133172067337,4
709,0.803502048898954,0.491102362424135,0.945225229905918,2
1278,0.789232076291235,0.290360541216231,0.72414345252965,5
801,0.746251586372964,0.501455854531378,0.710714916069992,3
968,0.73806783848675,0.627927070041187,0.454027079464868,3
667,0.801725811306387,0.425473127304576,0.763920073467307,2
487,0.771902002587449,0.466094614495523,0.903260743315332,1
772,0.800004682950676,0.685134697263129,0.873704063659534,2
545,0.769394101756625,0.56804394130595,0.485943421092816,1
755,0.797922258602921,0.666038624383509,0.890753184747882,2
248,0.745420029852539,0.497185195796192,0.380734055303037,0
1255,0.794000851513016,0.291053755706141,0.732360597293406,5
928,0.744922854620963,0.626368709746748,0.470441342634149,3
213,0.879713749047369,0.885251501342282,0.716031695716083,0
831,0.742165113699157,0.508849314437248,0.783997950330377,3
1162,0.780688485667181,0.269135593691259,0.724117329826872,4
1295,0.78326119610373,0.284427949006692,0.736065446971705,5
1313,0.784099935357894,0.288854152544695,0.732714538291016,5
1266,0.794885934352951,0.304036629181448,0.730571819515189,5
721,0.801948655466549,0.605211316747591,0.565891658491455,2
355,0.160751432180405,0.499205323169008,0.319101507542655,0
256,0.374845625134185,0.325808547670022,0.0779901032801718,0
715,0.799250737177208,0.757198214903474,0.777260176325217,2
873,0.740433253294323,0.541203637630679,0.654848974151537,3
442,0.769461809995119,0.660042445198633,0.696616891841404,1
1069,0.786807358563733,0.253534525086531,0.732578079978462,4
544,0.774988842122257,0.744563323236071,0.893950643087737,1
1370,0.786361897576442,0.291359651861604,0.718929491518605,5
607,0.806802859746386,0.616684736823663,0.619237145013176,2
1080,0.782661534543165,0.274238191074712,0.732424445837396,4
332,0.440008458448574,0.121285208966583,0.21833626087755,0
111,0.920718100620434,0.695905276108533,0.71065626712516,0
722,0.803577376389876,0.742820740467869,0.543529384140857,2
619,0.797911006126087,0.717589853820391,0.518548822915182,2
1281,0.779690826790397,0.29269963437002,0.729887968954944,5
1152,0.780593118691205,0.258746915628967,0.724318806060116,4
1358,0.785327318459116,0.279264282674042,0.73295380398683,5
66,0.900349095463753,0.158951628254727,0.119486325886101,0
1250,0.787053833432953,0.291408592526472,0.73745896274478,5
774,0.800962311807089,0.613037073775195,0.560588079341687,2
506,0.77046619346831,0.737747772154398,0.655432359618135,1
1346,0.779186314097453,0.290027846138909,0.729240934421394,5
60,0.639805621001869,0.771442600991577,0.449928217101842,0
1216,0.784865674636049,0.291197631566977,0.724114865627422,5
170,0.152686336776242,0.0448354799300432,0.801714821718633,0
1261,0.787746591298813,0.290760823895049,0.738222817461875,5
690,0.801981055943761,0.54277059531305,0.710013757646084,2
975,0.737619545857888,0.488003461179324,0.536005243496038,3
1182,0.782438169910969,0.256744910687317,0.723829160754881,4
907,0.740396281937137,0.470966755435802,0.841105257114396,3
815,0.746380085814744,0.699078153492883,0.460836398717947,3
1027,0.786499716979793,0.263867263207214,0.723123280615555,4
1600,0.785640472876662,0.21980890761808,0.729047004685841,6
1315,0.785659132360887,0.2888605442555,0.729188560684361,5
257,0.773360484978184,0.41024982673116,0.360042855609208,0
1465,0.791386592106924,0.235661938675514,0.733197148355678,6
1040,0.786056988750251,0.260357716698396,0.72176792543983,4
923,0.742227016182151,0.467258288897574,0.900710522849113,3
651,0.806208434307482,0.529621332208626,0.687238375260495,2
116,0.8720446981024,0.662413720507175,0.41664474317804,0
1256,0.78728301279918,0.28953163474143,0.729026410407577,5
318,0.458569410257041,0.305953074246645,0.859187077730894,0
218,0.110990571090952,0.600156685803086,0.262034276034683,0
1060,0.781568352965798,0.261037107658287,0.731328795422054,4
1276,0.786577648924999,0.302684998103024,0.729197838985031,5
1012,0.779619182610719,0.261591625499542,0.726133460781967,4
96,0.274303413694724,0.660980412270874,0.719425372546539,0
530,0.770435633074958,0.765120280231349,0.532630781712942,1
235,0.450355265056714,0.139931991463527,0.258605289738625,0
360,0.816897771554068,0.266127600800246,0.466669847723097,0
70,0.0429448068607599,0.623948592692614,0.0335104248952121,0
1068,0.790707282714049,0.267185813671579,0.735184788230559,4
1208,0.783054993745345,0.293957378049762,0.731792950771419,5
669,0.80156979866093,0.666313548362814,0.915645183599554,2
10,0.379472153028473,0.0949602047912776,0.0564743287395686,0
888,0.737880829051137,0.457315256958827,0.556981632555835,3
972,0.738549460351933,0.411350670759566,0.891408553067595,3
326,0.140708961058408,0.389726988738403,0.631168950814754,0
105,0.0974038457497954,0.964947915403172,0.339367914712057,0
274,0.10428522201255,0.626695912564173,0.724102239822969,0
1443,0.784116162314004,0.223726258446365,0.721580205977349,6
443,0.772209859979339,0.406026549660601,0.809214947815053,1
92,0.916256994241849,0.530577694997191,0.196797301759943,0
625,0.806941986908205,0.425618272065185,0.514305944857188,2
1196,0.783176434804489,0.256638139962718,0.728759291982066,4
1591,0.781791011637536,0.237849979116428,0.725532810994887,6
711,0.806559167488013,0.684368098410778,0.760341221070848,2
252,0.29590770509094,0.636735644657165,0.0719996343832463,0
527,0.771277973626275,0.503082774602808,0.742654897924513,1
932,0.737112802525517,0.495318234455772,0.800359211931936,3
889,0.742136409739032,0.457507948880084,0.523072699969634,3
1252,0.789388420194571,0.29152022834603,0.723457153889068,5
1144,0.781625377589703,0.27339584335267,0.736411064309669,4
482,0.768237380799837,0.334200341277756,0.558453227579594,1
423,0.774780782149173,0.387462706910446,0.48516751867719,1
1555,0.780938312955572,0.229401827148526,0.725448305617423,6
102,0.453052005032077,0.880963469389826,0.364665269851685,0
1039,0.786954087251113,0.254571183146619,0.739008025481505,4
1299,0.783590752796181,0.290717407393455,0.735424497081944,5
521,0.770327729145065,0.643447701726109,0.855184136494063,1
737,0.801921310196631,0.76623893508222,0.508613546565175,2
144,0.442411126103252,0.645754921017215,0.364029488293454,0
706,0.798804402968381,0.788767208717764,0.465298609528691,2
657,0.804936808077619,0.613646359322593,0.469639362138696,2
1527,0.785075689429428,0.229425803171922,0.725523664081453,6
1541,0.787645750177919,0.231570831768255,0.734949057613086,6
1347,0.779197092483628,0.289716685514012,0.725455754714813,5
631,0.803219585279003,0.371902857813984,0.940726347803138,2
1320,0.782863722025247,0.29717161400762,0.741449074627919,5
1351,0.782226891792492,0.297456368163045,0.730036405901719,5
1398,0.784038136052751,0.291378454591532,0.726543978882427,5
430,0.771409429027699,0.716527781123296,0.685360473534092,1
991,0.74075918312883,0.677877394738607,0.691814454109408,3
292,0.695695534814149,0.743981668259948,0.16791061963886,0
538,0.772342315916903,0.470180379599333,0.478902245941572,1
344,0.233614104334265,0.464437880087644,0.891164657426998,0
1007,0.780363555303305,0.259333066318787,0.725837942006996,4
1379,0.78817404358652,0.292482813752756,0.737023622411373,5
494,0.775234148134478,0.528923354716972,0.617487434484065,1
1324,0.780785249264062,0.295589442252817,0.734207021643662,5
1273,0.784429498179903,0.296805781682923,0.732225955935468,5
884,0.737422302109189,0.702321925805882,0.613894357532263,3
556,0.772014211122878,0.633966753748246,0.512404227699153,1
1189,0.790532490339994,0.254928258808757,0.728813421879588,4
981,0.744394168020226,0.490071246307343,0.679889943287708,3
1174,0.783738444412175,0.262763555737509,0.737085659462715,4
877,0.746700657540932,0.80344049250707,0.470251887524501,3
1179,0.782383095181838,0.256367643178171,0.728810882917272,4
987,0.737310464256443,0.733607516414486,0.730402317317203,3
734,0.80481235622894,0.765546425268985,0.844375092256814,2
1525,0.790094933740871,0.222988515072802,0.731806106478032,6
1191,0.78573148090931,0.266784715658508,0.722347788360331,4
838,0.738947415691801,0.627348461211659,0.698654827615246,3
654,0.802754816026427,0.456258795596659,0.539829841069877,2
519,0.768165067154914,0.566957552474924,0.568568858853541,1
1288,0.786732201811325,0.288227776419015,0.737120566415888,5
177,0.00928041967563331,0.826080278260633,0.357655832078308,0
553,0.767760389882606,0.329683040175587,0.570547202555463,1
251,0.9937701059971,0.297610380221158,0.711290104780346,0
288,0.809372994350269,0.645705298753455,0.178234259132296,0
294,0.610560949193314,0.187969405669719,0.177563749719411,0
604,0.803398837370332,0.327943879668601,0.472850100672804,2
1453,0.781076053271945,0.236004747426986,0.731082785395884,6
1380,0.77930175804192,0.282568380830189,0.720258079548569,5
1146,0.786762661304297,0.250571959696403,0.737100245833234,4
495,0.772008485884871,0.694224857049994,0.63784843061585,1
910,0.742269632546231,0.652588779013604,0.481649592122994,3
163,0.886805356480181,0.192584894131869,0.253992499317974,0
157,0.707802940160036,0.707530400948599,0.811347286915407,0
130,0.947254496160895,0.457032525679097,0.735866819741204,0
418,0.767995522085112,0.758737182733603,0.888803383521736,1
420,0.773632218458224,0.454177306988277,0.948327446426265,1
241,0.459765438456088,0.197107452433556,0.580393234500661,0
1159,0.778751607969306,0.255724681985855,0.737662608584469,4
652,0.797454560473561,0.350619724742137,0.838272476871498,2
1402,0.78544115820036,0.234120517623565,0.732514376204448,6
339,0.296892459969968,0.00620630965568125,0.300957049941644,0
1225,0.786983743915084,0.29498261755998,0.728607375796243,5
433,0.773267698329874,0.495019789692015,0.658202694449574,1
472,0.776086285156198,0.567197404592298,0.915382111165673,1
704,0.80253225216642,0.569906926038675,0.476007772912271,2
499,0.775494644730352,0.595317396242172,0.468018938391469,1
1254,0.781784706360261,0.290903149899521,0.733770630484099,5
474,0.776116253251676,0.376027024257928,0.688610179536045,1
871,0.739878812595271,0.742191760940477,0.47417956108693,3
428,0.769711590926163,0.556888596876524,0.904677757830359,1
1385,0.79069080362617,0.293233017204027,0.732674261392921,5
121,0.880160131957382,0.0959043512120843,0.381997204385698,0
254,0.57249040203169,0.392475435044616,0.195974430069327,0
1444,0.777477412119711,0.226391830688085,0.733070064285301,6
1350,0.783621996362866,0.287495706632706,0.720824359914273,5
861,0.740760341337882,0.382877735793591,0.653689585695975,3
1389,0.78193437991372,0.287665919331479,0.72952068922724,5
564,0.775055299897213,0.800786881148815,0.845390281244181,1
765,0.803605881370604,0.375537724606693,0.459060419187881,2
12,0.520116453059018,0.666074202628806,0.496516041690484,0
68,0.901432882528752,0.898454276379198,0.834937279345468,0
375,0.964246080024168,0.225345061393455,0.596211456228048,0
580,0.767536845190916,0.777470522001386,0.74740441266913,1
261,0.22463997383602,0.891570335952565,0.145124362548813,0
1067,0.782380395445859,0.259687457958379,0.72951012113289,4
1505,0.787568452765097,0.233695225673052,0.728131390644106,6
951,0.738811063612811,0.581534762191586,0.452782921795733,3
1598,0.782410457937612,0.231409425939026,0.73614707516108,6
1463,0.782453401556019,0.228852429000272,0.724763513957954,6
1287,0.798639855588781,0.291866965369372,0.729500835948033,5
372,0.00680618756450713,0.219386117067188,0.776071320753545,0
189,0.891547352075577,0.525520327500999,0.560977506684139,0
1031,0.786653705332559,0.251869920569638,0.727502727225777,4
267,0.654138839337975,0.390514265978709,0.898248728830367,0
759,0.799592600446195,0.758939819200896,0.685271135368384,2
1587,0.788919967655104,0.226409908982462,0.732833798993093,6
1356,0.787245315086844,0.292000775680436,0.725870486388784,5
963,0.744181322564837,0.533503478066996,0.489763181027956,3
468,0.77654956666287,0.643748276890256,0.833388041425496,1
1005,0.779277439938507,0.265709963248501,0.730450935610012,4
952,0.739465679256246,0.640066020330414,0.913323991186917,3
1537,0.774970318684432,0.236745445591592,0.731377734798501,6
441,0.768807667964138,0.529268542444334,0.63719415566884,1
164,0.175109277479351,0.118915347848088,0.117003702558577,0
935,0.739850925551727,0.621109031862579,0.77369360702578,3
1469,0.780143394529747,0.222337165775701,0.727118185168993,6
75,0.580755176953971,0.612962625687942,0.750661386176944,0
1242,0.786861643019727,0.294813049352915,0.731954419858699,5
575,0.767162316213362,0.805552142462693,0.83566568158567,1
1111,0.781557278773623,0.255953619643047,0.73408242640352,4
1489,0.792798214685482,0.226969219805079,0.735384186147175,6
1132,0.782197942674597,0.25055724894372,0.728343452628366,4
1571,0.789849377617988,0.232012061840716,0.726246799543186,6
1460,0.783458870818709,0.224203667349395,0.738701496192159,6
341,0.924557944526896,0.839286771137267,0.820558193605393,0
1116,0.789613128769679,0.259467339732567,0.733170111465144,4
244,0.445603801170364,0.979464008007199,0.169829695485532,0
397,0.847600830486044,0.45882491231896,0.31741767632775,0
542,0.775925723700784,0.326438401034102,0.517413057340309,1
454,0.776584183122031,0.53524446466472,0.48160899518989,1
1528,0.785359173099072,0.234616992714635,0.730850436165668,6
321,0.362317141611129,0.606804430950433,0.700205766363069,0
1481,0.782383545519296,0.236423585550549,0.727572130322452,6
1309,0.783788669611759,0.292277336663627,0.733439346087195,5
606,0.804486284311861,0.77454913596157,0.459921165090054,2
1478,0.788333727081675,0.217232565408498,0.728718398833901,6
369,0.177063897019252,0.424643437145278,0.785428051603958,0
702,0.801955085073132,0.725780734349974,0.618251888849773,2
638,0.802555567547679,0.750884646340273,0.651529949111864,2
79,0.856720734154806,0.486390548525378,0.746087726438418,0
383,0.49096596497111,0.303073009941727,0.84053630172275,0
836,0.743619587123394,0.753419984504581,0.879395831795409,3
914,0.739865554592107,0.804816339653917,0.476875087665394,3
407,0.775817609783262,0.516977007640526,0.738649238436483,1
1426,0.785670044979494,0.221168814089194,0.739449179329943,6
1257,0.782566044783749,0.296353830127519,0.727754762439093,5
131,0.628448564326391,0.0165512037929147,0.880871345289052,0
1047,0.786334617564762,0.262030239116563,0.730498064390977,4
707,0.804649130376056,0.582292872620747,0.726675987779163,2
349,0.638159329071641,0.311586475232616,0.974613351514563,0
642,0.799570852352772,0.472245989390649,0.704936539358459,2
900,0.739168821049389,0.681291023874655,0.516463343240321,3
1484,0.785273971708507,0.225848402224217,0.729814694199482,6
1482,0.783971296150917,0.230201757313428,0.736046959307071,6
1016,0.788250969841489,0.260658235406452,0.731862743163266,4
1101,0.792474623792306,0.264076865796535,0.727948857230931,4
516,0.773860567125958,0.420709716761485,0.685837086825632,1
452,0.771539840097539,0.676656877296046,0.844249471859075,1
1154,0.789993881042975,0.268012387726377,0.737086975384429,4
946,0.74664089909289,0.36621339621488,0.739911681460217,3
883,0.743303109558765,0.435686474805698,0.538778725150041,3
172,0.669562735594809,0.429934225510806,0.490225779823959,0
1032,0.781001749178883,0.251447601508993,0.727953113756805,4
640,0.800450076644775,0.809787344443612,0.937784250895493,2
8,0.799276051111519,0.315654819365591,0.276629597879946,0
1038,0.783700193080965,0.257391563249877,0.729322936156527,4
573,0.768789869244211,0.80874551020097,0.475942201865837,1
1406,0.787389686115814,0.241877006696854,0.727728591873202,6
1155,0.789493440962738,0.265265549901183,0.730861770734032,4
1210,0.779475781356768,0.293867808641238,0.727543959581128,5
310,0.809261889196932,0.553784484276548,0.360763292992488,0
881,0.745859646270983,0.681168539007194,0.77065269772429,3
392,0.453794349916279,0.459514126414433,0.745573067339137,0
664,0.804697926500812,0.644606565963477,0.614574026619084,2
1098,0.784554835559998,0.265753487009447,0.72533352811465,4
965,0.743487233666238,0.661517819995061,0.830308750690892,3
1456,0.782970220993258,0.22988165538459,0.73206697413532,6
903,0.746396441650577,0.533566947584041,0.69981339359656,3
1401,0.787320374117286,0.236747800841789,0.724345497436304,6
162,0.416527974186465,0.830792560242116,0.171059219632298,0
64,0.8286482100375,0.164706131909043,0.275644562207162,0
466,0.774823570169974,0.683302131388337,0.930728000658564,1
813,0.741395163021516,0.661430064029992,0.893151360168122,3
1120,0.78253422821026,0.258037063682257,0.729051639717798,4
1362,0.781089554131507,0.297952673721646,0.730940362652289,5
23,0.514549591112882,0.0568852424621582,0.999440166633576,0
1519,0.786676511215507,0.233058585937477,0.727523270121583,6
1128,0.784713982963891,0.266760042793575,0.730572752173755,4
943,0.744952974170446,0.393450340745039,0.520635016448796,3
701,0.799236361796502,0.331704622507095,0.608583647944033,2
1170,0.780356730805195,0.263034658738628,0.72968608951412,4
561,0.772101594563574,0.576217016694136,0.473866357188672,1
554,0.7758418982476,0.601611674204469,0.929026451148093,1
1576,0.783001087080238,0.238062994939433,0.728580789074715,6
689,0.800787448717747,0.518138040113263,0.541952933371067,2
683,0.797423985069618,0.651674701739103,0.841113777318969,2
1057,0.78284172413567,0.263786462574769,0.729042596508919,4
31,0.779681704007089,0.823771259514615,0.615656282985583,0
906,0.745420343899168,0.782109129149467,0.475945885130204,3
557,0.775821337539237,0.543991548614577,0.774134494434111,1
281,0.0862926910631359,0.422988055972382,0.133749330649152,0
491,0.76935063845478,0.588521016319282,0.529808278731071,1
1455,0.799466103568764,0.234675795809315,0.727065167635867,6
9,0.87644494487904,0.725302731385455,0.363970270613208,0
898,0.742653483431786,0.658987900847569,0.826285874657333,3
1349,0.778192598887948,0.295317746555006,0.730097841132273,5
1169,0.782828948869488,0.262879661590206,0.732059342489393,4
720,0.801693037636578,0.511979531985708,0.899484629696235,2
775,0.797480369254481,0.515474224602804,0.550042957952246,2
239,0.711608248762786,0.883889870485291,0.0461168370675296,0
368,0.487955936230719,0.0461001663934439,0.819914571475238,0
86,0.443023965228349,0.890756492037326,0.320646044099703,0
948,0.738272738039959,0.357926224498078,0.501403547427617,3
101,0.653409790014848,0.279674832941964,0.218338804785162,0
984,0.744584730032366,0.549436872382648,0.692483727890067,3
153,0.898463937453926,0.441614748677239,0.00616513169370592,0
1563,0.776217715404354,0.2305367956848,0.737565363599805,6
367,0.887852476909757,0.54419420985505,0.854870322626084,0
386,0.489121385617182,0.205982001964003,0.898705548839644,0
756,0.805743689818774,0.476864390564151,0.581311200815253,2
483,0.77220887020696,0.507632912392728,0.905740196653642,1
150,0.979148854967207,0.116477893432602,0.507033788366243,0
723,0.804132180958986,0.649283294007182,0.486621579225175,2
1171,0.779834872471332,0.256902920073408,0.743147412268552,4
670,0.798600085363724,0.322620647051372,0.840645895292983,2
127,0.0459786998108029,0.415473024593666,0.120727588655427,0
862,0.739436229274143,0.49409028866794,0.625249533168972,3
1386,0.78807882993337,0.283356230465543,0.735826576980478,5
1330,0.787077778616714,0.291204991331511,0.729244498335741,5
535,0.776822153455578,0.658381989016198,0.632888935226947,1
624,0.80302790112095,0.656254634982906,0.755558948568068,2
221,0.902432533912361,0.52965795644559,0.373061214573681,0
83,0.033382348716259,0.426806063624099,0.424605190753937,0
1029,0.789975477282211,0.260399664405394,0.727537796314567,4
447,0.774050486029592,0.325324446684681,0.483959886664525,1
1487,0.778214612998857,0.233617158429146,0.731341370353108,6
336,0.308296016417444,0.866580219939351,0.618781326571479,0
1461,0.780906789217182,0.231889158079946,0.7258610459204,6
885,0.743147700380068,0.791273299162276,0.886369129479863,3
865,0.744094051152933,0.348386206687428,0.760924826911651,3
1392,0.790549773506835,0.290575082319508,0.729130888613811,5
777,0.801962124910206,0.742842217697762,0.691847776481882,2
1580,0.786459793281842,0.231339592212216,0.734026732683541,6
1410,0.785143993898755,0.238169158703038,0.726779668239163,6
229,0.969384870491922,0.0687411036342382,0.628410817589611,0
59,0.655812446959317,0.990646599326283,0.526360119925812,0
123,0.572934742551297,0.0555048459209502,0.478369726100937,0
897,0.74258553119842,0.455705720256083,0.706086787581444,3
1206,0.79435540473191,0.298171792532227,0.723334186763614,5
990,0.741811599119101,0.394763459241949,0.94396359550301,3
537,0.767223498730455,0.619718279247172,0.697903798148036,1
1230,0.786049329084527,0.286263806885609,0.721668281262472,5
402,0.773083268608898,0.803620778862387,0.727427092916332,1
1575,0.783853613149889,0.235029408514286,0.733393825406645,6
1122,0.787486575683526,0.265774530397329,0.733744207410528,4
112,0.74217925244011,0.7431501140818,0.986977455439046,0
609,0.805621565103065,0.590699998568744,0.726547763752751,2
453,0.775147445022594,0.770714490814135,0.859297256288119,1
1188,0.784169495616958,0.259168969404978,0.730549013503021,4
830,0.740818844635505,0.387120245047845,0.591646762052551,3
766,0.805335710581858,0.485533363791183,0.749240024085157,2
1201,0.78673611091696,0.292654017558437,0.73227970593144,5
51,0.190348181407899,0.680580964777619,0.25321823451668,0
1395,0.774599378689181,0.289036143397889,0.725454707270278,5
786,0.797788840332069,0.567573349364102,0.891854083817452,2
930,0.742368148870301,0.432405717228539,0.673258845764212,3
746,0.800639316665474,0.743292860127986,0.662007430638187,2
1514,0.794064997725709,0.235652633903236,0.730781636298958,6
169,0.985258260508999,0.0966106881387532,0.634650728898123,0
1081,0.786965428788233,0.255863270392624,0.739520657201463,4
729,0.803933262687642,0.538997160759755,0.937494045193307,2
1187,0.787182416855763,0.260888412200108,0.729150222823526,4
363,0.780753806233406,0.564678796101362,0.137322585564107,0
1430,0.783783275079959,0.231211196089079,0.742388621790124,6
1470,0.783859459540521,0.220083210615609,0.726556979422323,6
1249,0.781903031546658,0.292419400427686,0.724905123145339,5
490,0.773693153720815,0.547959766956046,0.803271963680163,1
179,0.835806316928938,0.0631869963835925,0.54558167909272,0
1436,0.786577776562413,0.228610795412583,0.725035509346557,6
806,0.746674252233934,0.619608196336776,0.799558946932666,3
1416,0.784605736913885,0.228254889353172,0.726211715145198,6
1197,0.780378632598425,0.256961271524556,0.735168163986788,4
247,0.0612783646211028,0.574039693921804,0.705084778601304,0
1526,0.782948929280616,0.224873062669377,0.729947453855272,6
1246,0.781479967968185,0.291596747437074,0.73097772318393,5
1572,0.788397904873068,0.229168303149227,0.735137222117298,6
1420,0.786405736071736,0.22655249461974,0.732379535870167,6
810,0.743620282968041,0.377431703871116,0.514266623253934,3
875,0.745658370428719,0.668527398398146,0.752045086538419,3
1394,0.789471757414179,0.280080952576291,0.732359000729186,5
343,0.807352216215804,0.0749607000034302,0.359348968137056,0
693,0.798274056361988,0.361226466973312,0.775618480937555,2
351,0.806725543923676,0.261161155533046,0.513352065114304,0
713,0.800780238248408,0.508605225500651,0.53547678173054,2
789,0.804560594095383,0.609360421798192,0.572560883429833,2
422,0.776361226143781,0.508814117545262,0.910692828777246,1
1240,0.777950401592929,0.28910837521974,0.726215128141958,5
1066,0.775365121220802,0.2683324738579,0.735148286606275,4
240,0.402894198428839,0.301300154533237,0.711191978072748,0
839,0.74171052871272,0.388968460867182,0.711300639156252,3
333,0.349474167218432,0.529468159889802,0.82736655860208,0
1209,0.787655568935323,0.286922374591245,0.740419679898265,5
337,0.0542611028067768,0.150459605734795,0.456028987653553,0
1017,0.782946664021666,0.260337150302774,0.729680592961931,4
939,0.737293074193876,0.419210582179949,0.73220564222429,3
361,0.0360971661284566,0.577600766438991,0.881214134395123,0
742,0.802695625224151,0.364852988766506,0.631505400361493,2
716,0.802966151570436,0.603198588499799,0.500967531767674,2
1517,0.785571799704087,0.231201599830755,0.72547350701302,6
1168,0.791278922127253,0.265083694126756,0.73194357729959,4
916,0.74679913318716,0.608534921100363,0.667158784996718,3
1550,0.784428647255036,0.222585907092879,0.731951079175938,6
289,0.665742330485955,0.0686150444671512,0.107370214303955,0
211,0.325074142310768,0.90725116385147,0.333511560456827,0
1326,0.777284724705372,0.29114789619904,0.727354400216451,5
7,0.0905629815533757,0.00773157295770943,0.0410818776581436,0
962,0.74115950729698,0.777885037031956,0.876126048341394,3
48,0.460086267674342,0.376304073957726,0.935364869888872,0
4,0.533159906044602,0.161531777819619,0.0149510214105248,0
391,0.483690738445148,0.930952867260203,0.561433614231646,0
983,0.742784648053348,0.74757669751998,0.727606432931498,3
571,0.775794064493384,0.740150591963902,0.89559454000555,1
866,0.746937680360861,0.496449874853715,0.559572692797519,3
1051,0.784379360493539,0.263327087081535,0.718833148583715,4
1533,0.781830200762675,0.232839558944746,0.729193269461599,6
741,0.79768028518185,0.78973206973169,0.921650713030249,2
413,0.773204172539991,0.44844832343515,0.909746343572624,1
1566,0.783477196433963,0.237803250611608,0.737053832019594,6
406,0.77676523989765,0.512168481037952,0.638588516227901,1
1214,0.788962227224456,0.28906803243807,0.734850669098288,5
446,0.776697264807299,0.486349825537764,0.884772687754594,1
1269,0.785831270687442,0.28554231730349,0.727813300371027,5
335,0.612237624591216,0.773994758492336,0.656493985326961,0
1262,0.789022024059908,0.283750270233999,0.726848690060589,5
358,0.909241277491674,0.708483594702557,0.228918208740652,0
503,0.775605342257768,0.510314080771059,0.670473056216724,1
653,0.801981801823713,0.495656643784605,0.859497435693629,2
278,0.293639207724482,0.21716164983809,0.909007534151897,0
1004,0.785732006251016,0.269085626669242,0.716823339828848,4
1015,0.777592917806146,0.257788241094008,0.723450028837021,4
1560,0.778473130010608,0.231495835485393,0.737556747822396,6
824,0.73945156624075,0.632921124482527,0.601208690274507,3
685,0.804464720829856,0.439639467070811,0.893049847055227,2
1546,0.786740994103977,0.230193489479704,0.738756033760479,6
152,0.0817932698410004,0.892301124054939,0.912621321855113,0
712,0.806983031937853,0.573629304440692,0.92220439768862,2
500,0.768881523248274,0.392152236681432,0.843295252835378,1
378,0.02601935621351,0.569199363002554,0.429128132527694,0
1190,0.787799042836933,0.281175533508434,0.729078743332497,4
1042,0.785364864664843,0.252773047120593,0.724622331588744,4
754,0.799058200342115,0.53050294497516,0.586833111778833,2
1369,0.785152159342917,0.291751912336623,0.730125795991806,5
953,0.741411595495884,0.341389069706202,0.740336773172021,3
1073,0.785276457987382,0.2635804424113,0.738996859057394,4
340,0.0271032070741057,0.997141566360369,0.911061214283109,0
224,0.0821880185976624,0.787605271441862,0.840410552220419,0
1561,0.786974321781954,0.235291153662028,0.728258384181029,6
976,0.738324731139001,0.684917190368287,0.566701806802303,3
949,0.741606543185189,0.726436026301235,0.538164052949287,3
82,0.0677708061411977,0.150591236073524,0.176433134125546,0
346,0.367696054745466,0.00497251097112894,0.794111522613093,0
302,0.761927382554859,0.0742769914213568,0.295726009411737,0
475,0.768636346368585,0.331484204297885,0.732794055202976,1
1303,0.785203073133923,0.291082862040863,0.740718411867643,5
63,0.00322825857438147,0.267691315384582,0.670559305232018,0
590,0.771907499260269,0.592311277776025,0.885244909743778,1
348,0.942596909822896,0.936358441365883,0.941141370451078,0
550,0.771275168368593,0.544247311679646,0.607967081782408,1
419,0.771879729945213,0.35906867987942,0.925258807674982,1
1037,0.787108899037958,0.264094825992942,0.740355166720556,4
632,0.802915144904983,0.507359015080147,0.641427528415807,2
1500,0.785468976362578,0.234195292851342,0.732275481220785,6
1119,0.787996344500482,0.263055764613307,0.733343290542933,4
1431,0.781129667002893,0.232335915292163,0.733204066940172,6
574,0.773644588787574,0.563702345034108,0.749339616810903,1
69,0.513976592570543,0.407826403155923,0.530189195647836,0
1129,0.788743401843829,0.267772340858217,0.734362375076645,4
1499,0.779804782347737,0.230222587709394,0.734233618631484,6
1107,0.783422263937501,0.262607775416744,0.731045352338127,4
304,0.0376736361067742,0.720132794696838,0.5011758771725,0
1422,0.773882557855448,0.24145807532658,0.726850930617189,6
634,0.801062436026987,0.612927238480188,0.646456086495891,2
1345,0.783366266995616,0.283144371313424,0.733221909489294,5
93,0.229948608670384,0.322392531903461,0.840478311991319,0
415,0.771729471094441,0.495929709658958,0.757557166810148,1
799,0.799819930919912,0.498789307335392,0.564408036018722,2
236,0.27867798297666,0.72028606524691,0.361558908130974,0
1102,0.798593892157847,0.255931857219908,0.733826026061623,4
577,0.771704517079052,0.337560731125996,0.556403670995496,1
417,0.774392274187412,0.756507688923739,0.486706781270914,1
1496,0.781596692714591,0.23785467379193,0.737866845359603,6
1126,0.782609179020069,0.263307135201115,0.729917283525351,4
405,0.77408757283818,0.711757208011113,0.539550292259082,1
942,0.744853018205613,0.757804834772833,0.853000560496002,3
622,0.800845654243604,0.790731918555684,0.467978423763998,2
776,0.798370343993884,0.474999830266461,0.680479075131007,2
1058,0.786863492549794,0.259810684147767,0.728109293527269,4
892,0.74368030826794,0.449630681914277,0.811795740458183,3
1403,0.788309062248424,0.236723650976546,0.733061668810137,6
1435,0.788947107427146,0.240508952326737,0.732242616439755,6
160,0.359629047103226,0.0750471805222332,0.280237885192037,0
216,0.85680659301579,0.285203894600272,0.839845624053851,0
429,0.776854469606187,0.664686190336943,0.873985825176351,1
794,0.801402423598338,0.383388061681762,0.506539695034735,2
359,0.4009008416906,0.853941334411502,0.102929874323308,0
1149,0.791683487791699,0.259984621401543,0.74052995755297,4
717,0.797789535559714,0.547932809474878,0.799772200826556,2
514,0.768297824522015,0.577369099622592,0.874669496505521,1
1308,0.785745388598697,0.292752646192379,0.733611297572669,5
541,0.773976067700423,0.738685201527551,0.516588056879118,1
107,0.178009369876236,0.273425644030795,0.364871589234099,0
596,0.768383269596379,0.61373006158974,0.601591921946965,1
366,0.183664658339694,0.849699416663498,0.499815593473613,0
694,0.806394760524854,0.731686946144328,0.829092702199705,2
1599,0.792231158147416,0.23411198880048,0.726867988193437,6
242,0.956082132644951,0.111031971173361,0.294244007440284,0
137,0.798966821050271,0.520516815828159,0.00194416707381606,0
77,0.964662499027327,0.812514023855329,0.825049425940961,0
463,0.773738353142981,0.606123044877313,0.533339750440791,1
26,0.481559193925932,0.619755665538833,0.411035443190485,0
1583,0.790989921368205,0.233601074583481,0.723612791820308,6
761,0.801065044102725,0.331935350224376,0.728071957896464,2
285,0.523611780023202,0.220149901695549,0.680702797137201,0
1117,0.776611368648671,0.257377881484836,0.726196578922988,4
691,0.803039385664743,0.535412029852159,0.707037208438851,2
27,0.761532850563526,0.710137909045443,0.0882604580838233,0
459,0.773594974235166,0.429201805987395,0.76156792063266,1
1108,0.786723417617672,0.260613658083752,0.731515557021346,4
1097,0.783825654012839,0.259416020076972,0.731106607230423,4
411,0.768889262787998,0.671864212863147,0.892202677275054,1
161,0.283988520968705,0.606765131000429,0.152783645084128,0
748,0.798302850676701,0.807885783864185,0.466509487782605,2
81,0.836603298783302,0.659252089681104,0.0874889756087214,0
551,0.776473350229208,0.382591147930361,0.82570879412815,1
395,0.190131868002936,0.333714455598965,0.0721299429424107,0
817,0.745509073152207,0.479892465891317,0.889668941916898,3
856,0.745854043189902,0.751603998499923,0.596928895753808,3
271,0.142856232821941,0.0171611879486591,0.0459799473173916,0
1036,0.784594799887859,0.251361719527151,0.725992934926994,4
1474,0.784634639215109,0.233819263389031,0.72319245052172,6
788,0.806542435756419,0.666440137568861,0.654997348506004,2
1506,0.785952092435671,0.236658670310877,0.737897875175709,6
1352,0.783932247262144,0.287442630354054,0.735638522054612,5
180,0.606994758825749,0.809175733011216,0.123901190236211,0
439,0.773069667185191,0.67632986898534,0.943661173991859,1
1059,0.781601824472499,0.267683285110935,0.72826387877218,4
305,0.461727635236457,0.623478319495916,0.521439431002364,0
927,0.745955118662678,0.520499722589739,0.773487024195492,3
1556,0.786877716412896,0.232200044009107,0.728653861236848,6
262,0.819577687419951,0.0724582397378981,0.58972106105648,0
597,0.775802258492913,0.328064487106167,0.771277664415538,1
820,0.737945407992229,0.725201679999009,0.726377558964305,3
1043,0.769922156555363,0.265253413022148,0.727973826751103,4
581,0.774513465473428,0.803784725745209,0.498217918630689,1
1375,0.783734095722546,0.290654045353253,0.72850763913438,5
629,0.79723641833989,0.319825798063539,0.459932693699375,2
1502,0.789268398612366,0.236879368136413,0.725890916972458,6
353,0.765591977164149,0.0915496356319636,0.978275475557894,0
567,0.767319615010638,0.368818794400431,0.870507164229639,1
819,0.744188200659119,0.485622854228132,0.651755698327906,3
1118,0.77247547366468,0.267975797345798,0.733766500169537,4
1567,0.783480376808689,0.226102074131018,0.72903874005382,6
595,0.767895766024012,0.496870619035326,0.861337300110608,1
1327,0.789148849877398,0.283273610332657,0.736067779469701,5
434,0.774122588844039,0.370648410078138,0.553444876288995,1
773,0.797430082503706,0.387618067930453,0.942584891524166,2
1307,0.789246310477579,0.27801458686737,0.725420055599409,5
142,0.330319901229814,0.79060626658611,0.223877215757966,0
347,0.449706140672788,0.164596955059096,0.781691968208179,0
243,0.943470558151603,0.900736583396792,0.965617180801928,0
456,0.772850732086226,0.752646730653942,0.78338223202154,1
1044,0.785826297997838,0.256717683572485,0.736023102989536,4
1227,0.783393036243762,0.284500189902503,0.729314481570765,5
524,0.773553908297327,0.342811004514806,0.716476018726826,1
94,0.866388241294771,0.516819872427732,0.849966794485226,0
1360,0.78100462069989,0.29828404399323,0.736366007382386,5
400,0.106815818697214,0.673292475985363,0.686932625016198,0
637,0.806405009105802,0.734444897761569,0.524690299015492,2
1114,0.775922596375751,0.252665913918891,0.723401789314596,4
589,0.771698381185997,0.609965362260118,0.88384283981286,1
234,0.541281729005277,0.1083067455329,0.798894033301622,0
797,0.805038697470445,0.510840409924276,0.479070054553449,2
307,0.504406764637679,0.259876364143565,0.326489263214171,0
708,0.804296484922525,0.397809720621444,0.53992928781081,2
232,0.665448963874951,0.22002575872466,0.130631488049403,0
233,0.0472867577336729,0.264278650283813,0.605573600623757,0
891,0.740659396580886,0.392802950716578,0.701449455646798,3
1,0.0545812048949301,0.899753110017627,0.923410868272185,0
798,0.8040651242272,0.755714686145075,0.451417057495564,2
297,0.664511210750788,0.864223635289818,0.65839189151302,0
2,0.054202075349167,0.679927193559706,0.815830131061375,0
778,0.79763853041688,0.526510920049623,0.92090384203475,2
100,0.639016597531736,0.852038780227304,0.434779735980555,0
34,0.32619678042829,0.210015880875289,0.95989336958155,0
847,0.743918180672918,0.573765776725486,0.821818026318215,3
985,0.746293992341962,0.79739522819873,0.862399479211308,3
184,0.625696496805176,0.409661506302655,0.708110995357856,0
543,0.776133322066162,0.785042283963412,0.726236024126411,1
192,0.668990174308419,0.670975696062669,0.839011244243011,0
618,0.806400534906425,0.739756948687136,0.633446860779077,2
726,0.800821949781384,0.580280966381542,0.597134726541117,2
432,0.771856698326301,0.518211680022068,0.849911413574591,1
3,0.893799296813086,0.973341350210831,0.768745591398329,0
864,0.74144186652964,0.523569785081782,0.4770939870039,3
279,0.832285624463111,0.358280492946506,0.946625380776823,0
593,0.769383945732843,0.630546761583537,0.877706985874102,1
1581,0.783976299312664,0.230719977620754,0.725416381814801,6
868,0.739643108707387,0.678940176521428,0.821120317745954,3
1054,0.791901086967601,0.264967786308873,0.734123467672764,4
1072,0.789023474258237,0.266854070658629,0.725530867297512,4
1366,0.784769408957603,0.28997980549981,0.73464010281273,5
1083,0.783397983842375,0.256420119673556,0.729794680024448,4
730,0.805935805358458,0.473851076699793,0.54755497451406,2
464,0.768221198585816,0.804648203565739,0.522028641379438,1
912,0.739684906157199,0.465590087370947,0.553764090011828,3
1035,0.787733277202526,0.259590349279002,0.72672683707244,4
887,0.746344353170134,0.74690234628506,0.461889555398375,3
1085,0.780944553565925,0.261434020923906,0.732317708834796,4
608,0.801167341370601,0.429092739149928,0.874250690522604,2
134,0.273437262745574,0.152211054926738,0.0236041969619691,0
1569,0.780178334116478,0.230796323003298,0.736257577335689,6
1019,0.784132325465103,0.254640924812905,0.729280839084126,4
822,0.743345480600838,0.463460425869562,0.620654063252732,3
896,0.741632317411713,0.424932961026207,0.590546554373577,3
133,0.862032779026777,0.317584440810606,0.394207380479202,0
154,0.639655432431027,0.729115705937147,0.32370654726401,0
1014,0.782080868892708,0.250950063124713,0.725977207427171,4
533,0.773903838100378,0.632638367963955,0.797123289387673,1
507,0.770851440306287,0.70663823899813,0.795426905807108,1
844,0.739388210601173,0.500175185292028,0.714005016325973,3
569,0.774508348039817,0.586489098868333,0.551573562738486,1
1594,0.782779091804069,0.235931401463641,0.730963671863484,6
1423,0.788792581341684,0.233432635316036,0.731756145721737,6
957,0.739194263021927,0.351879482530058,0.78925528593827,3
109,0.355614017229527,0.91861706553027,0.338851146399975,0
1530,0.781362169771184,0.23828778588084,0.734297657936899,6
1359,0.782997122859152,0.28903747667231,0.730024323050791,5
925,0.737276416800451,0.798069669888355,0.712904932862148,3
674,0.805350541386288,0.340504174958915,0.516143841622397,2
829,0.737578021713998,0.58001527285669,0.534160269261338,3
520,0.776610533804633,0.760610042163171,0.654737845133059,1
334,0.450925667071715,0.10473372717388,0.908739451318979,0
399,0.231512645957991,0.886068240273744,0.493930713273585,0
139,0.884292040253058,0.13442625827156,0.477911112830043,0
478,0.773312105466612,0.735493756039068,0.743153425934725,1
1224,0.792348370496992,0.290884426928384,0.723419662750493,5
966,0.737743677312974,0.520444125076756,0.820431456156075,3
389,0.645236428361386,0.0104438201524317,0.337295674718916,0
485,0.767451169628184,0.622977190441452,0.841368445963599,1
752,0.798468219977804,0.720703204767779,0.626577121973969,2
1135,0.782632581864659,0.263476647061653,0.727961093084346,4
668,0.800752263849136,0.808227609167807,0.742242370103486,2
1002,0.783942435660774,0.267639467516821,0.72965237034405,4
1198,0.782813822905505,0.258905372788866,0.734129252256555,4
114,0.127831319812685,0.126143532572314,0.683724015951157,0
628,0.806296061971225,0.410397386550903,0.865457374439575,2
171,0.687823187792674,0.0371559087652713,0.867903562728316,0
230,0.972259992267936,0.16775380494073,0.366299705812708,0
1223,0.781185435314957,0.289487371295907,0.720371832459371,5
1415,0.79145227891998,0.234185505375997,0.733755903758957,6
65,0.279537467285991,0.21965729794465,0.827701399801299,0
1151,0.776660192156296,0.265731184777086,0.733384554930726,4
552,0.772646202011965,0.343978786049411,0.774799419869669,1
1150,0.784886949872511,0.260189793478574,0.737861087644548,4
996,0.738910581076052,0.771435764292255,0.851875235862099,3
203,0.311034314101562,0.00219816179014742,0.827980318805203,0
22,0.241431052563712,0.893891850486398,0.938114828430116,0
1277,0.785219077134145,0.288710819890285,0.72824073605404,5
1335,0.790783285917853,0.29056248939425,0.728142593557121,5
1157,0.783459911697567,0.26416594344841,0.72821721872782,4
1294,0.789141836013676,0.278814729923725,0.731865516320608,5
1084,0.787400460580277,0.262507825031382,0.738406261578084,4
1113,0.785627319296721,0.262700553920092,0.72345023320035,4
1427,0.778635538860397,0.232366747370423,0.731925028656343,6
785,0.803499418185093,0.574152350099757,0.715392780909315,2
87,0.142627729801461,0.839499041205272,0.653551727999002,0
857,0.740643260036595,0.745492092473433,0.920250475709327,3
1110,0.791645136029031,0.262598319481419,0.734527777008502,4
697,0.798954942754936,0.747485820343718,0.917351720924489,2
1222,0.776146055117197,0.286999838727692,0.726933782115703,5
842,0.739146633760538,0.519289703597315,0.655454756878316,3
1268,0.784270121027974,0.29759053520352,0.729012570154618,5
1241,0.782231052025934,0.286725365819835,0.73164317518889,5
851,0.741596856825054,0.671729744086042,0.580325052677654,3
673,0.802755810876843,0.439245067210868,0.567417687689886,2
1390,0.784361758614056,0.293088851903061,0.727390174685488,5
1245,0.788965586588837,0.290694539261902,0.729273587771288,5
36,0.00480132666416466,0.142235252307728,0.67825873545371,0
1341,0.786917528866301,0.28736258605157,0.72939336367621,5
696,0.800975668344181,0.497811074508354,0.702694687130861,2
644,0.799260198045522,0.447725373343565,0.660311921220273,2
1253,0.781570825130673,0.295539642352254,0.729720984542555,5
373,0.638852935750037,0.650343862827867,0.335057177580893,0
1495,0.795554048905091,0.231623460658733,0.734859117759698,6
1354,0.785767554183754,0.285839117846061,0.73169140630798,5
768,0.804623808411416,0.728180150291883,0.772836923901923,2
255,0.706886094529182,0.184747744118795,0.119958069873974,0
1296,0.78439485941798,0.291574059972519,0.730215944181806,5
974,0.740998767735437,0.32126489225775,0.933601646171883,3
1445,0.789000378606125,0.231564012911963,0.732978851217838,6
412,0.776609835939016,0.569304306083359,0.877461057226174,1
1323,0.785916202015417,0.300954901414614,0.721000941530598,5
1584,0.789805228128279,0.223458662200273,0.730121484373727,6
126,0.976568244630471,0.597275155363604,0.279834766173735,0
1374,0.784551439733523,0.29333132188128,0.730679010150371,5
684,0.803274709908292,0.659446753934026,0.526878653396852,2
1371,0.787552953225451,0.290530564395048,0.719206168699188,5
1099,0.783613013178489,0.26040183563806,0.734605136499419,4
331,0.505953115643933,0.270268101245165,0.802029532846063,0
178,0.378220744663849,0.719841919373721,0.318320340011269,0
319,0.553043083986267,0.92946775816381,0.520142521709204,0
750,0.802194000314921,0.519326986069791,0.702682659565471,2
973,0.737568755610846,0.745081114838831,0.669277007179335,3
977,0.738117107483558,0.518825854896568,0.761379209416919,3
323,0.95595773588866,0.999585648765787,0.685138438595459,0
