1159,0.764516673504755,0.724726710349991,0.360267625167349,6
811,0.764443880010737,0.759633774291074,0.348597700360147,4
519,0.652401815394405,0.506599503336474,0.492743961792439,3
1152,0.764133966637265,0.729742234235838,0.350911457068926,6
403,0.708640234107152,0.572849080432206,0.499660707358271,2
998,0.764351885087854,0.787545072193518,0.356251930553968,5
415,0.713314863364212,0.813502173870802,0.344476757966913,2
48,0.522382911527529,0.618034505052492,0.423533959081396,0
993,0.758901641247879,0.790123383292261,0.353628358707064,5
409,0.705778996187728,0.677245210157707,0.373226328683086,2
96,0.681888660211116,0.43789156130515,0.460849087848328,1
978,0.774494399683601,0.79387796488011,0.353825601377571,5
1040,0.771240532619316,0.790146070398517,0.359909546397281,5
453,0.705407426056918,0.809735130285844,0.39413872261066,2
151,0.678001764693763,0.475105419289321,0.616741144959815,1
750,0.770004703569628,0.76083515535925,0.348961416231699,4
1224,0.767798802773741,0.733995914673347,0.350027527308751,6
539,0.648223862317391,0.339887991780415,0.639622120349668,3
329,0.708551008091308,0.583626724197529,0.209941276395693,2
643,0.649768156905193,0.484818407800049,0.540636713197455,3
790,0.771440995200685,0.76112646667764,0.353901308515706,4
1130,0.766590146964696,0.73092601759925,0.353849314841029,6
197,0.679461160523351,0.367084050085396,0.244349611969665,1
220,0.676382238764782,0.369192225043662,0.308987399726175,1
1210,0.764032868777279,0.738849425017355,0.352265588248472,6
352,0.708847862507682,0.561885537346825,0.420024107955396,2
137,0.682335363768507,0.41836503171362,0.496723424922675,1
747,0.766702019023049,0.763512235641717,0.351430121620814,4
708,0.767313168715161,0.757454846782309,0.359070930504014,4
110,0.68027828613529,0.662243793834932,0.444643667712808,1
431,0.711920968894847,0.714808991993777,0.602458292082883,2
390,0.706106497787405,0.344746643910185,0.569320935802534,2
1096,0.760248107104518,0.724212201578287,0.358456321958468,6
28,0.746960829477757,0.295974302571267,0.791521853068843,0
672,0.768297682327783,0.766376094651856,0.354849165729049,4
640,0.652947458615526,0.355743173277006,0.5211914524436,3
252,0.683652227376588,0.413140475866385,0.288124640402384,1
791,0.765904568605781,0.759410834376459,0.356168124796494,4
1144,0.761447708045066,0.740765371680236,0.354089584227382,6
489,0.653378076269291,0.784085351508111,0.181815204257146,3
1056,0.7615484182893,0.792208122991265,0.347038554937463,5
660,0.646462305765599,0.651662190794013,0.368397752335295,3
1064,0.763920626913675,0.73814459773817,0.356297479396298,6
716,0.763565437823221,0.765762192159481,0.348475926187812,4
99,0.683444469990209,0.757744143367745,0.428896070504561,1
630,0.648144725423772,0.438909832038917,0.53214496972505,3
395,0.709168443041854,0.580242936499417,0.50377112259157,2
404,0.711721748386044,0.719966645701788,0.413477420154959,2
38,0.361223346320912,0.00881389458663762,0.76442676060833,0
343,0.709434276840184,0.713955780141987,0.577796311746351,2
377,0.705673900765833,0.652280995156616,0.455341217271052,2
182,0.683299227671232,0.544944330118597,0.65518970338162,1
303,0.714843039065599,0.528513238416053,0.504449364193715,2
1032,0.758699420638506,0.795805610392771,0.357173941836562,5
418,0.70539521071827,0.803340426762588,0.174200490629301,2
154,0.683740175529383,0.418063682853244,0.326079087611288,1
794,0.759866712433624,0.764016528965412,0.355522755856414,4
371,0.714432281742338,0.600265531335026,0.492923447443172,2
145,0.678785376742017,0.711338684894145,0.315756426122971,1
1082,0.772931986685212,0.728657987600276,0.353889700439019,6
49,0.869615617441013,0.654246130259708,0.498642310267314,0
698,0.765356935981886,0.745298491020551,0.352283121458621,4
230,0.680578111044597,0.785201448248699,0.564959459519014,1
737,0.772249100905071,0.758894594188403,0.358266292841451,4
1221,0.759218361286062,0.729520663618133,0.358714563136314,6
320,0.706104787332006,0.344180917833,0.189721037796699,2
21,0.171278936089948,0.0713779011275619,0.293507600668818,0
959,0.759362111103583,0.795000354070195,0.354445463235191,5
1001,0.766931014171932,0.790564985634749,0.353681282955669,5
1262,0.771135146371968,0.726447450745478,0.364450109785024,6
1125,0.768297881067591,0.72841698658122,0.361753243774017,6
560,0.646320351681206,0.584976622951217,0.501035474753007,3
704,0.760867255981642,0.75687476808167,0.348844924800252,4
1077,0.762428426363262,0.731243120553426,0.362741404707811,6
808,0.769279153548641,0.76037049550834,0.357957601623251,4
648,0.654200670856517,0.526743540656753,0.520327015826479,3
107,0.679315986721776,0.408370672608726,0.197538741794415,1
845,0.752678411416534,0.760113284758578,0.355472768479565,4
688,0.761869179754572,0.767502632880076,0.356501044264426,4
1038,0.771732662690839,0.792770069592564,0.360313062153047,5
499,0.652536480687559,0.65086655865889,0.155904148519039,3
493,0.647540849426296,0.752027671900578,0.479147536028177,3
546,0.646662656578701,0.379821378272027,0.624883739557117,3
1257,0.770157966804621,0.728501152511031,0.358894101009969,6
71,0.679697338861879,0.345801079529338,0.361261352710426,1
275,0.714970435276628,0.49215030844789,0.58810695707798,2
1027,0.773512559305158,0.789426819085423,0.352737948969326,5
165,0.676625996199437,0.710371027467772,0.594087717053481,1
616,0.650073705667164,0.452048873528838,0.237675889092498,3
1030,0.771664153222005,0.793358645619282,0.361954574036086,5
253,0.683292115603108,0.631847789278254,0.432016101828776,1
612,0.646483001287561,0.674127314356156,0.4068439591676,3
299,0.709771360445302,0.675985422451049,0.573472180101089,2
117,0.67963376756059,0.737047709873877,0.639257858204655,1
1170,0.765564246231845,0.735578507966203,0.360710697537438,6
141,0.675509473953862,0.454284778097644,0.615482263313606,1
891,0.761806881621327,0.790981126509838,0.351833997606175,5
793,0.764993886152631,0.758407809002888,0.356925228078389,4
1025,0.7687801215115,0.796668776528215,0.357424059963078,5
316,0.711119863120839,0.377078580670059,0.463405730132945,2
659,0.646333771522623,0.653438000008464,0.219805645919405,3
462,0.709097942339722,0.611020781681873,0.240642952546477,2
855,0.777323236448073,0.762075289892808,0.355710219072812,4
510,0.646257916847244,0.680163176730275,0.619200286036357,3
256,0.681732410788536,0.694959131651558,0.483213208545931,1
1092,0.765646384941676,0.727359686460736,0.356862460101203,6
1197,0.760724076960041,0.736587327223693,0.358852703619684,6
241,0.682700269911438,0.710072988527827,0.462720174156129,1
429,0.714818757935427,0.543297680909745,0.442173271835782,2
705,0.761826852510922,0.759412909339071,0.359412954977807,4
925,0.765010529654771,0.793862221796856,0.360370106747425,5
119,0.679454947952181,0.696195519529283,0.368035667738877,1
703,0.765332257726544,0.766265091585374,0.358204550694992,4
797,0.768941149228141,0.768682258792425,0.352699964186621,4
1214,0.77013389583761,0.732605757252827,0.368858378505786,6
681,0.766810142181921,0.752885557270269,0.353481142387702,4
635,0.652391341717448,0.691532532917336,0.191309012286365,3
684,0.77595326050603,0.765910305731941,0.353101551618197,4
450,0.711431736422237,0.631933501921594,0.275102948001586,2
298,0.709386500851251,0.537702276371419,0.336061001336202,2
846,0.763532909497012,0.755837720530728,0.360305448129887,4
31,0.461668706731871,0.848345297155902,0.500619375612587,0
960,0.767616817828652,0.794214678779732,0.348794574076977,5
970,0.766917395787814,0.790716450225286,0.344367652077851,5
155,0.678601797216106,0.52800468436908,0.489441868662834,1
442,0.710928993064445,0.437397224246524,0.493834771960974,2
974,0.771092474570192,0.801641681336343,0.348900129140286,5
91,0.6793305506045,0.435358733870089,0.510548897949047,1
258,0.676398709730711,0.710889999289066,0.297542383591645,1
868,0.751392100569197,0.78764825255439,0.356248903162877,5
380,0.708799465184566,0.460396557115018,0.452360138227232,2
1109,0.769061809936243,0.738656538744934,0.359710893048864,6
164,0.678521202069242,0.699201863026246,0.465363798011094,1
1134,0.764368842440813,0.72945097286008,0.357594094541523,6
1086,0.767240193432176,0.730904022508288,0.359421431932555,6
915,0.76083064182055,0.787954975086495,0.35292404773295,5
1099,0.781852904662166,0.728424715569671,0.360792773242508,6
800,0.765017225077402,0.752889363099157,0.355374271780636,4
5,0.129490095656365,0.0804377517197281,0.447708386927843,0
437,0.713135833342094,0.776022166828625,0.47452101407107,2
270,0.707619124266785,0.633889807388186,0.323017548932694,2
281,0.711223730589263,0.629633317701519,0.239045859943144,2
366,0.709438348126132,0.340636409353465,0.255620819912292,2
266,0.706649384817574,0.632979485555552,0.615890512173064,2
1162,0.761113475369447,0.728093436131826,0.364654565859407,6
440,0.709016574432608,0.513882767525502,0.332742446265183,2
94,0.675181048156228,0.528399887145497,0.217743878881447,1
696,0.765450479840123,0.759287279304707,0.3572645403185,4
802,0.759513751977244,0.754385800149628,0.352610056521288,4
1062,0.761912172495458,0.783155799905525,0.358161192473501,5
628,0.652570331946481,0.668396443128586,0.348933474905789,3
906,0.765643628571306,0.788566992253886,0.361931872665253,5
434,0.707614547801204,0.704829543712549,0.172922119544819,2
172,0.679545640808064,0.701557138119824,0.274261909350753,1
1026,0.765932181846116,0.793577429073882,0.354402433238794,5
706,0.763466624093822,0.763401409778974,0.349700578836884,4
268,0.709201006162912,0.799139785463922,0.211817835387774,2
869,0.760491356430879,0.790937074106911,0.357635368864156,5
533,0.647737237233668,0.80038862361107,0.372635891358368,3
801,0.761729598268839,0.755271765568417,0.349081134702719,4
921,0.763897757687451,0.801104173540241,0.350989316056693,5
1097,0.761998000873783,0.73579112433225,0.353022461163769,6
518,0.6452320540254,0.791017783340067,0.168285962357186,3
238,0.683021934409626,0.565855685970746,0.487050117272884,1
1127,0.762447232383051,0.722728441034506,0.3636162168623,6
1235,0.766271063227661,0.729922475079095,0.351530225165507,6
923,0.759502656837615,0.793665049476011,0.351004068685952,5
583,0.651200536661781,0.501342229428701,0.396523169870488,3
751,0.7606239160459,0.767636078959788,0.356563525285302,4
144,0.679560598514508,0.498892251169309,0.498521292279475,1
139,0.682464060767088,0.338499856879935,0.297641648259014,1
439,0.708469261706341,0.426450978964567,0.320716483448632,2
777,0.770081436863137,0.765107154005113,0.353482956788156,4
774,0.757418813855673,0.763066365918932,0.347097277354967,4
100,0.678070839482825,0.323678599670529,0.234477983252145,1
441,0.711883653174154,0.338225521729328,0.505653457646258,2
561,0.654627742441371,0.39128335530404,0.361700403201394,3
1169,0.772631983857199,0.725927355950816,0.350068647406431,6
646,0.646457768885884,0.328301574802026,0.213642467325553,3
779,0.762922159830103,0.763035934175168,0.350541463289656,4
479,0.647126481379382,0.34791186824441,0.249723408417776,3
1213,0.772336699644625,0.733447905861342,0.360363813161428,6
1028,0.765929808532258,0.790337636859758,0.361218096421419,5
513,0.651132166646421,0.404219293501228,0.542753006960265,3
199,0.683903519678861,0.772313803783618,0.575717090908438,1
474,0.651106945762876,0.510645665461197,0.536850149324164,3
665,0.766231435871595,0.761794057896118,0.363826337072942,4
633,0.654462354716379,0.627232381259091,0.587026355834678,3
1121,0.764144856176244,0.725648431767533,0.35354130206618,6
872,0.770273383081884,0.792499683914578,0.357303759536233,5
922,0.763723382799255,0.789351659156137,0.360703019137368,5
478,0.647995964803267,0.400802202755585,0.387511513708159,3
566,0.647560223275796,0.727213774458505,0.509398214449175,3
19,0.616221533156931,0.212342272279784,0.183418377768248,0
980,0.760814978206301,0.788223800911336,0.351162958751258,5
1036,0.760881907905864,0.801596389692362,0.356701331071215,5
328,0.710094981347211,0.474410332972184,0.433881473424845,2
465,0.651079917734023,0.811819487484172,0.479352979850955,3
455,0.714815399379004,0.59178157360293,0.555271109729074,2
712,0.768279956099065,0.75968939645326,0.356318193575863,4
893,0.761250673610544,0.796075979894775,0.356625199274656,5
1251,0.76819093580598,0.734891690957403,0.360352061863126,6
73,0.684800542283338,0.703876089770347,0.368525235028938,1
598,0.651310752462596,0.43681593448855,0.542394333332777,3
381,0.706543192369863,0.755897041875869,0.625876807305031,2
271,0.705285979800392,0.530905171413906,0.365335188619793,2
1048,0.761702607068345,0.793587561090741,0.36165288345794,5
936,0.760379651467087,0.789761586787604,0.357259812753353,5
587,0.651321056827437,0.631776984548196,0.546603979356587,3
827,0.759186822137715,0.762872334311505,0.352363683924603,4
1143,0.76273769912317,0.734307357647504,0.348284666513794,6
757,0.769026807681747,0.751772497178303,0.361771539764467,4
335,0.707958092023619,0.733772469451651,0.506043844786473,2
123,0.681374938490335,0.540826893877238,0.643004498723894,1
475,0.654718994421419,0.696981436107308,0.515475770970807,3
695,0.763095778435692,0.765883165948517,0.355660623240565,4
282,0.710045797461644,0.495108809438534,0.266473632236011,2
130,0.683364653682802,0.483993836445734,0.41658749494236,1
338,0.705986230168492,0.585293866810389,0.188902186392807,2
848,0.765341804099048,0.767766624307292,0.358820577044052,4
1078,0.759289311418339,0.72114883674728,0.354714297584983,6
80,0.67672550602816,0.746444155811332,0.2686565854121,1
7,0.409543690271676,0.706235320307314,0.7772765038535,0
1057,0.770452502797562,0.790298442567265,0.358023187497409,5
81,0.684796411101706,0.413699534721673,0.534424986620434,1
375,0.706389221868012,0.631559671717696,0.298012441536412,2
884,0.772297692641225,0.778163010523927,0.355037250085003,5
1190,0.768151552232772,0.725538106316642,0.354559138261515,6
1009,0.765493222132555,0.784126158972508,0.355786981705792,5
264,0.711860462501645,0.363580834353343,0.219827788695693,2
548,0.648563479627483,0.433123322902247,0.496026259544306,3
584,0.653569889385253,0.513698680675589,0.219171926775016,3
902,0.769590113717788,0.785115586166916,0.349335636031915,5
1256,0.766502211632882,0.732261500911016,0.355618504696119,6
104,0.681700633405708,0.369622732279822,0.221183046745136,1
367,0.714878650929313,0.325781777501106,0.372929082298651,2
168,0.684156339981128,0.444368579890579,0.620328622451052,1
987,0.765800087348919,0.783108455410268,0.354439450504157,5
841,0.766997148217396,0.764234941279598,0.348004988625364,4
694,0.772512372024013,0.759878227964205,0.358506036028994,4
512,0.649678186539095,0.493637137929909,0.595978788845241,3
396,0.705911320857704,0.4331493685022,0.342492831335403,2
809,0.770731233110539,0.751000832032516,0.363819493301132,4
926,0.759990802871203,0.786940114596956,0.348260517381866,5
173,0.678330524365883,0.361310473293997,0.221882542641833,1
508,0.64889728799928,0.796653954661451,0.216540074022487,3
549,0.648699180828407,0.787119656801224,0.193186350213364,3
552,0.649371096652467,0.520408495911397,0.560250413301401,3
233,0.680599020859227,0.702351480256766,0.548257735488005,1
788,0.762727852679069,0.765317453894506,0.351837461699862,4
1132,0.758669775889199,0.725614620415979,0.359919668886014,6
1243,0.767761857882262,0.726797605771328,0.35404434138435,6
149,0.682360493831802,0.470722557976842,0.505796849657781,1
353,0.712725502799731,0.59663922409527,0.385385184478946,2
833,0.766658959302555,0.766941832019807,0.358478920806487,4
393,0.712340273580048,0.491591373458505,0.606010571285151,2
871,0.761536623266949,0.793111832417158,0.35834241887107,5
949,0.770736471164834,0.786225630008497,0.349367373326533,5
789,0.764028086834753,0.760832569604327,0.350574443150387,4
79,0.678766080341302,0.336189507273957,0.611549617303535,1
720,0.761969055027565,0.771174247850593,0.352011007743757,4
520,0.649985417851712,0.604903751751408,0.424288782570511,3
565,0.649055362686049,0.464684505830519,0.407758539589122,3
1249,0.763160740356079,0.731734309579632,0.359235552467663,6
133,0.684934540474787,0.749108550371602,0.515899002365768,1
87,0.678049286843743,0.412956857471727,0.435995829338208,1
240,0.678650833235588,0.41714502510149,0.341692505800165,1
771,0.759079824837326,0.755325513141793,0.358571098440917,4
861,0.770162458598037,0.761518325906207,0.353348604725155,4
829,0.755841762283205,0.763796626657734,0.365621098158109,4
593,0.654734645155258,0.776674163993448,0.320286440593191,3
216,0.67963020601077,0.604131013038568,0.223660582839511,1
1010,0.768208390422524,0.789044754152201,0.352468131944426,5
816,0.767801303828368,0.757288502357659,0.358937955393795,4
231,0.676456891167909,0.536289291689172,0.444259365368635,1
1020,0.765424153649027,0.794286252865608,0.360000394501415,5
234,0.684177658988629,0.381573888473213,0.448815711936913,1
406,0.709476150639821,0.728974679368548,0.605771901016124,2
710,0.762627934312842,0.766477919650705,0.350925645902782,4
285,0.707926512055565,0.420112700900063,0.476137139066123,2
121,0.67789453726029,0.50534931733273,0.62515448469203,1
20,0.191451250808313,0.341922395164147,0.696747577283531,0
397,0.71243899265537,0.386671639163978,0.176276382571086,2
707,0.770373224000757,0.758760558039239,0.358500352671603,4
664,0.760926253444971,0.762346840319457,0.345778701020632,4
72,0.683414871429559,0.680611143121496,0.523459353647195,1
111,0.682593941318337,0.686696889577433,0.211560937506147,1
433,0.714791672842111,0.817226633429527,0.263789953012019,2
1175,0.763023824736852,0.725065531846713,0.355452582166098,6
476,0.648790996880271,0.461601437535137,0.516523832152598,3
650,0.653509201430716,0.532530852942728,0.534504256257787,3
575,0.654356496515684,0.389704870409332,0.270756738306955,3
651,0.649307305051479,0.689206047798507,0.569062723824754,3
27,0.343031814787537,0.233700016280636,0.0889654096681625,0
857,0.768121674397033,0.761952431633578,0.355635975836583,4
1051,0.769200943455959,0.792450991014514,0.345420938091467,5
69,0.679651306713931,0.688596026040614,0.227613708283752,1
627,0.646436597569846,0.740281156380661,0.284665281465277,3
148,0.679301518481225,0.585635243216529,0.554425761033781,1
521,0.653757403360214,0.345309519092552,0.300004717241973,3
398,0.705668816703837,0.5020206857007,0.194802672998048,2
411,0.71049745117547,0.366521429386921,0.358196556032635,2
52,0.0434569884091616,0.418208445422351,0.0253475659992546,0
619,0.647562656425871,0.662848177482374,0.377512523718178,3
125,0.68281851462787,0.604954190319404,0.187496778252535,1
456,0.710417831398081,0.361578799434938,0.571548716560938,2
709,0.773738320087821,0.762958817115893,0.360127344929364,4
603,0.652479740784038,0.709986903355457,0.382019584346563,3
867,0.769038720488952,0.793523993538553,0.345851524287078,5
525,0.646201219060458,0.538010847405531,0.429917217744514,3
758,0.770808939148498,0.756632483266304,0.349142161325801,4
480,0.647938485841732,0.33094652928412,0.496938307699747,3
229,0.681080255697016,0.58801740326453,0.626446319557726,1
1150,0.767845776518804,0.730904456955399,0.351562950931055,6
108,0.684163524038158,0.802870412822813,0.301452847244218,1
188,0.681697068405338,0.640294785960577,0.438650049897842,1
44,0.0557755103800446,0.153022855287418,0.638190414989367,0
752,0.762072957499414,0.765743414871284,0.346956675112084,4
361,0.714798161156941,0.675980843952857,0.245554204145446,2
196,0.682191509946715,0.71422111033462,0.381437630322762,1
84,0.675430342322215,0.548240806907415,0.487095660227351,1
807,0.767734850118927,0.757152265436779,0.360722908198673,4
346,0.707901483462192,0.496632645488717,0.182451927964576,2
208,0.684534034056123,0.50475653342437,0.552437524823472,1
1216,0.763687131491177,0.724109867174853,0.358401366141954,6
1044,0.769012652633628,0.792001627211608,0.355210618685169,5
570,0.647951042850036,0.737864756607451,0.37285468429327,3
1228,0.762635949609772,0.731012646320602,0.342938808671547,6
895,0.75882907145371,0.791353767193207,0.366268558431712,5
237,0.684527100170963,0.397175628924742,0.481390300136991,1
147,0.682614479735494,0.729523455142044,0.292534014373086,1
1237,0.768928538592103,0.730258685964204,0.343372510073041,6
658,0.650538921891712,0.595235038315877,0.60061280480586,3
159,0.678264521977399,0.447313982062042,0.257355166645721,1
507,0.65439275292214,0.758645276189782,0.387187049887143,3
692,0.756510478368777,0.759007454884794,0.356924206079786,4
1098,0.763902801217878,0.734635860170508,0.357874544514804,6
422,0.711485418640077,0.517252545570955,0.457348490762524,2
990,0.768966787806633,0.788949045780881,0.360117167205904,5
605,0.646964573056903,0.327794677345082,0.634982162085362,3
43,0.954043558100238,0.774365414865315,0.888006542110816,0
304,0.711990310554393,0.353131324052811,0.1807156000752,2
738,0.771850965902218,0.755989851652021,0.355987125091394,4
1011,0.77088725285411,0.787737720934808,0.357647594026719,5
1181,0.759542820507954,0.724018675801342,0.357695571862034,6
686,0.765152003073513,0.765163510703587,0.362120822833498,4
996,0.765750189284408,0.791998405506042,0.351832079549154,5
555,0.651490879962221,0.493591096717864,0.533885872503743,3
1043,0.763510400103711,0.791729111338034,0.362242217846452,5
1250,0.761557154543142,0.72772177602883,0.35995354398091,6
473,0.646727766699623,0.791281323530711,0.170614546909928,3
823,0.762348493246818,0.762820834495216,0.363325199416251,4
1063,0.763548929318611,0.794596524493375,0.353105675179792,5
530,0.650901608173735,0.43080879712943,0.329664445994422,3
63,0.952262067468837,0.738803760847077,0.997725699329749,0
1050,0.75600671665302,0.790095316467202,0.355423165308547,5
1006,0.763052783022808,0.78016450295584,0.36281091841032,5
189,0.677276315190829,0.745752470684238,0.576278464915231,1
243,0.684508287485223,0.357351099955849,0.286393148172647,1
1185,0.763656915959557,0.732296151561347,0.351371455095889,6
880,0.765000454371305,0.791523946468232,0.362015514629501,5
609,0.646722591677681,0.740848078159615,0.452937107463367,3
175,0.675374649844598,0.620692683150992,0.19294847866986,1
819,0.760552175115027,0.766130859890033,0.354345016195902,4
744,0.761037888760084,0.763619037113532,0.353282378996506,4
1215,0.762415139752747,0.72805990209922,0.36243207524541,6
90,0.683097039947752,0.359449121868238,0.218831005319953,1
557,0.650807862300426,0.6882070627762,0.527466305927374,3
768,0.762034885006067,0.769414134901137,0.34766966342062,4
637,0.653003305150196,0.768790106987581,0.341689931508154,3
748,0.759334046262364,0.763735006426185,0.346419149043255,4
481,0.646415638872422,0.366206151200458,0.213205636059865,3
994,0.768456084102563,0.790835458746403,0.349676721541625,5
1079,0.774149165611503,0.727192830687025,0.3522311649438,6
581,0.645100012370385,0.659486088436097,0.425487251766026,3
931,0.775669846675031,0.796121681347048,0.356752065742188,5
468,0.648836157743353,0.388358034426346,0.466240017139353,3
78,0.680876770077739,0.572413278976455,0.163432125514373,1
1189,0.759218561995793,0.72774867752961,0.345070772882567,6
542,0.65259978411952,0.393444497720338,0.372518330975436,3
488,0.653644893395249,0.640927166561596,0.404370435094461,3
357,0.709610968800262,0.528781205648556,0.279796767677181,2
945,0.759668399036106,0.787895915940262,0.35131912056529,5
821,0.75875180907735,0.761015237999819,0.360460208249973,4
430,0.708484519587364,0.564362908829935,0.397973483707756,2
1233,0.766694069684853,0.735626098027383,0.349066450438395,6
53,0.237646672874689,0.396993683185428,0.226190055254847,0
903,0.765531551994043,0.787347793641882,0.351599358661077,5
467,0.645744045083411,0.511780640576035,0.397732984554023,3
459,0.705111254442017,0.39184901304543,0.48075934399385,2
1136,0.768439827035639,0.727944432743866,0.349391931127268,6
761,0.765215369276124,0.764281880719008,0.362835792745818,4
679,0.761995377467049,0.766980856059431,0.360952895998079,4
967,0.777677294049249,0.797303471884619,0.35658309694738,5
136,0.679470173190348,0.66285533667542,0.294910036306828,1
647,0.648096433850005,0.359663597191684,0.454831120604649,3
986,0.764132600013945,0.785567853194525,0.356367139844024,5
1106,0.766129867142682,0.727258562214253,0.348235183625381,6
405,0.712279778632801,0.58237961831037,0.294977685832419,2
1217,0.760863572073078,0.731496732929664,0.356129407878951,6
1118,0.760068484932595,0.73384098262693,0.355866690271626,6
832,0.768611750277674,0.773541620343681,0.354074174422658,4
1166,0.770155445812211,0.730732158797025,0.361496641114931,6
342,0.710245267339051,0.376305571058765,0.454131394904107,2
543,0.649896792643703,0.783846914418973,0.547727673244663,3
184,0.676238198739011,0.631958669167943,0.214233216759749,1
77,0.679956671863329,0.55932865710929,0.536335172876716,1
496,0.653555114706978,0.670965748489834,0.640108683193103,3
254,0.678956236848608,0.669769555563107,0.492902727844194,1
806,0.766979005885482,0.753027220853237,0.356733061211873,4
1223,0.766285937166445,0.72644177553258,0.35303935185968,6
55,0.829122428316623,0.770709816133603,0.352984603261575,0
564,0.650929508251138,0.626248971093446,0.21842329336796,3
373,0.711899405585136,0.474954464589246,0.512401739181951,2
1195,0.767438632156797,0.72751924299653,0.360433897866896,6
50,0.162835254333913,0.449276646832004,0.617309976834804,0
690,0.764333070445936,0.759600118862113,0.352926403196287,4
843,0.768962883943072,0.758389701121946,0.357762861714704,4
1023,0.766967252101236,0.791269046181717,0.353705437417605,5
1207,0.762807749876357,0.722538754803885,0.358327385220489,6
946,0.768562381972877,0.794763127787164,0.351161377525509,5
1172,0.761604066491496,0.7295402001146,0.352184834083589,6
427,0.713589063717518,0.613623289158568,0.529692604369484,2
1007,0.770646112807746,0.795641724014025,0.348300768555528,5
498,0.652078043569345,0.671991510665976,0.496824604971334,3
792,0.761300917319471,0.758953933622877,0.358624950924422,4
718,0.764507167154831,0.758853614360859,0.348895265911093,4
853,0.765458396698763,0.768180537279052,0.354394380081127,4
849,0.75799740734883,0.760085368141255,0.355012859951817,4
977,0.770538260677214,0.791677885259452,0.352469331027686,5
1022,0.765435518941743,0.794926705435548,0.352090201812071,5
897,0.766135413140078,0.787174086357113,0.348740887314049,5
202,0.678460016949102,0.814594545168802,0.332075149915181,1
736,0.761342653851073,0.768198012450936,0.34449337072311,4
1180,0.761510422320519,0.730350841150815,0.353648753447345,6
691,0.765523438702058,0.76104576466306,0.353769318438549,4
799,0.771644973219592,0.760813202485421,0.345606146275779,4
515,0.646333736462984,0.411092126392759,0.392071057506837,3
1035,0.766609696694925,0.789207418145182,0.349959288763048,5
606,0.647774444725364,0.453912534634583,0.520567395887338,3
1104,0.762712713474829,0.73239008340924,0.357755788978092,6
485,0.65413840244757,0.768038165522739,0.503719475516118,3
1158,0.769262346218928,0.725192389586788,0.358183648609998,6
599,0.648492421277333,0.42724307149183,0.230748946825042,3
325,0.707358659966849,0.545606483356096,0.646471827686764,2
506,0.648692159852944,0.39010102848988,0.536974565754645,3
642,0.648114339509048,0.433148861397058,0.57224269611761,3
615,0.653852054148447,0.595638327067718,0.533931756555103,3
1238,0.764354914276954,0.731083983949485,0.358598890303674,6
582,0.649407686737832,0.645176867255941,0.653735079616308,3
1263,0.772613084066921,0.737738267625027,0.356835125414337,6
835,0.761457190739332,0.753033053275867,0.36250015613138,4
283,0.713692546966486,0.600816776743159,0.37251421045512,2
198,0.675736251557246,0.565560631104745,0.453522692597471,1
116,0.679408560509328,0.328351333038881,0.231625133822672,1
608,0.652788316803053,0.435777729842812,0.649366766843014,3
333,0.709653545748442,0.681639453279786,0.366758044157177,2
804,0.774393001541369,0.763553495221003,0.364341360765791,4
222,0.68434101103805,0.742296521551907,0.538169190799818,1
517,0.65001624338096,0.67128631984815,0.439306519622915,3
106,0.68222492860863,0.51512494077906,0.369022044283338,1
680,0.764185911916069,0.758824225054591,0.354967424550469,4
1069,0.76813716572548,0.738683702155707,0.353116803081362,6
1167,0.763274396778006,0.723010867175468,0.345408756956613,6
177,0.684087608249392,0.535846906132065,0.628351112175733,1
1084,0.76668866414123,0.737728661964015,0.349209224081074,6
798,0.773683024554062,0.758207696077627,0.352524805530935,4
1017,0.76974674786613,0.797822610024578,0.358855179647211,5
458,0.711791759331245,0.802037658169866,0.502081450819969,2
451,0.711666980257723,0.43657271808479,0.503475173772313,2
378,0.714106308829505,0.391343910712749,0.430897982721217,2
1211,0.771257653485493,0.722332274997908,0.35686615590604,6
1220,0.767195428667589,0.725196345708988,0.357030341251672,6
289,0.711336711768527,0.437173077953048,0.36557671467308,2
814,0.765460371573229,0.766878411907454,0.359952077367086,4
420,0.715057884762064,0.490097775822505,0.61162959067151,2
41,0.698148559313267,0.995312881655991,0.465630111517385,0
636,0.646343891052529,0.377204558579251,0.49794026282616,3
331,0.706528236644808,0.792295602615923,0.204203638876788,2
917,0.762896620716191,0.786987822903294,0.353818744615548,5
1039,0.771785023407815,0.793764266982548,0.352055430700746,5
95,0.685068386662751,0.573941517621279,0.565147877135314,1
1021,0.76914238510449,0.792800770692037,0.360350880533594,5
292,0.714264463908039,0.598871859489009,0.247847948037088,2
928,0.764360349141311,0.791421696882004,0.349370943783673,5
280,0.713254478126764,0.808253820403479,0.590062153572217,2
749,0.753325771839597,0.752786426440647,0.357464703625981,4
272,0.714848070095759,0.477569779264741,0.259965573018417,2
976,0.770009476825714,0.791924583588586,0.359236247109738,5
1058,0.770820013163691,0.794089839467671,0.354200692186149,5
82,0.680358976062853,0.533771341200918,0.451023596269079,1
596,0.649048839758616,0.382620656513609,0.316364819114097,3
847,0.757501446713546,0.759634375407454,0.360329630245966,4
1204,0.767474640275992,0.722884210959134,0.357143154564979,6
59,0.43134859832935,0.0508639053441584,0.0419628759846091,0
457,0.712329330963548,0.612182116950862,0.645561396190897,2
699,0.772640314283371,0.76333387959322,0.356740298151999,4
161,0.675082372371107,0.418549126130529,0.219666027743369,1
886,0.762394867694722,0.797542110346145,0.353501508116473,5
388,0.713089707505424,0.493942671106197,0.494570935308002,2
210,0.677421957098413,0.519391976064071,0.500776546006091,1
319,0.710115910058375,0.531702677952126,0.271529571316205,2
677,0.770233499643818,0.755797745028845,0.355817941774889,4
607,0.654966209437698,0.560166933690198,0.612483887979761,3
1142,0.763636818873016,0.734728536290979,0.354718961655527,6
569,0.646590901303571,0.677684615366161,0.521723173372448,3
399,0.706928352208342,0.714044449618086,0.411230130633339,2
452,0.708836786625907,0.330254952888936,0.601565669570118,2
1244,0.766271345052216,0.731294014010378,0.361510331947522,6
1042,0.772329345356153,0.801285037487182,0.347261461699701,5
330,0.714105759521481,0.507187061244622,0.207081621442922,2
124,0.684084368778858,0.704254310228862,0.522149334009737,1
334,0.710240027799737,0.733940085512586,0.404753744299524,2
364,0.7109561322839,0.334352466743439,0.236963583435863,2
18,0.328859583707526,0.839328805683181,0.334397991420701,0
98,0.67726419725921,0.578900240710936,0.335006371303462,1
908,0.75595462520895,0.786646548614855,0.353659518661544,5
956,0.761350358124046,0.788910141342716,0.352692471549896,5
743,0.768656177142897,0.755679303880093,0.359522991117647,4
775,0.767332513837123,0.763208853139675,0.353913815339259,4
382,0.707937664436176,0.477681790478528,0.487818081560545,2
852,0.766182858288863,0.769869234123646,0.353358485249749,4
913,0.763038869129104,0.792879811604548,0.357173954758923,5
255,0.677637975253165,0.487789526581764,0.385207138070837,1
472,0.651219461483415,0.401339598349296,0.564380276296288,3
424,0.709691410998348,0.351217821589671,0.474031394976191,2
559,0.651389865793753,0.444195082294755,0.622410511062481,3
916,0.761640888383859,0.78723317633082,0.364575051072524,5
1041,0.766858652656327,0.799200948419074,0.354640808196906,5
588,0.646365833098534,0.741742926998995,0.292000028584153,3
813,0.753560739514091,0.767463155071306,0.354323386300438,4
822,0.765256766690064,0.758182667617197,0.353937500781646,4
610,0.647731704548933,0.78017372416798,0.58915592757985,3
1252,0.770623592257665,0.733159194038623,0.346520374845287,6
505,0.654286526162177,0.573215680895373,0.384437255142257,3
1114,0.765282176013034,0.723858545539013,0.348780431059385,6
941,0.762179382424372,0.797889010605936,0.35049595774084,5
579,0.654163567593787,0.736037036520429,0.286249672458507,3
1147,0.764320311130439,0.737648156050813,0.348003470866101,6
251,0.677911691116169,0.420388321275823,0.355581136699766,1
825,0.781042441072198,0.75548292150037,0.356665855659823,4
6,0.384972747182474,0.67209749459289,0.520101167960092,0
740,0.761985755310953,0.770854501060998,0.354773049302109,4
446,0.712288784617558,0.704874274786562,0.527975225169212,2
228,0.683410470320377,0.329713658196852,0.324280278803781,1
1139,0.769134149533185,0.73772363715312,0.355759028328317,6
470,0.653813948533498,0.801325713284314,0.591979164560326,3
954,0.766717647003073,0.792437920509476,0.356481578634716,5
8,0.605510317720473,0.238977015018463,0.559804164804518,0
419,0.707455753071699,0.376269839936867,0.516148354904726,2
863,0.769336918547576,0.760103629396683,0.35573840257855,4
632,0.650985954154748,0.411002894048579,0.460727976216003,3
218,0.680547655699775,0.378406696254387,0.409025750285946,1
883,0.76516888074414,0.785840116051651,0.351668421008448,5
1176,0.771280399211304,0.73275707515132,0.344707382320055,6
982,0.760489952165003,0.795058707929757,0.358421318996806,5
730,0.768751659046622,0.760625667460931,0.350822506552867,4
1047,0.765650712553951,0.792847736265891,0.355033203368042,5
1218,0.773315320331671,0.731738366175187,0.353713990459473,6
449,0.713755996485706,0.324672788032331,0.406302543869242,2
1045,0.762653015124555,0.784298099615212,0.352845856099838,5
509,0.651415367757436,0.556429139105603,0.542803753446788,3
103,0.678815235339571,0.623283147462644,0.245757135376334,1
655,0.646607689775992,0.672730766236782,0.575108306529,3
122,0.679209062973969,0.465176807600074,0.479109200346284,1
914,0.763599285329117,0.790820630433014,0.355962968572177,5
734,0.771586736981562,0.76050741270619,0.356179383372332,4
772,0.760098111750034,0.761558778644736,0.360300842149515,4
1061,0.768760460332542,0.787062656758576,0.353355435057096,5
550,0.653868691308889,0.415111403679475,0.226635060203262,3
1095,0.768802879406032,0.727433088932376,0.34899596955313,6
1004,0.757850310746749,0.799715322759091,0.351417098837458,5
858,0.765364929731488,0.762639889774096,0.345325601266053,4
249,0.683341161841527,0.571440609055571,0.429525248520076,1
262,0.677133436512668,0.507606315077282,0.456554121617228,1
1140,0.766682018594144,0.73731931604561,0.352183622463671,6
571,0.649643468800932,0.487750348285772,0.404974451917224,3
862,0.764861786659085,0.760824892741228,0.363052695973088,4
315,0.706771854283288,0.701480836141855,0.189440605742857,2
1182,0.76566398424593,0.735546291547487,0.367323583126045,6
910,0.771496482004929,0.791721547793779,0.355303120076343,5
865,0.764038037817205,0.791638235261293,0.355347938305452,5
1002,0.764558898513313,0.794258411999701,0.346565895754897,5
97,0.682953943328466,0.746405683341436,0.362284318241291,1
678,0.76651369390265,0.767270592744226,0.3562195513836,4
741,0.771104043619154,0.769325575668224,0.355548187119978,4
131,0.684153852716554,0.504859538632445,0.510751220909879,1
142,0.684913813699968,0.540736001101322,0.243610045104288,1
1232,0.762709011136705,0.728839481496571,0.351553479012775,6
595,0.649839649656788,0.356058227247559,0.220677453256212,3
713,0.761603680173154,0.760833940084023,0.353435245605336,4
39,0.770308385835961,0.243154156254604,0.675535262096673,0
1124,0.765171310299552,0.726435645214317,0.35194916100755,6
93,0.679483101631049,0.368017183966003,0.319360970333219,1
776,0.773893830384284,0.76623365130719,0.352307968267139,4
402,0.706405814921018,0.429822999169119,0.496428407425992,2
896,0.769511763629196,0.797399714621888,0.35874598745374,5
918,0.765715503453788,0.790288428303809,0.349335995529973,5
213,0.67906727256719,0.430108587373979,0.232052647555247,1
83,0.675211566803046,0.627934584743343,0.620631582848728,1
1177,0.764810601440111,0.734757109907251,0.355257586329183,6
464,0.651658887977246,0.362782613839954,0.449381243949756,3
859,0.762823992362596,0.763644555034768,0.351628522821313,4
245,0.676887137007434,0.445877880207263,0.627827843348496,1
24,0.119546012021601,0.207618900574744,0.950266046915203,0
929,0.761225898255423,0.794147225021789,0.361471985732827,5
47,0.786459944909438,0.511297631077468,0.765725364675745,0
279,0.705730117191561,0.707055195351131,0.519045465555973,2
653,0.651308651254512,0.347779523697682,0.20796588533558,3
881,0.759684626427754,0.789943736035303,0.349997028993292,5
1037,0.768171779075778,0.787041242438931,0.350924214820185,5
1067,0.765649630516327,0.728955458812489,0.361791650867549,6
723,0.76871180014652,0.755692378807347,0.36176715318771,4
487,0.648262214008719,0.399074028828181,0.602366782072932,3
469,0.654762092835735,0.519239721004851,0.63190784601029,3
767,0.769415463390983,0.761253352540938,0.356458738920556,4
1154,0.77062437189386,0.731007555209151,0.35299841056282,6
204,0.678710492646787,0.456666620331816,0.51069718929939,1
634,0.64859692545142,0.769388120621443,0.630528813623823,3
683,0.754450489311925,0.758753761442082,0.354558724290553,4
962,0.765472532752816,0.782179031337709,0.357919198969151,5
61,0.388557279482484,0.404007571050897,0.420521813677624,0
193,0.676513018405531,0.636065435712226,0.215250690164976,1
1073,0.767435965168057,0.732048089874895,0.363233371943639,6
163,0.683366627483629,0.47458737634588,0.33708119513467,1
1126,0.757645463504673,0.730151084570108,0.363920903349996,6
318,0.713903151433915,0.423531894688495,0.524063192587346,2
528,0.653738208867144,0.476329351775348,0.547692103474401,3
685,0.777044156223279,0.753911697200229,0.358664437498752,4
129,0.682924009026028,0.532546684145927,0.564414030918852,1
1234,0.760579080131841,0.734718898154656,0.358981126665725,6
1133,0.764580291775716,0.725720065968732,0.351640598972419,6
120,0.684612082783133,0.651788342394866,0.433937285025604,1
726,0.763491408365574,0.759319968538267,0.361204451723426,4
178,0.684307374109048,0.487571361591108,0.467268206458539,1
1155,0.755383693259989,0.727470730369269,0.352718323076529,6
250,0.683051754138432,0.632868831278756,0.304790863231756,1
1119,0.762821719816636,0.741466671600956,0.359391386354897,6
410,0.706716611459851,0.739018425811082,0.159870640537702,2
661,0.648387570229825,0.514753832714632,0.275143828522414,3
820,0.76403861447771,0.760305076219643,0.352415890895895,4
568,0.645475952660199,0.597135122516192,0.579337379592471,3
830,0.758494568449435,0.760844047231234,0.34649935654457,4
174,0.682237434834242,0.344754352932796,0.500084528629668,1
102,0.68007157729473,0.703137338045053,0.301107846014202,1
836,0.77232040984219,0.754550039862842,0.350677724437718,4
1080,0.768685931539026,0.727943776798204,0.356032879614344,6
356,0.71490701608127,0.585269863018766,0.354914215672761,2
185,0.683220709955785,0.562928525614552,0.290513004572131,1
454,0.712741719451733,0.473159084911458,0.171820457954891,2
810,0.759693329268248,0.767752599859208,0.358620913283533,4
15,0.421430453658104,0.25223144213669,0.362095323391259,0
23,0.587634828407317,0.448163084220141,0.11896012024954,0
150,0.685017658916768,0.661976077128202,0.465614701318555,1
1075,0.760636215585778,0.733373362290986,0.350348634846552,6
932,0.772863827548041,0.789021654268643,0.3572939176282,5
1209,0.771213421357468,0.733225128801287,0.34660741016742,6
783,0.763221064454754,0.760244981743038,0.358635700498361,4
339,0.710823536326643,0.591293666744605,0.350699980091304,2
1024,0.763042604527859,0.78948872230147,0.349096430980086,5
934,0.765946754483595,0.788930615143603,0.351250548525699,5
731,0.766296512482059,0.754677197674463,0.352162267170128,4
601,0.648808386218734,0.668287656968459,0.264558896352537,3
288,0.711691488991491,0.685875987401232,0.215623264014721,2
1239,0.759079269266234,0.718936701869123,0.357119176170741,6
885,0.765054754925991,0.79384669231107,0.356072179057368,5
219,0.676335038612597,0.336080497014336,0.587926481547766,1
1014,0.763749044765394,0.792995751555509,0.357454887954157,5
85,0.675345854919869,0.541760579915717,0.60585643646773,1
215,0.682882283269428,0.407280423329212,0.389029894303531,1
1241,0.767442171510426,0.728131225532947,0.355010672106442,6
544,0.653428394082002,0.709725946420804,0.342756399814971,3
1128,0.770535605929508,0.737441387941576,0.352804350577712,6
290,0.705322335935198,0.658920082845725,0.51883410026785,2
296,0.705368515872397,0.653359645511955,0.478639389784075,2
759,0.765263574926688,0.764654778407608,0.351707139905626,4
938,0.757171933045175,0.791293592451952,0.356265459431037,5
992,0.766721521950456,0.794003951969012,0.355320080479038,5
349,0.707965826257132,0.669055168284103,0.213219828251749,2
727,0.760626961603794,0.756194123865185,0.360317413316951,4
170,0.675688771842979,0.49522784689907,0.325089612789452,1
717,0.759166768405119,0.765095141376049,0.356911189947975,4
964,0.761824487810244,0.794204557917404,0.35133756883619,5
805,0.768651584217178,0.766753381133893,0.360055343668197,4
113,0.675599269175436,0.723834574804641,0.439670734619722,1
248,0.680178612426389,0.723309259861708,0.162026925757527,1
354,0.711670776987448,0.378331140382215,0.415340880095027,2
1212,0.755030001978562,0.733884420361374,0.361656758102447,6
919,0.765604815968249,0.786783011674777,0.345044150379039,5
391,0.712583260384854,0.814873548457399,0.395366865606047,2
1171,0.765539335282517,0.730275036994466,0.346559282401267,6
51,0.52421495388262,0.473956764908507,0.661690033739433,0
190,0.677282854102086,0.432157819159329,0.468710404634476,1
312,0.712367054782808,0.700006603030488,0.555120243853889,2
1018,0.757966283951163,0.78810403912516,0.357452408159527,5
786,0.760143966233251,0.752729067828617,0.364753437926684,4
448,0.708965077938046,0.52716158144176,0.319158055749722,2
948,0.769721290908905,0.783580252897009,0.354775968726625,5
1070,0.761088355366395,0.726696137931249,0.354825302355361,6
500,0.648158865550067,0.465823199716397,0.55303144028876,3
466,0.64589400629513,0.67101263848599,0.165255010756664,3
1112,0.756117132913462,0.740820468922796,0.35557668967506,6
186,0.677456958205439,0.818081584991887,0.438393709179945,1
192,0.675125093352981,0.663619961123914,0.466450887778774,1
875,0.760906998389092,0.798004640687986,0.362033804825981,5
531,0.645750865160953,0.335386833176017,0.305221765697934,3
969,0.763497747972033,0.784704905697081,0.365305418048038,5
88,0.679255553244147,0.386778763495386,0.30461211076472,1
265,0.714105269196443,0.653094279114157,0.496094701741822,2
495,0.649727449605707,0.70229027105961,0.174061204586178,3
567,0.645810492024757,0.406502050347626,0.320917533175089,3
11,0.244099828181788,0.87802026188001,0.332840837538242,0
191,0.680387925682589,0.477047007065266,0.597116441861726,1
950,0.769340723291139,0.79257970455043,0.358142990226308,5
306,0.707759536546655,0.712425147998147,0.306791335856542,2
195,0.676970688081346,0.376800823607482,0.592563838278875,1
787,0.762963484526549,0.761287432072008,0.354876248501641,4
305,0.709453141323756,0.594734630198218,0.310880692605861,2
522,0.653506817640737,0.543006622348912,0.538915880420245,3
227,0.68497321709292,0.49339684122242,0.300101865245961,1
623,0.649889523801394,0.7110536233522,0.230374482274056,3
901,0.770341803781156,0.788116342727548,0.347665255127256,5
937,0.765217560169631,0.795552677127555,0.356410854166251,5
387,0.711290595463943,0.330319597502239,0.302013993659057,2
294,0.706885663734283,0.688789601437747,0.623950134078041,2
152,0.675834857842419,0.711120588472113,0.216067778342404,1
973,0.771494576026469,0.788458266629654,0.354904167863266,5
669,0.764979219534636,0.763351350515515,0.368410762432064,4
471,0.645221712922212,0.777383966255002,0.517081848392263,3
958,0.768567692625619,0.795229728660694,0.357854233132455,5
851,0.762284214555314,0.760427888892764,0.356902011782935,4
169,0.677740461395588,0.676838038838468,0.62791959666647,1
536,0.650942960232496,0.549068630090915,0.517027925397269,3
817,0.756192160684984,0.752636847179477,0.358836502551803,4
1008,0.767690633214253,0.794077842504428,0.347371190029936,5
905,0.77323911384947,0.798010156321799,0.349169836648533,5
66,0.682126950866077,0.690771814784966,0.330512141156942,1
1194,0.774778837520744,0.723407650759573,0.355648066242262,6
1184,0.771469289914874,0.737018033240083,0.355594553130963,6
321,0.711243697800674,0.351409491035156,0.412651630979963,2
126,0.684322727557737,0.598247498273849,0.397270322358236,1
1230,0.7689853299914,0.733810617637633,0.349748999535522,6
580,0.647518920344301,0.53421764052473,0.545485131721944,3
223,0.683091082230676,0.442491890978999,0.426658769301139,1
687,0.761792100461593,0.751817095330606,0.363026643954031,4
447,0.70845106050605,0.685021124663763,0.419064255594276,2
438,0.707183986874297,0.784361127065495,0.183185485121794,2
624,0.649118791546207,0.443483200157061,0.579737701849081,3
1178,0.768109485319755,0.733635619141008,0.350007049019029,6
140,0.681178715687711,0.550494876573794,0.431271696859039,1
166,0.681259214153979,0.751715323305689,0.561238235258497,1
368,0.714960682354868,0.361920850118622,0.194403970078565,2
421,0.713355571588036,0.328017126070336,0.383752178330906,2
866,0.764891295131193,0.804496390142043,0.34876656492791,5
889,0.766298930729835,0.792811071855169,0.362066895298373,5
547,0.652024967749603,0.364165228442289,0.188916311296634,3
1081,0.774482464795052,0.729819633163418,0.363717015712098,6
739,0.769988816759409,0.756106729860522,0.353881854936622,4
815,0.768415336492417,0.754842597295032,0.352206460012426,4
33,0.458827526308596,0.261117999209091,0.786644089734182,0
1033,0.765409644368461,0.790293906456529,0.348874058297016,5
1261,0.76780654339641,0.730421753797873,0.357407566836186,6
920,0.770124947634228,0.787463159462848,0.345329997414007,5
1076,0.764723338584915,0.731090699587494,0.354382113901465,6
1199,0.769116079112746,0.725534846320765,0.355721309178743,6
985,0.769067146500029,0.783279550314209,0.364560643380543,5
293,0.7107201903034,0.382896387367509,0.419277082476765,2
532,0.648717323280871,0.613329516723752,0.541578340274282,3
360,0.708845002637245,0.75029156554956,0.361645255167969,2
30,0.605463181622326,0.585962406825274,0.538319849641994,0
423,0.706289111285005,0.329035236150958,0.569507936644368,2
971,0.768761523734713,0.791818523619885,0.357150514137847,5
160,0.683810909241438,0.820677617914043,0.26965533643961,1
132,0.683514763645362,0.486298542702571,0.21322243839968,1
1031,0.772441503314507,0.782453066732367,0.362959501979722,5
1242,0.773480515694967,0.73033853675725,0.359755596426916,6
639,0.652904714851175,0.566725696553476,0.340487598837353,3
514,0.647558348041493,0.71342302300036,0.298500542226248,3
502,0.653504731021821,0.357012766064145,0.265017589367926,3
492,0.648787866968196,0.545584469335154,0.46764873159118,3
1205,0.757426660111749,0.727790980535813,0.360203795070801,6
246,0.684402231501881,0.491824650205672,0.401672070310451,1
1219,0.765963651686778,0.738148516506068,0.343986526503447,6
995,0.763630572103788,0.787229776761177,0.358089088276804,5
693,0.763012853904945,0.765521975639285,0.352605591078991,4
702,0.771061893739253,0.754151995443678,0.357868132821132,4
545,0.651126442323439,0.435481211752631,0.469908205955289,3
591,0.648776135847438,0.338187812594697,0.632711974834092,3
244,0.683579264369328,0.651955048670061,0.650840541510843,1
374,0.708933408379089,0.494363501784392,0.205701049813069,2
676,0.767404423012799,0.765905228566461,0.350110752310828,4
261,0.675652066729963,0.346801722305827,0.583898542262614,1
29,0.848896409850568,0.776827753521502,0.495197798591107,0
766,0.777000220016185,0.761359048622535,0.351102901808768,4
968,0.760616177222338,0.791755523695649,0.357061121362811,5
554,0.645537543140817,0.587480773101561,0.29719111782033,3
205,0.678344683677424,0.629161433549598,0.351142248883843,1
535,0.650069957021624,0.674899965641089,0.42175506700296,3
314,0.712771244205069,0.632536170771345,0.552034667623229,2
523,0.647577721418347,0.394678555196151,0.596934810909443,3
899,0.763177933731807,0.788042465616643,0.352399452534628,5
558,0.652947300064843,0.33888664515689,0.405990246147849,3
226,0.679469456307124,0.351456943666562,0.645132240769453,1
260,0.682744422194082,0.559717807453126,0.336658543488011,1
379,0.708086329977959,0.616435532690957,0.490332060889341,2
1116,0.767885815594233,0.730202795210172,0.362143803823572,6
115,0.684906388656236,0.453154615359381,0.175989575963467,1
291,0.706317911036313,0.591219878057018,0.272065527900122,2
443,0.708012775345706,0.342658181441948,0.338155179331079,2
1165,0.768328430047712,0.72328066579234,0.355249552990148,6
625,0.645111455796286,0.580597386579029,0.164177512330934,3
803,0.764354475221165,0.760200533226525,0.356099746753115,4
860,0.758059155490734,0.75942009167292,0.353704570129676,4
1059,0.754228655276601,0.788989407109474,0.350835076274642,5
36,0.749669637763873,0.682681493228301,0.18124446971342,0
511,0.64583733874606,0.346080011571757,0.523234807583503,3
1003,0.762865300544451,0.786964171660646,0.359991066249289,5
780,0.762902918842336,0.772481289380106,0.350527062593575,4
477,0.648515946574043,0.735645281616598,0.347769459523261,3
1138,0.774048845780429,0.729516596136366,0.348082637352915,6
1,0.392996501643211,0.280586681095883,0.549360174685717,0
818,0.765797412620797,0.760755092973129,0.348836042981309,4
359,0.71037752158707,0.441396524431184,0.512504598172382,2
856,0.768192654022165,0.755749343907837,0.35752335861501,4
988,0.767230130457238,0.789387136123924,0.348696348011747,5
844,0.764116414164475,0.763733971003854,0.352496445389587,4
947,0.76421884661091,0.793429726749035,0.356520435829064,5
714,0.767983989232631,0.76340999277713,0.356067637920239,4
935,0.766217307625325,0.795707885431918,0.359134473127636,5
358,0.714430023063906,0.595922598498873,0.332630372885615,2
212,0.677677315247711,0.398661410086788,0.30078798676841,1
317,0.711301790182479,0.719217146281153,0.447547295293771,2
764,0.762823840103364,0.759323510774079,0.36089180639588,4
1208,0.760318310470219,0.72191848943015,0.354115009477316,6
414,0.709023340954445,0.563612486934289,0.225232321233489,2
64,0.6834396513924,0.573131020762958,0.641374174435623,1
1072,0.770618833313009,0.731855150367633,0.360881072245314,6
127,0.680031176467892,0.70127950317692,0.393251895485446,1
355,0.711407762649469,0.775045488029718,0.348757851216942,2
206,0.683758047244046,0.452112883678637,0.545367534318939,1
537,0.645474191349931,0.731779852183536,0.417389465193264,3
1247,0.769144236720281,0.731345844394876,0.351444109127726,6
183,0.683505739609245,0.536388849257492,0.630604089866392,1
1135,0.769386597201265,0.732673300428324,0.357812655704497,6
134,0.676230190228671,0.692259850795381,0.23933471813798,1
984,0.76743623497018,0.792313949765995,0.355148011226052,5
386,0.706514888745733,0.571471657953225,0.218255223403685,2
323,0.712021140446886,0.677198786637746,0.596129751927219,2
812,0.769236921848184,0.756253150334731,0.354111011688228,4
1000,0.756641635278505,0.794826076314768,0.357438099184536,5
1090,0.773987534067957,0.7249163739427,0.361621791096377,6
689,0.763952489768686,0.754346688580395,0.362194153348823,4
301,0.713430422600359,0.541464867070317,0.187500897841528,2
207,0.680981679335237,0.39231537131127,0.367172551038675,1
1046,0.771496906808655,0.801259475217815,0.357695785736651,5
1253,0.759113139898969,0.725250258836582,0.352386820275479,6
428,0.713975486704148,0.652117672376335,0.15978440658655,2
577,0.646693422119133,0.63919199234806,0.484122642711736,3
965,0.758644967372263,0.79013369028749,0.35128051905837,5
463,0.714280515972059,0.466872568242252,0.294091437524185,2
460,0.711393039359245,0.730088558397256,0.512166423071176,2
760,0.755648499170747,0.760174365528494,0.353016068755123,4
981,0.769444167713306,0.784112596955662,0.357946108458693,5
1060,0.765875881818725,0.78899288445736,0.356549279119471,5
1258,0.773656433700192,0.734840012034947,0.356353927279193,6
963,0.771581566016908,0.785033916580844,0.348043296277443,5
1163,0.756717677751752,0.73158845010912,0.359152844357705,6
57,0.0301432346459478,0.374899124493822,0.112452875357121,0
756,0.766867722161384,0.767445963241162,0.35990718800422,4
413,0.710818224670365,0.615235121920705,0.652325501712039,2
1254,0.763263680854898,0.736277319055786,0.355779609481273,6
675,0.76727536374131,0.759779110013535,0.355521076390095,4
940,0.768739667646284,0.796801514368025,0.351342568553261,5
1196,0.762510009115487,0.730979653457599,0.355064019191516,6
408,0.710615604820196,0.762032674043439,0.591557304072194,2
770,0.762531846346298,0.75532112191974,0.355068460776153,4
662,0.652256385199726,0.526846654014662,0.639902741927654,3
1248,0.769863392055364,0.730364050671221,0.35251421086771,6
1122,0.760333293227225,0.726327012003753,0.351474848937433,6
236,0.683927337706555,0.42500322801061,0.483585511613637,1
4,0.702090837992728,0.0380742170382291,0.135266232071444,0
795,0.776975608262716,0.769397473182303,0.359011240955108,4
3,0.0664272396825254,0.968548096483573,0.966734321555123,0
277,0.706327650954481,0.441231111995876,0.610624671378173,2
1193,0.768069458622667,0.725380814600154,0.36898195826628,6
167,0.683824414520059,0.610586703638546,0.64858002057299,1
1222,0.768098623829431,0.732628820331084,0.354924654523528,6
394,0.708236802367028,0.590869568870403,0.626554957637563,2
92,0.679526959396899,0.415771009400487,0.16620079909917,1
900,0.762119483376757,0.784766214864434,0.353195841056031,5
828,0.765299634133331,0.763790748996953,0.35260062819041,4
1229,0.772218395496898,0.73454659569752,0.353363273152405,6
259,0.677761120940559,0.758916616206989,0.37568422248587,1
629,0.645703436315525,0.71020547952503,0.447441327548586,3
983,0.76363032109878,0.777004822518287,0.348748740855022,5
313,0.710591725718696,0.572692253743298,0.553668569936417,2
1148,0.763155175855322,0.72403969572245,0.355855982664844,6
644,0.651518668998033,0.667926650145091,0.400465199886821,3
541,0.649525125664659,0.641897740308195,0.194351168628782,3
224,0.682469641675707,0.567457753932104,0.328227728768252,1
2,0.966389840003103,0.546113349264488,0.460822626715526,0
622,0.645624651696999,0.561596424435265,0.257213231921196,3
247,0.681047353812028,0.713897832669318,0.370126776909456,1
332,0.712006512151565,0.366585313924588,0.329542285460047,2
389,0.708240722280461,0.490118692396209,0.442930184002034,2
551,0.647803308547009,0.459253015578724,0.462650996563025,3
74,0.683195192099083,0.486600976902992,0.292944497591816,1
109,0.684204620150849,0.709936941624619,0.4585878521204,1
909,0.768473251848343,0.798339661102187,0.35552545155001,5
445,0.714992536616046,0.57198696245905,0.58648259837646,2
840,0.765833967737373,0.755285370392495,0.359404322603484,4
824,0.765963765960247,0.756243067904493,0.358239326737374,4
392,0.711714892506134,0.721863475861028,0.592525415983982,2
70,0.684710243113805,0.776721248636022,0.183761478681117,1
955,0.770903161060311,0.785612580027149,0.360403949212934,5
383,0.708423650998157,0.404497450566851,0.270595187717117,2
952,0.770348494786394,0.787943373393344,0.349469474091727,5
1201,0.760159105356102,0.731730944736281,0.359744014556384,6
1049,0.762262055302233,0.79059449389417,0.353441949365271,5
1245,0.764391938680352,0.735285449270445,0.354605952786308,6
1068,0.764276005453793,0.733731690021484,0.353193416479628,6
645,0.647264323921408,0.600678090006113,0.347234146599658,3
1053,0.767897880030983,0.781348081475187,0.347017577675316,5
503,0.653555062576197,0.759164953720756,0.542809410300106,3
45,0.626755498582497,0.323198116617277,0.959247389808297,0
617,0.645140890679322,0.441433827974834,0.231525698606856,3
65,0.681235748855397,0.402797739370726,0.462733878102154,1
574,0.648336174089927,0.571996283950284,0.248391241463833,3
1083,0.760111876390978,0.73475249440418,0.347855331776073,6
86,0.684286515635904,0.568516855710186,0.530586548312567,1
576,0.647740660654381,0.602632090682164,0.543211361323483,3
870,0.770615881364179,0.785718801695771,0.355089125449158,5
602,0.650879883195739,0.347241936600767,0.54851187793538,3
1012,0.76906731608236,0.791180281740847,0.350628676570249,5
201,0.675195023962297,0.437111175619066,0.41244213625323,1
89,0.678530388786457,0.755622055847198,0.260877542942762,1
269,0.713077294563409,0.373781956732273,0.597147707641125,2
957,0.772651044986936,0.790409219564916,0.346625008533598,5
888,0.769368512463693,0.789889917587264,0.352668770836496,5
641,0.648077781910542,0.332407621201128,0.173259788006544,3
12,0.624673993792385,0.910998094361275,0.296461455989629,0
267,0.713755412313621,0.360094730975106,0.605090838088654,2
697,0.76613594549073,0.754441191249283,0.350555748873326,4
618,0.648665555997286,0.453553668106906,0.207711711223237,3
1131,0.761338114874831,0.731989600800915,0.355805593572346,6
668,0.769699135267572,0.75312737999821,0.355549876279532,4
670,0.767112579601517,0.764816734719538,0.362085154305842,4
733,0.757972212856796,0.761523989328665,0.361751761741935,4
1052,0.767621855818024,0.794729376774592,0.351972896940945,5
263,0.676322475611232,0.552425493835472,0.385279010096565,1
755,0.764311750821796,0.758578657169385,0.355738320761402,4
1187,0.766843013874542,0.726456353776573,0.35896457267786,6
26,0.167593794176355,0.662574836285785,0.943947237916291,0
997,0.764866415544559,0.787718160689914,0.360976212130067,5
1129,0.766425552386671,0.725461107580045,0.364938593407364,6
146,0.677121463553049,0.386742565082386,0.523923617950641,1
652,0.65119321670616,0.38004695228301,0.559474239754491,3
308,0.711315928620752,0.402618726948276,0.503871382726356,2
1186,0.761585128894705,0.723178760662386,0.349074558922102,6
1034,0.765777068537585,0.79353111628033,0.352346387860755,5
1156,0.780157308258803,0.721605804224589,0.352015347958739,6
211,0.67842586876126,0.540767175494693,0.639843314234167,1
782,0.773543494421077,0.755910449153531,0.361115394111423,4
715,0.768408372652759,0.765766710303628,0.361493774212795,4
882,0.778930731493508,0.781889913586559,0.344158150822966,5
1179,0.774206190234147,0.724135313018881,0.367533215645072,6
614,0.652302949056029,0.516530741355382,0.569560130173341,3
143,0.679922805617098,0.412699439562857,0.439373166114092,1
1160,0.77051455158523,0.738563062084013,0.359772791018494,6
345,0.714869039668702,0.599905883776955,0.200481286435388,2
311,0.71261564460583,0.446918959263712,0.223791049607098,2
796,0.770765348419992,0.757902076977303,0.363570151968327,4
341,0.710616087210365,0.48484424490016,0.460616063256748,2
735,0.763266383533132,0.7616868415308,0.349393717870886,4
842,0.772537918143347,0.756196838810334,0.359283818602831,4
257,0.683656901156064,0.620378213468939,0.22671032724902,1
991,0.761955342400392,0.798809272421339,0.362584901228895,5
1259,0.763909665363336,0.742875722701484,0.356458011941447,6
1093,0.773361338233863,0.739696984675541,0.348694856846485,6
376,0.712074332933407,0.693037581630051,0.612409496610053,2
837,0.75865760526124,0.753669623163277,0.351613273074234,4
762,0.768684804712096,0.758972598329725,0.355145014077342,4
838,0.767099521509436,0.754857890355303,0.348112790150344,4
497,0.652115552655887,0.57938320771791,0.536924557690509,3
594,0.649369021470193,0.735901996959001,0.502879549446516,3
274,0.710359702282585,0.453085099696182,0.61799027856905,2
176,0.677486620366108,0.717142500565387,0.543928640126251,1
287,0.705460757648107,0.734352174447849,0.196516969171353,2
1151,0.766363215356282,0.731857080790979,0.353423966034694,6
724,0.755753844107249,0.760587439544816,0.35711477338755,4
1054,0.771597987924272,0.79912118393676,0.360608130173706,5
961,0.763010919374953,0.795384493923634,0.353210846586568,5
592,0.652112713453825,0.490679149050266,0.221846985793673,3
516,0.650795429740101,0.388739834772423,0.413392619625665,3
344,0.707519162122626,0.793817842029966,0.626075162366033,2
1202,0.758277290334234,0.725209439767897,0.350709125540556,6
674,0.763934613847431,0.755233146456665,0.353762557823081,4
1055,0.767535050954667,0.790747158778429,0.355601694258504,5
1087,0.764319360362025,0.734133122534661,0.355099766215519,6
407,0.711983832812402,0.636874899733812,0.298641576711088,2
745,0.76846405538053,0.759678127136589,0.352092856709111,4
534,0.646492725007702,0.656190757406875,0.360909651778638,3
46,0.556096911197528,0.793050230713561,0.594435048755258,0
953,0.772013196329245,0.792098625520432,0.347094419782678,5
722,0.769451976174269,0.766080560320335,0.354271788676828,4
1088,0.762601946958844,0.735547227257088,0.358589464736685,6
42,0.477777193067595,0.711329534649849,0.254964626161382,0
600,0.647054973600898,0.365619232296012,0.355572497169487,3
989,0.770377800210333,0.786713347216623,0.351906909114758,5
58,0.919779408490285,0.280590848065913,0.539512784220278,0
302,0.708727979150135,0.340933948056772,0.359242180292495,2
999,0.769792502796194,0.791227695387986,0.353946740239765,5
654,0.648460842634086,0.690534547553398,0.6168353183195,3
365,0.7094298609416,0.62855749798473,0.367649576440454,2
327,0.706959615447558,0.507691770792007,0.544939696835354,2
310,0.706034050753806,0.710863095708191,0.368158295680769,2
504,0.650453538098372,0.752275797654875,0.568730750866234,3
878,0.769243082020685,0.786996077172507,0.364758619630681,5
700,0.762007619315188,0.759017874649264,0.349481149929625,4
67,0.682297605923377,0.323369478574023,0.419421102898195,1
944,0.764821455698363,0.788327171028059,0.352242076123294,5
322,0.71141945494106,0.492469427641481,0.587367721530609,2
826,0.761804399179641,0.762912935735811,0.349921252257107,4
613,0.651208332169335,0.668177986051887,0.377380616194569,3
348,0.713072542580776,0.357328448444605,0.540898599126376,2
34,0.525611735880375,0.66975239245221,0.569259265670553,0
1005,0.761278480731634,0.787950663403641,0.357257678295642,5
1153,0.770674701457269,0.7272754671139,0.357098048129096,6
850,0.765055267528193,0.758461524138291,0.360610205395832,4
1192,0.766084117774783,0.728739467170361,0.353877314974812,6
435,0.712397123491392,0.620182816986926,0.548330143955536,2
203,0.682801305777393,0.633474476519041,0.206170585518703,1
153,0.684988864727784,0.764967365423217,0.267473600036465,1
572,0.653003218052909,0.335177750210278,0.550019439123571,3
529,0.64732241819147,0.64639393624384,0.528535937587731,3
1141,0.763844222476012,0.734421360966209,0.355919830191331,6
711,0.764281121459407,0.759946768055754,0.354000436310637,4
611,0.65323599637486,0.612703544436954,0.283951294189319,3
118,0.679347183515783,0.72847385564819,0.401210829312913,1
1231,0.76988312721638,0.726423742233077,0.354192465257274,6
1146,0.760604413978851,0.728723429958906,0.356872217376228,6
663,0.653199201610405,0.401313098380342,0.648586261714809,3
1191,0.767493213723912,0.740625464685766,0.353744560525697,6
701,0.76796903709789,0.765137145056557,0.356477374406734,4
412,0.715014685445931,0.409528518444858,0.292233431874774,2
540,0.649935647246893,0.607982889167033,0.394312604260631,3
432,0.711175401790533,0.341755667235702,0.584664406185038,2
242,0.678363538493868,0.603731504175812,0.551942705805413,1
876,0.765344391868731,0.788579901794636,0.35106311393771,5
763,0.762177303671135,0.761364878338887,0.350938702159433,4
1105,0.76678123834786,0.736119675158917,0.356931385160925,6
877,0.771320972489511,0.787972489223433,0.357113299450677,5
527,0.647090516129974,0.707799025811255,0.44043509515468,3
904,0.755392906365621,0.796180358029968,0.355774753627571,5
975,0.764791606865153,0.788433960503911,0.352915748654417,5
340,0.710307123588864,0.724204224185087,0.468924009869807,2
785,0.770772259176434,0.759068960991354,0.358127999665249,4
1200,0.766789097324282,0.73531429561111,0.348080416887453,6
1013,0.765413771540396,0.795918667971659,0.35309890259736,5
276,0.705969289522618,0.622074995888397,0.257194308959879,2
553,0.652149456965271,0.479123816359788,0.235786505672149,3
586,0.650360620694701,0.365211534546688,0.633181143482216,3
778,0.763781002973335,0.748076330966181,0.352930700972256,4
101,0.683503593048081,0.349772912799381,0.235376555053517,1
482,0.649719827992376,0.809996378957294,0.237827379768714,3
13,0.439738073386252,0.178308027330786,0.0833649099804461,0
37,0.692233976442367,0.411463848082349,0.890903936699033,0
666,0.771171226940212,0.76531549586185,0.355546082761143,4
68,0.683350290658418,0.498455059831031,0.527008742024191,1
907,0.760756718318307,0.793158109768886,0.356723353123167,5
369,0.712290518525988,0.764415553188883,0.542941239359789,2
225,0.676071661270689,0.693577556987293,0.338644918100908,1
951,0.764222813386308,0.788504626032578,0.361053540388142,5
187,0.685067059278954,0.545262188883498,0.308498858287931,1
337,0.713090312997811,0.364686297136359,0.256384897441603,2
128,0.676000497257337,0.339491154882126,0.165286732302047,1
1145,0.763151851395318,0.731368410382649,0.364776094228792,6
732,0.768280942033816,0.75654657084011,0.359659960946081,4
834,0.759755031147557,0.762616166645101,0.365021468081412,4
138,0.683026242172346,0.499472628114745,0.220772467949428,1
1115,0.772022669270798,0.731016682692056,0.353081180645861,6
483,0.65383079042891,0.745107161230408,0.506553157395683,3
879,0.768077751770625,0.792649297963688,0.351643496396452,5
933,0.770746868252132,0.780602577753646,0.352556846926768,5
336,0.705446025133133,0.737523353192955,0.436455292440951,2
156,0.682214090183843,0.361837117001414,0.596727788844146,1
32,0.467479686252773,0.19024181435816,0.0232014174107462,0
1066,0.767410142774606,0.724366757575161,0.35306769847101,6
1123,0.765009490707869,0.721862446243503,0.354027285689213,6
649,0.653107481130864,0.688002166571096,0.556638048775494,3
578,0.647441940512508,0.637978521175683,0.55806859692093,3
217,0.682275702622719,0.423720165388659,0.646502594160847,1
1102,0.773657890097899,0.731037833643792,0.347572339484103,6
76,0.675643925652839,0.760762060293928,0.289294004952535,1
892,0.764098545949797,0.77637042208807,0.347833228769642,5
725,0.762113708488593,0.762003237464968,0.357955048314501,4
1117,0.769263272204445,0.729034805859276,0.355661050082318,6
753,0.765611882065877,0.763954559142461,0.355686011953394,4
181,0.680164560056292,0.38217726862058,0.276502682059072,1
1107,0.768777279597427,0.73133330788793,0.354430917444383,6
1226,0.760094408822504,0.736912679080428,0.352868488365918,6
105,0.67819920449052,0.357114291284233,0.631642843177542,1
114,0.67511623850558,0.675621579983272,0.175974111584947,1
1227,0.769919941804053,0.725952447384989,0.35785246413147,6
112,0.678577305669896,0.539667732897215,0.28706869604066,1
1113,0.764673409997762,0.736044116929661,0.359245165785109,6
631,0.646670166931581,0.693824495887384,0.651989315799438,3
671,0.759637046453347,0.756937702824327,0.352576894200363,4
25,0.0305976259987801,0.91690889489837,0.977342003025115,0
1206,0.779197407969605,0.729193635717591,0.349045056749874,6
620,0.64777592552593,0.466480378061533,0.382011259836145,3
773,0.762103222285097,0.754550327181631,0.353113678192346,4
426,0.714497811130714,0.403472945326939,0.464960309257731,2
585,0.649627841934562,0.395292385714129,0.456005550036207,3
604,0.649563771889079,0.698443599161692,0.575631164759398,3
194,0.679558060702402,0.482284041936509,0.312193967332132,1
1071,0.771444644023533,0.737828889808805,0.358104113574708,6
1137,0.765885254386772,0.728884477595749,0.348335967698103,6
556,0.646903835064731,0.432881942950189,0.613263730937615,3
524,0.653954561671708,0.481548045063391,0.403904261696152,3
400,0.711462001292966,0.351516540860757,0.234945692052133,2
526,0.652003881295677,0.569741911021993,0.177723761112429,3
1111,0.764324058302176,0.731135274689551,0.350949282941266,6
221,0.680093993053306,0.384667234378867,0.600405522668734,1
890,0.759824056748571,0.792371380578565,0.352601010353931,5
425,0.712969415688422,0.6368511042092,0.170382429193705,2
486,0.65135382510256,0.366781746735796,0.438372359075584,3
491,0.654528475389816,0.536437169532292,0.524617772712372,3
490,0.650705428973306,0.606246037175879,0.160327285691165,3
864,0.779676625058652,0.785327144265559,0.353557351867771,5
1100,0.773477985966887,0.725654957680542,0.359114804645125,6
75,0.678987172511406,0.61753313196823,0.512346269725822,1
484,0.653804924036376,0.560668023303151,0.418007476301864,3
874,0.772367895266732,0.785695517372981,0.349428457937742,5
927,0.769636112575203,0.791961137804932,0.361734085217724,5
538,0.646522269702982,0.474228054634295,0.460645763133653,3
1149,0.768360634248883,0.734535012092926,0.35128883478406,6
324,0.706167703710962,0.774221793515608,0.294655801309273,2
621,0.647331113198306,0.68450566357933,0.3809344321955,3
1120,0.773436399820641,0.726086782624305,0.354451049414723,6
158,0.677600058675744,0.358671652385965,0.177917018579319,1
924,0.755645684769627,0.790826004645116,0.354815586809364,5
1246,0.764757382347484,0.731673426796553,0.344846866906141,6
1065,0.762810800521755,0.738166547963344,0.354580817645828,6
200,0.680274655008689,0.755044778692536,0.363088774192147,1
171,0.684671836539637,0.6281732149655,0.215168617363088,1
363,0.705165260487702,0.43523669289425,0.527485700487159,2
765,0.767929596485309,0.760285838763324,0.355416847676888,4
209,0.680837928985711,0.747907914803363,0.30762798320502,1
831,0.765209272163858,0.761801594993737,0.35158518797345,4
278,0.714057137470227,0.730200549704023,0.649854454142042,2
235,0.684579210386146,0.765672782203183,0.383933107880876,1
1089,0.768801138932665,0.731834810153325,0.353471329583218,6
14,0.992790250573307,0.264303703326732,0.741145906969905,0
728,0.763271960911841,0.755472685595441,0.360863350864971,4
854,0.769993050755818,0.759398858879889,0.358185661177026,4
239,0.676851377675775,0.39498255320359,0.423741202382371,1
1029,0.769220562543785,0.791908577722307,0.353735032723202,5
1168,0.769848602273563,0.730458524304403,0.36094683871157,6
10,0.521919918013737,0.791518598562106,0.752099142642692,0
385,0.710923469814006,0.624780690181069,0.59620082161855,2
657,0.653497485308908,0.758382196072489,0.285695813409984,3
754,0.762572995227757,0.757632469959321,0.351464233886089,4
719,0.765447056727709,0.757836853299705,0.354234578819759,4
1161,0.772489202652352,0.733633979654336,0.358596123814335,6
22,0.531706822104752,0.760306791169569,0.656529727159068,0
401,0.708061422894243,0.557763509685174,0.242571986909024,2
62,0.931420365581289,0.217474461533129,0.279905676143244,0
1173,0.766060461514416,0.734106251491778,0.352678142983133,6
307,0.714729694586713,0.644024042179808,0.336821577558294,2
157,0.682124072192237,0.630802044994198,0.631648492231034,1
1255,0.769204414399344,0.733057638816922,0.355249881846147,6
350,0.709623740497045,0.439054556540214,0.643054498289712,2
1091,0.763875005815912,0.735889393963775,0.3568010129578,6
1103,0.769533146483778,0.725528646137127,0.353315829520512,6
9,0.672345877392218,0.495956930099055,0.176710138330236,0
1094,0.754353419911286,0.736331291642901,0.351175207170684,6
273,0.709394322338048,0.55315675213933,0.300481861038134,2
1198,0.756514069944804,0.728431732930924,0.362314751326803,6
1085,0.759039173802078,0.729731095090305,0.348983349160798,6
1188,0.762287615072134,0.73340206903507,0.353525771312008,6
656,0.648493933097925,0.677343525458127,0.379925953154452,3
16,0.563541672192514,0.807661928934976,0.119011472444981,0
1110,0.771836147243941,0.731616842391392,0.348795624110684,6
930,0.769693093781208,0.795893858992648,0.355287663453659,5
1260,0.766726550852424,0.733524761037378,0.356773158748303,6
966,0.766757243575171,0.784081008274944,0.355101856254761,5
887,0.765679904716435,0.789927144752869,0.362572795566451,5
563,0.650742363356985,0.650038413470611,0.353733516926877,3
232,0.680976883484982,0.422771104960702,0.245997871435247,1
1174,0.762710770533525,0.725793533410025,0.358421553199323,6
135,0.67576650184812,0.611415838589892,0.394182732258923,1
972,0.769201781125904,0.783359204511355,0.35578950763654,5
326,0.714517219243571,0.687428375706077,0.166676188050769,2
1015,0.758776591224537,0.797358923174805,0.34864502620727,5
40,0.666499054525048,0.99745971756056,0.519446170888841,0
943,0.76593748830783,0.796917637564385,0.355803390997716,5
1019,0.76509110841949,0.7851721905351,0.356920155829579,5
372,0.711096267467365,0.361506233690307,0.314781177951954,2
839,0.768550910936166,0.760688172365534,0.351060128014401,4
626,0.653797448931728,0.617990265949629,0.471042649401352,3
873,0.760361410677097,0.783235144383797,0.36137484568111,5
721,0.75671245315515,0.761438328230237,0.358012943593737,4
501,0.651103121698834,0.379501549876295,0.511523490468971,3
417,0.714999581875745,0.588912358740345,0.38593486386817,2
54,0.914099708897993,0.0485202330164611,0.67361323768273,0
1183,0.761527699465664,0.734219574343092,0.349594840545159,6
781,0.7612814960729,0.749877409867921,0.351940350125476,4
1203,0.76227138094533,0.728001585125663,0.360818697624033,6
286,0.705747635029256,0.649527110974304,0.449033080763184,2
911,0.766139230073581,0.785344985487739,0.351792325207581,5
1016,0.770008809245201,0.782984445019071,0.359715775831654,5
667,0.753671051002827,0.766350271269907,0.355101136769282,4
180,0.684175056531094,0.795810195850208,0.490857026586309,1
742,0.763487066270945,0.756592388681948,0.359009722696424,4
295,0.707420717710629,0.468089591595344,0.348429756402038,2
179,0.68415841770824,0.550479791592807,0.158932580775581,1
939,0.762320514261584,0.788624147822034,0.343019925437202,5
638,0.653189554146957,0.473857094417326,0.517196414107457,3
309,0.714312488026917,0.806271461537108,0.612841931800358,2
912,0.762898785653703,0.794426739408563,0.371539448052051,5
1108,0.769525453006938,0.732295074788734,0.352642464363248,6
784,0.757906980940976,0.763774250475706,0.349274648479542,4
562,0.651497017892543,0.57395233574789,0.458978389203548,3
214,0.679758053808473,0.335061064106412,0.518477658322081,1
384,0.714785862374119,0.62214448035229,0.215604049316607,2
284,0.708971098088659,0.351449188543484,0.64834558502771,2
60,0.914409616030753,0.0191941964440048,0.858166653197259,0
729,0.772423531236432,0.772303391989425,0.356647410939218,4
746,0.766230830427637,0.75588215184246,0.36420530899875,4
444,0.70517257996602,0.387085512396879,0.201388877164573,2
370,0.712537872944959,0.540695908130147,0.505513553321362,2
300,0.712091055586934,0.376315467525274,0.539494197396562,2
769,0.761165583223518,0.763416840290144,0.351206671081222,4
1225,0.776091419584005,0.719770547049317,0.345788909152829,6
416,0.712784783302341,0.558138965512626,0.423622465622611,2
682,0.766909937568929,0.765356647182439,0.358227370507177,4
35,0.0583661696873605,0.903791373595595,0.300952422665432,0
589,0.649768575511407,0.809858694323339,0.438029933185317,3
17,0.011738030007109,0.062451247824356,0.19033238152042,0
1101,0.765083089510112,0.733425763567172,0.351575677625536,6
1240,0.764330818621634,0.722936040100593,0.345446917910514,6
673,0.761001670173013,0.762844550548451,0.349154416993893,4
573,0.651600605323911,0.505570725537837,0.163180103804916,3
597,0.652220333151054,0.439695388893597,0.427162465336733,3
1074,0.765350049441217,0.729303828536775,0.356026099598988,6
461,0.712723617302254,0.323827757616527,0.384978285222314,2
56,0.933804881293327,0.705138773890212,0.329385451972485,0
494,0.652931584741455,0.694179804529995,0.462399669038132,3
297,0.707237253191415,0.646629433729686,0.367564317467623,2
362,0.712763525953051,0.513167223893106,0.530265169497579,2
1164,0.758027576153943,0.732284299694114,0.355231487757927,6
351,0.707493285303935,0.437872905051336,0.425918449810706,2
347,0.711790857864544,0.730755803058855,0.43579286353197,2
894,0.7607713795497,0.791679648196207,0.361091388542562,5
590,0.646152355219238,0.503694316954352,0.328012063214555,3
942,0.767048169894695,0.790905200744401,0.357224639921995,5
436,0.705384133080952,0.329888290958479,0.448813012498431,2
898,0.765609777102588,0.790217210934002,0.357178466680246,5
162,0.681961643681861,0.463091718964279,0.647840280132368,1
1157,0.769052954800179,0.718785331501378,0.362318865581626,6
979,0.762119742859157,0.796666201685185,0.353175946407963,5
1236,0.776699638947747,0.73091452931726,0.354987856737802,6
