85,0.714056091418024,0.0826806855387986,0.91504078481812,1
371,0.735689003011212,0.270634935679846,0.91654643737711,2
739,0.476604973305689,0.448962541458872,0.315848857894055,4
683,0.490150164115627,0.442309547585158,0.323220994264,4
1160,0.48757950847519,0.419415521111063,0.305700187387026,6
972,0.481242758448023,0.484043694429182,0.306401443195118,5
1075,0.491552840465074,0.418650626416665,0.320357756641737,6
49,0.0777066675946116,0.562817367026582,0.349506383063272,0
855,0.483348828437512,0.45121132240994,0.29957471500422,4
435,0.736331355792936,0.254858985636383,0.617927177762613,2
357,0.737032093785238,0.373802514374256,0.54295346008148,2
1013,0.483385967919756,0.474478131286702,0.318090428931346,5
750,0.486382227953333,0.447421479476793,0.307154596403659,4
914,0.483617142455764,0.475742743578681,0.316263774680168,5
1172,0.484115774285512,0.429065182874087,0.315550414533576,6
79,0.712144863619469,0.441586977546103,0.703057638555765,1
1094,0.480376445204806,0.414687888239321,0.311088446359165,6
1052,0.483758538875651,0.466150882566461,0.317004344928619,5
1246,0.487467034163802,0.41590234746033,0.314470480614118,6
947,0.494636014174809,0.477911430231528,0.318164913438588,5
1232,0.483167715602151,0.422808592763849,0.308112084741165,6
813,0.480148494752247,0.442321487034578,0.315586527755509,4
1026,0.485394462724555,0.477144560162631,0.309420208353908,5
1248,0.482581911267206,0.420472611305855,0.312291983618766,6
459,0.739601782734972,0.421984716178849,0.438738709851168,2
1051,0.485169874938883,0.476881215241879,0.312421731428057,5
1098,0.484906111020294,0.420803462529367,0.301348540103181,6
1077,0.474619092107525,0.417222216580685,0.309239282519139,6
584,0.684580665004905,0.34277119578328,0.442405107035302,3
325,0.740740126927849,0.345040265796706,0.904921761434525,2
205,0.707160397553816,0.508229200704955,0.635971486754715,1
88,0.705667775161564,0.251474824477918,0.692742397962138,1
973,0.485072737190515,0.475958691643059,0.316723371910196,5
653,0.683076673094183,0.170655522239395,0.825016144150868,3
222,0.712227301800158,0.479871679539792,0.633813026896678,1
722,0.480892750809014,0.451143421504278,0.310395851099988,4
14,0.655985738849267,0.537975418381393,0.243134496500716,0
369,0.73961232616799,0.405054843029939,0.671207969961688,2
726,0.483820084560882,0.449657695090913,0.317484329922772,4
1140,0.478442360052334,0.422997402864137,0.315502511624746,6
535,0.683193862559274,0.084759053401649,0.717546359356493,3
66,0.714995843856595,0.419101752433926,0.430464318324812,1
82,0.709863558935467,0.515748551441357,0.458314988366328,1
232,0.711318058785982,0.22416999572888,0.59906351515092,1
241,0.707083230363205,0.265874149720185,0.893418816686608,1
662,0.675582597129978,0.167231463338248,0.596198412310332,3
178,0.714869558792561,0.520579980080947,0.695104716066271,1
1016,0.475057333639614,0.48533936072809,0.314033389699872,5
729,0.483689256091374,0.452440013345604,0.315909310499493,4
1167,0.483452904446586,0.413746519973055,0.318231164556854,6
678,0.483706873443659,0.443144599141896,0.310268113425065,4
548,0.683773721863981,0.366707033570856,0.552248803968541,3
302,0.737159555992112,0.0527829875703901,0.844240902760066,2
483,0.675983922595624,0.278652961109765,0.618080702680163,3
1169,0.476491387156803,0.412558039789129,0.310778472494106,6
32,0.781749579356983,0.719777922611684,0.957066479837522,0
382,0.736172515996732,0.122432343638502,0.506618344527669,2
126,0.706326472964138,0.20194209550973,0.439898756635375,1
458,0.73668762787478,0.199539995961823,0.824265675921924,2
368,0.738281260400545,0.442760833748616,0.52897676366847,2
681,0.478772975528131,0.454621024624073,0.307367010818067,4
147,0.714033933547325,0.139831673330627,0.624383483501151,1
738,0.484637453416702,0.457561424862951,0.318681253226087,4
493,0.681258694729768,0.405043604760431,0.512172136758454,3
1022,0.477192066822477,0.463010693635618,0.313961253413751,5
966,0.481467493830763,0.477594550629186,0.305702526744108,5
1226,0.484043877090092,0.424544361314879,0.307480566609891,6
588,0.678885734679643,0.441562458965927,0.578060973621905,3
1250,0.476875487466066,0.424282452319312,0.310717825875924,6
869,0.481849173426518,0.477298154998764,0.305819955459024,5
187,0.70540996736614,0.208260191231966,0.686128921294585,1
582,0.67585273072822,0.12253522882238,0.669648911408149,3
684,0.483284051376741,0.456249127422149,0.315975901344121,4
600,0.677102652676403,0.317794630164281,0.511109559284523,3
619,0.677106031309813,0.175628008530475,0.82475026785396,3
1084,0.476987658368119,0.416729688637464,0.31554090243081,6
690,0.480490362205813,0.448574576097486,0.322964195241235,4
993,0.495729446586605,0.475224616262725,0.314029923716079,5
397,0.741168372596148,0.334504383942112,0.88304221869912,2
950,0.473453273282731,0.479479660614717,0.312494488127464,5
484,0.675999301406555,0.466313641844317,0.848848180565983,3
96,0.707300578961149,0.174882167694159,0.827828128775582,1
100,0.711617122271564,0.427598241344094,0.725683258799836,1
1243,0.488891717490348,0.408646543176083,0.321823425594168,6
431,0.743353914078325,0.276570104621351,0.700571566424333,2
1097,0.468672962056076,0.410824663328463,0.314953261217374,6
258,0.70935759433778,0.112248461437412,0.802968060667627,1
1219,0.481416963365362,0.418466079664302,0.307919009456093,6
286,0.739242700305767,0.525875371042639,0.712257754593156,2
1144,0.486437715728568,0.409050194832162,0.31280668526636,6
189,0.710788856013678,0.425944979046471,0.906200218899176,1
861,0.487687502109523,0.449366632154585,0.308847637560498,4
644,0.678696067556739,0.387133446615189,0.520084983156994,3
407,0.744935094926041,0.218376546842046,0.759264241508208,2
377,0.737026159500238,0.430379346571863,0.718778067221865,2
1202,0.478164071508136,0.408014613517285,0.311864846959179,6
967,0.483905165693313,0.48203045272911,0.307234571835136,5
971,0.477418519131709,0.490347548629567,0.31673011719351,5
911,0.490248235728229,0.46633177126827,0.314687852541375,5
297,0.738690742100589,0.203811315563507,0.905751748313196,2
661,0.67728576770518,0.0736814395990223,0.743970377906226,3
658,0.677876408062875,0.0936249930877239,0.761221824632958,3
30,0.500616603763774,0.635682208230719,0.122036705957726,0
969,0.491969420850379,0.479262637069198,0.320279239883411,5
1059,0.480173356439427,0.491677645292987,0.319560560856056,5
69,0.706088330450002,0.384413358382881,0.612601891811937,1
803,0.481213862311702,0.44872021673667,0.307153907116582,4
330,0.741686345695052,0.334756255475804,0.616730738966726,2
530,0.684323397330008,0.109137307596393,0.71638740838971,3
701,0.488465699062953,0.44325544618477,0.317899304339746,4
1009,0.484695349610644,0.470772522217291,0.309009711046159,5
1129,0.483336656644791,0.41973369722321,0.310878908842337,6
1211,0.488496938762566,0.417384228059898,0.323048901285385,6
952,0.482924051734457,0.479282317710784,0.310818953068577,5
1205,0.493388513105915,0.410806850203163,0.315151409796856,6
523,0.682365571314003,0.0961452692048624,0.692765849130228,3
866,0.491491780558188,0.471232709934739,0.315108804437925,5
488,0.681445295524318,0.430030543217436,0.823187333601527,3
598,0.680655577152502,0.315820073802024,0.583694706391543,3
608,0.680626263674349,0.406044175592251,0.621103538037278,3
417,0.735293753275182,0.447005861881189,0.78991557979025,2
845,0.489716270019767,0.446858123635818,0.30964446045677,4
687,0.487207753668524,0.450920028140023,0.315171418952036,4
895,0.479083096580866,0.48026814593758,0.315891438311665,5
236,0.706285468018614,0.401742342603393,0.525726725184359,1
478,0.683262387528084,0.374848664947785,0.434014600189403,3
718,0.485335752675503,0.453099162393462,0.314591485761478,4
1006,0.471271757169329,0.482762644490063,0.308880606797426,5
645,0.682057946815621,0.210371321160346,0.578603603481315,3
552,0.678696116739884,0.408937230100855,0.7607464724686,3
622,0.67565079099033,0.373908828687854,0.698438795469701,3
86,0.708829401533585,0.514020010340028,0.564121610671282,1
839,0.488684127807426,0.450226431697865,0.319408122001009,4
912,0.492820580085743,0.48100474237443,0.306051030715002,5
439,0.7423793567135,0.324434949527495,0.831204245868139,2
280,0.740550427511334,0.281585290655494,0.813453973224387,2
578,0.676656527488958,0.453427658276632,0.524567581550218,3
1123,0.479458669043645,0.418131638798811,0.315271995212586,6
354,0.736089039728977,0.147633672901429,0.639011569274589,2
1025,0.480685849141365,0.474830701231271,0.313118636778052,5
44,0.821115017402917,0.0629450208507478,0.0808212533593178,0
1179,0.483924197953166,0.414736285797587,0.321407401830976,6
285,0.737645010158885,0.0652172037865967,0.521479855361395,2
248,0.713557050100062,0.18740056452807,0.76807235723827,1
1150,0.48026983949059,0.42761901979925,0.305292887365727,6
239,0.707547463083174,0.316898143594153,0.679137515556067,1
556,0.677404498418327,0.473945550830103,0.660525589785539,3
667,0.489954171637208,0.450569180486112,0.314598839961838,4
1231,0.479966260674253,0.408458598622438,0.314338274037452,6
1113,0.480992062391167,0.410625887712954,0.316451830649535,6
611,0.680360462646931,0.312614404573105,0.557473559817299,3
752,0.478910703584924,0.456467821296955,0.310786490731028,4
306,0.744594288947992,0.468487820448354,0.531843559653498,2
628,0.679463964386377,0.102781946747564,0.842156923329458,3
511,0.683202208089642,0.0451422250829637,0.551699641579762,3
867,0.485985813763303,0.468466057561011,0.313896081490687,5
668,0.4791101649771,0.44501432829055,0.313023401329546,4
294,0.742978540395852,0.196859718859196,0.670077819330618,2
468,0.679005733719096,0.310854700603522,0.878389340662397,3
1114,0.488994922719086,0.4144818297796,0.313859582815397,6
128,0.711795536307618,0.375534609169699,0.893140763929114,1
897,0.466108493165598,0.47215125553416,0.311537739908613,5
1055,0.480159399668659,0.48107438248846,0.314109632453458,5
1104,0.483436905086259,0.414491323115009,0.318556711594016,6
814,0.481090633605779,0.448542567430271,0.314893919842931,4
161,0.70909166086698,0.306132742878981,0.453103049960919,1
872,0.481194986766372,0.480643610870109,0.306519427943589,5
764,0.473910049648975,0.456753875387519,0.307631875315153,4
1036,0.483761708202997,0.479369685076489,0.312109925222157,5
207,0.70963082181057,0.0662428185809404,0.833100337604992,1
935,0.486537563071615,0.479691079191685,0.315756934272687,5
951,0.48095954668144,0.478981608984942,0.315574145229892,5
394,0.740371948855463,0.383808049117215,0.474456631182693,2
983,0.483476751711674,0.473966477648684,0.310968464261024,5
351,0.735479891104624,0.16418568007648,0.715425861254334,2
828,0.477325475449499,0.444414894465326,0.314778574013581,4
1159,0.482362731047682,0.416990016883014,0.307716152577563,6
805,0.493314240279714,0.452761074646454,0.312110124442991,4
406,0.735736024335492,0.317091679875739,0.824380356771871,2
1118,0.477712357563421,0.410686547001635,0.318230672269624,6
202,0.707102565960959,0.222200409136713,0.594469562242739,1
172,0.707444795749616,0.125094846333377,0.685859910980798,1
1210,0.479333277737163,0.405765442525424,0.309971633444667,6
211,0.713073918388691,0.0447016731835902,0.902286242763512,1
978,0.478668982156683,0.484797125415403,0.317677821733722,5
921,0.48225966595418,0.490114858795127,0.316012698562128,5
1149,0.485488208281418,0.426384808108633,0.324519132210007,6
525,0.680562622537836,0.354000091529451,0.619981432054192,3
1158,0.487426119307652,0.42409132689703,0.31996970935728,6
10,0.692977268481627,0.140663555124775,0.0867800766136497,0
263,0.714652421656065,0.34357492250856,0.857577657047659,1
224,0.709120557736605,0.263381010130979,0.724672256573103,1
60,0.472896512364969,0.819028224330395,0.917088427813724,0
685,0.478575384618502,0.453983394727087,0.317376302534656,4
181,0.706878137602471,0.493507647863589,0.83550083655864,1
35,0.592782066436484,0.469138725893572,0.7113518177066,0
244,0.705696762201842,0.157687072269619,0.507677446538582,1
1194,0.479855389784425,0.418372401644402,0.313215415020405,6
87,0.705095936357975,0.418399460590445,0.427207006560639,1
736,0.493878808030999,0.454977916509837,0.31396540814447,4
1073,0.47989151166153,0.413405949810614,0.311893838503901,6
976,0.476357609098186,0.474063434646521,0.311907351526407,5
1215,0.484463420074854,0.416637924622859,0.314593012674377,6
785,0.478639537641803,0.446392522295205,0.314534038776642,4
1259,0.491122340575896,0.409782138379988,0.318338192122273,6
933,0.482834343239391,0.477081694681107,0.315390218361124,5
63,0.406105195172131,0.211219948483631,0.521519820904359,0
473,0.675854372542817,0.222628554422408,0.89788669180125,3
1249,0.485100515819593,0.413997869029727,0.31361663823299,6
888,0.486214316774235,0.490111883495168,0.315301099303812,5
1245,0.48928164568878,0.417066253226912,0.321075623930021,6
449,0.742021075829398,0.146426751487888,0.597246311791241,2
114,0.712053516139276,0.137570706987754,0.901063081528992,1
646,0.678984183126595,0.490942007955164,0.514442166499794,3
50,0.40887997765094,0.808913757558912,0.956538521219045,0
41,0.88579482329078,0.492185256909579,0.595352610573173,0
579,0.683468677829951,0.385208044643514,0.522338738036342,3
517,0.681283814741764,0.32153874761425,0.711349215777591,3
659,0.681946084001102,0.290594351221807,0.556767166778445,3
467,0.675612598962616,0.38503123386763,0.655682538473047,3
791,0.480137839603312,0.452999341142859,0.318559261510332,4
1228,0.477770689170921,0.420714886970127,0.317192032518108,6
1003,0.471282075777855,0.48487814052439,0.312551117659094,5
1145,0.487086795498947,0.420634719025127,0.308533821283153,6
208,0.707956990187522,0.156823919015005,0.8526323284721,1
1058,0.475630406098295,0.477509114904022,0.307802674299865,5
247,0.706333160812501,0.444191537541337,0.663235638360493,1
1011,0.478014517202835,0.483089463855195,0.309350317565121,5
1060,0.486242163635657,0.476552921075758,0.317597169459737,5
704,0.479302737812116,0.450205442052845,0.312871133699736,4
880,0.484915749922259,0.477210911734102,0.305198051188496,5
1103,0.477727327116132,0.418379791957787,0.307613772068143,6
1012,0.480991225308967,0.47647523937899,0.308571656643197,5
298,0.742564820824191,0.334269900317304,0.539471519249491,2
1244,0.48270050926446,0.425860638665052,0.31915573444415,6
1263,0.486491305128227,0.412418808419857,0.314343938431131,6
995,0.485905459360507,0.479976528659589,0.311786304573923,5
768,0.489923220529009,0.450672599413125,0.310542806762618,4
940,0.487096814810034,0.476460054668208,0.318004165510355,5
1076,0.492414764534974,0.417025716613751,0.309036168857934,6
762,0.481579790439683,0.444919074679431,0.31303256956033,4
200,0.712234234409407,0.431596841989085,0.501689652749337,1
666,0.487482480039807,0.44682878481335,0.317363159479404,4
334,0.736073994208127,0.482431776216254,0.49278531591408,2
520,0.676458902894519,0.0771499117603526,0.528596523404121,3
1137,0.488366622515811,0.414575806168721,0.320123241892447,6
680,0.481404234942534,0.447960239481323,0.310105485643629,4
1238,0.481880137562061,0.42177938959187,0.314472624727764,6
728,0.477699755675733,0.446836759765473,0.318248321355525,4
871,0.48444156052979,0.47532594531935,0.307911220988319,5
631,0.682971406511497,0.0959713770775125,0.644129387289286,3
1196,0.485843753899187,0.415006131208717,0.304670033603046,6
204,0.711169632882811,0.524006878584623,0.619773964816704,1
365,0.73901728942059,0.386545851104893,0.74784685713239,2
753,0.491950941665844,0.447802847156523,0.307906960663861,4
229,0.705604739221744,0.468199545494281,0.741134941065684,1
1135,0.484019649501315,0.409836310945563,0.31589162544529,6
220,0.712929143195506,0.471869529201649,0.668136382545345,1
796,0.486314633802148,0.44521213466254,0.311688906290367,4
272,0.736992333296221,0.417303118249401,0.429450760316104,2
169,0.712029252317734,0.469998681312427,0.599127888283692,1
964,0.478576175928935,0.478712913968133,0.321624726491157,5
1067,0.47994470618636,0.424874345542788,0.310529113920705,6
502,0.676144249867648,0.479671357059851,0.729232552298345,3
391,0.739926326118875,0.24885782294441,0.861720801400952,2
134,0.713867261083797,0.047725903778337,0.792737066233531,1
123,0.705496449309867,0.395012826053426,0.881440209061839,1
71,0.70613189216936,0.104841349390335,0.796091670356691,1
1126,0.482518092406137,0.412193708292489,0.319618041612032,6
713,0.480513734501672,0.452280625386703,0.314184629819864,4
109,0.707756532861386,0.204209566325881,0.898130099126138,1
1044,0.481626395158348,0.477430940968588,0.307840222280794,5
970,0.48505300733319,0.467427078477019,0.302352559911451,5
723,0.487444612928379,0.442073863471337,0.312521039753341,4
74,0.706803945042193,0.375664470228367,0.687276510009542,1
1096,0.4817647652352,0.421738547586733,0.292443639284085,6
560,0.683222797766794,0.0411429481813684,0.528579300222918,3
630,0.680842176880687,0.325691244658083,0.566105949063785,3
936,0.479023345512904,0.479418800781053,0.314670354207273,5
784,0.478872026580616,0.44268155278602,0.315961101743941,4
461,0.743733250531368,0.184349692519754,0.540656820707955,2
593,0.680015954950359,0.103640479245223,0.794607414933853,3
1002,0.473918421539344,0.477918493578495,0.3057312092697,5
1162,0.481670448116192,0.419997096476711,0.315591021946883,6
366,0.74256834711181,0.396776403742842,0.712432296434417,2
652,0.682973860064521,0.346329597849399,0.615805990598165,3
870,0.485166255614953,0.478001700770589,0.317797201237277,5
501,0.681025163854938,0.433354306011461,0.503726238571107,3
315,0.736608027340844,0.399192879768088,0.574215280660428,2
711,0.484777386864702,0.443975601136382,0.311597749876558,4
396,0.74212980612414,0.113368830969557,0.701543172076345,2
818,0.476604068968189,0.450221953841789,0.312612949377526,4
1045,0.482448707703966,0.481985776548616,0.312888707156501,5
909,0.482407093403928,0.48363774661178,0.314293583693752,5
284,0.741485595135018,0.435843910882249,0.466593392845243,2
623,0.67980819059303,0.413709558406845,0.825170566281304,3
634,0.675036428503226,0.444821529299952,0.485112013365142,3
171,0.712270371206105,0.287169836321846,0.763497685850598,1
975,0.477229832456222,0.478264415373116,0.314135242231166,5
669,0.480926477362064,0.448889946906725,0.321879929726546,4
506,0.676005055662245,0.513232434145175,0.441599180642515,3
1197,0.48772695256057,0.418665641012137,0.308645926740594,6
925,0.486859462047449,0.48862780299734,0.313755768843287,5
766,0.482902450522453,0.444899522405793,0.314401785046447,4
1185,0.476727567874983,0.422139598040437,0.310561120318843,6
590,0.682798169946764,0.371594688948244,0.607292318320833,3
62,0.284631785936654,0.0231628178153187,0.0148835596628487,0
922,0.484585495095585,0.473831116676161,0.306422793151607,5
16,0.746034475741908,0.853199206758291,0.7733522830531,0
877,0.477776070427,0.476842113032416,0.306013474129586,5
95,0.709998524703551,0.426292459806427,0.88604166819714,1
1251,0.48078060747464,0.424526587013754,0.310700651773911,6
112,0.712538402313367,0.274765836750157,0.745086759165861,1
119,0.712391021403018,0.104950351733714,0.520579556538723,1
1108,0.481941104841507,0.414299317360681,0.316016622999923,6
170,0.705310415732674,0.458740559616126,0.870019972627051,1
859,0.48547426633033,0.446876957225428,0.319556632293588,4
543,0.676341352015734,0.50014644486364,0.710971668432467,3
639,0.676490750941448,0.28986307324376,0.698696286720224,3
470,0.676769670150243,0.296240652771667,0.878502573538572,3
415,0.740685735119041,0.214628282329068,0.652317881421186,2
401,0.737655416519847,0.151829134998843,0.665565609186888,2
91,0.71134801503038,0.267524653906003,0.467345494264737,1
554,0.679920990390237,0.235825302056037,0.757340453984216,3
1206,0.481587571302685,0.408486107402749,0.312623454617522,6
810,0.481764589437828,0.449740085282409,0.307111605724465,4
1079,0.487572500469695,0.419591180237455,0.313627788070522,6
524,0.675559165347367,0.39401801743079,0.573081028368324,3
656,0.68452693104744,0.150075913965702,0.842127856751904,3
958,0.484464520165124,0.477749836367953,0.312567798935341,5
1242,0.484917179464394,0.424925121941479,0.312430214133382,6
116,0.712292768061161,0.302119301259518,0.785480345902033,1
733,0.480143702180597,0.439894612896765,0.30457568321945,4
135,0.706941351122223,0.478308907686733,0.633723248681054,1
1038,0.478697296586656,0.479676132143474,0.318638656044139,5
1221,0.488051521641449,0.42453361911562,0.311264167951395,6
138,0.709650617649313,0.394254823890515,0.912761837779544,1
450,0.740074633799959,0.245258932909928,0.589691832382232,2
342,0.741898855762556,0.0853183264611289,0.425430213287473,2
840,0.480409561284637,0.449275349642044,0.318246819709228,4
122,0.714993032484781,0.0693892650073394,0.792344002821483,1
1128,0.485607400041552,0.421891412561123,0.318746971706064,6
1157,0.486595932054716,0.425177403449267,0.316255902968462,6
514,0.6773544899025,0.244879405805841,0.762752700783312,3
1136,0.489138175937023,0.4192592064835,0.306793771805277,6
531,0.677718125018291,0.322371028107591,0.51166033227928,3
326,0.743859626520425,0.194777851784602,0.843267931439914,2
754,0.483582425526913,0.43997855011756,0.314580418745703,4
559,0.680054106540047,0.139072754397057,0.805755714722909,3
1153,0.482027332181896,0.404383738178052,0.311512590512952,6
516,0.676095140839461,0.303156203683466,0.68747474597767,3
1028,0.484536598689877,0.478563951863905,0.317489931786401,5
113,0.708546243309975,0.419954825635068,0.852287136204541,1
1050,0.481834439461572,0.486824606011771,0.320063476649194,5
243,0.713527436009608,0.394856039527804,0.773571883514524,1
635,0.682629271480255,0.112756614666432,0.556341959000565,3
854,0.483007282897426,0.451240636008237,0.321108189399569,4
164,0.706339426478371,0.348957744985819,0.852143338485621,1
1201,0.47480441510776,0.411456026739321,0.326109630645432,6
1120,0.481635604579951,0.417177217669282,0.312471020521656,6
476,0.681564524690621,0.489573057484813,0.717925775051117,3
1166,0.488158868559321,0.414152784767141,0.317785260511613,6
191,0.708212616220117,0.092649576230906,0.64657105919905,1
965,0.484854756566028,0.474763949043847,0.312204729094788,5
1200,0.483850981134861,0.420600446558148,0.314457552785446,6
2,0.00844397000037134,0.817330582765862,0.987499420531094,0
592,0.683215290820226,0.084714428964071,0.823563144728541,3
1176,0.477004802555759,0.420372454858561,0.32138913829053,6
550,0.681570407582913,0.203005942492746,0.789680905942805,3
1225,0.491538186814343,0.408091407483353,0.313062500215851,6
804,0.473567218061943,0.447872749160868,0.302021063325576,4
321,0.742281017003115,0.429463858343661,0.425287552829832,2
223,0.710391906758305,0.342625078838319,0.858155592763796,1
416,0.742346107787453,0.238343100505881,0.612653281609528,2
299,0.744529038488399,0.339554628916085,0.768828651471995,2
1164,0.480448540172162,0.423058444795777,0.319017080100354,6
1004,0.474920097578648,0.483142022694409,0.303732949742128,5
962,0.464393881509474,0.475030838225521,0.315992720256071,5
421,0.738636281564832,0.391649713367224,0.855379758472554,2
146,0.705604658846278,0.153104731440544,0.73877087184228,1
1071,0.486076626726388,0.415523618450826,0.310962265352352,6
822,0.48607667986429,0.451392167758018,0.310807410528206,4
38,0.66684805881232,0.80041392869316,0.468158707022667,0
648,0.683975323410705,0.483868772839196,0.91600629100576,3
698,0.487196451212489,0.451302275942171,0.314415884703141,4
565,0.682439143147785,0.186328840185888,0.432514285040088,3
759,0.482703499286556,0.448894189228537,0.311752290122124,4
130,0.705391902914271,0.386209049238823,0.868384408135898,1
537,0.681293586513493,0.510227907192893,0.728873447119258,3
1192,0.47824434319948,0.417241015530494,0.308668399847142,6
139,0.709631247215439,0.4697527367156,0.68694522343576,1
22,0.828174281632528,0.72360643139109,0.494709704536945,0
495,0.678331476422027,0.056505627790466,0.628013147809543,3
863,0.477772429630127,0.438849470234823,0.311138580866821,4
1223,0.481701533248618,0.417336395347263,0.323310114986205,6
141,0.708579115527682,0.407674075313844,0.741785005968995,1
585,0.676864633297082,0.346981245535426,0.77855465777684,3
602,0.67741182141006,0.115441935113631,0.633448543213308,3
981,0.481574730195639,0.480822173650387,0.319186789129465,5
494,0.675163202667609,0.0675108846975491,0.682826854707673,3
852,0.485820867405266,0.447562508173933,0.314762491549793,4
960,0.481494305948399,0.474533311661763,0.30516800871711,5
1109,0.475832183067395,0.419203955313194,0.315715618261025,6
283,0.744042102429085,0.437438878905959,0.476635633572005,2
654,0.68442447187379,0.495512427273206,0.455634919763543,3
64,0.709236656317953,0.125224006571807,0.434865387459286,1
988,0.479705686853306,0.476412263473189,0.312725141478213,5
827,0.478945915283051,0.44722060530023,0.315153068306014,4
12,0.48350919992663,0.506799700204283,0.950418340740725,0
664,0.477669746739895,0.443511022082923,0.322923036599786,4
942,0.481665906449646,0.472986222576462,0.324803382662244,5
160,0.708655888189096,0.139040570100769,0.530038081179373,1
1034,0.47978549375521,0.471662144167265,0.306826416226409,5
607,0.677016812809743,0.261711776815355,0.557944514974952,3
287,0.743651847452857,0.397302459785715,0.722071625478566,2
221,0.713987315427512,0.339054122427478,0.520417962176725,1
1190,0.48661075867175,0.415244935420481,0.312840404422933,6
1015,0.482648885344402,0.480624411098997,0.308987979196913,5
33,0.676535206148401,0.720684205414727,0.373467406490818,0
1063,0.48216959892317,0.473667672817809,0.304229663855832,5
587,0.67628163327463,0.449412091379054,0.810839550755918,3
930,0.476425960039553,0.471987661602769,0.313422010289663,5
708,0.474854814516669,0.440214788637997,0.312313507097215,4
1116,0.486108286760307,0.420263246486047,0.31704166801437,6
719,0.481990083762851,0.446986286702454,0.308330038116248,4
1001,0.474146878318867,0.481167895361672,0.31307483246866,5
340,0.742177200310398,0.167236657789908,0.873800628539175,2
1061,0.477706689414903,0.473729885523401,0.316986517762168,5
714,0.482584028150822,0.436102167806682,0.311746151796212,4
561,0.684789936705492,0.446815550187603,0.440033621457405,3
806,0.488748124528249,0.447979019496713,0.316641554429191,4
732,0.485973317358454,0.453651948057264,0.323879164586362,4
734,0.476706180602279,0.447152010916528,0.309333646709548,4
353,0.735311014417093,0.323314133309759,0.690833525685594,2
452,0.743251278370153,0.485562104359269,0.423009758768603,2
868,0.488506129669822,0.476966120429819,0.313712588685487,5
707,0.486260739712034,0.451229045825433,0.314463868773647,4
198,0.706379138710909,0.220909794070758,0.426564993290231,1
510,0.679381694428157,0.154186302539893,0.788767172093503,3
991,0.484779042254663,0.474186058539779,0.306700375447593,5
234,0.709521507648751,0.129413065128028,0.774970862735063,1
20,0.820488595869392,0.67962300288491,0.362655197503045,0
1170,0.478969769964405,0.423510119387385,0.32287033465487,6
271,0.740023515548091,0.108042215905152,0.897929055569693,2
833,0.478886763802696,0.456479843727516,0.322776795373268,4
378,0.739236832621973,0.383606224646792,0.711836516112089,2
926,0.488089485251179,0.479738596489591,0.313260436672419,5
469,0.681106873922981,0.13311548458878,0.707512014964595,3
97,0.712844112396706,0.28350213249214,0.826045449776575,1
860,0.489395522942347,0.450873164631622,0.308715560687599,4
444,0.74084932079073,0.0675826195860282,0.580868601403199,2
429,0.73719571255846,0.212357371789403,0.500442223926075,2
312,0.742053136616014,0.529799172980711,0.893811954488047,2
254,0.714774360773154,0.127858427795582,0.627034191810526,1
941,0.494351792458741,0.478663126087481,0.312691947832855,5
832,0.495881429324499,0.44594125615859,0.314052476322409,4
411,0.736036520195194,0.276962418551557,0.617416313569993,2
748,0.488458396303916,0.43910738523845,0.315849529413621,4
72,0.706807992253453,0.238137346901931,0.593931782129221,1
150,0.709680425219703,0.533671887102537,0.873889701394364,1
691,0.486460342025786,0.453532285067372,0.318114006595628,4
1173,0.482474614310277,0.412560001240924,0.311563296090898,6
361,0.735401022429578,0.333813379262574,0.654591307695955,2
515,0.679913276187144,0.373135609878227,0.668664887617342,3
850,0.479830953571228,0.439066925751701,0.311279653301706,4
1014,0.485478767608487,0.475362278957409,0.303729901472906,5
300,0.737259831684642,0.188459901232272,0.809017128264532,2
343,0.738540694119874,0.456659051217139,0.508389748935588,2
999,0.482519274847881,0.478840322836416,0.323368239769849,5
618,0.678766791408416,0.307703981967643,0.862391077401117,3
370,0.737878962024115,0.0966120809083805,0.586366937914863,2
1127,0.485774182391604,0.410573879569439,0.304549918540835,6
43,0.805815345840529,0.617315731942654,0.821319543523714,0
156,0.712770825270563,0.284967078454793,0.420335456100293,1
906,0.48834457593774,0.474468136499402,0.305093077018407,5
566,0.684636535977479,0.42313605172094,0.904806107119657,3
485,0.680952032227069,0.410986538021825,0.731581070297398,3
255,0.706131477335002,0.473073610197753,0.586952571477741,1
448,0.7439922393905,0.119839412020519,0.611062576598488,2
879,0.48166401181877,0.472684797311178,0.313065453096782,5
788,0.478053226297718,0.44500399667853,0.312123957346094,4
3,0.999176637036726,0.758142293198034,0.873290773015469,0
562,0.675124867556151,0.162913450365886,0.7268780851271,3
125,0.70971263011219,0.331293945759535,0.551299003488384,1
650,0.678431588225067,0.101336391153745,0.55395035080146,3
463,0.735829994597007,0.391687274537981,0.456699436483905,2
182,0.714147157066036,0.244718346954323,0.888827537721954,1
1043,0.479711238977107,0.475849947882434,0.320808102667073,5
1134,0.484411783342038,0.425443394339686,0.312648964695166,6
140,0.707414912031963,0.241990336310118,0.896512880874798,1
6,0.713823407655582,0.307761342730373,0.91237376537174,1
703,0.475601077319584,0.450198091112587,0.308765666674184,4
1174,0.473719548462789,0.413223120829252,0.313811988950257,6
829,0.478678665645044,0.448177509805391,0.315255888391995,4
1237,0.490088558125905,0.40870379873027,0.310634444403748,6
51,0.247534944908693,0.666879599448293,0.104643478058279,0
80,0.712868991482537,0.393120834347792,0.733382814051583,1
742,0.47873762434403,0.436201607068918,0.311663369837192,4
15,0.201245705364272,0.507454661652446,0.470399372512475,0
633,0.684954666043632,0.290437498223037,0.614223391469568,3
1087,0.479145402790683,0.410652143236079,0.30659317273019,6
46,0.295389686711133,0.661967000924051,0.214288175106049,0
826,0.486574669578899,0.458362947269708,0.308075343168763,4
308,0.742030552967917,0.0826530423713848,0.456885267817415,2
1112,0.471601949682204,0.40935540290928,0.317222438149721,6
320,0.739609661863651,0.319520191615447,0.532834274880588,2
93,0.710801710868254,0.0515064844861627,0.810123100946657,1
1062,0.485427496806359,0.482128665500752,0.309548513948134,5
657,0.683190053047147,0.129331549024209,0.624719078256749,3
580,0.683928052692208,0.36663133520633,0.4774876533309,3
110,0.712576621433254,0.184896226250567,0.852353437291458,1
749,0.479776940702195,0.458232773441548,0.310871281637122,4
943,0.492408574969477,0.471841440218784,0.31314679344343,5
48,0.829877760959789,0.899434042861685,0.804737230064347,0
1008,0.489140561032335,0.475541595697912,0.31201731109131,5
317,0.741711930814199,0.463700638711453,0.721253267675638,2
1080,0.484441096364918,0.417515436695643,0.307309184816046,6
372,0.740407973283436,0.238824508129619,0.841210366995074,2
165,0.706120753241703,0.250945225683972,0.446669191773981,1
1095,0.483474990004413,0.406357509973864,0.310907247212662,6
443,0.735706342263147,0.411989290360361,0.809200687287375,2
1133,0.477473298805448,0.416478942791747,0.316222535021621,6
1198,0.495463120017477,0.416892422166887,0.304917912694889,6
783,0.488208274912801,0.449918538705445,0.311516421178368,4
1068,0.48264226116054,0.414994346711451,0.311869336979653,6
824,0.482877189177768,0.44003941340831,0.31323132918135,4
350,0.736879404420033,0.429341856599785,0.42487298133783,2
359,0.740030150131788,0.467747096298262,0.852785814506933,2
660,0.682541161910631,0.254818462510593,0.827649511699565,3
269,0.740900696620811,0.320315147028305,0.734717959025875,2
52,0.399197736522183,0.243105478119105,0.0514230688568205,0
37,0.300914383027703,0.290139693999663,0.69461730052717,0
1253,0.485502409432856,0.424559768770547,0.326681329537565,6
1212,0.484006075412433,0.420007194616046,0.31829285282527,6
1057,0.475494382534144,0.48522291673963,0.314873480832009,5
529,0.680802183651831,0.339707498298958,0.592031077318825,3
504,0.681939877746627,0.039423199929297,0.671116173104383,3
497,0.675374276083894,0.415775775536895,0.783998006908223,3
792,0.481265252082047,0.456418213312441,0.322093682347757,4
807,0.484735787356583,0.456513727145236,0.315787776477147,4
1031,0.471215961555552,0.473382588768277,0.306658460035485,5
148,0.714524303791113,0.371766874776222,0.453240603394806,1
383,0.744927021763288,0.110753734922037,0.850085509894416,2
1,0.388028411893174,0.723089152481407,0.956196402432397,0
356,0.739816477629356,0.444345048139803,0.626613940182142,2
923,0.480043573484304,0.466369407970605,0.30479304100431,5
348,0.73558652269654,0.236923607974313,0.807992770755664,2
1156,0.482349885940521,0.4182073436897,0.314096433126412,6
781,0.487468713502163,0.44303374991638,0.308052106926301,4
1186,0.480151012248393,0.412459016827421,0.31365154704595,6
609,0.679495653924532,0.123576469230466,0.582141470001079,3
1093,0.481055209328964,0.42676886218219,0.320763878511485,6
253,0.705178106415551,0.49720160078723,0.553167415619828,1
275,0.741006046519615,0.421474784705788,0.430984291434288,2
954,0.478506817935554,0.474400435108675,0.307764878116572,5
1207,0.48838793422059,0.417923453400962,0.30775960617319,6
104,0.705102884829976,0.273453416512348,0.868797012092546,1
521,0.682339296231512,0.495498669776134,0.56270630361978,3
282,0.741674641536083,0.426929692132399,0.546662073535845,2
1033,0.482421393255999,0.482012038635343,0.312697261649396,5
430,0.7430511186691,0.264552546991035,0.529102795477957,2
987,0.482230599014312,0.479699006738604,0.310711353287007,5
153,0.711880220691673,0.260682411352173,0.822968033445068,1
720,0.477390796603484,0.449103571847008,0.310151060882295,4
1175,0.491590280883041,0.413587352342859,0.310853587967592,6
432,0.736856229640544,0.308560887910426,0.776451118011028,2
1064,0.483164645260627,0.410769475933844,0.312492936113282,6
853,0.47629252078249,0.447413075558881,0.300629429218228,4
616,0.677198947335128,0.147087041847408,0.732514900458045,3
242,0.711257947415579,0.533279748726636,0.520257879118435,1
362,0.74381684307009,0.488226403575391,0.875611505308189,2
956,0.481992051166423,0.477935351474104,0.314466215286593,5
381,0.740210528140888,0.476647431240417,0.729397444240749,2
380,0.739657518258318,0.323092345125042,0.655779262259603,2
705,0.48361704646276,0.448497425768053,0.308423552155158,4
1020,0.481582109506387,0.473103247492598,0.313284526840954,5
786,0.486755924993518,0.451668774394107,0.311502345219239,4
83,0.707807071628049,0.175554757448845,0.844347381568514,1
581,0.681071816617623,0.0724096977850422,0.548846639762633,3
946,0.486700644633987,0.4705074795848,0.325736071329737,5
346,0.742019992312416,0.482715191179886,0.819465897465125,2
481,0.680775229842402,0.320941936899908,0.576043529738672,3
1047,0.489535569878334,0.466994063642625,0.32061232235412,5
81,0.710361616066657,0.451349002867937,0.805221716593951,1
538,0.684701351060066,0.177151381829754,0.70584168874193,3
331,0.743784107351676,0.329550138884224,0.527873117546551,2
288,0.736857335579116,0.0677117053186521,0.863957047765143,2
387,0.735424397038296,0.184968426567502,0.662956144963391,2
539,0.68347639308311,0.173274004575796,0.743680095602758,3
1240,0.483701494268633,0.415953112630333,0.31965273303938,6
903,0.47605105911922,0.483920284753028,0.317091801313663,5
291,0.737181535640266,0.5187184631126,0.670224470854737,2
98,0.712390646492131,0.149555733869784,0.84060961806681,1
1023,0.489395503969219,0.475608268502659,0.305541714451336,5
992,0.476560852192735,0.478791361469635,0.317441241612894,5
192,0.712657744546887,0.125541040650569,0.670489908498712,1
932,0.478892863485526,0.475321774001778,0.306530353772127,5
1239,0.492283423804511,0.410288829361495,0.327232842296158,6
301,0.740006475711707,0.400670096254908,0.654293684475124,2
217,0.712288963897154,0.498313436261378,0.616287767840549,1
1213,0.476325363917716,0.413211727358408,0.304733795699213,6
864,0.489149581966726,0.476078978026338,0.320854585637175,5
152,0.706494190904777,0.379937723837793,0.675175102613866,1
643,0.679321473813616,0.0596934741828591,0.667292509996332,3
557,0.681291348736268,0.373869241890498,0.641738486429676,3
576,0.676865840558894,0.199404026125558,0.461485197837465,3
931,0.478876359636371,0.475243561514298,0.307086870612836,5
953,0.480729953021705,0.476524923488225,0.313537529377728,5
979,0.486473796982238,0.473370509591996,0.310709322219654,5
92,0.705547209770884,0.33575341696851,0.631802115542814,1
215,0.708421131281648,0.12109988250304,0.467639248888008,1
1021,0.484396194160794,0.47056321200941,0.313139356545056,5
982,0.482500505961161,0.487570308001765,0.306974431052678,5
595,0.679742449251935,0.116367100598291,0.592988409288228,3
857,0.485348057640844,0.444592948876002,0.321388758198115,4
274,0.736470848650206,0.236057401262224,0.676755250152201,2
9,0.772789613809437,0.33788190735504,0.910193684510887,0
624,0.681848330961075,0.0967845130711794,0.792931490181945,3
1247,0.488929029927184,0.424559391283529,0.317142852188431,6
944,0.482524675184796,0.483512758281831,0.312951900216526,5
745,0.472576592455697,0.445677274918832,0.315302553342411,4
4,0.538583416026086,0.438054104568437,0.920307540800422,0
108,0.707768116844818,0.237110540946014,0.786869120853953,1
27,0.860071192029864,0.726726172724739,0.939618060830981,0
937,0.472042919100611,0.482665318591035,0.309957112853824,5
1056,0.4726183477242,0.473472846092289,0.318508201646952,5
696,0.482637728215104,0.448012347822886,0.31106568118852,4
513,0.680883819763549,0.224368020519614,0.867543141776696,3
471,0.675698915193789,0.497207119455561,0.457060358324088,3
599,0.67766381155001,0.0511459792964161,0.794788178591989,3
699,0.48458399139436,0.441784573387267,0.322126354649356,4
376,0.743236990948208,0.407106196600944,0.885768613731489,2
310,0.737714450294152,0.217888873978518,0.877026441926137,2
1065,0.484748701981927,0.421470254883596,0.313753031882768,6
817,0.485071041703706,0.443028046011074,0.307313427530832,4
509,0.683149055470712,0.206565815000795,0.499973130598664,3
477,0.683588252451736,0.30490587556269,0.863956694910303,3
289,0.740870009679347,0.203640365484171,0.684924121783115,2
7,0.904748178552836,0.816288212779909,0.483573766425252,0
314,0.740484987201635,0.23223489287775,0.518763854703866,2
812,0.484727137431524,0.453672211354429,0.318038428366783,4
388,0.737584297033027,0.0963957773987204,0.554107003565878,2
1138,0.483587531226367,0.420933833595252,0.316510900389532,6
240,0.710357959687244,0.168891066196375,0.732227123063058,1
424,0.74081956964219,0.0907491908641532,0.610389494639821,2
196,0.709599534804001,0.517029452347197,0.872814277024008,1
849,0.475892188757383,0.451337770864852,0.316856869076631,4
358,0.739873854215257,0.445183130190708,0.683072947151959,2
636,0.681272585105617,0.52662097834982,0.576266653789207,3
451,0.743131205453537,0.172673652973026,0.706111440272071,2
132,0.71097973308526,0.0832684790715575,0.735848500812426,1
327,0.744901390268933,0.49123402973637,0.741044053295627,2
344,0.73576843763236,0.0363213259028271,0.533248669886962,2
816,0.472595642743341,0.448888035037893,0.318689373622487,4
438,0.742162213551346,0.303373855981044,0.778185227722861,2
963,0.487474766580629,0.478356690937296,0.310784185671154,5
261,0.708290391007904,0.470927335415036,0.723985754372552,1
901,0.49613623141141,0.479892485561929,0.317534980116299,5
1177,0.477013282572979,0.418994344984371,0.309093044830148,6
121,0.712941988888197,0.0677470355061814,0.898819744889624,1
460,0.739263542601839,0.094299258873798,0.457270039780997,2
333,0.741010730422568,0.246566436928697,0.741902719787322,2
819,0.476871639018904,0.452632357931314,0.31103927541731,4
519,0.679141030164901,0.375703674252145,0.48708567682188,3
709,0.48008415133882,0.454037956156544,0.314139850428462,4
761,0.479662093850544,0.438050837869935,0.310549666858876,4
568,0.679385968204588,0.27040006800089,0.594497207039967,3
772,0.482212841480176,0.446053645316367,0.308830171316937,4
59,0.240437166765332,0.0189089230261743,0.468272118130699,0
641,0.678173829906154,0.332942099985667,0.766362743522041,3
642,0.679158065468073,0.392069150321186,0.687527532991953,3
226,0.705319457105361,0.0953298650914803,0.804217641544528,1
665,0.479791720741203,0.445773312419439,0.312816745708746,4
77,0.713041493010242,0.221580667048693,0.866376250237227,1
1017,0.482834983453426,0.478682458868331,0.310368387858461,5
614,0.682373589368071,0.0625154052162543,0.731724952883087,3
771,0.481826966146456,0.447609081880153,0.30998695961558,4
558,0.677456516087987,0.444593928498216,0.890951018268243,3
499,0.677451446033083,0.274189845635556,0.753367796260864,3
266,0.739460733926389,0.301521986466832,0.54574474140536,2
1187,0.48220243328715,0.422860615974751,0.313270737612393,6
1074,0.48934640667209,0.419240672134734,0.310941305455133,6
673,0.475828962268258,0.438704721911881,0.316742270679469,4
267,0.741145928215701,0.484986672503874,0.911456211190671,2
403,0.739720207946375,0.503712867712602,0.607090008165687,2
1078,0.493606275533924,0.416062600175976,0.315655631079582,6
989,0.479327927979694,0.48697423624948,0.306579918758866,5
693,0.490585677348515,0.456765843888524,0.316757211132925,4
883,0.481859765795618,0.465424806205789,0.312006008793547,5
70,0.705698932853993,0.309697914263234,0.621258053765632,1
779,0.494391151606888,0.442478630393338,0.312386427380648,4
338,0.740003810576163,0.127180211339146,0.651926010800526,2
985,0.481777162114134,0.470441358011288,0.324701599491764,5
193,0.707655026547145,0.0477022971957922,0.475830334192142,1
118,0.709789103751536,0.0899990297388286,0.55438835460227,1
303,0.744670237982646,0.0520084493095055,0.680071457708255,2
1124,0.471174523424869,0.424640541641251,0.315794756338352,6
1090,0.473106421852119,0.40969421406782,0.31204853782128,6
904,0.481035954568306,0.475765611238562,0.300053158514062,5
341,0.741931943790987,0.520018802583218,0.689924045419321,2
142,0.708555965900887,0.292762288101949,0.49070787623059,1
908,0.481898713239937,0.476026269039677,0.316061847292129,5
410,0.744933284707367,0.34496170245111,0.552869610325433,2
78,0.709111746442504,0.251921125664376,0.695164693240076,1
185,0.709230467325542,0.0916578573873267,0.761695764563046,1
1035,0.484102779705286,0.481039314400176,0.309951861724185,5
572,0.679757530051283,0.247285452880897,0.487090410967358,3
124,0.712153328408021,0.182914975425228,0.434507804643363,1
227,0.712409333775286,0.435605041426606,0.666281693102792,1
577,0.676045954506844,0.531663790903986,0.834467169549316,3
776,0.479606812900708,0.443680746327597,0.309907297585646,4
881,0.482414570165193,0.487376780282344,0.313078086204559,5
1132,0.485347103300405,0.413813945296691,0.309194439014068,6
638,0.676559584157076,0.0396123771555722,0.464228125475347,3
780,0.478138074381404,0.451127019663179,0.312456436408939,4
404,0.743606738636736,0.203009330644272,0.66939311819151,2
844,0.478498153739785,0.447176876892432,0.314300484000476,4
167,0.708249416826293,0.154476991249248,0.759176856791601,1
809,0.48950542260226,0.448950108342069,0.316686151975235,4
1165,0.478953025608125,0.424810150659639,0.30835109903444,6
1260,0.478590531096859,0.421879595492716,0.323412180613561,6
1054,0.485091279261214,0.492143148396628,0.312008337906744,5
270,0.738289575818926,0.468531660246663,0.508282985608093,2
1027,0.479698296887194,0.470615086437937,0.317565046338336,5
1161,0.482745060284272,0.420479340021519,0.315298595845227,6
1070,0.478890566999721,0.41941752158378,0.318940181664513,6
528,0.67655006736517,0.120084905275144,0.547676061815582,3
102,0.714445307732094,0.512968328641728,0.544662564015016,1
252,0.711374909393489,0.150103114172816,0.749453099863604,1
612,0.683806998142973,0.436931848153472,0.474092758796178,3
834,0.481486342205142,0.445872238280094,0.314052291899074,4
675,0.477624059735688,0.448503643879908,0.317995444889035,4
621,0.679559183509555,0.139238142734393,0.590490278275684,3
1032,0.483626301429382,0.480581960183598,0.314133130223682,5
836,0.474630479441593,0.451138345411894,0.313061364342281,4
1066,0.478031248070235,0.410380746179127,0.311586316323467,6
1122,0.486053277523236,0.413091630459862,0.315419103506286,6
1257,0.480948557728324,0.425735820292094,0.308595168686965,6
994,0.474191560948881,0.483402192525276,0.312466212257407,5
778,0.488217109737367,0.45033632397742,0.3161179318999,4
1030,0.478702214714577,0.475443758591066,0.316090817805211,5
892,0.485143780112448,0.485056305232662,0.319693982501273,5
789,0.471982550794091,0.450220171690674,0.30754162548818,4
677,0.479220434326686,0.445326951223759,0.323352626798742,4
313,0.741677915076725,0.534235241799615,0.613912615645677,2
54,0.462920642690733,0.00299479137174785,0.173310570418835,0
233,0.711809096403886,0.224748646584339,0.807805805420503,1
500,0.680626975279301,0.195301813283004,0.742222069599666,3
90,0.707708948964719,0.255128595605493,0.815987616148777,1
1115,0.483449595790905,0.42246360749118,0.319408468262805,6
968,0.47299978536697,0.478847212344791,0.315359253413597,5
603,0.678905171160586,0.19480830905959,0.563128135120496,3
329,0.742637499331031,0.429974053730257,0.83573209408205,2
882,0.480216080323474,0.476241813921273,0.319038792519656,5
820,0.488629262493539,0.457577229512515,0.314200211516928,4
137,0.7140291863936,0.0568093206733465,0.627274576295167,1
425,0.740864901407622,0.253846922283992,0.508411729312502,2
379,0.74382179371547,0.421751892054454,0.65099291044753,2
934,0.485729546271505,0.479609198050143,0.318759083212625,5
756,0.483275355382349,0.445216551462363,0.309741686983,4
670,0.475583923365728,0.437862716206994,0.31253820941759,4
769,0.485596424231239,0.444934788827799,0.314754675947787,4
345,0.741118509462103,0.18759463771712,0.479701594286598,2
23,0.630912854569033,0.729523648275062,0.664885376114398,0
1111,0.490296296867406,0.42669564065345,0.314966268888374,6
821,0.479703840300534,0.452666326929431,0.315008536260309,4
158,0.7124592294381,0.0628768257796765,0.692171393847093,1
1229,0.482186706908595,0.40705653889368,0.31928398358742,6
765,0.476506801052239,0.440760440567055,0.311708196658424,4
793,0.481596696924955,0.442454249149469,0.312515181771887,4
68,0.710735651943833,0.140194453857839,0.502887378167361,1
364,0.744117877720855,0.332494851876982,0.564183960156515,2
53,0.0378444727975875,0.810732727404684,0.668879206525162,0
1261,0.482603763366543,0.413831507996485,0.318372083169914,6
293,0.743182853574399,0.471085619041696,0.488839727314189,2
725,0.481240089345938,0.452142303080318,0.320008979847294,4
887,0.487900221074265,0.486864673874946,0.308251063905842,5
702,0.486823176339776,0.438331033864477,0.30623251363638,4
865,0.490597437907656,0.48191803695668,0.316502057297555,5
1148,0.483163453975329,0.420550085512513,0.316168762457385,6
927,0.475756326804711,0.476246263368482,0.312440225894204,5
482,0.677619322293904,0.0528101603034884,0.852984960493632,3
1189,0.490215585740451,0.428307929515017,0.309010132239474,6
1037,0.484347056907185,0.471713310351706,0.31487465883119,5
1193,0.488944103204564,0.417538053093215,0.311461760884608,6
1105,0.471457256620152,0.431330209185889,0.310943001722485,6
743,0.473035948782222,0.443191167228918,0.317459994917996,4
777,0.482345708802257,0.451036310105776,0.308851778055402,4
384,0.744759551549796,0.316482446715236,0.552025857917033,2
910,0.479931183242153,0.478780605586402,0.318971115227856,5
1154,0.475368584574659,0.418199130205158,0.314683898605693,6
795,0.498573055405531,0.458269766766476,0.310340956481514,4
405,0.739089545942843,0.150111677334644,0.527693259832449,2
56,0.739971662173048,0.620479480596259,0.70956063340418,0
1254,0.481221872348366,0.418604159533568,0.313607854606661,6
25,0.109103500610217,0.926213182508945,0.755841002333909,0
422,0.735263509890065,0.359277277230285,0.434135852218606,2
767,0.481047185253931,0.45375142324582,0.31374073392092,4
395,0.744988022604957,0.362408943218179,0.871656792890281,2
920,0.48744848594559,0.469191901108604,0.31595159674822,5
546,0.677959169598762,0.288880576356314,0.804437541821972,3
885,0.486691614279284,0.475103223546929,0.314708976161125,5
1195,0.485081751145742,0.415068472448272,0.312173453171645,6
462,0.744592957901768,0.518892554659396,0.792130285594612,2
774,0.486243477820494,0.449905590943474,0.311649919327135,4
843,0.481015150635575,0.446130380812292,0.311460730339751,4
1152,0.480269444987186,0.419018816465467,0.32044520828351,6
1168,0.485349780318243,0.42224954275683,0.315547886606975,6
1191,0.48314464835523,0.407193462739884,0.306898564265661,6
151,0.712008536695503,0.10444862137083,0.83684034163598,1
323,0.73504818939371,0.302813521679491,0.594273372972384,2
237,0.712085376356263,0.270111363241449,0.664690772490576,1
273,0.735450190459378,0.488249265798368,0.525241804611869,2
637,0.681425320655108,0.289862437616102,0.614293301780708,3
1214,0.483864255819879,0.416222915305257,0.309276663892223,6
842,0.483667774693949,0.448129384006183,0.313669684309608,4
1252,0.479731373872219,0.415861203705438,0.312612000403171,6
1106,0.483824569633644,0.411550289837321,0.310101604165613,6
307,0.737383364259731,0.124276510649361,0.788631396903656,2
695,0.484379188740815,0.45562408863374,0.301689781003873,4
1018,0.478570341647745,0.474669309762363,0.312089221770536,5
898,0.486974741287893,0.481909288890208,0.310466851661664,5
268,0.738751013202127,0.375957125192508,0.8585340061225,2
907,0.480995545604945,0.480052098300244,0.310907785689883,5
75,0.711904495221097,0.256367445201613,0.734841864276677,1
787,0.47482850011716,0.450919365278729,0.306036095510497,4
1082,0.477932406930412,0.416576119749648,0.309604658717306,6
808,0.489399865855315,0.446057252348896,0.306456219343346,4
532,0.677243626115378,0.279759033909068,0.744717197911814,3
508,0.682917241421528,0.383392576454207,0.447988369804807,3
573,0.680209840652533,0.0615531406132505,0.455348498607054,3
1218,0.483091104290239,0.416926373494655,0.324679436420976,6
8,0.492998677305877,0.995425151195377,0.869937247596681,0
604,0.682677528595086,0.52404938461259,0.796170018566772,3
700,0.485832139481363,0.442427348551005,0.313971712813481,4
586,0.681709158034064,0.113908742647618,0.919010934489779,3
706,0.475796361735523,0.450833825262677,0.310331993274857,4
496,0.677609264084604,0.102254433999769,0.47195459397044,3
145,0.710081276353449,0.0870016501052305,0.66884557583835,1
773,0.48562743756085,0.435578659558888,0.314641855013114,4
1182,0.477594445692836,0.418714516306669,0.309024796103725,6
278,0.744087182602379,0.329486806271598,0.831510685570538,2
1007,0.482641345438814,0.477960744270231,0.320133972020513,5
1143,0.484692820571203,0.419289579697062,0.305807472147299,6
760,0.49033762613521,0.444874429858693,0.324526183124774,4
402,0.740185635017697,0.0453098887577653,0.701000046636909,2
107,0.713686899519525,0.366500602895394,0.575631374097429,1
26,0.784313699696213,0.364570513600484,0.834169413195923,0
540,0.678274682702031,0.0816773198079318,0.668942004162818,3
264,0.737004063797649,0.247827071556821,0.49270012807101,2
589,0.684021708392538,0.534563292493112,0.595273676514626,3
390,0.738415538233239,0.368223269795999,0.422390666045249,2
235,0.708020698663313,0.10372015517205,0.574710948579013,1
938,0.468884497943884,0.486068186511286,0.318962879250397,5
355,0.735852772495709,0.521591165428981,0.603105935570784,2
277,0.741575163763482,0.0665104414569214,0.799003260978498,2
1092,0.480621436389949,0.411854911479578,0.310741177212633,6
265,0.744854440488853,0.356529080402106,0.848563486314379,2
876,0.480181636338772,0.473723191037557,0.315064880490804,5
884,0.488054723374418,0.47659252141801,0.303728633431252,5
1131,0.48353289614882,0.417418180122983,0.304995252145233,6
127,0.713488945274148,0.168033970030956,0.584632583847269,1
94,0.709803883063141,0.300508355000056,0.833848204417154,1
837,0.475840979059376,0.44698418791046,0.307187723342277,4
246,0.711989292742219,0.340034485771321,0.858957924717106,1
1041,0.486003671661636,0.476126868092628,0.315307008187051,5
339,0.735391746105161,0.422991735371761,0.870891947136261,2
24,0.691076734336093,0.0112892431207001,0.799615100026131,0
441,0.743731302227825,0.401654412364587,0.600760485115461,2
186,0.714993661276531,0.0370678876992315,0.469350222917274,1
337,0.741472024249379,0.204081324138679,0.4809919369407,2
731,0.484407160888476,0.451137707500586,0.312029806539874,4
891,0.481965985250382,0.477412302833506,0.315959321647036,5
692,0.474001735482683,0.451204958087216,0.310912800718722,4
1199,0.482650288411014,0.412346576963874,0.31898555024347,6
571,0.682541713376995,0.348740733321756,0.484851967613213,3
955,0.491910955929459,0.476734365465772,0.311835580282816,5
73,0.708775636814535,0.156793431472033,0.707515774131753,1
1203,0.481123916100415,0.409586586761672,0.30691480110711,6
1024,0.480330234956701,0.477529471295468,0.303212341424429,5
309,0.735738366597798,0.399144034576602,0.854709227988496,2
751,0.496714649647586,0.457840135349682,0.321201467867108,4
846,0.475496298052892,0.451888933843185,0.309458430518757,4
1220,0.485177135073789,0.411671819437769,0.316261248023764,6
19,0.857308484846726,0.739809072343633,0.407258438644931,0
374,0.742771517685615,0.2263506811345,0.893674818053842,2
367,0.742811105696019,0.276213245326653,0.840980378165841,2
1042,0.469082330563475,0.480103990367787,0.310375287902776,5
583,0.675045157147106,0.0591773529071361,0.855802937131375,3
997,0.487248995100634,0.472752155689948,0.311334748688638,5
447,0.737278626309708,0.379189249337651,0.852878978778608,2
1217,0.492442520258974,0.413236494617267,0.311939555233806,6
674,0.483290429898467,0.451539764620015,0.307362956267992,4
918,0.4846271747407,0.482103278087459,0.313534166055667,5
721,0.481581012922216,0.450153684586017,0.315037413193749,4
398,0.735712484759279,0.138875534851104,0.743229749100283,2
489,0.682419146231841,0.416949300654233,0.683491455460899,3
57,0.101568122394383,0.132372703868896,0.714695372385904,0
65,0.706417382105719,0.136865944811143,0.675375813338906,1
724,0.475469620197007,0.44599934984937,0.311880658735986,4
575,0.682131238756701,0.0498547004302964,0.653000752045773,3
257,0.70604922815226,0.122448452026583,0.911446327646263,1
536,0.682894809092395,0.314442087872885,0.834345737542026,3
13,0.0722931444179267,0.694247568026185,0.637771723326296,0
120,0.70577678457601,0.47892112119589,0.645928455120884,1
1233,0.47379646310906,0.412186426104661,0.3170391091275,6
18,0.343963707564399,0.358634778764099,0.0753424207214266,0
894,0.47833425646255,0.476337613610396,0.306059450834064,5
948,0.486801566557623,0.480957545090151,0.312656529344975,5
737,0.476078170609142,0.451690201979883,0.32533152088805,4
256,0.71142040482955,0.232547570345923,0.790211914526299,1
505,0.682504460010678,0.490127354604192,0.81323276781477,3
782,0.486793315845513,0.451119939790968,0.319543425524269,4
428,0.736226794640534,0.153553721122444,0.818880972755142,2
201,0.705731960155536,0.464228941919282,0.501240780646913,1
878,0.486316670350505,0.481745443764264,0.31526076154427,5
392,0.741517470323015,0.12787845833227,0.716920663323253,2
676,0.487680109965723,0.439499855599051,0.314079506861164,4
446,0.743273002847563,0.15868163164705,0.653982861037366,2
238,0.70565221343888,0.270232022018172,0.894530571135692,1
157,0.712179259043187,0.299504513363354,0.636077994666994,1
39,0.138296809513122,0.235536762978882,0.957250515697524,0
1125,0.485959059389492,0.420517680115636,0.31493431605404,6
490,0.680720103660133,0.143565012468025,0.860530615621246,3
400,0.742687212047167,0.207447577593848,0.642668237397447,2
831,0.486044027287438,0.457055452428146,0.320586634620482,4
433,0.740981842149049,0.204715444566682,0.691265179496259,2
1072,0.491675715852991,0.412379441948757,0.311330707590662,6
522,0.683835045464803,0.518503013043664,0.494067339180037,3
790,0.476211412956076,0.437473999872504,0.318388000865107,4
1121,0.484671529508085,0.414767473501348,0.318359561947038,6
620,0.680602203947492,0.407565523847006,0.71489014972467,3
445,0.740727091308218,0.105518923816271,0.693145272275433,2
647,0.681474373757374,0.0818226410541684,0.480787621880882,3
875,0.479194084063661,0.474609872025701,0.307900244799982,5
1188,0.489326813963755,0.411386866135799,0.314060263334548,6
1088,0.482799987068464,0.422763771925299,0.309306712198584,6
1040,0.478651412504414,0.475054542627663,0.319364774741678,5
775,0.481509848570029,0.443412974712225,0.310792865494006,4
1100,0.479213063690152,0.423129510590667,0.316948207976691,6
1117,0.478031006076052,0.414914004990125,0.321145151197924,6
149,0.71446516697295,0.499260100862011,0.547558035072871,1
610,0.679121283688582,0.12037401155103,0.515131702483632,3
230,0.714466259917244,0.31394347907044,0.615925938077271,1
567,0.68094601099845,0.0576282818568871,0.879125709831715,3
1262,0.484253353394636,0.41971488263706,0.311193300262697,6
212,0.711470447084867,0.079901980329305,0.47082278279122,1
856,0.48210787287972,0.447574210806677,0.31364251076763,4
281,0.736109824012965,0.0850213235011325,0.874362842249684,2
295,0.744922750964761,0.0544707219582051,0.440995841706172,2
959,0.484703021445328,0.483784495728628,0.327468966557614,5
1151,0.48238102619376,0.417064599918646,0.318151004844107,6
399,0.744284237879329,0.394516774080694,0.804449793836102,2
917,0.491527704261151,0.478446642312078,0.319188618305911,5
890,0.481949362281835,0.47416553441936,0.315128164136106,5
231,0.707336564199068,0.165995714697056,0.888916346663609,1
996,0.489856690953612,0.481966571022635,0.311883952018277,5
799,0.476233969739081,0.448383424587687,0.314173527818612,4
1216,0.478904402573122,0.42223181590585,0.306488819818141,6
838,0.486919101814202,0.455692657336479,0.31657590123138,4
640,0.677049334859475,0.265992038627155,0.820023384364322,3
61,0.850311392918229,0.56165115069598,0.0539146112278104,0
945,0.489259568280145,0.469602176852336,0.31375602132306,5
801,0.476143283824466,0.460322490920408,0.307386012660991,4
1208,0.476922678003764,0.426204712646855,0.30891463759515,6
617,0.677975965975784,0.354617516486906,0.620654518785887,3
686,0.481787466740812,0.442406196281542,0.311900061761213,4
741,0.486637805784621,0.439307036638162,0.30986540276174,4
29,0.687094479799271,0.316586500732228,0.264409448951483,0
55,0.022183891851455,0.568121465621516,0.380333837121725,0
518,0.67510091726901,0.160688347509131,0.709436042536981,3
389,0.739199057687074,0.499013985949568,0.786875636735931,2
712,0.488192739330994,0.449905978288303,0.317917103250577,4
629,0.678715902981348,0.212913126661442,0.438929726905189,3
292,0.73970682908548,0.399025348573923,0.728970208391547,2
541,0.683469856020529,0.291679028747603,0.780753181269392,3
117,0.710106099965051,0.0523212721804157,0.582158247777261,1
1029,0.484470963340097,0.477100101952748,0.317118726410359,5
534,0.678994182816241,0.246004982478917,0.726641343394294,3
487,0.683328184902202,0.310400032065809,0.581402471358888,3
886,0.480737109658697,0.474909613935305,0.321046639787179,5
1069,0.484218253376446,0.406688281425399,0.315632380258697,6
427,0.735888467573095,0.345228003314696,0.784747633221559,2
549,0.676834995958488,0.312330356077291,0.706786247505806,3
155,0.714683942599222,0.140665238234215,0.908283298555762,1
606,0.678546470797155,0.427511714142747,0.6894013724057,3
276,0.736955233300105,0.223739213054068,0.820674069761299,2
166,0.709680019097868,0.353030811157078,0.752148224576376,1
144,0.71476317596389,0.449148681224324,0.628260223730467,1
688,0.483827122982769,0.439064647135555,0.311809959134961,4
296,0.743627237703186,0.240362561750226,0.708083696383983,2
1142,0.480349836075486,0.417678695376398,0.307359971195287,6
542,0.675434974476229,0.33090141878929,0.492194449482486,3
671,0.486171566989846,0.441122389399448,0.317360704717828,4
815,0.483587568326532,0.448978384820849,0.326870710364066,4
949,0.48405012133125,0.479072194917125,0.321453374327333,5
249,0.71062570763519,0.22028354681097,0.51420186269097,1
250,0.706296309663448,0.225754756806418,0.850157859106548,1
874,0.482101906167008,0.479335742792871,0.323533354140776,5
905,0.476315208264348,0.469729926515257,0.309738572360103,5
1235,0.470933113489487,0.429246810449109,0.312053831853268,6
305,0.744469592578244,0.373251156974584,0.803194719087333,2
304,0.735534855755977,0.506549292220734,0.518927505775355,2
974,0.484851604566435,0.475304929900073,0.309287986714951,5
1119,0.480274557847382,0.412120572218498,0.323003149813359,6
597,0.684858861758839,0.513557838718407,0.669293032446876,3
1146,0.491222805949544,0.419035971090928,0.31761799055172,6
735,0.485203321858126,0.438247963504669,0.3078568885728,4
507,0.677507656870875,0.106313286791556,0.463012537639588,3
218,0.709938494365197,0.495569062628783,0.808928676717915,1
547,0.684617099454626,0.210987276025116,0.752030535670929,3
830,0.483429296216044,0.448734574448208,0.312404545215695,4
316,0.743411213268992,0.338011065241881,0.525700492504984,2
1048,0.486384862990789,0.48184284979568,0.312207189437308,5
393,0.735713629359379,0.243034309451468,0.71003545280546,2
434,0.743101787245832,0.482847618381493,0.529495883104391,2
1141,0.470839170224373,0.413952767729568,0.312649461329892,6
195,0.705441752180923,0.50373425274156,0.514906619978137,1
228,0.7094567214977,0.305242528649978,0.751960947248153,1
591,0.681469836088363,0.27876060209237,0.799911869526841,3
131,0.71015227654716,0.0792252537561581,0.568171669216827,1
851,0.486759910272048,0.444933869649266,0.320116315402342,4
199,0.712488492669072,0.320304195373319,0.470051393564791,1
794,0.479333144891885,0.449121359252842,0.311112422038731,4
426,0.742507318698335,0.454678533459082,0.778088232222945,2
311,0.735619710679166,0.401284894300625,0.874724648380652,2
136,0.708970087489579,0.500546762463637,0.80516576168593,1
627,0.681390553642996,0.448756746342406,0.830643660342321,3
1039,0.485165169738127,0.474133821065112,0.3179950026368,5
545,0.681593268930446,0.511898093251511,0.433902429719456,3
419,0.743240872689057,0.168824172904715,0.815231520752423,2
797,0.482621586422297,0.452058372819001,0.311505807155397,4
409,0.736294174946379,0.366785539640114,0.699188752635382,2
889,0.472594023455874,0.486105716555437,0.310362822292647,5
800,0.478033617714382,0.447038054512531,0.311306282228519,4
486,0.67622892013751,0.335715790721588,0.477376392413862,3
625,0.684166092602536,0.310557009279728,0.564130859286524,3
225,0.708733189238701,0.335673092841171,0.868068925756961,1
210,0.712972986376844,0.45555039527826,0.523958744318225,1
1049,0.479466899459298,0.475931264447497,0.312737716911281,5
679,0.482080794220551,0.446711157356628,0.308750544479724,4
551,0.679450959698297,0.21792541348841,0.828533245786093,3
492,0.680972839668393,0.0760726866777987,0.577344434754923,3
101,0.707668546647765,0.286018661316484,0.454394556186162,1
475,0.679993046347517,0.39117917183321,0.553207245026715,3
1222,0.480827755914331,0.424732268944422,0.311285762801413,6
133,0.711166595292743,0.315893925935961,0.746684271097183,1
437,0.736138344195206,0.303629071079195,0.603729073842987,2
1010,0.478216951536309,0.471813713732849,0.30872751877162,5
1130,0.480094156449342,0.421647416240702,0.313870197461178,6
1224,0.474717791247976,0.412595380773452,0.31254684416532,6
349,0.744122781972401,0.117408192460425,0.547430441435427,2
1258,0.475201361889735,0.413710380106502,0.310149600164365,6
632,0.680814647874795,0.317020911350846,0.426985392300412,3
569,0.684731613108888,0.330834845290519,0.786900706659071,3
1147,0.482664652015186,0.424412952729639,0.306301865874273,6
259,0.708866635207087,0.530942066782154,0.837948588607833,1
1163,0.483098356408369,0.423164415136315,0.305574788381105,6
1081,0.48451261832053,0.412691643182889,0.312276964587453,6
412,0.741018287586048,0.276725178561173,0.622015517856926,2
262,0.713500156546943,0.486139017948881,0.789474577829242,1
219,0.713358527480159,0.396245949994773,0.742398176412098,1
177,0.708278449692298,0.518925117887557,0.836032063188031,1
318,0.743520462822635,0.225904830242507,0.533474193140864,2
175,0.708622408001684,0.17750830957666,0.629639321775176,1
655,0.675411234432831,0.175097591686063,0.628815292567015,3
1234,0.479528697373307,0.422619741403567,0.314105238733539,6
574,0.679979992394801,0.364013782679103,0.782540107681416,3
103,0.711025165019091,0.129963154299185,0.748870044201613,1
1083,0.486163704775483,0.417275334087572,0.316080678775772,6
336,0.738307544938289,0.43332528762985,0.91381282156799,2
479,0.675622486551292,0.386386565491557,0.753444279031828,3
919,0.487505430907314,0.476433356303035,0.309864845455217,5
453,0.741719120079651,0.157628560997546,0.475603648414835,2
111,0.707550330981612,0.47621788373217,0.544600821170025,1
84,0.706527705125045,0.170184144610539,0.875367457349785,1
1053,0.486354690839233,0.487619643716821,0.317338473322305,5
747,0.482883067081243,0.449034131757217,0.304480465360096,4
848,0.481808802900339,0.449977136028127,0.32175954855559,4
957,0.475622220890656,0.474967410605587,0.311396715355187,5
841,0.483208413001402,0.442525726911904,0.315149983787276,4
176,0.706187175067607,0.10638469804544,0.437154658208601,1
335,0.736378444787115,0.279822716116905,0.734998740907759,2
188,0.710180397047661,0.530985028576106,0.912794821965508,1
1180,0.486769752425217,0.404960432792769,0.317135344080993,6
190,0.710028641223908,0.0869594445452094,0.832721148105338,1
472,0.680698707376141,0.475461399042979,0.639056270080619,3
527,0.676511113741435,0.261356418929063,0.671183585142717,3
21,0.37509500910528,0.184625725727528,0.142559162108228,0
28,0.645693406462669,0.44003614038229,0.0247378284111619,0
1204,0.486031704296935,0.431148601176978,0.326986578872031,6
159,0.713509616560768,0.150051034148783,0.90286642529536,1
408,0.739202255560085,0.0904852393781767,0.499235874344595,2
17,0.25021684425883,0.76335618714802,0.370136986952275,0
209,0.714721356129739,0.0599565256619826,0.663657008041628,1
454,0.73640611840412,0.50769298824016,0.769073009095155,2
40,0.0086904033087194,0.326183011755347,0.904017415596172,0
902,0.485936919253385,0.477145821917639,0.306544909006497,5
626,0.682718826979399,0.344298909162171,0.636553741130047,3
977,0.478474940432099,0.484055989203888,0.315441942906582,5
763,0.483897089863968,0.448315798944558,0.315411069234151,4
961,0.486651175764594,0.481370363024354,0.314081669576714,5
1086,0.479369150917765,0.410831426414454,0.315907351100432,6
553,0.676877951209899,0.104318422242068,0.51598677476868,3
436,0.74400907533709,0.435861782729626,0.550743004493415,2
533,0.683225187640637,0.163475233223289,0.633015786600299,3
651,0.682048727653455,0.446943297842518,0.788592059467919,3
1091,0.475446984529824,0.413075311098494,0.318667492931929,6
900,0.485292046788505,0.47582168726959,0.308014343710635,5
245,0.706028539447579,0.533102428750135,0.912253731582314,1
990,0.47619562383462,0.478988100962242,0.313565715255697,5
498,0.675868078682106,0.457256406871602,0.883378304843791,3
1107,0.484579107230951,0.400973280693548,0.312706484624164,6
526,0.68096163864946,0.445126670971513,0.557895916700363,3
324,0.744436417371035,0.332583009591326,0.83238472819794,2
544,0.676194737930782,0.0854732690844685,0.884523783181794,3
1005,0.480102546704397,0.486614032140036,0.305689866571203,5
34,0.841054843273014,0.37843224988319,0.185511281015351,0
929,0.47883554341232,0.476401964979357,0.316942775072094,5
663,0.684785469323397,0.040454089967534,0.728978459676728,3
206,0.709735029067379,0.162438588659279,0.437517268070951,1
649,0.681936169287655,0.47929001445882,0.881823955057189,3
42,0.144420297117904,0.164590013446286,0.415271620964631,0
491,0.67648891055258,0.448359211301431,0.572876078495756,3
555,0.68127237228211,0.404100688383915,0.747859787149355,3
1183,0.486554990925123,0.416320831009599,0.316531757027263,6
924,0.476914017257325,0.48056976440407,0.307025080311783,5
162,0.709841146171093,0.253135093930177,0.489082291792147,1
893,0.482100981983169,0.482703459791032,0.311891148120579,5
457,0.737986994974781,0.357066208124161,0.766466214042157,2
928,0.478391409201323,0.477051254532434,0.306951111621147,5
385,0.73784562835237,0.248810132592917,0.502965591335669,2
386,0.740724725367036,0.058121629152447,0.594234286877327,2
154,0.714053720012307,0.345409452659078,0.765850915876217,1
1019,0.492393781660495,0.481637634061814,0.308394925213603,5
423,0.740746794515289,0.262381371785887,0.629680437222123,2
727,0.481580508625029,0.439989320947139,0.314523106153647,4
203,0.708476992875803,0.381212447979488,0.743634871509858,1
363,0.743432576258201,0.169070712034591,0.756092463922687,2
1181,0.488886462860745,0.41323082110753,0.316250788042109,6
862,0.480101816542789,0.450793551764444,0.313570084857289,4
717,0.480747049105976,0.445411622370364,0.316304942366809,4
601,0.681067573269829,0.4770432529971,0.550687996624038,3
1139,0.478165824149554,0.421735309110428,0.311772275327409,6
129,0.707717035037931,0.474640881386586,0.785022513894364,1
260,0.708971716417,0.245228795427829,0.766586979222484,1
1110,0.485271473457614,0.420729661792495,0.314339671227318,6
503,0.678570625314023,0.367184825101867,0.666126449080184,3
858,0.47554686170434,0.450932334862047,0.314140247189506,4
213,0.708374307136983,0.414553969260305,0.597355053364299,1
413,0.737265718905255,0.0491639749146998,0.486046669725329,2
757,0.481110746800763,0.44408172718587,0.312405190719323,4
984,0.488727964698612,0.470837091188633,0.317703584775787,5
1099,0.472608620310056,0.420174114298579,0.30633316296714,6
835,0.477371855191657,0.443233205864295,0.313511383903831,4
290,0.744334411462769,0.218053187569603,0.901114309509285,2
615,0.6810056479997,0.39736480624415,0.683274330059066,3
716,0.480724959999317,0.451253000050856,0.315648502087246,4
758,0.481537504642191,0.449918673907692,0.312122865187427,4
319,0.735426620191429,0.112241436936893,0.572506232606247,2
980,0.476893034811315,0.483391376537445,0.314627493890128,5
913,0.482415636717418,0.473314055033343,0.305842176404234,5
802,0.483008313921633,0.441671270652296,0.324579736275201,4
512,0.681237404297572,0.392159627727233,0.706423715758137,3
322,0.7423529875651,0.332807122240774,0.515287119033746,2
480,0.684504050719552,0.319258457724936,0.559718122077175,3
45,0.532269296469167,0.0754805698525161,0.350496622966602,0
730,0.485182841071514,0.44100621333148,0.31008652434967,4
465,0.675563321332447,0.443105882592499,0.768750291271135,3
5,0.929176207398996,0.595254057087004,0.812725220108405,0
440,0.743751470115967,0.173478567483835,0.432377350470051,2
1255,0.48220345221726,0.410497372145088,0.320384878827574,6
105,0.71422826876631,0.111641736095771,0.477784843719564,1
596,0.675380640772637,0.0518459172220901,0.505641357810237,3
873,0.483436723404967,0.476479082221772,0.312583439719246,5
811,0.488482486360663,0.443078139291336,0.315239243253911,4
1102,0.473770475589777,0.422317943073675,0.31190584332739,6
710,0.481181977907767,0.45417051841242,0.307331723128775,4
1046,0.485631911004664,0.47014417635701,0.320684783298926,5
715,0.487661746344243,0.445299384005636,0.306058571308423,4
194,0.709214052087627,0.0655858239391819,0.737163687427528,1
744,0.488826825680838,0.445839608229798,0.314039256293006,4
180,0.712657257954124,0.515597175783478,0.770215935376473,1
1155,0.473884597013864,0.411471993378163,0.315474650603449,6
214,0.712121270990465,0.323426695284434,0.566367987147532,1
455,0.73819392247824,0.276376332482323,0.758510389667936,2
823,0.479334207601442,0.449409860928367,0.306943320256668,4
1236,0.483452272719837,0.414806948146547,0.316820888064198,6
179,0.713504851916805,0.18904061159119,0.860355849564076,1
414,0.737860869197175,0.291136485617608,0.791616748273373,2
442,0.73505328589119,0.267488545249216,0.87666488038376,2
697,0.483563854611477,0.439631981783195,0.310954367225289,4
466,0.677990801462438,0.39562193127349,0.665245716064237,3
798,0.48369382606817,0.447118838639083,0.309678082872378,4
1256,0.481263175232311,0.424057318522955,0.316920350071769,6
570,0.677715425484348,0.468354103481397,0.852199032274075,3
456,0.743744160805363,0.0481317145517096,0.554465888137929,2
1227,0.479581593125783,0.421845882449548,0.325551661746188,6
184,0.706584330790211,0.100159202562645,0.677478487440385,1
746,0.488426803663814,0.447255873338256,0.311173763441017,4
106,0.713808255803306,0.110183353512548,0.873591466061771,1
183,0.705318260132335,0.49286118298769,0.575922705652192,1
1085,0.478728997121358,0.419060697670441,0.307530257862304,6
115,0.708690734126139,0.0794533029897139,0.424815910821781,1
347,0.74012351130601,0.349147218954749,0.612937070964836,2
99,0.712578983979765,0.401847778446972,0.428505125059746,1
174,0.705645873397589,0.41583603664767,0.79300043436233,1
474,0.682248043334112,0.269611870031804,0.897487401100807,3
360,0.736567678293213,0.275726106809452,0.671670009102672,2
67,0.706373153154273,0.53126754318364,0.825969899143092,1
594,0.675050945058465,0.185140085965395,0.834973286557943,3
682,0.48006861677081,0.440746106507627,0.321259596110833,4
939,0.487351578140249,0.482202569128137,0.30822054647654,5
373,0.740429743307177,0.445365582802333,0.91821344809141,2
915,0.482714581162453,0.480189603976063,0.31605169198614,5
605,0.682047435594723,0.23436978654936,0.717068677372299,3
1178,0.480179610076254,0.41713429840136,0.3152077626961,6
896,0.480025368937517,0.477868885503223,0.314658017899379,5
11,0.0274505855049938,0.115867363056168,0.281763134757057,0
1184,0.487038439992874,0.414736378842478,0.314116781557371,6
216,0.713482028504368,0.531784629076719,0.736867923126556,1
1089,0.483265376420977,0.429492113609467,0.315338454519285,6
36,0.991348123410717,0.429085612297058,0.411871277261525,0
168,0.710778799443506,0.251991795236245,0.632878364366479,1
464,0.676750770271756,0.313140825228766,0.919854726479389,3
163,0.708389835397247,0.111494958610274,0.516511178296059,1
740,0.475577075512772,0.447313297187592,0.316545090495175,4
251,0.714304766147397,0.336010774807073,0.622794758132659,1
47,0.851402149535716,0.169842306524515,0.862062305910513,0
899,0.471937612442186,0.482660020296868,0.309033580002113,5
332,0.742426225494128,0.091180584486574,0.889840208180249,2
143,0.713264524727128,0.149887042562477,0.571984534920193,1
173,0.708147601403762,0.434800542634912,0.522122893552296,1
613,0.684911191235296,0.20914036789909,0.81923788827844,3
420,0.744050134108402,0.0946661194087938,0.525359079078771,2
352,0.742060925834812,0.508736662543379,0.425373719376512,2
1101,0.479077593099386,0.416070775064462,0.310057936404857,6
916,0.486533591763359,0.474281093604663,0.317753733078438,5
328,0.737091494102497,0.332713332818821,0.72870364477858,2
998,0.477711478469865,0.486063542942704,0.305963313558576,5
418,0.739546264866367,0.16734519074671,0.528238692623563,2
1000,0.480237623197623,0.474585395185983,0.313541843600328,5
825,0.491936505092347,0.449755109229178,0.316895342225202,4
89,0.707465307419188,0.441367859346792,0.616076913732104,1
1171,0.4822695503616,0.408139754872983,0.311390352784445,6
755,0.48252148070859,0.440297601536392,0.312799191239587,4
1209,0.479920493357883,0.420183412746045,0.317364383545648,6
279,0.740138270177413,0.312727225222625,0.856207501445897,2
31,0.693865492008626,0.781615538522601,0.0324724998790771,0
672,0.487636718993244,0.438618781611222,0.307730528137058,4
770,0.474102796396993,0.447398991665323,0.317088846812997,4
58,0.281401194399223,0.407834509853274,0.618142539169639,0
694,0.484152332425826,0.440165930775272,0.313277774347588,4
1241,0.482372335771638,0.421987564382242,0.316071842207811,6
1230,0.484155848845739,0.413434073328784,0.315400529039995,6
986,0.483198966371588,0.472698430363926,0.31436051426582,5
76,0.71073262589518,0.395505950064398,0.554751020809636,1
689,0.480788142594782,0.450095272573524,0.314077951718098,4
563,0.682962518089916,0.246566842054017,0.895768173225224,3
197,0.705223331502639,0.27612242391333,0.734704367653467,1
847,0.47885322779026,0.443501289278092,0.3127468830979,4
564,0.681911589778028,0.117677896143869,0.591090399259701,3
375,0.744301889108028,0.101122304075398,0.435808700229973,2
