361,0.324987042844296,0.737641214369796,0.510692505328916,1
1148,0.415470818364503,0.376442631821776,0.440026588398961,5
1374,0.414528168943482,0.320186870591535,0.431281409366903,6
467,0.32245603076648,0.649537167605013,0.289577797334641,1
295,0.683045003097504,0.910558780888095,0.577238153433427,0
342,0.319932219109032,0.529619361367077,0.379129237425514,1
895,0.291727472175844,0.711123367049731,0.149542173068039,3
734,0.285912143371534,0.505886395322159,0.0902892101323232,3
1038,0.414112489040451,0.347492823725608,0.432980446516174,4
912,0.413091432823658,0.351497487707335,0.435211845009254,4
699,0.347450943167787,0.907237826939672,0.0904209984466434,2
514,0.347095818307716,0.816805244982243,0.266922491416335,2
1219,0.420085667495586,0.387178160042049,0.43249479283407,5
1274,0.412435486414553,0.380777867469229,0.432128886028629,5
308,0.323109109890647,0.678774407925084,0.253083301638253,1
641,0.348143291510642,0.947778466367163,0.455076792323962,2
953,0.415080472509223,0.352368734140061,0.429750001614556,4
1105,0.408088640403011,0.375665431626528,0.431446100157059,5
582,0.35152980046114,0.778866457380355,0.373918542917818,2
79,0.442019311478361,0.186892325757071,0.0481652333401144,0
426,0.322173474621959,0.624076156620868,0.375238717813045,1
1200,0.413649625170489,0.378971594957113,0.438627820028786,5
32,0.0733729817438871,0.884189828764647,0.00390868005342782,0
96,0.112265163334087,0.264467980712652,0.161697437055409,0
555,0.353599124313332,0.960679663089104,0.128834086051211,2
132,0.306215771939605,0.481267897645012,0.346873426111415,0
122,0.0684009045362473,0.600270793773234,0.964428165927529,0
1378,0.411762839294538,0.317538376440442,0.429317733782598,6
1296,0.396903202033677,0.383842756139705,0.436599412715671,5
1227,0.410919310614843,0.384288787653847,0.430930698102399,5
987,0.414378366199007,0.348357112331597,0.438720949010938,4
1380,0.406833623471263,0.327792363447104,0.438393111949165,6
376,0.316029049197678,0.747743180813268,0.065115586319007,1
643,0.34738053956069,0.636898079398088,0.0516259217867628,2
583,0.353777088939678,0.868713560490869,0.10673146257177,2
1450,0.406059708158477,0.319286391919267,0.435735354871386,6
1061,0.415093201087213,0.339637058290625,0.427558586917759,4
166,0.56336205592379,0.767108226194978,0.97404791880399,0
268,0.418884838698432,0.170794592471793,0.712009741691872,0
664,0.35116223877063,0.802061431668699,0.175548900896683,2
623,0.348619167394936,0.487157045956701,0.43047976649832,2
1309,0.424142492404662,0.325484792159105,0.436466806635911,6
1494,0.410943452806294,0.322820827475783,0.44106568960597,6
154,0.932373780990019,0.0116503641474992,0.894693692680448,0
989,0.417499784029953,0.342641246659752,0.437607122597978,4
1225,0.40379006733463,0.373457952681441,0.439094072873426,5
297,0.636273900745437,0.800653910730034,0.169492714805529,0
909,0.400710885928259,0.355569791493503,0.448515263414212,4
491,0.320678345190827,0.523207587865181,0.523336444562301,1
1457,0.407096537400273,0.324817247860214,0.432233027530551,6
707,0.285512159976643,0.928212137753144,0.232151055987924,3
1004,0.415386429825508,0.349270137371893,0.442918706143498,4
695,0.346720131139737,0.561120787030086,0.0806511358125135,2
33,0.172414707485586,0.477750365855172,0.407271777745336,0
504,0.345329037283082,0.929185952735134,0.0540806550299749,2
148,0.902223600773141,0.825994500657544,0.508065299130976,0
258,0.323334167478606,0.902769581414759,0.870842915959656,0
1409,0.418155817950159,0.324057082454809,0.44038542366904,6
1056,0.404477852392067,0.348663488276738,0.436617480266824,4
995,0.4103383022489,0.348011121162072,0.439789070318916,4
1263,0.404737511055915,0.372598824065776,0.44274185779387,5
1283,0.411463086274753,0.382014710665567,0.430290367625346,5
434,0.317982061405201,0.517677712114528,0.145413179695606,1
358,0.318149552203249,0.944550352031365,0.138624924398027,1
700,0.348788022077642,0.82072442593053,0.246411534422077,2
1293,0.411841164517499,0.387093775788487,0.435885445196745,5
242,0.0425911706406623,0.349201902048662,0.187105963239446,0
1101,0.409095721272419,0.372929813293134,0.435056669344193,5
27,0.0081421744544059,0.660948418779299,0.0668606020044535,0
1087,0.41486073287809,0.357214040948572,0.435520005195001,4
522,0.347692340745125,0.914667236478999,0.324338849564083,2
1137,0.416828658867033,0.380466539472912,0.434731774366673,5
1276,0.417138806002141,0.378963252962594,0.44267916859025,5
521,0.35428855109727,0.622598806489259,0.0700916304951534,2
4,0.344598127063364,0.767504200804979,0.818674421869218,0
763,0.29307299297303,0.851608509290964,0.492884432477876,3
71,0.831221851054579,0.564961292082444,0.149887837003917,0
151,0.522582218749449,0.970670197159052,0.00130440853536129,0
1185,0.420256980410459,0.37615624932078,0.436248664014768,5
1369,0.414155275939483,0.314502699801366,0.441138833759675,6
617,0.346710095778108,0.721826465660706,0.102154173352756,2
142,0.759011470014229,0.00239711487665772,0.880490303738043,0
119,0.162557564675808,0.728249839972705,0.521018201485276,0
1078,0.402098433486496,0.339575268835382,0.441906115376626,4
406,0.31571272628149,0.867000335920602,0.0824193268083036,1
1400,0.416002657560044,0.322698487158324,0.431002624978751,6
335,0.325114102938678,0.523898336663842,0.355149115133099,1
127,0.620046398136765,0.258477086666971,0.946045479970053,0
782,0.288122197911143,0.920851825247519,0.0402400539489463,3
53,0.651068319566548,0.710029663750902,0.230127791408449,0
173,0.510246022837237,0.566305993357673,0.818908113986254,0
150,0.468801419483498,0.0780603487510234,0.241968425223604,0
490,0.321610554882791,0.751820785086602,0.406555890268646,1
1171,0.41285399419955,0.384856211953916,0.438038442683685,5
1474,0.416638428154216,0.322578135449338,0.431969420395964,6
615,0.348984592552297,0.793906217068434,0.127489990484901,2
8,0.335620896890759,0.350457058986649,0.467887271428481,0
328,0.322479346278124,0.508816098654643,0.463706361991353,1
941,0.41202195403935,0.341567686487467,0.437971091384805,4
1119,0.415433167859636,0.384668386512707,0.437204758312207,5
159,0.351321923313662,0.388851452618837,0.284511058824137,0
1313,0.413361283103155,0.318683544977717,0.433767041189535,6
1294,0.405985261381268,0.381465700935109,0.43176522033552,5
1465,0.405497264554018,0.329071856749727,0.428762564567434,6
379,0.318404418218415,0.589228895353153,0.356229287036695,1
318,0.31707319912035,0.862632495909929,0.349399253190495,1
499,0.317803882539738,0.953026186302304,0.119577950960957,1
353,0.316197051790077,0.717440437152982,0.533013928844593,1
1496,0.409146331289354,0.33169939996357,0.442529623282659,6
153,0.524094122461975,0.789576087379828,0.517641422105953,0
520,0.348321282688994,0.923195820045658,0.334995307889767,2
1149,0.407326302764247,0.379161981270541,0.435860758022,5
819,0.29137120267842,0.545922836847603,0.426606697542593,3
1453,0.414023603271258,0.321374852420885,0.429036599228527,6
326,0.319865157180466,0.479224917222746,0.330613492452539,1
1164,0.419066393826325,0.38344235662737,0.442930871945114,5
1211,0.405478126341078,0.364218530775228,0.433669256837711,5
144,0.603600157424808,0.603030891157687,0.279092741198838,0
869,0.292367174625397,0.838259384245612,0.101209745323285,3
19,0.297903286060318,0.00122060952708125,0.193895615404472,0
1363,0.421260422106445,0.321407725902862,0.438346679121571,6
1345,0.414339760497531,0.322684640552677,0.441301063213502,6
495,0.31661223762203,0.523221437330358,0.321842804714106,1
435,0.318055516404565,0.485281394654885,0.372177369124256,1
1226,0.409293881478788,0.386177826252282,0.435924130113071,5
176,0.401036519790068,0.585358084179461,0.0864467534702271,0
918,0.409404518999603,0.343730669375834,0.437680989111732,4
54,0.56401932775043,0.545474141603336,0.517419881187379,0
697,0.34750597353559,0.885694878967479,0.344537781830877,2
834,0.290051688936073,0.826616488024593,0.338649702188559,3
1267,0.410541652458628,0.380532088604929,0.438009333247222,5
733,0.294786298379768,0.948281205468811,0.37421406682115,3
1045,0.414069567217444,0.347931166397931,0.447502549099733,4
1118,0.415675518051765,0.378361285954603,0.429169472576003,5
816,0.290345018159132,0.62471121547278,0.303825642261654,3
827,0.288299780981615,0.502715048473328,0.456432159454562,3
1156,0.41590305067619,0.38244185383991,0.436846015874525,5
886,0.293765690047294,0.641323455353268,0.223485943092965,3
595,0.345316139669158,0.938632708368823,0.433611329575069,2
859,0.292080829087645,0.761254118266516,0.486204099887982,3
404,0.318891967856325,0.652513420302421,0.0467430484015495,1
306,0.319571483444888,0.605194995622151,0.158373883040622,1
244,0.591632474213839,0.204336410621181,0.226727920584381,0
273,0.42883167299442,0.86481607076712,0.228602617513388,0
518,0.352919220314361,0.807990273903124,0.497736756154336,2
544,0.346915206769481,0.627225358597934,0.264961914671585,2
201,0.477766210213304,0.174670418957248,0.294521974632517,0
1245,0.409501294556891,0.373917187716344,0.439378488339984,5
1017,0.401646468614505,0.357993755942581,0.432588443374521,4
309,0.322094194875099,0.838186623970978,0.187411770154722,1
303,0.315792181193829,0.581549816392362,0.469636100623757,1
45,0.842562937643379,0.368948276853189,0.663417321396992,0
649,0.353781903940253,0.770023297728039,0.270820579305291,2
893,0.29146923936205,0.649662723625079,0.0954962458228693,3
692,0.351489294120111,0.952225739345886,0.146267174906097,2
1318,0.403241653771586,0.311013744015413,0.435552689226703,6
1445,0.418652943679633,0.330332495551899,0.433311216721405,6
253,0.379482315387577,0.441813677782193,0.465686564799398,0
901,0.419675148663926,0.345605037053576,0.431996698574804,4
1429,0.408618103101459,0.320620366974684,0.442113295967038,6
50,0.288546026684344,0.689025082392618,0.641322226729244,0
485,0.3240158705879,0.906612834520638,0.347835885174572,1
1259,0.40905923814439,0.383613948718621,0.446463204206951,5
1375,0.40706650852965,0.321212725588729,0.430889106325173,6
1084,0.414814827005201,0.350571642119253,0.437405005067966,4
1111,0.413623595521949,0.381354462386111,0.437317328037753,5
1133,0.408488214807599,0.378607625872253,0.434892226674431,5
928,0.412315171597697,0.352273043439399,0.433945879037748,4
795,0.292335345421452,0.969599770125933,0.238465976831503,3
464,0.319748633315321,0.597602234315127,0.335756308096461,1
1282,0.411889220188455,0.373885972726762,0.430809805165353,5
760,0.290435442295857,0.48769762236625,0.462598416302353,3
84,0.716900176368654,0.100138864479959,0.528242141474038,0
80,0.618409256683663,0.81445304886438,0.336183259496465,0
1290,0.405927138360197,0.379843830531885,0.433766828905281,5
1221,0.401021068377785,0.384792863017389,0.428166771249777,5
37,0.158257436007261,0.450002124765888,0.719120790017769,0
345,0.318310185114387,0.900187249155715,0.127178832702339,1
1395,0.403747586823695,0.319355339577652,0.428894273169007,6
992,0.413235106386614,0.351621896648668,0.437699301999437,4
67,0.39864380704239,0.0801479492802173,0.470628060167655,0
532,0.352600386664271,0.720487821474671,0.399814216699451,2
1312,0.413552984355803,0.32420968816338,0.435512279057566,6
944,0.415710590019675,0.346354589815696,0.439605911285312,4
432,0.32095877435524,0.948523550853133,0.315346687030978,1
162,0.190255740657449,0.0886388388462365,0.446640205103904,0
1027,0.410486944367059,0.354570277322013,0.434838051791612,4
1423,0.412320085167323,0.325068604120052,0.43734974086545,6
696,0.353175266117323,0.508303145621903,0.4060051826993,2
517,0.352311017981265,0.927774654561654,0.138118457212113,2
218,0.394098648568615,0.229001393308863,0.948163806693628,0
181,0.327517662663013,0.181206674547866,0.113835702417418,0
903,0.414177836409109,0.352271733552437,0.438687442349929,4
399,0.318298492010217,0.840009378944524,0.411350194527768,1
1376,0.406470502877925,0.323223780403703,0.432292793865092,6
1008,0.407504804844904,0.345422883938181,0.44050700012728,4
424,0.322747970113996,0.514141384721734,0.137427679542452,1
161,0.0519884009845555,0.5235714642331,0.26887489692308,0
1042,0.40733190512588,0.343966987255306,0.441004859904438,4
900,0.286558803233784,0.625861690123566,0.465147849568166,3
163,0.00907230353914201,0.0901581773068756,0.835146891418844,0
1304,0.407089865802636,0.31779578748685,0.440131607960558,6
1025,0.411299198543299,0.357162679634752,0.435124127718385,4
343,0.323197937496007,0.577714065765031,0.382346880668774,1
137,0.282326644752175,0.454960902221501,0.180804879404604,0
1490,0.412453255759107,0.321575007995231,0.436033260462567,6
1083,0.421036661326965,0.348701293216089,0.434228620863392,4
578,0.350088428696617,0.692423368897289,0.189227351848967,2
1186,0.409492217650559,0.37852138045868,0.433782605442503,5
1106,0.411942374874037,0.372379826486201,0.439249518997228,5
1153,0.415483991933387,0.383866975216611,0.432525386641553,5
421,0.317359097071458,0.876053311722353,0.247104674275033,1
1194,0.418950173584695,0.372220196270558,0.43418179200497,5
511,0.346450110585429,0.834134788345546,0.0894122930942103,2
1240,0.411904942720398,0.374464174382326,0.432273568319076,5
1028,0.416814347944963,0.346847661961424,0.432223292061494,4
1120,0.412045194398603,0.371611273660233,0.442174595248648,5
1452,0.40115653560471,0.322165515592233,0.438736469980617,6
828,0.293247888889164,0.915810721437447,0.192712724721059,3
957,0.416198285054912,0.350469777331949,0.433524383353058,4
1492,0.405687046307169,0.322660324919814,0.443024398954784,6
488,0.318958353984635,0.688310007192195,0.484965510480106,1
167,0.563947173999622,0.0799469638150185,0.940306319389492,0
923,0.415122416771305,0.350526434019597,0.441758063184458,4
1037,0.41633431090573,0.349717786278789,0.442303797955272,4
451,0.322073852918111,0.96880616187118,0.505435842950828,1
965,0.412279227222212,0.35292948411961,0.437230951621502,4
312,0.322799589387141,0.818371053761803,0.228008533176035,1
1190,0.418420235740216,0.378059201098664,0.438988256391843,5
1442,0.410068847964804,0.324574708878867,0.435457894844384,6
1460,0.418193957707197,0.322310499889798,0.436978828295315,6
838,0.28708378009731,0.794273852580227,0.477046258677728,3
691,0.34795558212325,0.97257233990822,0.530972574418411,2
364,0.325071512947325,0.587164168222807,0.499677137867548,1
922,0.411613732691335,0.353248414759505,0.430226465641771,4
304,0.319567489055917,0.513673857646063,0.499215899663977,1
331,0.319656552432571,0.89788282730151,0.236542124231346,1
573,0.350349936119746,0.789274258166552,0.302449187892489,2
553,0.348901300486177,0.534724323404953,0.310270963050425,2
1383,0.407649219640204,0.325115622755505,0.429761519260069,6
130,0.930980031145737,0.0540239820256829,0.110782588366419,0
69,0.698543906910345,0.534241008805111,0.0750536469276994,0
1144,0.411946136884118,0.373723988729169,0.438095247327083,5
1152,0.413212272294002,0.376980857287178,0.433827856107109,5
978,0.409730136834554,0.349301592202074,0.432124796401175,4
17,0.558837882243097,0.71079954947345,0.81913396390155,0
512,0.346825941218995,0.678426118195057,0.165888811391778,2
616,0.354836427147966,0.498924992838875,0.453471451462246,2
174,0.126811943482608,0.478632110869512,0.371773327700794,0
44,0.722141349688172,0.921937990467995,0.825107029406354,0
455,0.32185232039541,0.929549566330388,0.417850667890161,1
104,0.101407334441319,0.0208678464405239,0.428246140247211,0
1367,0.413948903605977,0.31380188469518,0.434415935318589,6
277,0.781142184976488,0.437005955027416,0.987877250881866,0
713,0.287300331452861,0.973624572018162,0.346432326873764,3
891,0.292184315226041,0.892530125076883,0.430948401731439,3
523,0.353601488240529,0.639913039375097,0.106764512648806,2
1257,0.416890198791759,0.388860037642597,0.444627929003903,5
831,0.289957376467064,0.528488140879199,0.428925123927183,3
727,0.294302278065588,0.9006659317296,0.336663067503832,3
206,0.935999089153484,0.775106138782576,0.459086046088487,0
121,0.474968549329787,0.797019991092384,0.764002274954692,0
939,0.416046670756037,0.353791060048983,0.432949049082977,4
530,0.345599452690221,0.687178287049756,0.203967800177634,2
261,0.286841313587502,0.983059864491224,0.224447709741071,0
1013,0.410637738942435,0.348775330675347,0.43934387297477,4
224,0.4365463424474,0.307364469161257,0.791644199052826,0
729,0.293441033386625,0.891619999986142,0.340903046005405,3
1179,0.413486052800236,0.368232268664501,0.444571342536528,5
1031,0.417469457605896,0.350904726801194,0.436825475914094,4
1002,0.413833427441591,0.347181035327448,0.440635444721376,4
352,0.318864069392439,0.843033757852391,0.236141924210824,1
1427,0.418209906740808,0.31809587938642,0.435541590541233,6
541,0.345275284245145,0.550581352994777,0.30402914439328,2
662,0.345378586540464,0.608040770841763,0.472447602474131,2
1292,0.412571392211947,0.389139299019726,0.440501866732254,5
143,0.936557702021673,0.586599475936964,0.444100867025554,0
259,0.667124781059101,0.748766124714166,0.863671906292439,0
687,0.351011894575786,0.595737152011134,0.397341498918831,2
539,0.348802727020811,0.546858251420781,0.118345399317332,2
183,0.759187168441713,0.679988163290545,0.37800065591,0
534,0.350997431522701,0.737788279051893,0.225218900642358,2
1134,0.415655206515058,0.382225893710838,0.445297421605098,5
670,0.346786684019025,0.863000224321149,0.106627858406864,2
723,0.285966881662607,0.848377812397666,0.226349160238169,3
792,0.29093381943414,0.951190145895817,0.346364643820561,3
225,0.485065241577104,0.669932511402294,0.851509153610095,0
984,0.417228498884224,0.351900092533072,0.433937670026038,4
776,0.289219716018997,0.541952248988673,0.0933478592662141,3
1151,0.412989435882661,0.377940634595934,0.436869702015916,5
1317,0.413500989111068,0.326370631576902,0.432744697859438,6
917,0.406247987121662,0.345410859282216,0.430478458707777,4
753,0.29323955828324,0.835109694488347,0.174401562009007,3
6,0.147313066525385,0.675753898220137,0.590951307676733,0
474,0.320239779991098,0.51715042789001,0.361430530948564,1
688,0.351252244936768,0.515241558407433,0.0848649756982923,2
1054,0.406090935736822,0.355630184251247,0.445800758602785,4
46,0.755351944593713,0.958305165637285,0.235288348048925,0
744,0.290263700166252,0.601621752465144,0.498794164205901,3
993,0.415195666731032,0.349729784671909,0.436471440049508,4
1449,0.42066355689312,0.311941902412112,0.442037599092575,6
644,0.345472880227026,0.570125121134333,0.147723241406493,2
570,0.348379885368049,0.681649056705646,0.466146128764376,2
765,0.28785665491363,0.806617861823179,0.404316723858938,3
431,0.317030287100934,0.634445062815212,0.303512800182216,1
476,0.316647759173065,0.585720162466169,0.429990486055613,1
126,0.954285611398518,0.252369647612795,0.825098234694451,0
983,0.415349828007269,0.35503172493615,0.445789403119087,4
1485,0.400106106396765,0.326585033624143,0.437485660453791,6
887,0.287112251233775,0.768066025199369,0.383153143152595,3
1229,0.410329566054199,0.389615614069435,0.441874860505759,5
1022,0.403165567264086,0.35816166783849,0.437649951877961,4
1402,0.406733428524372,0.32519151514124,0.427961582722053,6
10,0.0513207830954343,0.73389748018235,0.43211545329541,0
298,0.86963032418862,0.157241102075204,0.918211110401899,0
1472,0.406399813507967,0.321195542461956,0.443385163919249,6
975,0.413406326665938,0.342748912912854,0.43761668741215,4
177,0.870327088050544,0.327206477057189,0.932960188249126,0
605,0.348048989379313,0.970184749201872,0.156369336810894,2
839,0.288296309411526,0.712226116424427,0.438518372643739,3
991,0.415054169059453,0.351205554365164,0.42898950129611,4
1370,0.415798840580938,0.315547481322393,0.428588675027632,6
531,0.351175094619393,0.676754468563013,0.474205797933973,2
1483,0.407943605560325,0.322363583180013,0.428599575681749,6
1091,0.410884281953734,0.350734322396271,0.435640872975794,4
963,0.405636578528379,0.342222845066007,0.440079794962977,4
112,0.888940500328317,0.997127201408148,0.0416888964828104,0
240,0.647076266584918,0.345409827539697,0.216176837682724,0
1239,0.41420201145017,0.388266504056578,0.436571018100862,5
507,0.347897978916299,0.86546893066261,0.117866485076956,2
272,0.895451619289815,0.241118669509888,0.461719270795584,0
1052,0.41288603428103,0.347809102450775,0.432957087746816,4
1387,0.409787677005452,0.314363821141825,0.433214231042053,6
1471,0.412921911839994,0.314275404339882,0.430981196538217,6
594,0.34951391990995,0.828234946331941,0.31755562282633,2
31,0.368054169230163,0.800417026272044,0.694969542557374,0
824,0.292047185034025,0.759403722221032,0.370633607544005,3
410,0.323124605505727,0.832612024247646,0.187871822086163,1
913,0.410375884959206,0.339311906305276,0.431076722678199,4
1010,0.405282842176328,0.34796308541263,0.434995598062618,4
682,0.35188452166738,0.757808488653973,0.294492659205571,2
1441,0.4181755785445,0.331762936108878,0.437474367590896,6
934,0.414586265214526,0.347920538640236,0.439153984583861,4
1468,0.412361906054624,0.318203310593108,0.435422522714818,6
254,0.0671457159332931,0.935331297572702,0.653253502445295,0
146,0.537379528395832,0.818943764083087,0.444592226995155,0
1073,0.4074883027755,0.349099506925015,0.43287430673978,4
812,0.290357399245258,0.504388210806064,0.408261968567967,3
897,0.290301436614245,0.949770149751566,0.300497877923772,3
207,0.839133155532181,0.421238409355283,0.920442162081599,0
561,0.350259717409499,0.69609679908026,0.431027126661502,2
1110,0.417513743230322,0.383200518223414,0.432232278965859,5
252,0.294676811667159,0.76354091707617,0.858335753437132,0
1204,0.413242385735371,0.386263117046994,0.43511289519533,5
250,0.17644656333141,0.416673494502902,0.284246315481141,0
90,0.129346944624558,0.677699054824188,0.525630248710513,0
423,0.322877519386821,0.969450472830795,0.456442730780691,1
278,0.761210560565814,0.934008723357692,0.55018532066606,0
593,0.35498019278748,0.943923999648541,0.284021870745346,2
286,0.368406685069203,0.135287215001881,0.671482448698953,0
193,0.995743564330041,0.874389967182651,0.849915583850816,0
194,0.143761342391372,0.646591424243525,0.658745057182387,0
871,0.285421451316215,0.718336888100021,0.327185262623243,3
1335,0.408177087217838,0.317863886840428,0.438573624532188,6
750,0.285987570423167,0.899302568496205,0.46747420988977,3
359,0.317719598887488,0.938998775766231,0.365542621281929,1
772,0.290262933829799,0.793945482210256,0.0945664074271917,3
133,0.841813064878806,0.0498751658014953,0.0947384270839393,0
284,0.831866014748812,0.623013849370182,0.642657564720139,0
384,0.320991049080621,0.650283834757283,0.0501040523406118,1
999,0.417651755962747,0.349504392137712,0.435896742663132,4
952,0.413531847222989,0.35234675966732,0.436256088364034,4
1330,0.406007938244903,0.318605169752852,0.428524623168872,6
327,0.317981921611354,0.929260883457028,0.32723747594282,1
619,0.347187318077777,0.495761023461819,0.159374792175367,2
230,0.728242254815996,0.726717266254127,0.720703415339813,0
822,0.287492042235099,0.642706359829754,0.362784873275086,3
981,0.409846084533238,0.349636745151864,0.449722366773987,4
139,0.930528670782223,0.949879367370158,0.917596186278388,0
418,0.318551747803576,0.974206251068972,0.342464776174165,1
52,0.705617946339771,0.026841186452657,0.867109464714304,0
1473,0.406113148349689,0.316476581861357,0.43906962665008,6
1487,0.413119765713266,0.32210277013086,0.444240580848754,6
7,0.927733920514584,0.665044084191322,0.424419404938817,0
990,0.412042734171372,0.34653907471525,0.438707325416143,4
574,0.352797355710063,0.954709349642508,0.502410979871638,2
401,0.318498965515755,0.966184401395731,0.474998894310556,1
811,0.290175949563272,0.75041340009775,0.305858812341467,3
1250,0.407039678881928,0.375452521567931,0.427570036359921,5
547,0.348813895948697,0.689531874237582,0.297024603979662,2
471,0.323906430425122,0.680385726480745,0.373385133151896,1
881,0.294352692968678,0.542806720454246,0.519366210955195,3
332,0.318005306322593,0.510561322537251,0.219354202551767,1
1158,0.406635027143478,0.376539941200888,0.435648503696887,5
55,0.903273963136598,0.736610210500658,0.717276431852952,0
1020,0.400219498058222,0.35230814963783,0.435202264739241,4
1085,0.406152365343201,0.352589822854196,0.441322933204639,4
220,0.786343088373542,0.978478177217767,0.532794071128592,0
636,0.346638880346436,0.868170152511448,0.406736735184677,2
197,0.318739772774279,0.419988329755142,0.54571565752849,0
1336,0.410881302995865,0.309683668606487,0.436935024314382,6
1266,0.409521152155845,0.370785706545705,0.442466298743063,5
837,0.293338390786666,0.73085876214318,0.0753832307411358,3
1099,0.413142386892102,0.354042899170431,0.426510747568919,4
1314,0.402931436894262,0.318588507331076,0.430310428037543,6
1212,0.412343160648944,0.38504741170789,0.433745210922921,5
1268,0.409063173600849,0.381067485034136,0.435216636512519,5
1281,0.410550523553226,0.382295941186712,0.43357012451669,5
1418,0.411878495577446,0.321103941816655,0.433323377818306,6
546,0.347163223305251,0.882088909950107,0.335451560840011,2
1355,0.412092560265818,0.319754036114788,0.441562356360548,6
761,0.289678704936523,0.708978089829907,0.185244498355314,3
1218,0.410355878981015,0.381542222678449,0.440888947063782,5
1348,0.404890302631094,0.319830910497881,0.444351887612644,6
1334,0.413034337552294,0.317752101782264,0.427579569192649,6
1253,0.408267594558967,0.379505599341153,0.439950400207173,5
231,0.605674653779715,0.428524404531345,0.273078573169187,0
1362,0.410856919941721,0.322283923653987,0.432512684390857,6
56,0.950172138167545,0.548515699338168,0.757074371213093,0
854,0.294572271239013,0.487108942563646,0.387794494326226,3
1389,0.409504971319168,0.327416885617635,0.438671566459089,6
1021,0.420723523853077,0.351361419014905,0.442767663157921,4
1417,0.408897622310298,0.330106798846742,0.442008246662267,6
1079,0.412254273658265,0.351716080038141,0.442563711509939,4
216,0.7358366639819,0.869879979640245,0.673009823542088,0
1443,0.408418951712544,0.324233422271474,0.431654777195324,6
444,0.319670320085715,0.56122284065932,0.111417698604055,1
319,0.32071837646421,0.90921333138831,0.287564125307836,1
391,0.318066051453352,0.591434302600101,0.161870330036618,1
1360,0.413441151322572,0.319934553606507,0.434167944491453,6
1444,0.417276183151251,0.317214305965543,0.435457534676831,6
1247,0.40773094797224,0.378050161433142,0.441184113113803,5
1269,0.410539022035958,0.382810003602196,0.43167606819945,5
209,0.723564862040803,0.294093841919675,0.581752502592281,0
371,0.324940909889992,0.8221927333856,0.522025210829452,1
945,0.422050377926735,0.340236905397287,0.440749419755857,4
568,0.345716256734449,0.613174663600512,0.357882618252188,2
1489,0.413358089049192,0.323800355142719,0.431456688432803,6
788,0.286118014468811,0.72135146507062,0.356799625954591,3
1278,0.415324033490473,0.381471325354407,0.429464841596598,5
551,0.346072104042396,0.882061656308361,0.0670097764115781,2
1493,0.415078408655996,0.324583045713693,0.431826279806574,6
878,0.286711572969798,0.65730103533715,0.151978564611636,3
1024,0.408665141507807,0.346704117918133,0.432120750054023,4
34,0.0311312798876315,0.794054019497707,0.643256718060002,0
1462,0.411907528265415,0.32493727335644,0.433666745973131,6
456,0.315707030808553,0.480960839870386,0.28617658528965,1
1009,0.411279340392282,0.346773662148023,0.434264186411428,4
1404,0.408594749273507,0.327222288549543,0.432133530308462,6
107,0.63657719315961,0.235568992327899,0.40984748955816,0
1207,0.397695681401505,0.381016768561775,0.436957636532007,5
1248,0.420986412592492,0.382909378593893,0.44513067643639,5
940,0.415021230703565,0.348911636386289,0.43183433737859,4
650,0.345403398864437,0.595938513381407,0.148536624549888,2
1063,0.405844615566915,0.347300188780558,0.435390922423888,4
790,0.288006531763822,0.776648655510508,0.519186940323561,3
1216,0.405631131774573,0.384570175247685,0.441109642565399,5
844,0.293701491944958,0.495485809026286,0.163904921896756,3
1033,0.411784605140893,0.350576360195857,0.436585881209852,4
654,0.348602948663756,0.941039157775231,0.112282357807271,2
68,0.804327307734638,0.431878978852183,0.715177588630468,0
1104,0.410395361765463,0.386682932400337,0.428642228588251,5
365,0.323328778964933,0.76151191778481,0.40942518603988,1
307,0.324817668476608,0.513460957538337,0.275046558747999,1
1183,0.407740173304286,0.387889041379227,0.444482334697079,5
1277,0.405154507918051,0.378774546779418,0.441962993649617,5
799,0.291341056774836,0.641470290813595,0.236917372606695,3
465,0.318148258617148,0.627612234302797,0.0846164457499981,1
302,0.319266157438979,0.767793124518357,0.21924629334826,1
535,0.349475796129554,0.599432847322896,0.170163205056451,2
937,0.407768901026373,0.348778584137397,0.428242420598711,4
809,0.293028801388573,0.845102205849253,0.209822648018599,3
735,0.292590666064061,0.723317309143022,0.278428951557726,3
191,0.196209043264389,0.317414428805932,0.167118954006582,0
852,0.293908481744584,0.900355733325705,0.319707524892874,3
1,0.53071205643937,0.904853714397177,0.62706166668795,0
60,0.473985133925453,0.533652560319752,0.242814324097708,0
11,0.981269675772637,0.425827413564548,0.621999706374481,0
89,0.409953056368977,0.148102326085791,0.513784060254693,0
470,0.319490755475126,0.527377679105848,0.302284752647392,1
745,0.289046876530629,0.840755965770222,0.0430867509450764,3
87,0.945267788833007,0.431091218953952,0.0410898558329791,0
229,0.450753647601232,0.604701235424727,0.0127363263163716,0
1401,0.416589982033107,0.321353481054099,0.43413944979702,6
1142,0.416005684318824,0.382654490385575,0.437172714094086,5
1016,0.40358791516902,0.346208295424603,0.440788860007508,4
339,0.323488198828418,0.782789985509589,0.115734228445217,1
1415,0.418743496209451,0.318503481288911,0.4402256414586,6
313,0.322118149723392,0.933400468528271,0.286169067770243,1
202,0.659703211626038,0.392328608781099,0.35170974675566,0
777,0.292329605584964,0.839506484428421,0.0715580124408007,3
1115,0.417307793394688,0.382984242348512,0.43564108877858,5
1297,0.409303600614992,0.377559247998469,0.42883632007931,5
1430,0.417765869563949,0.322593194663421,0.437383553790225,6
1437,0.415393880295807,0.32256591421928,0.431390434304671,6
1393,0.415927825832912,0.325330330719082,0.441097510809301,6
145,0.474993783980608,0.460290943039581,0.42109249974601,0
114,0.364887742558494,0.992134089116007,0.873081211000681,0
657,0.351530700968578,0.655320024094544,0.118122522067279,2
904,0.416137138084646,0.357556929185025,0.440270349116161,4
437,0.316828916238155,0.899811003217474,0.403704853891395,1
1040,0.404307126439325,0.349217843318377,0.436597874220659,4
857,0.289717204521876,0.738023116113618,0.245619915006682,3
135,0.962870640913025,0.52946758386679,0.309369649039581,0
612,0.351702326645609,0.561877572769299,0.389605105202645,2
1096,0.405637843159109,0.355776441965216,0.440323058920206,4
372,0.317886283567641,0.794947918364778,0.311993366852403,1
556,0.346959829686675,0.549931865977124,0.193459980119951,2
592,0.348419857113622,0.746757644088939,0.436123033915646,2
768,0.292250125813298,0.62080884128809,0.0650491134030745,3
288,0.977716215886176,0.966850535711274,0.10596693563275,0
120,0.57850757194683,0.613484515808523,0.111292579211295,0
935,0.407609398726642,0.359999895252838,0.442739489250947,4
850,0.28644401573576,0.952095765364356,0.454867162904702,3
589,0.34650255322922,0.516123135201633,0.508387429802678,2
232,0.115341293159872,0.21249050530605,0.929818614851683,0
493,0.316064689096529,0.553140973066911,0.372682489966974,1
1050,0.409050880670172,0.361509166587558,0.448071434766811,4
1032,0.404835170275723,0.354226819492436,0.438002970499267,4
908,0.406349131893622,0.355928509384266,0.441039107304882,4
628,0.345381266856566,0.65151443737559,0.215554069890641,2
998,0.411174371687434,0.349537973805582,0.439662818768489,4
238,0.549109662882984,0.0500676168594509,0.363952140556648,0
1295,0.41123355735529,0.37834613214296,0.437595122601354,5
786,0.288760307899211,0.767136127431877,0.210944242938422,3
797,0.286171344018076,0.835948829515837,0.174500347278081,3
1285,0.410401413761818,0.38127680394714,0.433118958373327,5
214,0.606923243962228,0.466611849376932,0.950498927850276,0
195,0.664695276180282,0.239726911997423,0.48777089570649,0
285,0.593266690382734,0.238497574813664,0.859441319247708,0
118,0.251586864003912,0.826974839670584,0.843806108692661,0
1299,0.408740993265471,0.378682123177561,0.442129949002017,5
689,0.348171184549574,0.743477567657828,0.379101497749798,2
1166,0.411040457356791,0.391910537942526,0.445490587108799,5
579,0.349831262461375,0.684021175000817,0.46949259696994,2
680,0.348439913024195,0.786915104230866,0.039515223284252,2
1122,0.410493164021284,0.373574881446672,0.437343417375462,5
374,0.320145734194666,0.694310726458207,0.220003400743008,1
320,0.325012846300378,0.511078299465589,0.0893022608244792,1
425,0.324251196598634,0.626203919155523,0.378453349741176,1
864,0.290890253223479,0.757244620216079,0.261729542561807,3
1284,0.407155428175908,0.382771546032112,0.444193433095033,5
329,0.315870842358563,0.635536740976386,0.443206762592308,1
710,0.295221695469227,0.633669592533261,0.0396664179163054,3
1233,0.407793459209935,0.380849856262057,0.43413589823092,5
103,0.915650706272572,0.760042044101283,0.523165961029008,0
243,0.201261367881671,0.774371437262744,0.594630639534444,0
537,0.35287869252963,0.808439157763496,0.285469982703216,2
486,0.324613814698532,0.965909410826862,0.208876638137735,1
798,0.289922171132639,0.567881631525234,0.503271076292731,3
38,0.798798753879964,0.800426106201485,0.459503755206242,0
497,0.316452048686333,0.570450245728716,0.382796085253358,1
1273,0.415415991611706,0.379624904822776,0.432427754423404,5
693,0.352601783704013,0.742517210170627,0.382462889351882,2
228,0.318085368024185,0.194064217619598,0.244253090815619,0
1130,0.414867174794285,0.381616906150555,0.437423987583851,5
1224,0.414672093089802,0.379578257330365,0.440146402743772,5
43,0.458620676537976,0.909014359116554,0.575789614347741,0
1058,0.413624125061483,0.349519688271772,0.432116617185879,4
781,0.290355765975546,0.771024994296022,0.438845047657378,3
389,0.318006587829441,0.673386452812702,0.180023317737505,1
170,0.166984768817201,0.650711150141433,0.0769456955604255,0
446,0.319045029375702,0.583174355537631,0.336215906357393,1
876,0.286292750961147,0.84715718110092,0.412399422307499,3
427,0.32511566341389,0.698680459149182,0.369282085378654,1
501,0.347530501945876,0.538352015987039,0.517983005195856,2
42,0.101939951069653,0.613729372620583,0.698568106628954,0
613,0.349890834162943,0.901038416521624,0.495230799703859,2
393,0.318205966709647,0.610417211870663,0.372194249462336,1
496,0.321600558583159,0.580091246031225,0.469226701930165,1
1044,0.408279453875754,0.351235567420308,0.435120560745633,4
930,0.40759456557596,0.345160130958689,0.436669306281818,4
835,0.295059975495096,0.916228682245128,0.341896744840778,3
63,0.878903679316863,0.745357408188283,0.0648792863357812,0
102,0.631576894782484,0.673954468918964,0.370086607988924,0
1438,0.407722862646269,0.319655475343311,0.4380841783265,6
576,0.350163085251115,0.685861854557879,0.182636532979086,2
858,0.294678846662864,0.611830388056114,0.269111221702769,3
867,0.287221016599797,0.733396176225506,0.197253214241937,3
210,0.592679125955328,0.348269776441157,0.470379194244742,0
1341,0.412776391476468,0.323128868698873,0.43042977220152,6
513,0.354065664773807,0.895547476923093,0.482471358659677,2
184,0.710064183454961,0.104117462644354,0.860886274371296,0
66,0.114953571697697,0.629460268421099,0.736362354364246,0
716,0.285706910819281,0.59222859852016,0.0525992509676144,3
299,0.716541275149211,0.539346277480945,0.544447635998949,0
946,0.408324459941616,0.345611700182512,0.436593210371122,4
851,0.29140748026548,0.542354623996653,0.0458875411888585,3
422,0.316311531565152,0.819942176318728,0.52893190800678,1
1246,0.413266034254367,0.367991685987854,0.436378180465606,5
1139,0.413475241910222,0.371311826904378,0.443001054404128,5
740,0.290695046472829,0.636269741784781,0.12409609653987,3
363,0.324371132596862,0.903176491940394,0.162341436068527,1
22,0.0536312009207904,0.884562729857862,0.340288737090304,0
611,0.351628887141123,0.482300765090622,0.346400373778306,2
648,0.349033911649603,0.53946021720767,0.433983606100082,2
85,0.406409012852237,0.658985270885751,0.974105006782338,0
872,0.291430556792766,0.619385785167106,0.488270987803116,3
1029,0.420297957631763,0.349684238074735,0.437954348786464,4
256,0.98231136193499,0.623310119844973,0.994053578702733,0
39,0.860392148140818,0.36325517646037,0.2038516884204,0
366,0.323864160792436,0.714594440627843,0.364064282900654,1
1351,0.409729386183394,0.327785347354918,0.444287009507128,6
756,0.286338522639126,0.630062253074721,0.252380435634404,3
324,0.317587178964168,0.497013629390858,0.497791307326406,1
671,0.354972919556312,0.817122645420022,0.220788945956156,2
702,0.292018084400333,0.870770777319558,0.239265500032343,3
26,0.412269111024216,0.536035287193954,0.407296344637871,0
448,0.317608082611114,0.867724036891014,0.51834064074792,1
1230,0.408447784269735,0.392488450025085,0.443335125537569,5
105,0.164487275993451,0.430559123400599,0.546648354968056,0
587,0.349171795926522,0.897688876581378,0.392376070073806,2
821,0.287889543841593,0.627079764124937,0.320000503840856,3
597,0.350478628056589,0.57131724418141,0.273482120875269,2
386,0.315671507006045,0.559964491147548,0.0440048862248659,1
1500,0.409863372396512,0.31974463251743,0.444471417230286,6
222,0.683636980131269,0.913880466483533,0.784836633130908,0
1394,0.416805396260844,0.316246481030366,0.431137427857256,6
1323,0.412730818690311,0.312678558899915,0.433982917907689,6
669,0.349878416208085,0.903792627132498,0.49647803818807,2
1215,0.418294306190821,0.373762404456317,0.432617926044188,5
1256,0.413280887437244,0.374348035514068,0.443352562438033,5
1202,0.403270121978761,0.383583129190765,0.430095262398895,5
892,0.287229311678093,0.61348300552927,0.348404405917972,3
36,0.870696750469506,0.207896373700351,0.864494672743604,0
271,0.103815727867186,0.448263879166916,0.843345463275909,0
1466,0.403038191820824,0.315960501014341,0.438398204123406,6
436,0.319399025067687,0.832904921588488,0.522142772492953,1
234,0.15591632318683,0.175855536246672,0.554741979809478,0
400,0.322548266979866,0.595315499440767,0.452850390737876,1
970,0.412854674843012,0.350694749844532,0.443445680615815,4
855,0.285845589931123,0.950881168339402,0.113721146411262,3
714,0.29234288402833,0.813364963722415,0.428982697008178,3
1090,0.416386628496768,0.351701641249913,0.434815394106963,4
1319,0.419341474192284,0.320120022543506,0.429090419213451,6
440,0.316729038122576,0.540913377050311,0.399683740851469,1
300,0.942013758001849,0.863847259199247,0.527247481280938,0
755,0.287651704160962,0.63192891839426,0.234434472792782,3
407,0.322983758831397,0.518631072225981,0.308875885838643,1
1388,0.40972932581093,0.308702394503325,0.439538964250088,6
889,0.294407313428819,0.92479772141669,0.317926985956728,3
800,0.286836186500732,0.581396508356556,0.266425533033907,3
292,0.213351711863652,0.144623817875981,0.233715392416343,0
301,0.3171882849955,0.869036831404083,0.427431963547133,1
1026,0.410977989598901,0.346683041567237,0.445458769971686,4
1315,0.410471661720738,0.320046115468346,0.444812799514486,6
1145,0.412896645648464,0.373029738327554,0.438291417826117,5
1094,0.406857029557305,0.353714054505924,0.436266418954584,4
861,0.291575646973215,0.904747434984893,0.422931954194792,3
188,0.674504133872688,0.0644553920719773,0.789873946690932,0
1428,0.402149074512251,0.316059846938367,0.440983802549036,6
270,0.564353203168139,0.658068114658818,0.633711336180568,0
1333,0.402892286924256,0.319791769055151,0.43327953526222,6
1405,0.411187825095321,0.316435423037815,0.440011568978134,6
40,0.453888005111367,0.223210450029001,0.36039060074836,0
524,0.349848733514082,0.958926177793183,0.465434188186191,2
1279,0.402524700920348,0.383127639044987,0.435706149659533,5
1222,0.416880935378871,0.38382196776136,0.435925210998126,5
910,0.410419918822061,0.348529370410546,0.429722922343113,4
1125,0.401618556214659,0.382745540512964,0.433892420860414,5
661,0.354589463656303,0.895916846208274,0.40538406772539,2
1249,0.414683526177273,0.378238502712405,0.436696094472863,5
508,0.349016902514268,0.950276607391425,0.320967363822274,2
489,0.321401441073976,0.657240099366754,0.401034426805563,1
1136,0.409653517551384,0.377091311433884,0.439514741521508,5
382,0.319271136769094,0.890587045089342,0.389356681308709,1
310,0.321156967689749,0.680946619692259,0.442958117742091,1
1354,0.409835262322493,0.31634186793187,0.436658469427184,6
1162,0.406142512641388,0.382830237204928,0.446175169823926,5
1366,0.411726970182989,0.325828928942889,0.434718640250822,6
1030,0.412200609611148,0.348205416811879,0.433217526342933,4
601,0.352872204657178,0.789968184405007,0.509335282654501,2
466,0.321866026178468,0.605571508500725,0.306301579857245,1
21,0.771368955494836,0.548052120022476,0.570903789484873,0
962,0.41431543338065,0.357296720017837,0.441469692032541,4
377,0.323487372475211,0.881146596022882,0.165354559593834,1
932,0.39874887479141,0.346315005754585,0.439152808745406,4
826,0.288702437342145,0.819874395476654,0.290880266041495,3
1095,0.409597008653518,0.352785290714416,0.435766560747909,4
15,0.191161554772407,0.134170172736049,0.98133500199765,0
543,0.353061296588276,0.630924898176454,0.260824174433947,2
479,0.32047533954028,0.502022100589238,0.4379733575508,1
1396,0.409635722767114,0.319577293578488,0.433002195817405,6
865,0.293852342730388,0.51089997808449,0.173409791477025,3
709,0.290843097793404,0.565204316028394,0.157576425280422,3
1184,0.414000917078322,0.37896847595236,0.440009662151572,5
1070,0.408739076387015,0.343878193771685,0.432285566336361,4
1498,0.416719611523101,0.316450447065303,0.434187184073933,6
1235,0.408162438401197,0.371588276451455,0.442357123699523,5
600,0.348298351545818,0.823487643245608,0.240194943081588,2
890,0.2892867098446,0.587521316460334,0.41423954050988,3
883,0.291871846921276,0.587147272750735,0.528162613208406,3
221,0.56890549371019,0.391837866744027,0.87187018035911,0
560,0.346466570238117,0.869690267695114,0.254021811694838,2
1237,0.408855774170899,0.375112281420226,0.442559461176428,5
926,0.410205904974347,0.350706147784799,0.433320893397263,4
916,0.404937406421111,0.343334873868182,0.435371449601718,4
1364,0.407449755088354,0.317480035746935,0.432207271992161,6
608,0.351172092470806,0.856936379894614,0.288478268124163,2
155,0.499149868963286,0.0216046972200274,0.492118017282337,0
690,0.346229472334962,0.867903043609113,0.453344719996676,2
381,0.323629495857749,0.891960736806505,0.38983687646687,1
157,0.645840739831328,0.315811605658382,0.793229803210124,0
1163,0.422966645699048,0.378440638729482,0.435425391776891,5
1448,0.413518701275656,0.316088911512149,0.437411084557247,6
245,0.163665378000587,0.15390057163313,0.481115163536742,0
1053,0.422284719763311,0.346573169324765,0.437872307002714,4
985,0.408606632135401,0.345939382415761,0.428895988227686,4
879,0.288509082859382,0.562544928025454,0.405425015068613,3
248,0.908726182067767,0.442611396545544,0.0487844664603472,0
397,0.323555607243907,0.504086050647311,0.245382632291876,1
1107,0.415313034219887,0.385591559383568,0.43191890424919,5
274,0.921026424271986,0.223773809382692,0.839152198052034,0
336,0.322007367026526,0.754465613374487,0.436683316295966,1
264,0.386690900661051,0.318056887947023,0.581026325002313,0
627,0.348420391234104,0.960343606863171,0.166932698152959,2
746,0.28859496207675,0.594656870444305,0.0967201669001952,3
1357,0.415601838159252,0.315984647519617,0.439642716510656,6
179,0.769394927658141,0.110408284468576,0.525415736250579,0
1272,0.417136502558805,0.377106331123897,0.430347317797696,5
1414,0.409971194728942,0.315103840160632,0.431033273113649,6
98,0.347568973200396,0.528774695470929,0.260648671304807,2
1392,0.407052236507288,0.320400642331248,0.439095876080193,6
631,0.348243879151996,0.82239540675655,0.120541818719357,2
369,0.32355607772246,0.936924482788891,0.0482970230979845,1
1432,0.414666015892148,0.310265454924201,0.428031008389817,6
186,0.569849114399403,0.491189205087721,0.730160262202844,0
439,0.31715820960002,0.544822258735076,0.257067285757512,1
1361,0.415195958886686,0.31232013811122,0.43399953035412,6
567,0.354589641375933,0.875877641467378,0.114209537324496,2
785,0.287754792277701,0.481598933436908,0.138658856437542,3
896,0.294168951425236,0.543130115116947,0.238665724103339,3
1244,0.414254290900289,0.387770031809463,0.434909251867126,5
658,0.352801480384078,0.843174033774994,0.49296032350976,2
438,0.316478174913209,0.669100917153992,0.263463495229371,1
980,0.41524984981993,0.358680710362799,0.442746139291888,4
1199,0.405909684091974,0.381350573185748,0.434214412348619,5
585,0.350106087494642,0.504035657946952,0.309837602591142,2
536,0.352306137327105,0.634098264481872,0.341015479806811,2
125,0.819027707446367,0.105061441892758,0.302975248079747,0
632,0.353360007831361,0.673941635503434,0.140322633483447,2
1071,0.408369363000444,0.359480107080669,0.445518629683583,4
973,0.418187821670208,0.349993621282693,0.433168933975509,4
665,0.349247435424477,0.93596400981769,0.269801694713533,2
212,0.761647254228592,0.648275642422959,0.37942740204744,0
171,0.375873109558597,0.115048040170223,0.148684325627983,0
977,0.407804659749846,0.349382517296018,0.439542688506031,4
645,0.348322260775603,0.657951850653626,0.360530324792489,2
1238,0.420834012681105,0.382438212975377,0.436999199422431,5
1291,0.413994406829071,0.390009566348906,0.43503866036185,5
849,0.291442287738901,0.835774909798056,0.205583312478848,3
673,0.346572960470803,0.930799721134827,0.377573327673599,2
906,0.413811465109683,0.351744507197753,0.440843806021506,4
49,0.982455866178498,0.878375970525667,0.988447405863553,0
557,0.350485093072057,0.522683874331415,0.505827839067206,2
813,0.287783158170059,0.919210546510294,0.440639974595979,3
1332,0.414379627547419,0.322366818107957,0.429325712729006,6
773,0.294164114212617,0.71547734932974,0.439792658481747,3
1368,0.414950150819216,0.318726584168346,0.430104323862111,6
1165,0.419682538605035,0.379389594105117,0.441130889315796,5
1167,0.399254734015275,0.377889685010635,0.428454163813164,5
1475,0.404582658371859,0.320394861730959,0.439083539439065,6
1127,0.414841775692199,0.379597651988579,0.434464337058485,5
783,0.295112715440337,0.637393878982403,0.490881714667194,3
581,0.352033782773651,0.611323330877349,0.0758973150979728,2
48,0.131571367615834,0.380692060105503,0.51396007090807,0
1205,0.410698390144997,0.387336081914013,0.444722752574739,5
219,0.229429604951292,0.846352813299745,0.213377358857542,0
972,0.414455024202447,0.344773419067152,0.436037611392167,4
1232,0.41158923478623,0.384415282944538,0.441760273956994,5
1077,0.405719998511239,0.34935814342042,0.438127328528278,4
1128,0.421000788140029,0.38272845335645,0.441646293625187,5
92,0.997240820666775,0.643793033901602,0.443942571524531,0
223,0.530902676517144,0.589894223725423,0.253716906998307,0
599,0.350272504652385,0.793911785795353,0.381388535303995,2
833,0.294285166950431,0.703539020009339,0.298818056168966,3
621,0.347343073494267,0.721230852860026,0.525807561050169,2
1321,0.405920355543415,0.323027230654439,0.433071781678878,6
108,0.441620198776945,0.40866219275631,0.749370771460235,0
966,0.410505408523547,0.345195878361873,0.437688879285404,4
94,0.408175219781697,0.409554011421278,0.803197733359411,0
18,0.318488095188513,0.706391226965934,0.633441210025921,0
1440,0.41259413612799,0.31619073395908,0.43560068789427,6
527,0.351536768798251,0.713856564927846,0.278736456460319,2
1431,0.410456175164737,0.321189913989257,0.432689891131876,6
726,0.285481247641146,0.926785010355525,0.268966371938586,3
91,0.0226691358257085,0.647216700017452,0.0530680036172271,0
403,0.322283497736789,0.484029151359573,0.157772458903492,1
778,0.292023380720057,0.72325256918557,0.0432564373360947,3
1018,0.401863970049953,0.361642229688016,0.436202668499418,4
882,0.287955205019098,0.528426073701121,0.156487512798049,3
961,0.40509189220391,0.34303621359083,0.431588359184066,4
373,0.321621330874041,0.514528240868822,0.498499364871532,1
28,0.796477744122967,0.476482180412859,0.132637743838131,0
860,0.293090740928892,0.847290091891773,0.522725960751995,3
192,0.146715334383771,0.173303589690477,0.663111018249765,0
1358,0.411163855411857,0.319144627253986,0.441668873022015,6
200,0.0493957665748894,0.424925490748137,0.478140419814736,0
1491,0.411965474988204,0.32534317178776,0.436095142433589,6
964,0.417560155610213,0.358342224423226,0.440877641768649,4
686,0.352351745890919,0.813268300588243,0.202325627719983,2
1340,0.409610545756187,0.320386644546224,0.435646758596785,6
462,0.321814608492423,0.734173355717212,0.330241557955742,1
1014,0.423319967430638,0.349582417301718,0.433168743188512,4
1287,0.410330157820858,0.3874011586722,0.423359713389122,5
1337,0.405672734519798,0.330007908604641,0.424940039562647,6
1236,0.410740272079502,0.37351297862828,0.442316960140784,5
1069,0.417549396517085,0.3521208465199,0.429205540332149,4
1092,0.410935321005217,0.346153661646589,0.444433272547564,4
898,0.287263931687921,0.704397274856456,0.492116779019125,3
492,0.324086183386389,0.905593308596872,0.197394114150666,1
810,0.292675765345339,0.848906134348363,0.239152131183073,3
949,0.413621114675471,0.363489172355929,0.430754092962739,4
575,0.347203589605633,0.609346814197488,0.0605948623735458,2
178,0.933605478145182,0.0776385245844722,0.852956477086991,0
873,0.294750703074969,0.810086077987217,0.332584522245452,3
1385,0.411305435947285,0.317786613649881,0.428752657161867,6
25,0.186275626532733,0.579815225442871,0.229509892407805,0
1479,0.41287041703803,0.323554717284571,0.447239386344396,6
378,0.324785207344685,0.869832913251594,0.451396917854436,1
3,0.950825875392184,0.646227558841929,0.868606917792931,0
305,0.31966883770423,0.651956054358743,0.231175739131868,1
1007,0.40443790932057,0.346875924376889,0.438604308390151,4
1057,0.415144875491004,0.351591058581256,0.43771643908655,4
651,0.352803012127988,0.857091065589339,0.0521372658433393,2
1197,0.405627291978782,0.376048277653308,0.438176791074041,5
1108,0.407689619018683,0.378732568673878,0.439358945427358,5
236,0.565266395453364,0.226646112510934,0.0181361408904195,0
152,0.439247173257172,0.882587334141135,0.924907264998183,0
280,0.3710332501214,0.407011760864407,0.562561349244788,0
1011,0.408303031617128,0.35774701886655,0.438429125382689,4
217,0.284325725631788,0.790957598946989,0.245386644965038,0
784,0.289466457883827,0.893281211587601,0.29014102013316,3
1329,0.413572022310378,0.32383204215801,0.425190556972079,6
1280,0.407292865248667,0.375894193788686,0.435163333793188,5
1047,0.414612202049843,0.342874598215961,0.432479899006659,4
924,0.417373842854531,0.343407538794324,0.434576188352725,4
780,0.293300931765698,0.713217113143765,0.39889520527795,3
182,0.261956379748881,0.25573017494753,0.986835887655616,0
226,0.117080230498686,0.552407503593713,0.341700967866927,0
1015,0.410955738325868,0.347581021542854,0.445256213924246,4
1097,0.408934499713858,0.350025720089615,0.440747840806109,4
473,0.31586094026221,0.570009058783762,0.166596495127305,1
41,0.678696030750871,0.692079872591421,0.292387385619804,0
1407,0.416080531870169,0.323667709331671,0.437701940931902,6
477,0.32303715005517,0.649769215006381,0.290947434189729,1
598,0.353922847448848,0.650401589088142,0.0915405145380646,2
347,0.323512682148721,0.908781059179455,0.258024306665175,1
341,0.323123645486776,0.538102059601806,0.408428499987349,1
1328,0.410931439801068,0.30912955702622,0.429986548977371,6
1170,0.41656772325461,0.383143684910676,0.440951507557248,5
1486,0.407031276616201,0.322775635708828,0.441762749251957,6
1172,0.415229851945287,0.38630010343288,0.440592539680982,5
204,0.450124371796846,0.880037262802944,0.424518639687449,0
805,0.286900802759919,0.52237614649348,0.217159051145427,3
380,0.315806967441458,0.545699691027403,0.19640116118826,1
340,0.321918974285945,0.52497339816764,0.21572863815818,1
994,0.415678014639997,0.352179683473921,0.431374425883568,4
958,0.41725818722361,0.356450623720903,0.428260500356657,4
540,0.350366594197694,0.756662884471007,0.119806370860897,2
936,0.415688631246266,0.354266050898678,0.435303311913635,4
739,0.288223235681653,0.745870648976416,0.388511951477267,3
316,0.324977533908095,0.640010289824568,0.420226847450249,1
679,0.35223510499578,0.655128983990289,0.380730104329996,2
1424,0.408707669565668,0.323314856864865,0.437720072592501,6
1196,0.410204751312964,0.384529650352339,0.428573329898434,5
246,0.826074613723904,0.914357284549624,0.728976805694401,0
1260,0.413034570618727,0.382479644345139,0.435670746836734,5
402,0.316150868681725,0.555628369539045,0.427960293996148,1
724,0.292485106082168,0.728887098119594,0.480524833011441,3
251,0.383660230087116,0.265939174219966,0.0624773949384689,0
149,0.34163985401392,0.757514482364058,0.656812452245504,0
640,0.346636719247326,0.724715865543112,0.080571655696258,2
334,0.31982783148298,0.919636305631139,0.168838625471108,1
1495,0.409780327300414,0.322678721112382,0.430852689226725,6
1264,0.411097271072957,0.377495981525641,0.428252699627397,5
1001,0.417890694568846,0.35152390001844,0.426262661169878,4
12,0.615262839943171,0.954296411247924,0.747770284069702,0
668,0.350057416434865,0.950532654626295,0.458618312422186,2
603,0.351641041527037,0.54096021594014,0.206749950232916,2
315,0.319034737572074,0.762685589352623,0.483988164737821,1
23,0.401231633499265,0.152833089232445,0.628025684738532,0
840,0.286021035842132,0.600683159404434,0.109304314060137,3
1206,0.413340808133359,0.375701847785956,0.438104918938015,5
1271,0.410916480675281,0.38380920564359,0.431184932196056,5
100,0.746441963361576,0.403894620249048,0.705757482675835,0
338,0.317395300928038,0.961233197804541,0.502106384071521,1
1311,0.407958794914657,0.322543274351206,0.440264891852477,6
529,0.352915452378802,0.728146785614081,0.242839364614338,2
1459,0.412287402222833,0.323489450646678,0.44150560019286,6
14,0.51152680744417,0.574913176242262,0.217035208828747,0
705,0.286384685456287,0.881210027821362,0.264674547640607,3
1390,0.405404568774808,0.326532582714559,0.431050933397841,6
1381,0.414995705593222,0.314296817866525,0.434590257954858,6
99,0.820011327043176,0.889821441145614,0.278226534603164,0
1046,0.415337232176532,0.340734442568094,0.433709494862865,4
856,0.286161804515868,0.580514087085612,0.200262848101556,3
796,0.293307048580609,0.580340923834592,0.534921333240345,3
766,0.285314008947462,0.740861122123897,0.142226709565148,3
203,0.269097537966445,0.32607990433462,0.107612487394363,0
706,0.291872125221416,0.603164732316509,0.293491866486147,3
405,0.316739541357383,0.882536483323202,0.527153461403213,1
1055,0.414600476732144,0.353768042362042,0.439987253333967,4
1386,0.406817697037584,0.317311466582552,0.441415185927261,6
863,0.290493271423038,0.545072547486052,0.156465902738273,3
1403,0.418733497955718,0.31934527555635,0.432412812083383,6
325,0.32231989569962,0.852239387319423,0.284491187357344,1
483,0.321417971306946,0.715641398425214,0.180194973759353,1
1242,0.407375876566799,0.383327993006624,0.443228594566934,5
1327,0.407610293828503,0.324916185760939,0.441915362760021,6
960,0.418010034200126,0.352586846349299,0.435442309953524,4
1067,0.421448165994656,0.34420536574778,0.432257649392727,4
791,0.286938570050988,0.670491014351137,0.476232296251692,3
802,0.291667716666125,0.611551623884589,0.288074143743142,3
806,0.294629567796364,0.728849602141418,0.0937373898224905,3
290,0.645350007805973,0.471791323041543,0.760554200736806,0
1154,0.406220066301078,0.382808141164096,0.438696189050944,5
419,0.321983936871402,0.540371824847534,0.170821309369057,1
742,0.295066952453926,0.63315079882741,0.375926811411045,3
65,0.317293331027031,0.566676312591881,0.682420358294621,0
1098,0.411710479343086,0.352204048057871,0.439699562572737,4
588,0.346602022668812,0.564812048198655,0.106659528613091,2
730,0.292811491487082,0.705136909126304,0.0595970121677965,3
1000,0.406759651547599,0.344126487999258,0.442445614772234,4
1066,0.412363629553611,0.349951336760125,0.431998749755466,4
1255,0.412857401414712,0.377066536975762,0.439345261775643,5
675,0.347630269106012,0.655451870965772,0.38288734043017,2
267,0.706542528234422,0.884733559563756,0.478469696827233,0
538,0.350033534732647,0.514428370608948,0.526720819459297,2
548,0.34587600823259,0.525606937566772,0.384844803763553,2
515,0.351916734676342,0.878799469186925,0.0976729281712324,2
383,0.316130126079079,0.871007100073621,0.230161213828251,1
1303,0.408283642793752,0.32330764341603,0.439728018841308,6
1223,0.41556187497283,0.389180718752013,0.442644947865312,5
346,0.319450771170668,0.900165102654137,0.395530926459469,1
275,0.902243282180279,0.376002852572128,0.844967138255015,0
115,0.30322591168806,0.244476792868227,0.59266586531885,0
454,0.32046955880709,0.54020432671532,0.291785939759575,1
1288,0.410443129037744,0.380852294538565,0.442009853153724,5
1377,0.411288072053165,0.316697717708773,0.440801598321243,6
196,0.454393080435693,0.833906857063994,0.120687855407596,0
708,0.288065028686542,0.614701117132791,0.0788484868127853,3
762,0.287912925388664,0.584591751894914,0.0967997845029459,3
140,0.977395202731714,0.497139123734087,0.793350270716473,0
731,0.287936234299559,0.750759261404164,0.534400729974732,3
387,0.323533559746575,0.624847350385972,0.487417379091494,1
1308,0.418583110523515,0.313849025502696,0.429578324839287,6
394,0.32390341225313,0.872186178667471,0.534758209181018,1
899,0.287507942076772,0.539022356946953,0.40784518844448,3
1135,0.409221957656993,0.381282959475916,0.442397383710326,5
1114,0.415786797406645,0.377037433120683,0.438386037057456,5
919,0.415458964016435,0.352030835005593,0.435298763305331,4
652,0.346918278143276,0.823730605747551,0.515896151470952,2
823,0.294983811774291,0.555548574053683,0.508881156146526,3
265,0.960614878684282,0.739961567567661,0.54865904385224,0
1043,0.414394204981748,0.357952421758795,0.429988098409696,4
138,0.897648917976767,0.821510925423354,0.781837069895118,0
282,0.521703117061406,0.962037363788113,0.297178675420582,0
979,0.41958437057991,0.347991352020208,0.435132934899241,4
1254,0.417531940991049,0.380500461450051,0.436031208279921,5
1302,0.405786482733279,0.3208353176128,0.429866893848676,6
208,0.442325156414881,0.559887195704505,0.396830002777278,0
392,0.323155427221209,0.864606078341603,0.489678929257207,1
971,0.410607363174503,0.349826644304743,0.440073027451659,4
642,0.351174375936389,0.677970284456387,0.118918421026319,2
1041,0.414841710058577,0.349072861527518,0.431378978132425,4
552,0.353866447024047,0.798257427150384,0.40759465417359,2
321,0.318746271685232,0.492860847013071,0.0987502333475277,1
484,0.320540375628043,0.674532514857128,0.134826262178831,1
1275,0.423521490171223,0.390546871064153,0.439335816082602,5
635,0.353970044390298,0.804688640963286,0.31772457556799,2
653,0.35134318956174,0.661256327969022,0.0729659098898992,2
74,0.505760016851127,0.746767546283081,0.836289504775777,0
877,0.286800972227938,0.729896961455234,0.193147611152381,3
73,0.618086244445294,0.408683466725051,0.752276322105899,0
1436,0.412250633927454,0.31586051800307,0.441106612207104,6
550,0.350227841194719,0.576898578531109,0.318587769567966,2
453,0.321258779724594,0.522229112428613,0.45349465245381,1
30,0.14413651265204,0.382196490420029,0.5733722303994,0
1433,0.418045266567783,0.322462579065217,0.444902698805389,6
630,0.354063480128534,0.651851580571383,0.511253538937308,2
1036,0.414381369758491,0.357493129921586,0.433299651384137,4
845,0.288090964946896,0.751190096931532,0.31055987526197,3
429,0.322632261756808,0.578538674255833,0.156761875073425,1
198,0.205511510372162,0.105970071395859,0.554255648516119,0
741,0.286290787453763,0.499628003896214,0.179294566321187,3
247,0.971315145958215,0.914232342503965,0.892164741409943,0
1252,0.415903171011743,0.387916066062388,0.445711158841979,5
925,0.408187642915535,0.34663438807065,0.437728953384497,4
748,0.28792320986744,0.972439077193849,0.431526909745298,3
672,0.351690823286772,0.752301995153539,0.177927569765598,2
123,0.629062158055604,0.0751524870283902,0.162046109093353,0
311,0.320110187446699,0.75068150353618,0.495585903106257,1
1322,0.425076421512395,0.324626352507971,0.431657578651961,6
260,0.696325652068481,0.824922705767676,0.28051763609983,0
356,0.324461665244307,0.745536305801943,0.276224577263929,1
712,0.291679421248846,0.735443967487663,0.0986434091348201,3
385,0.322813647168223,0.833907266356982,0.261098411097191,1
498,0.322622834220529,0.722838481864892,0.478849989408627,1
604,0.345742197099607,0.730780250951648,0.456040691165253,2
846,0.29466340973042,0.889904374233447,0.493641683179885,3
1093,0.413875284650975,0.349663904924931,0.432624670000669,4
1210,0.403845923457815,0.378327046688342,0.444005220016152,5
752,0.295060027921572,0.530099406931549,0.503393269772641,3
606,0.349197010875214,0.826958341849968,0.519839298259467,2
1049,0.414752437099855,0.34741886726437,0.437392774638759,4
1359,0.408490600181622,0.318856426064232,0.439039169696811,6
1371,0.413976336728127,0.32229806786907,0.429132420900392,6
870,0.29349756105803,0.919121645949781,0.314041949040256,3
1353,0.415828170414942,0.317711752918508,0.436092062120236,6
633,0.349671880062669,0.674811000097543,0.403692622366361,2
1131,0.408947702795523,0.381183710939798,0.44278792601099,5
1301,0.4118787451898,0.312600950188113,0.440202298312116,6
1195,0.407438527898461,0.383011935992703,0.438346422607468,5
1454,0.412422697481523,0.328485187369327,0.433069931442135,6
1446,0.405214109729364,0.316121195355531,0.442865802801042,6
951,0.412770072963035,0.349591872260533,0.428848914109043,4
875,0.293532888679765,0.586541050672531,0.358531973836943,3
1157,0.418306746088264,0.381754676244178,0.434333213654588,5
807,0.295093634396326,0.650489113619551,0.496956822625361,3
1451,0.408897818137992,0.327569002474221,0.434485154317487,6
506,0.353941246077884,0.569457901734859,0.237409452372231,2
1081,0.413157101772831,0.35020656585865,0.435644969553597,4
988,0.416572742067238,0.355905003424604,0.445080579470944,4
1141,0.414536228730478,0.372743041214023,0.444504507623023,5
1412,0.415089088918357,0.322167471681488,0.430989256813722,6
109,0.755274806171656,0.328471063636243,0.85601850785315,0
1146,0.410884975312062,0.375430723253204,0.436550598142734,5
1182,0.412082126289257,0.37793967365693,0.422887564192533,5
106,0.290000102017075,0.8201239539776,0.0127794502768666,0
1480,0.422274719933975,0.323203232140126,0.439212093716231,6
1048,0.40665610367707,0.357973067546731,0.444412096795091,4
70,0.767186059150845,0.870681309374049,0.670679051196203,0
1214,0.404411303042223,0.386050378703229,0.434168514787206,5
134,0.505645045079291,0.177081926492974,0.780000827042386,0
954,0.406545360081007,0.344549048570812,0.430801041963888,4
1064,0.411832394924163,0.348844059734451,0.440012638422585,4
175,0.362270540790632,0.209522524382919,0.950964485062286,0
1481,0.407809309182349,0.317659091620608,0.430588184175881,6
1143,0.414956955596329,0.384471844807447,0.442444027907244,5
141,0.387779453536496,0.342337474925444,0.249854471534491,0
1100,0.412928308910772,0.350554326533216,0.431155648158042,4
516,0.350760361796711,0.838076456193812,0.237814756738953,2
591,0.354542439866345,0.765936334710568,0.440329186897725,2
1458,0.407497876484636,0.325222657388517,0.430873487237644,6
395,0.324389521125704,0.508305366360583,0.522866800474003,1
743,0.291348204750102,0.866882132459432,0.331026905495673,3
880,0.293788780302275,0.901357635017485,0.122543589142151,3
842,0.285620594534557,0.760557662905194,0.492768373386934,3
58,0.757956773275509,0.400383356725797,0.404234386049211,0
1088,0.409903214246265,0.348396178949966,0.435901359756706,4
804,0.2892360391072,0.934915407304652,0.0466682771686465,3
1080,0.414459907282944,0.346677281093049,0.442523204841231,4
902,0.410017221435992,0.348818779693593,0.424067290151953,4
894,0.289631065789145,0.576977523835376,0.391690633422695,3
481,0.325259855524637,0.850736858532764,0.395748389232904,1
1476,0.414342116311654,0.318368185499647,0.43429409856147,6
317,0.322435086283367,0.616717068920843,0.358976600854658,1
655,0.352872247416526,0.707605255278759,0.415439886203967,2
413,0.321968838153407,0.776640394795686,0.114325471501797,1
355,0.316537005500868,0.911832230025903,0.0775580866495147,1
586,0.35270809795009,0.761121351365,0.0776512854965404,2
117,0.317521800519899,0.429628778016195,0.883948427159339,0
596,0.352154839404393,0.637539686262608,0.358303383155726,2
1447,0.412371297880781,0.317681222240344,0.435790033376576,6
929,0.412967629084441,0.35228208846874,0.444872803460807,4
830,0.289767058605794,0.754710642830469,0.0526299183722586,3
620,0.352764382769819,0.581430889759213,0.118025859980844,2
728,0.285351875696797,0.714867521752603,0.418822190770879,3
362,0.317372933430597,0.67766800543759,0.222737658466212,1
545,0.353718343763612,0.757104680268094,0.509122871374711,2
843,0.287438784406986,0.707558990549296,0.445305049116723,3
775,0.286591247410979,0.734916100255214,0.373760978970677,3
1203,0.420675535489363,0.385164443388352,0.434423171699724,5
1192,0.406932071066355,0.379847463558933,0.430771471577764,5
156,0.20010190573521,0.39298109873198,0.950592615641654,0
634,0.347232109601609,0.86125652117189,0.159148029563949,2
111,0.361814509611577,0.688595159910619,0.542949933791533,0
757,0.291394475605339,0.599617013451643,0.490880361106247,3
1112,0.411924453166193,0.375172726503012,0.43554228890938,5
510,0.353024130424019,0.925432568625547,0.44561243574135,2
61,0.463062307331711,0.18655797559768,0.588656161678955,0
59,0.6180851070676,0.977224295027554,0.802086220821366,0
263,0.442044390132651,0.800624966388568,0.204780966509134,0
1421,0.409405944651453,0.31868052841804,0.444638675759372,6
398,0.317660783161409,0.645394993107766,0.303122990811244,1
1228,0.402034047213545,0.378676718283724,0.435741342604736,5
609,0.348299767742865,0.91330102130305,0.403561738948338,2
618,0.350736929457635,0.703031744784676,0.484835571656004,2
461,0.323325763030443,0.520679977699183,0.35316129103303,1
1180,0.410219807468088,0.384481023960806,0.430543354463694,5
754,0.287774870153517,0.497780739190057,0.399384413193911,3
1035,0.41162772690956,0.349358662752189,0.43910754185964,4
279,0.569416270125657,0.747374069411308,0.782971633365378,0
888,0.291244102043565,0.735736670531333,0.0545989902922884,3
1003,0.411185885980886,0.344952631114995,0.439067263996044,4
1397,0.414085694564825,0.324345325138392,0.436673904081433,6
1372,0.408444628466885,0.320240013512841,0.427501239115239,6
1155,0.413057712875552,0.375634588473537,0.448804985556141,5
1178,0.415720066533794,0.383668858696849,0.430397413684463,5
715,0.28656577577116,0.660670782881789,0.141012085415423,3
1413,0.409049778822587,0.321895026136422,0.429519672614509,6
16,0.533392722485587,0.154891797807068,0.977794734761119,0
647,0.348293623481877,0.798443639278412,0.245179759617895,2
472,0.319390839436091,0.762276283325628,0.384314524638466,1
396,0.31641581898788,0.948664859845303,0.307564502162859,1
349,0.322399176524486,0.679029250261374,0.249016957287677,1
169,0.0699015944264829,0.954833637690172,0.619349554879591,0
986,0.413167471965892,0.357924053901232,0.433868602685272,4
554,0.349667115022894,0.673487906903029,0.0664062538882718,2
602,0.34780784341041,0.730312293372117,0.290540163568221,2
1307,0.408849902245584,0.327656290568821,0.435483131746345,6
390,0.319568742557894,0.757249047141522,0.234525347291492,1
1331,0.416218379527303,0.312172035818929,0.439779527712114,6
1132,0.409480783880013,0.382867382370386,0.437590181688326,5
1113,0.414800430070933,0.378342494998606,0.433118817684592,5
77,0.52455426659435,0.232733288547024,0.766526006627828,0
415,0.320646247696131,0.751466671563685,0.188350426196121,1
584,0.351341105373576,0.667918246914633,0.058601936371997,2
933,0.408022482981158,0.3527896348136,0.433972405176429,4
249,0.769103813217953,0.635858029359952,0.785610987571999,0
116,0.836992277065292,0.596758649684489,0.782296620775014,0
681,0.345893477259669,0.963280001631938,0.245008900109678,2
1373,0.421045304321931,0.312993814623357,0.427025426986548,6
1270,0.415046617626184,0.380089771937889,0.437565343459996,5
767,0.292120586596429,0.958321748860181,0.23082635870669,3
411,0.316239943695255,0.964167673815973,0.41618340339046,1
128,0.512457739096135,0.543547000968829,0.91053464775905,0
997,0.414405707050227,0.35069350677065,0.427338795547455,4
722,0.287512765366118,0.509491916489788,0.0715838248608634,3
1425,0.415107551374659,0.318176929273686,0.443538479751992,6
1072,0.410355968216537,0.350482207004052,0.430356133177467,4
848,0.295144817414694,0.764994809613563,0.317717657471076,3
1062,0.410482235864684,0.352196595662345,0.433185142651387,4
494,0.325012635488529,0.864681788696908,0.3454366868129,1
1117,0.413041662294501,0.38093378421284,0.431013136101226,5
738,0.285395313366316,0.893231770233251,0.333506924030371,3
920,0.415571573044305,0.346309974545634,0.441060549656728,4
1399,0.405040793488703,0.314958835236501,0.430036787075931,6
1439,0.409307890857848,0.317038224559705,0.436251982279524,6
1346,0.412030573402391,0.315717763511495,0.430392305477003,6
663,0.351003046506084,0.594756066775881,0.344790743361227,2
211,0.0243294404353946,0.375319084152579,0.76689110416919,0
442,0.318674617134966,0.848431744240224,0.244875434250571,1
580,0.352251221735496,0.820247444417328,0.275832143658772,2
542,0.35022973428946,0.919498173380271,0.485277558024973,2
564,0.346513713891618,0.823130388953723,0.259416384552605,2
667,0.351833728726488,0.680253567267209,0.1338407140458,2
718,0.286876972129103,0.645173842995428,0.288584268814884,3
64,0.499969030963257,0.564602203899994,0.276780975516886,0
293,0.0494654863141477,0.0519504856783897,0.980851258384064,0
1384,0.40538268827263,0.315921026100332,0.437249537150506,6
322,0.316159065836109,0.814334532106295,0.214257159084082,1
626,0.346386115052737,0.893800099240616,0.0844042182900012,2
1217,0.40581279335608,0.378554216685483,0.430479109573882,5
337,0.3222118967399,0.935403226967901,0.37682159692049,1
1320,0.410851457820997,0.321872694111242,0.437130073913291,6
283,0.0979726957157254,0.503007639897987,0.807527762372047,0
1076,0.412318452260785,0.360129829167946,0.437444905279858,4
1160,0.413402122836975,0.385291713283862,0.445404257052773,5
93,0.185325473314151,0.00137082487344742,0.453363085864112,0
1124,0.416137571329525,0.374800439473184,0.437530006260921,5
1434,0.411581225512555,0.320560118068375,0.429681347383789,6
1262,0.406284068021258,0.382761760568871,0.435273045873322,5
1082,0.406694225141277,0.350328429570744,0.437243854417276,4
1231,0.411763789268005,0.383937638888123,0.440230348565775,5
1159,0.404820027727344,0.375862892830216,0.43995326601177,5
110,0.874032695312053,0.384710953338072,0.7666095062159,0
445,0.318608988011256,0.913068606844172,0.224875106755644,1
509,0.349887124432717,0.74324641735293,0.0824666680302471,2
35,0.499247139552608,0.603886440163478,0.395886892452836,0
749,0.288303029860836,0.782012827321887,0.298430412821472,3
1129,0.409955579658951,0.371834325526611,0.434198674207522,5
1102,0.413927316036486,0.375514006253734,0.440830485102743,5
416,0.322154456027783,0.488932596147061,0.274826693278737,1
976,0.397117293066695,0.344982488277303,0.438136398762856,4
1349,0.409761413041843,0.317942508732194,0.442131587464322,6
1191,0.410944890214277,0.380273258846677,0.439421942125179,5
571,0.349728986262344,0.743477619229816,0.432368327211589,2
770,0.285405363303144,0.945167674659751,0.461790133081377,3
97,0.714483410352841,0.833598338300362,0.286983509548008,0
771,0.286361511419527,0.80604359342251,0.439071966847405,3
769,0.293640035474673,0.52308750464581,0.430973107973114,3
457,0.323829527695198,0.490394213213585,0.397556200088002,1
563,0.353396084092092,0.659559725178406,0.247945398255251,2
269,0.439606591593474,0.839407473104075,0.333871281938627,0
1169,0.4146566771184,0.375536148679007,0.446246713881629,5
1326,0.408112818530267,0.320069517443699,0.43821858922593,6
569,0.348558311376255,0.641219387738966,0.235204058862291,2
1316,0.409535927394017,0.319948932721129,0.434394713103998,6
815,0.293143633184955,0.635183889977634,0.344576740218326,3
677,0.352249745007139,0.585946499113925,0.235272963345051,2
1213,0.418569539093488,0.385995233206431,0.435916937312642,5
1324,0.414662301818339,0.312311832499105,0.433393878060617,6
829,0.287544775335118,0.905476147634909,0.367378806625493,3
660,0.354584577085916,0.561332439165563,0.235611614468507,2
500,0.318979689339176,0.803296395204961,0.318683155742474,1
350,0.320816540941596,0.589995130989701,0.304339959914796,1
158,0.193663594545797,0.972040839027613,0.134519255487248,0
1306,0.416344103205967,0.319783003190834,0.4403046436018,6
357,0.322569882466923,0.636214803764597,0.494358117156662,1
943,0.411239468157967,0.355487828392967,0.4386414934722,4
180,0.127815948566422,0.0317444561515003,0.690115856705233,0
289,0.879505004035309,0.108892902266234,0.71106265601702,0
430,0.325094454514328,0.543728954950348,0.180519009870477,1
639,0.347385720394086,0.653300821874291,0.0761318435426802,2
607,0.353804195947014,0.639210122614168,0.295606535440311,2
190,0.614458943717182,0.781416315119714,0.477034630253911,0
1116,0.41075559479066,0.378365111128431,0.437874177747288,5
428,0.320735824536532,0.938852998288348,0.384083355241455,1
1382,0.418106534250836,0.317285306229709,0.437586203915463,6
1168,0.412049255839305,0.376563066896453,0.443503140785734,5
721,0.29053330909228,0.924673948879354,0.158067802945152,3
684,0.35021013230551,0.798571410216391,0.534073398145847,2
565,0.351987725202925,0.938878528866917,0.432062035123818,2
646,0.346945895387325,0.781991786300205,0.174728391971439,2
86,0.971831742208451,0.579985925694928,0.726225462043658,0
747,0.285506710535847,0.539824418816716,0.171757888793945,3
1198,0.410366303131037,0.382745117857827,0.423363656718917,5
187,0.205201145261526,0.700041322503239,0.143150936812162,0
1455,0.417120485127689,0.317267789783545,0.432170244937626,6
131,0.270329582737759,0.618236192967743,0.265100674936548,0
559,0.353838427215815,0.513148878095672,0.196112341992557,2
566,0.346227631054353,0.706036446592771,0.11959168901667,2
233,0.828412197995931,0.718186682090163,0.442134320735931,0
1243,0.410903657872586,0.377389040493917,0.439447990669545,5
136,0.605183645384386,0.0697357279714197,0.765612808056176,0
967,0.400543860219977,0.348790603077906,0.441124956240529,4
955,0.415538006178021,0.344758422689528,0.42863182520381,4
1261,0.410006758041668,0.379042589670249,0.435793227989263,5
614,0.347662478452548,0.650426114187576,0.133297412353568,2
701,0.293160745154601,0.621424138755538,0.50807460739743,3
1398,0.407366783954846,0.326561416360488,0.444646371605792,6
1065,0.421246107214824,0.349343703401438,0.435108936966243,4
1461,0.403649392917962,0.312194515617955,0.429540732510197,6
737,0.293237912424374,0.905094170686789,0.260281550511718,3
1161,0.406426558423003,0.390579494846402,0.440051739478535,5
1187,0.409960515640136,0.386942741918243,0.435254873189651,5
1034,0.415747245417507,0.339622854182987,0.433653483316284,4
388,0.316913841669448,0.666112576820888,0.14278197188396,1
526,0.345629367916845,0.938718570256606,0.212655582162552,2
463,0.318767355808523,0.817469980078749,0.0719593309797347,1
1174,0.408042300708111,0.3764141842517,0.441038450796812,5
656,0.349665136258118,0.973880458832719,0.524028206639923,2
1350,0.415601023058682,0.323575946922672,0.435981087777971,6
1234,0.398953487418829,0.384446579152543,0.439241587762369,5
287,0.311648111091927,0.149080440867692,0.623078989330679,0
1463,0.412401163084151,0.328201514313739,0.427029559903626,6
853,0.291440509851091,0.870424000988715,0.121632851590402,3
1138,0.415140210091688,0.375249349147188,0.431344634370136,5
793,0.292845762521029,0.906384507170878,0.433659706660546,3
1074,0.420766094221616,0.354744576069398,0.433841978813062,4
417,0.316506630585063,0.78709656172432,0.521518906275742,1
764,0.288557709534653,0.602407442731783,0.390549094346352,3
558,0.351980987212155,0.935750094451942,0.207008153828792,2
720,0.292299392356072,0.58892150465399,0.0638980466639623,3
47,0.418057331815362,0.989662645850331,0.392231583828107,0
1411,0.412826107873428,0.320384465461187,0.432055654036841,6
1408,0.40300705261684,0.324780844672377,0.436696888108149,6
409,0.315507333541755,0.976723655918613,0.0451877241022885,1
525,0.353499315925874,0.605659085069783,0.0680351012153551,2
787,0.290145182246342,0.545204876083881,0.0609231474110857,3
266,0.843995496165007,0.823109375080094,0.197247019503266,0
808,0.29217556538526,0.975777774094604,0.0719919015420601,3
237,0.75219349283725,0.679414322134107,0.00524010928347707,0
905,0.407797892838039,0.354144875731511,0.439170783539971,4
330,0.324518125720788,0.722747235768475,0.203593495115638,1
1338,0.417194700054187,0.309829046611522,0.444570074232974,6
459,0.317718081152998,0.807807766809128,0.228349304222502,1
1356,0.41016193941674,0.316552535796182,0.442302369576305,6
1344,0.420929352034946,0.325313279478168,0.435740642960832,6
1343,0.409945046138421,0.319242371310713,0.441758750778713,6
314,0.316888180968817,0.912754075112753,0.389213562058285,1
1499,0.409700433704604,0.316684365015335,0.444678093977772,6
703,0.289487102581188,0.714260215498507,0.209008218999952,3
1241,0.412495450114916,0.379520383837579,0.432937964819766,5
1086,0.412073057286309,0.350535565981678,0.433985772845065,4
412,0.322186191915534,0.741302166227251,0.192179892957211,1
1039,0.420561376299686,0.353882127890156,0.438039974267078,4
1103,0.410102920196289,0.376901397401315,0.434046967695759,5
1422,0.41068873922147,0.319577327978991,0.43494567109738,6
262,0.505256685661152,0.855805327184498,0.739048184361309,0
370,0.319164460243192,0.967818943876773,0.195577410678379,1
1019,0.402121936169478,0.349809099269045,0.444938956980053,4
921,0.409614273563599,0.35151136739883,0.437998854283386,4
1289,0.407990156802925,0.372704136722837,0.437461811045213,5
129,0.337355776689947,0.26430606469512,0.00116121442988515,0
751,0.286528996776324,0.532764862501063,0.0558326676720753,3
969,0.407094659457465,0.356667302556602,0.436403420945051,4
482,0.323073522187769,0.862326949695125,0.447614837717265,1
1469,0.402910186617578,0.306949906015748,0.437392279248369,6
1497,0.406545154634969,0.32384992986063,0.432881461964503,6
1251,0.408830021642902,0.383744225876142,0.429384839941299,5
1406,0.409530739960481,0.321397437705241,0.432628069153235,6
1258,0.408362070590132,0.385122801893822,0.441254918856331,5
1089,0.404805319186481,0.346545471879871,0.442316826847725,4
1286,0.410360500652548,0.38414985223869,0.434778546340391,5
83,0.168296195799485,0.464045797707513,0.644975705305114,0
1410,0.413813150349087,0.315497722602262,0.441859958118936,6
759,0.295262475158088,0.629118200019002,0.360901601891965,3
959,0.408469697493311,0.357081153436486,0.442347807751922,4
774,0.291058338126168,0.947559027210809,0.332732964702882,3
354,0.324885566814337,0.85911315374542,0.133487949892879,1
817,0.293186753096525,0.858749165642075,0.475026361690834,3
1470,0.409367920338424,0.324847738769578,0.426494950780903,6
164,0.486557800555602,0.856470296392217,0.883477873168886,0
1060,0.407337346954456,0.352825317031515,0.443608274210778,4
475,0.324468344831839,0.880564653873444,0.4437540050596,1
931,0.418260210399883,0.351877117548636,0.435544776866185,4
215,0.697042231447995,0.228515196358785,0.105381415458396,0
1482,0.408517787777743,0.317092861395113,0.445177831441711,6
885,0.295243689308409,0.640050934022293,0.368893954833038,3
291,0.934075480559841,0.155552640091628,0.980034150881693,0
205,0.624478746438399,0.961813463596627,0.703034440753981,0
1188,0.405866811729924,0.393190676841643,0.433609254961234,5
1209,0.411145165144437,0.367106754901147,0.432745362001197,5
241,0.212617441546172,0.596855734009296,0.0140226231887937,0
1181,0.412657246126521,0.379621873687167,0.434772279896908,5
1416,0.402625672945124,0.309448492320724,0.438535939798913,6
1484,0.4101258552639,0.319071811791011,0.430477863225553,6
868,0.288549576441292,0.532487717899494,0.302126523503102,3
562,0.353389485718217,0.950883370335214,0.311356884357519,2
1175,0.413628638909906,0.3787759407304,0.437537929718497,5
590,0.354435120748822,0.911388674029149,0.270603815373033,2
505,0.347685769868549,0.929178085038439,0.272290631826036,2
1365,0.415535619527762,0.321954149037568,0.445377408617986,6
717,0.286045091506094,0.725865687453188,0.502110509132035,3
1478,0.416606920367644,0.320617726492985,0.439374191848731,6
443,0.324995739329606,0.755569636798464,0.494735934701748,1
1325,0.412091803311295,0.323637440783546,0.43406554148924,6
1147,0.418354042975079,0.384381375500356,0.436052026371118,5
1150,0.408007168563939,0.372741303487752,0.429209719072867,5
683,0.348202407970093,0.613848378742114,0.459006319218315,2
914,0.412136854818097,0.359059765811861,0.436712995599224,4
420,0.318431825195439,0.750409784819931,0.515157689270563,1
227,0.869496270781383,0.469350283034146,0.583708588499576,0
694,0.354469614396803,0.794387277192436,0.455298350239173,2
1419,0.407725104106705,0.321180401771361,0.441470213196573,6
948,0.413677614794902,0.350762821235966,0.428763617202941,4
659,0.353706328677945,0.944237974332646,0.25995826178696,2
637,0.346517438499723,0.556187872635201,0.253394046728499,2
625,0.350785950466525,0.84502461492084,0.418788613681681,2
678,0.350993020809256,0.809634578041732,0.168658708152361,2
974,0.406676989391077,0.352337803562897,0.440692483541019,4
1173,0.417225540028972,0.377134362421475,0.443471293188447,5
533,0.355115845736582,0.83336994422134,0.205128093063831,2
528,0.345918766753748,0.532172797108069,0.217605412285775,2
9,0.0765188722871244,0.0831412062980235,0.537057361798361,0
674,0.355129391422961,0.758909022761509,0.443693641270511,2
160,0.550680328626186,0.0477034761570394,0.353848771890625,0
323,0.316435008943081,0.777476949826814,0.35288404317107,1
874,0.289110937595833,0.79215788198635,0.323707496910356,3
255,0.433398323599249,0.98910699179396,0.475937934825197,0
907,0.412498949526581,0.34337935433343,0.437981655539501,4
189,0.0350873109418899,0.473081465112045,0.598145197378471,0
76,0.885170206194744,0.966767530422658,0.462411719607189,0
622,0.347420415421948,0.588564197393134,0.338269238406792,2
452,0.322636741113383,0.587829697388224,0.201472037634812,1
235,0.415228738216683,0.360596745274961,0.140503408387303,0
676,0.354240494417027,0.794946886925027,0.225240542367101,2
1193,0.401874388609899,0.370708141500717,0.438858405456783,5
20,0.0146738511975855,0.023727677995339,0.54305314226076,0
629,0.349803445092402,0.593774438113906,0.302906979271211,2
1005,0.406649553258104,0.347479155848541,0.437797526031283,4
172,0.154663567896932,0.112471914617345,0.362944885855541,0
719,0.285832919904497,0.892405659286305,0.13196611397434,3
62,0.466662347316742,0.759151798905805,0.491758863208815,0
344,0.323566976594739,0.969864814402536,0.182745774555951,1
503,0.350873165256344,0.96521950988099,0.126997382193804,2
81,0.820449512684718,0.140968633815646,0.559218425536528,0
458,0.319726630810183,0.541796586685814,0.427211171528324,1
801,0.287872789294925,0.874056677543558,0.0451815706212074,3
78,0.715484589338303,0.966115487972274,0.167616718215868,0
165,0.417612531455234,0.957288852892816,0.0552076688036323,0
75,0.331998792011291,0.493129341397434,0.317573066102341,0
758,0.291107308049686,0.893260565563105,0.107373433932662,3
147,0.497293570544571,0.275331543991342,0.456866752821952,0
29,0.578406693646684,0.306896618334576,0.384922419674695,0
5,0.0200584789272398,0.627238507848233,0.0314970989711583,0
57,0.381849440280348,0.405641488265246,0.665205107536167,0
862,0.286783817792311,0.680873451032676,0.103646399034187,3
1059,0.421914038683552,0.342378738501425,0.436686358470196,4
51,0.189136474393308,0.504757586168125,0.503075555199757,0
794,0.285838128656615,0.574450343591161,0.409863004973158,3
942,0.403024756832072,0.35840572044842,0.435851384243875,4
1477,0.418242436168921,0.315815902089528,0.441560176145318,6
1126,0.40743447589573,0.378739001232869,0.440564867018998,5
1347,0.411076266949666,0.323804413868017,0.437138470936011,6
460,0.322340425271541,0.789592192950659,0.469125022459775,1
360,0.324333421050105,0.811994773661718,0.238062803447247,1
1467,0.412122412373145,0.321266672028236,0.441071402252146,6
257,0.329776175552979,0.946942493319511,0.904196750372648,0
213,0.0741800707764924,0.503400096902624,0.147523111430928,0
1379,0.413385125443383,0.322652905715885,0.428285592277779,6
1109,0.406095963942659,0.379756268241836,0.436972495138194,5
968,0.41065646743691,0.347294598512077,0.434496286628815,4
502,0.350815721380059,0.665523529262282,0.289278406114317,2
368,0.320196358365938,0.765188660798594,0.357042106264271,1
95,0.642661179415882,0.174308394547552,0.523809983860701,0
168,0.67435329197906,0.766853971406817,0.210444302530959,0
185,0.761803697561845,0.734563459642231,0.782362465281039,0
1342,0.41402110689517,0.324833861169101,0.438091007323964,6
832,0.285867211511359,0.663189630932175,0.270893783471547,3
911,0.415417293246883,0.349842658991892,0.440501127840775,4
572,0.350175345509779,0.671162182791159,0.303764217230491,2
1300,0.403329428435433,0.376227671307544,0.436705737327567,5
239,0.441248526098207,0.73881999310106,0.854588993126526,0
375,0.323319149804302,0.802930607553572,0.514833160489798,1
101,0.368024956202134,0.89292637235485,0.986014981055632,0
698,0.352164434033912,0.920539457327686,0.0922073022695258,2
124,0.931531182257459,0.373019204242155,0.342782192863524,0
1391,0.414405655490018,0.316723884916289,0.44081832961747,6
82,0.0480814347974956,0.354962794808671,0.0480889950413257,0
72,0.119658529991284,0.226980640552938,0.37093554623425,0
1265,0.416911971935483,0.387442308164005,0.43848798249596,5
478,0.317724574133754,0.926573844254017,0.253957815049216,1
736,0.289514010169078,0.801032495545223,0.289158422546461,3
447,0.321852306851652,0.635339199658483,0.524721391545609,1
927,0.415078870429383,0.352265548371705,0.435926827343902,4
1420,0.404434140926419,0.319186994807966,0.431562237245665,6
814,0.294295566878282,0.614282240835019,0.121038317028433,3
414,0.316242720689625,0.748346366547048,0.141392429755069,1
1177,0.412410233332263,0.379993609254464,0.435535401023976,5
836,0.291363091191743,0.80031484910287,0.294967868411913,3
956,0.420182298265688,0.35070598958333,0.436284891552426,4
1123,0.416884775088655,0.380162124052601,0.430444615871752,5
487,0.318607964320108,0.78375640718732,0.193997077224776,1
610,0.348390960113611,0.820337895397097,0.127694296929985,2
1121,0.413756718209228,0.375451997148443,0.433127986475166,5
1208,0.406399815452887,0.385423816305675,0.441596829770456,5
24,0.830995196243748,0.338875697925687,0.0981668767053634,0
950,0.415506775736432,0.350424659443521,0.4357292319977,4
732,0.289126980402507,0.763725709845312,0.456148103973828,3
1464,0.414083719068699,0.321899770431401,0.441622440673779,6
825,0.288022587201558,0.501155256154016,0.243795193778351,3
1488,0.41652723298089,0.32142538269691,0.434903025277569,6
1339,0.410278876914476,0.315878652548852,0.439368288300584,6
666,0.352560912885237,0.864052398689091,0.414566362788901,2
982,0.404699152852042,0.356655704228345,0.430243509433328,4
820,0.286534012001939,0.928389945044182,0.0524579800432548,3
947,0.414921796541721,0.35248861208222,0.437752979808316,4
1220,0.417978633373676,0.379319609722453,0.447524611740995,5
1176,0.415278414130428,0.374644952807351,0.42501918718254,5
1426,0.415418031231854,0.326960738918128,0.436762005747828,6
351,0.315358350069728,0.908844772935845,0.360591217805631,1
549,0.350740317536984,0.68446975920815,0.423567070439458,2
367,0.317732360472437,0.769324454455637,0.483072960446589,1
685,0.353799469242804,0.736463986895979,0.183114467700943,2
468,0.316787870840635,0.582784677250311,0.369656579033472,1
704,0.287976149439346,0.706052275700495,0.173975105793215,3
450,0.323027953852434,0.761942917457782,0.102117165853269,1
281,0.211547154933214,0.800215766066685,0.788740111049265,0
1352,0.41342719664519,0.322126803669717,0.439733210044573,6
803,0.290233626323752,0.759329914790578,0.254048463236541,3
333,0.318843069490977,0.889045780152083,0.319552572839893,1
1305,0.418045222282142,0.315524031041383,0.44229436193488,6
294,0.988892510067672,0.348508776398376,0.0547958856914192,0
441,0.320119727507699,0.775935703050345,0.39172645022627,1
1012,0.411623418952249,0.357501626152516,0.429204504504139,4
480,0.323105695783161,0.7500594770303,0.252837266237475,1
2,0.715308047365397,0.465832928428426,0.18142522056587,0
449,0.323727350225672,0.723554150061682,0.375962986075319,1
789,0.288303210409358,0.495809243386611,0.308322919928469,3
1201,0.417584426971179,0.382260724948655,0.450456855867057,5
13,0.841595694189891,0.650117778452113,0.508950773626566,0
113,0.444009429076687,0.047520704800263,0.787043759133667,0
884,0.289514442675281,0.925626256363467,0.329908838425763,3
1006,0.409868328701281,0.351005615768863,0.4350160895222,4
1189,0.405304473698297,0.376508605025892,0.439053151127419,5
725,0.294539078341331,0.882100548688322,0.160454615415074,3
296,0.17057224502787,0.985881915781647,0.941853418946266,0
866,0.289929234394804,0.654122556187213,0.346332608535886,3
1068,0.408374102217534,0.359198461874797,0.427924966666928,4
818,0.292521435911767,0.717447341163643,0.306349452747963,3
348,0.318363136444241,0.528609323990531,0.0664283248363063,1
1023,0.407076102363571,0.354345408799498,0.435567521566148,4
1435,0.417655727841666,0.322547887550193,0.440648240235993,6
408,0.324951393185183,0.720108596934006,0.266293749609031,1
1456,0.408256536647497,0.32173218884817,0.434540776555026,6
88,0.562897639349103,0.0790499129798263,0.55449169781059,0
519,0.34728472223971,0.530851513473317,0.147346540633589,2
276,0.230724942171946,0.464118901873007,0.688915742794052,0
624,0.352049163172487,0.639610865595751,0.460022596106864,2
996,0.411520984453554,0.355690891166841,0.430983890857071,4
847,0.28961275676731,0.778431644407101,0.474573369883001,3
433,0.32422533901874,0.595228486903943,0.480464570503682,1
711,0.292771120690741,0.807343258149922,0.288823454920202,3
638,0.351968454164453,0.817373113101348,0.206915729376487,2
915,0.416951829586992,0.353848556574527,0.43660510292121,4
199,0.385706634726375,0.0976988882757723,0.119343979516998,0
1140,0.411056312873083,0.380038274877256,0.440653300219633,5
779,0.292164333993569,0.905650874460116,0.49731572617311,3
1298,0.405613106972818,0.383273895079605,0.435078994812557,5
841,0.294874762969557,0.901758363912813,0.182010100036859,3
1051,0.419152401188205,0.36210103208783,0.440627564678339,4
1075,0.420617319039899,0.344696703965189,0.436528536000499,4
469,0.323547188639641,0.711760330223479,0.130203299969435,1
938,0.407133188670729,0.36150960298704,0.425889906088082,4
1310,0.417718790796215,0.320994321724407,0.439176328160149,6
577,0.354106436111033,0.824532525008544,0.362997243693098,2
