1133,0.607690083586359,0.365640666296672,0.541936389052606,5
706,0.259021803396754,0.41198006963823,0.364138554781675,3
399,0.287309920371044,0.152421068097465,0.593440732336603,1
1178,0.596929596422237,0.376350916767065,0.543466215668948,5
209,0.475134638138115,0.1327709404286,0.031568659003824,0
50,0.426180562004447,0.854563135653734,0.625337615143508,0
977,0.603543291319508,0.341061833178987,0.547975215308733,4
321,0.293284095958807,0.169993966515176,0.442339046974666,1
1142,0.612559974802626,0.375236265614613,0.544342012031323,5
220,0.369483763817698,0.525951694697142,0.130207111826167,0
1091,0.598720318185483,0.343467898113859,0.5410383774079,4
1222,0.602272645061465,0.372130896553833,0.540625850361862,5
1440,0.597819617000303,0.311138931420116,0.556705870884699,6
1305,0.611622352227558,0.303973024917087,0.543448874701414,6
1467,0.602979211108952,0.317631634089556,0.541084637077761,6
990,0.593167170620862,0.347010484692074,0.549039687661706,4
704,0.263471748412121,0.124340336467139,0.592074905522168,3
332,0.296141502691899,0.0486633005086333,0.608316379366443,1
1067,0.586853568741317,0.333185584870795,0.546801289784123,4
1081,0.599147740564882,0.346296565552468,0.545048959403342,4
740,0.258410233468749,0.260155222308822,0.148492163280025,3
852,0.264460221745539,0.271766519802622,0.290348898386583,3
192,0.875191500643268,0.368268316378817,0.484573991270736,0
520,0.320282920149621,0.229189791064709,0.15402564231772,2
1375,0.605749886124316,0.312894499630578,0.552324752509824,6
1384,0.606644376260235,0.31405790356354,0.537968757509118,6
846,0.260673824662808,0.229466818785295,0.246155729983002,3
544,0.32546552285552,0.0203455518232659,0.234204765525647,2
620,0.325926267979667,0.0981011856812984,0.474586948053911,2
529,0.317316551946569,0.102926920796745,0.477562365238555,2
855,0.260359261843842,0.485342746297829,0.566463387687691,3
334,0.286883049728349,0.153010208555497,0.418463546317071,1
806,0.265807207284961,0.514536541700363,0.566523599089123,3
754,0.259307503309101,0.255458244634792,0.58225388394203,3
614,0.321015300340951,0.444134266162291,0.30981194996275,2
385,0.295924951927736,0.230368217965588,0.395830002962612,1
350,0.295540358154103,0.274543348397128,0.626506904140115,1
725,0.262236681014765,0.253645388223231,0.21843110921327,3
466,0.287333270502277,0.365884539135732,0.499750450719148,1
908,0.598297053746887,0.336093216606607,0.552628151929002,4
788,0.264258318885695,0.327952763112262,0.375355159980245,3
331,0.288261592616327,0.326209445646964,0.589025236316957,1
1481,0.60769875961531,0.318924949489618,0.547860641087262,6
1130,0.608635355357231,0.368183719642111,0.551862785852011,5
194,0.336814205627888,0.748993133893237,0.054845463251695,0
770,0.261145419531968,0.501898175035603,0.437183984555304,3
82,0.402523926924914,0.146687061991543,0.426430855179206,0
1257,0.606210379302777,0.37991485505911,0.541501620203615,5
1348,0.600702675794561,0.308666781917985,0.539856774910457,6
450,0.293091992947739,0.233863063785247,0.209976701647975,1
1253,0.6070959359539,0.376147366700667,0.540573246944216,5
422,0.286865052788053,0.44537862255238,0.351522842189297,1
171,0.684665883425623,0.401955753564835,0.0512084206566215,0
125,0.590446182526648,0.394222939386964,0.784065317129716,0
684,0.322574961436912,0.18546535265632,0.446115144062787,2
579,0.32521379891783,0.418310618889518,0.352598930476233,2
667,0.325413664069492,0.305397197999991,0.602721078903414,2
742,0.262247712006792,0.321333630871959,0.497551842941903,3
962,0.607284738906912,0.342643747682284,0.544748701678873,4
1125,0.6105824484169,0.381740060303026,0.549430788612615,5
1164,0.598161908403094,0.371012807909807,0.551739502360048,5
229,0.49543148628436,0.766734267352149,0.542177992872894,0
932,0.603699517510029,0.348383427609583,0.549599610967833,4
1250,0.593638998777784,0.37647999920717,0.537997846312498,5
1078,0.603704105811635,0.341590378411784,0.542564811845519,4
531,0.321497810445726,0.339492260059342,0.284485431038775,2
372,0.286718940760475,0.459289647452533,0.367195467697456,1
1208,0.605214035549219,0.376217906348944,0.54627013573438,5
1199,0.598581743544848,0.369986455597898,0.55208122355898,5
1409,0.605042169779552,0.309417765365397,0.546073993442996,6
798,0.264134796888102,0.0569396805251017,0.450952126411721,3
1056,0.605334337448,0.336751371363571,0.540804581142625,4
1370,0.605127205567105,0.314491065881193,0.542698338622244,6
259,0.128752327058464,0.235390255460516,0.520959125831723,0
277,0.028610174311325,0.604402475757524,0.88764780992642,0
54,0.419889188138768,0.277842497918755,0.882798188365996,0
995,0.599350133430458,0.344091571559165,0.553495057530754,4
1247,0.603709748657596,0.372215362901377,0.548010744188465,5
473,0.295269898278639,0.354783854843117,0.168256425415166,1
476,0.290601902899798,0.275239089899696,0.622078543412499,1
1061,0.598208756840812,0.34053739529748,0.552244609237709,4
1459,0.605135311765671,0.312991817958114,0.541367046935798,6
1219,0.598110057943398,0.366494699506404,0.550387737254884,5
792,0.264440199933015,0.202307810704224,0.196388788055629,3
719,0.256765379325952,0.274511434067972,0.143652024213225,3
323,0.288848721247632,0.361123517900705,0.521735496935435,1
1183,0.596500429535991,0.37569188075129,0.550120674125237,5
309,0.291117066203151,0.327518159104511,0.154975278885104,1
944,0.602946905886193,0.343879975540682,0.551746359015741,4
583,0.318782043682877,0.424250945844687,0.273949935566634,2
440,0.291895246864297,0.278556356485933,0.461535113980062,1
1306,0.602042127633413,0.313627105045707,0.554048954899621,6
956,0.594236011356014,0.337375440416983,0.551309485631564,4
1233,0.602411479071895,0.375340966675508,0.546536808595177,5
116,0.358921779319644,0.812955427682027,0.210824515670538,0
1442,0.598909064654024,0.309517528238946,0.544851109422374,6
387,0.289857300310396,0.187808798323385,0.614420356112532,1
301,0.290598864268977,0.0882794348755851,0.225765486597084,1
258,0.430065028369427,0.19628421519883,0.89397927839309,0
1432,0.605364089601172,0.304886116152013,0.544321534908938,6
1278,0.605332422586222,0.38124158837433,0.552086914471585,5
407,0.290376721585635,0.167622405732982,0.269773783278652,1
1149,0.593898486800423,0.376236233454308,0.541968986549337,5
99,0.222350224852562,0.99891492840834,0.932757767150179,0
867,0.262086094191764,0.36441580443643,0.562746863230132,3
1314,0.604516908762044,0.314215242576369,0.536474888324427,6
603,0.321899787362199,0.397471004445106,0.384096423629671,2
874,0.256845177877694,0.270811297977343,0.164130117860623,3
837,0.263737453524955,0.432911907252856,0.614914138568565,3
1123,0.591712401176021,0.372307543983958,0.552434192633857,5
543,0.326137144381646,0.0727929854067043,0.408386240480468,2
81,0.761348564643413,0.287602201569825,0.786151215899736,0
1024,0.603992081055627,0.338286555705223,0.540525636549391,4
218,0.598529842216522,0.517966715618968,0.0198779692873359,0
436,0.294015571393538,0.29902015211992,0.223720108740963,1
924,0.598106578815263,0.344944640048488,0.549512846909407,4
861,0.266208181164693,0.226919475058094,0.172260928666219,3
1485,0.606047644205748,0.312854846987645,0.545439420115914,6
839,0.26373286312446,0.391597513388842,0.280450987163931,3
1077,0.612086622865852,0.344634378660156,0.54899294055485,4
504,0.319614931766409,0.0594960237387568,0.388856359524652,2
394,0.294625721634366,0.345687200129032,0.169832483283244,1
107,0.978513029869646,0.208007055101916,0.0128883682191372,0
717,0.259481900394894,0.19648252024781,0.552547883009538,3
1437,0.596132327043208,0.310454691270312,0.54441608327236,6
19,0.856479984940961,0.0438825108576566,0.335576622048393,0
1447,0.596427561689452,0.307288069656711,0.541703174434936,6
492,0.289805532798637,0.404177908133715,0.416274154791608,1
971,0.596242989848801,0.344241734612008,0.544147594978652,4
1351,0.596744942633618,0.309616900966899,0.549706464778961,6
379,0.288819267766085,0.221576969302259,0.531227425788529,1
826,0.260623596734367,0.510822541941889,0.529644060181454,3
705,0.265869534956291,0.29332927968353,0.268739530700259,3
651,0.325239217272028,0.415392950340174,0.525165907572955,2
1286,0.607723092053894,0.374937346470755,0.543780350357709,5
375,0.292109152313788,0.119104227563366,0.334882927592844,1
138,0.816234449390322,0.691086189821362,0.626133867073804,0
294,0.456150495214388,0.0475467746146023,0.0758725223131478,0
488,0.286544680006336,0.166773558524437,0.354867721209303,1
921,0.606149253412265,0.348338964906152,0.554042474757484,4
1350,0.595161968884364,0.31426684354675,0.541816341443961,6
959,0.601954662243063,0.346219766361761,0.546456908637321,4
886,0.260353153001051,0.242846006341279,0.335078085074201,3
417,0.287364845904522,0.387608574749902,0.422921354649588,1
1327,0.605304627847431,0.314717578449919,0.544527804315312,6
429,0.286998162586242,0.336228299932554,0.313172690104693,1
356,0.293851506561041,0.120954572968185,0.356734410161152,1
453,0.29341867494164,0.47799737744499,0.374798025237396,1
1391,0.607661171139856,0.314375382569332,0.54466802450233,6
25,0.748128472827375,0.240808384492993,0.170874149771407,0
1411,0.599136196778425,0.313515177151499,0.551430166748917,6
1443,0.593690463683158,0.318185000604682,0.548915715781166,6
623,0.324707604791038,0.041893499600701,0.23218649730552,2
1332,0.607557000597122,0.322509536104643,0.54599386727189,6
1139,0.590418100769237,0.37064089936097,0.551401357097465,5
586,0.319570695224684,0.277546294895001,0.618501362972893,2
930,0.598899269447582,0.343502533602938,0.5581066396337,4
11,0.634781709872186,0.459027205128223,0.25407796096988,0
799,0.266104862184729,0.454974327399395,0.515035441261716,3
722,0.265229632405099,0.149231650447473,0.257026195642538,3
326,0.29302808937151,0.265979125443846,0.406974137644283,1
1261,0.606999162710704,0.377675363743272,0.539358060848985,5
882,0.25648399323225,0.475935673620552,0.501777817029506,3
175,0.0349039330612868,0.950607958249748,0.623476693639532,0
553,0.319627195955254,0.271066437987611,0.314039172953926,2
891,0.258730595638044,0.460838076821528,0.411712106899358,3
545,0.317181750526652,0.3034411622677,0.13366650196258,2
284,0.0557131816167384,0.509633843787014,0.916396581567824,0
305,0.292588867924642,0.281108208512887,0.543947556405328,1
1272,0.593568114487641,0.381696358383966,0.539854156544967,5
199,0.408446887275204,0.518169747432694,0.771178941475227,0
39,0.801912015303969,0.319480615202338,0.712693455861881,0
1382,0.604646523259408,0.315112700846174,0.543494374644243,6
1243,0.601060917847171,0.384739360075864,0.54828517983064,5
769,0.258002390288748,0.413241424644366,0.550533237983473,3
1389,0.609029995753508,0.308628083312144,0.557403987474025,6
1186,0.610128017969872,0.371341563472895,0.548589441207216,5
114,0.652989248279482,0.499892304651439,0.989708398003131,0
519,0.324107849993743,0.379180522914976,0.56842039572075,2
1393,0.605227760251435,0.319192262408396,0.544023284535166,6
245,0.202757079619914,0.063085530186072,0.47906456538476,0
1325,0.599432274440227,0.310633823177803,0.55160371647197,6
73,0.0573165097739547,0.409722647862509,0.789965360192582,0
95,0.257647699676454,0.197925589978695,0.631450207205489,3
1084,0.605822991777236,0.343933962674707,0.55201509033172,4
16,0.292670927243307,0.650157038122416,0.0766578433103859,0
165,0.5023009525612,0.00771601963788271,0.0133284563198686,0
410,0.292214458682574,0.184602845739573,0.496889946633019,1
1099,0.604271214473998,0.351160178136003,0.545302115292623,4
1050,0.598492480414146,0.332238185176669,0.55051088238451,4
48,0.311314622638747,0.134964985307306,0.635671535041183,0
982,0.600994930257683,0.345002910425287,0.544363319479554,4
1289,0.60152527961355,0.368136144060772,0.549012883632682,5
152,0.129408476641402,0.375098558142781,0.51399491680786,0
1435,0.599831090299489,0.311960384406277,0.539687607422038,6
916,0.595879719765415,0.346886352500902,0.541377920011538,4
1287,0.602039820662839,0.372665785761268,0.547824499647573,5
1319,0.596142974211096,0.314357645619739,0.550696015954713,6
1282,0.612951473336585,0.377394050905342,0.547722497205363,5
787,0.262579363577534,0.493015196337365,0.178498557186686,3
391,0.293970255863387,0.279805385088548,0.213675873004831,1
357,0.295339166969061,0.162640787824057,0.432990065892227,1
96,0.178895044606179,0.788675745949149,0.0138001551385969,0
794,0.258086772917304,0.314625620422885,0.48976582067553,3
237,0.321595494169742,0.527202198514715,0.677145450143144,0
863,0.264083640885074,0.0896336689358577,0.326087424415164,3
726,0.256859961091541,0.159662916720845,0.520725565729663,3
1374,0.599915125572679,0.311445600982458,0.546468270261379,6
128,0.0944096352905035,0.942506924504414,0.451006811344996,0
571,0.322813581048977,0.239252630318515,0.616869865451008,2
884,0.25906994689256,0.10273879468441,0.400656939134933,3
86,0.995344988070428,0.595233441097662,0.997955268016085,0
61,0.355524209793657,0.0470280633307993,0.403872617986053,0
2,0.835433305939659,0.902701062848791,0.591334445169196,0
1416,0.605882888828645,0.314017112714527,0.539608273128503,6
1120,0.593393909836257,0.368579974970457,0.539806835437612,5
30,0.896822151029482,0.0254671867005527,0.912174746394157,0
1191,0.593664802052252,0.370811352931778,0.540965814242073,5
67,0.727377469651401,0.176733248168603,0.648204412544146,0
1276,0.600264885918689,0.375746217862715,0.542460806438538,5
1345,0.6039152959787,0.308423082149433,0.542233986318243,6
188,0.486384163377807,0.396263424307108,0.910840176278725,0
278,0.492929701693356,0.67682318110019,0.872840059222654,0
166,0.828932499047369,0.56441694824025,0.886986538302153,0
307,0.293517597147729,0.518615388823673,0.273710326873697,1
362,0.288192077400163,0.237572304834612,0.31565951439552,1
1224,0.598437305245016,0.372577879554043,0.548943807990378,5
64,0.327910612337291,0.615221465937793,0.269870617892593,0
1462,0.599340828183871,0.307046153335962,0.539505283682172,6
275,0.338988046627492,0.894532191567123,0.148132134694606,0
528,0.319098314277362,0.191275892825797,0.179569373489358,2
1496,0.602043406419859,0.316580679647052,0.555209763096496,6
805,0.264211632648949,0.494900704640895,0.189756812527776,3
319,0.296248133003246,0.156527642672881,0.191948812571354,1
1453,0.59872578222054,0.31841542481359,0.54553984530529,6
1101,0.600704961099152,0.374855637346636,0.54154097394947,5
1151,0.597834142501433,0.36738959886626,0.543273299241349,5
1457,0.609171084265458,0.316443495186023,0.545278565570491,6
713,0.262567924549803,0.126736349822022,0.505010345601477,3
791,0.263501722505316,0.26230183574371,0.168042352423072,3
1421,0.602022634630996,0.314081489199641,0.547927678630009,6
734,0.256627908195369,0.424144086940214,0.313868507393636,3
1240,0.607012126891479,0.378416411352941,0.556893602644219,5
1036,0.599728079100612,0.339455684666078,0.54691545054981,4
558,0.320309230519924,0.38772138573695,0.468209538725205,2
643,0.322384936152957,0.47063914120663,0.459179858095013,2
912,0.598668379083238,0.34351256173679,0.542428183541363,4
390,0.288132143660914,0.0695170622086153,0.546653334866278,1
1254,0.600299782231545,0.380088002067193,0.544730068380343,5
427,0.287422838830389,0.45730898079928,0.256775485351682,1
599,0.319271244825795,0.484046266926452,0.420617038849741,2
242,0.789526280481368,0.74889403115958,0.341536666965112,0
359,0.291550883117598,0.418500935123302,0.625182399176992,1
679,0.325530034925323,0.400495145283639,0.60065553849563,2
1048,0.597515796635153,0.338304202386259,0.535788852854619,4
949,0.594797547439137,0.342476010821838,0.546403147051603,4
1337,0.601909867368966,0.314193650290508,0.551806476086538,6
1238,0.604152408717445,0.365745651594443,0.543237018853509,5
1280,0.60023635262965,0.366432190309297,0.544060474858052,5
786,0.258852027456742,0.259292728547007,0.598077031667344,3
1234,0.600481899328207,0.367000275842199,0.548589078724759,5
145,0.417230517137796,0.787382925394922,0.938873924314976,0
983,0.599375140813143,0.347096422634706,0.550934782670746,4
527,0.324699608061928,0.228808686416596,0.514281548559666,2
1291,0.603519552945236,0.376341831190288,0.552938179075894,5
339,0.296053987625055,0.143909435882233,0.367530439980328,1
1390,0.597979736031556,0.30984704806778,0.540744137694433,6
406,0.288996265372261,0.15776628551539,0.462128895334899,1
1292,0.600052323475497,0.372735182128755,0.545562937796362,5
641,0.326244688206352,0.174398860475048,0.480060321628116,2
760,0.259102634794544,0.0855486953398213,0.444923768751323,3
181,0.0640458092093468,0.181965441675857,0.158526943763718,0
776,0.264022086770274,0.30101173131261,0.422298897057772,3
1309,0.604542180191116,0.315689672760321,0.54688209057219,6
302,0.291777904168703,0.1007921628654,0.593157627154142,1
257,0.256492814049125,0.598464592127129,0.588553694775328,0
1103,0.604401727209848,0.366446517026151,0.545978591805497,5
822,0.263385798407253,0.123270252998918,0.548660859814845,3
293,0.56838922156021,0.797339337179437,0.332816491369158,0
312,0.294000737101305,0.108168238122016,0.277255981811322,1
452,0.293079426919576,0.387851300579496,0.267522889305837,1
1497,0.597554630204098,0.313847254287197,0.547384452186436,6
409,0.294934990778565,0.111007257644087,0.206796679180115,1
1187,0.605981602744483,0.374181465289963,0.551849056374553,5
45,0.976280597271398,0.536838220432401,0.892594130942598,0
1361,0.597250445897339,0.309391760403715,0.542598307940273,6
126,0.878460032399744,0.621037356788293,0.833610474830493,0
1433,0.600359801975645,0.310200359884995,0.555465931359047,6
1377,0.59906779977534,0.320940378167306,0.543679082653086,6
911,0.596343136863253,0.345946002733618,0.546645709522561,4
462,0.295585715977941,0.374169178702868,0.511348634609021,1
900,0.265265470359009,0.31334848694969,0.219726800220087,3
340,0.287516352082603,0.465604612184688,0.323144084657542,1
946,0.599418727522242,0.343633484200552,0.542970441561858,4
1153,0.603000160437565,0.362561268307056,0.547085855720121,5
1321,0.595316416055604,0.317887549904135,0.552440008990733,6
18,0.928184004034847,0.430304481415078,0.244369933847338,0
1340,0.601992575476433,0.314869879540172,0.548819010311615,6
44,0.19597868877463,0.00404282077215612,0.662277521099895,0
1030,0.597310676943516,0.346973255030203,0.542297860025608,4
1241,0.604645119261688,0.372690080060887,0.551391729627311,5
1083,0.61061121844871,0.337347257981905,0.546824884880972,4
1417,0.614838637613888,0.322394077923898,0.54757811479637,6
464,0.295104343167041,0.421004833350889,0.381419308949262,1
538,0.324415847093333,0.0978606404270977,0.182802046532743,2
864,0.26004734020913,0.369871368794702,0.520815379801206,3
985,0.598439708791806,0.348517784418361,0.549510850326887,4
370,0.291375310418662,0.516872642724775,0.238790009170771,1
71,0.0717424394097179,0.130802583880723,0.824690755223855,0
490,0.288168775290251,0.112334079272114,0.59759034216404,1
1181,0.598598672592485,0.373729288705398,0.547972055883852,5
665,0.319164469260722,0.0403510197531432,0.371160543174483,2
841,0.262035825331695,0.310396686592139,0.296427591936663,3
233,0.945734186563641,0.726231167558581,0.119376961840317,0
638,0.316954565681517,0.486297251353972,0.625780888018198,2
987,0.595547871221134,0.341935391317808,0.548025259204993,4
774,0.259277452945244,0.361613786942325,0.550443202140741,3
183,0.848860970465466,0.403632607543841,0.829341801581904,0
295,0.518290595617145,0.200654288986698,0.45993534126319,0
1451,0.602418579318608,0.313860837796042,0.53642929073302,6
335,0.291433782367967,0.475080787832849,0.353290584520437,1
718,0.263637760081328,0.177280319202691,0.589427138329484,3
741,0.258429553266615,0.0684945398708806,0.133413748000748,3
90,0.197795431129634,0.072533026104793,0.277343676192686,0
936,0.60451897758627,0.348907097284903,0.536618517434259,4
541,0.319230962113943,0.470504528773017,0.247446388937533,2
682,0.324839021468069,0.349104426265694,0.590441248612478,2
1425,0.600062253647358,0.315191965370674,0.543677232338291,6
59,0.619399596937001,0.234524129657075,0.970953672425821,0
542,0.320705372856464,0.477530261548236,0.427625154261477,2
857,0.261719471483957,0.20917975383345,0.448638924397528,3
581,0.322359320430551,0.0382767324801535,0.590385979739949,2
88,0.519515754189342,0.342783419182524,0.623739565489814,0
1113,0.605233617554563,0.367536592273057,0.551468217867228,5
1009,0.601988360570038,0.340729779366783,0.545016669994403,4
807,0.265073893065564,0.16822038362734,0.304954537074082,3
680,0.318799544950016,0.356318911118433,0.500661815865897,2
773,0.262180165275931,0.370975868823007,0.536867771414109,3
360,0.289535041679628,0.493109858059324,0.20018717367202,1
699,0.320079385698773,0.0629337664460763,0.316530059208162,2
280,0.987378254765645,0.540770452935249,0.844493001932278,0
765,0.257549327511806,0.0870027040829882,0.349335960345343,3
400,0.293200579565018,0.412407689541578,0.158754449221306,1
816,0.256820954422001,0.464948149444535,0.266754001379013,3
1109,0.602605577359968,0.368154962777001,0.542357426497952,5
1063,0.60623006063881,0.343196810739159,0.540485476403629,4
789,0.265666737279389,0.398508059489541,0.433498952537775,3
1215,0.598352310706504,0.370725656483566,0.542955094756473,5
546,0.320774366348051,0.377449130453169,0.34387086564675,2
36,0.168614447116852,0.821583786513656,0.953009211225435,0
63,0.161207473138347,0.852198197739199,0.721988724311814,0
1232,0.597896921335733,0.360846421376509,0.556535193102179,5
1448,0.609335515858926,0.309779450536954,0.545797816337625,6
1372,0.606959837802842,0.303259934507323,0.546720155427962,6
688,0.320790678928606,0.377650803118013,0.613307361723855,2
281,0.121018857462332,0.236402565380558,0.0881724683567882,0
567,0.324885997043457,0.312414655508473,0.349744988954626,2
606,0.32373071226757,0.193451013579033,0.389515463379212,2
751,0.263248417524155,0.260795406810939,0.197262397850864,3
12,0.631697952514514,0.289291566237807,0.214218769688159,0
113,0.474596984917298,0.734248108696193,0.0524569093249738,0
489,0.296128328249324,0.438140541128814,0.379416764480993,1
236,0.606172315310687,0.166700008325279,0.611483741551638,0
248,0.936255785636604,0.399797932943329,0.861073576845229,0
477,0.295687143644318,0.511068269307725,0.152758350013755,1
1464,0.601304402791934,0.31202273985148,0.547567516818637,6
1271,0.602832929469642,0.373233994862047,0.546671192335831,5
1014,0.603040859475525,0.340955880056121,0.548108942550432,4
966,0.595443889582194,0.340362503410196,0.540564199553128,4
829,0.266332435382064,0.372822312219068,0.395848368527368,3
1205,0.597295815989589,0.372979208607519,0.545692747676892,5
419,0.287675472851843,0.496543105971068,0.313833161140792,1
469,0.291151216491126,0.499121291260235,0.40041873510927,1
1019,0.609005265105159,0.346366962972666,0.54837139495902,4
246,0.531074404949322,0.720275653060526,0.620584600139409,0
967,0.602005368896655,0.340307887060798,0.547576473115268,4
629,0.322652379297651,0.0243338887114078,0.198273647809401,2
482,0.28637416575104,0.146220485493541,0.386252839700319,1
155,0.630610651802272,0.905446460470557,0.269688981352374,0
337,0.287903584418818,0.274311685515568,0.367007775581442,1
1330,0.602602561348734,0.316949105671018,0.551692830570914,6
1304,0.604146981851715,0.318302775509931,0.541706707741453,6
1331,0.600961582295864,0.306058248117316,0.54725571876015,6
97,0.711755028925836,0.911923623178154,0.79039034480229,0
289,0.320496837375686,0.206872506299987,0.20279236859642,2
1265,0.595719949362337,0.365017184526381,0.545101275306921,5
1212,0.602012889025985,0.366973621841906,0.545737456540328,5
656,0.322666684323922,0.503945588180795,0.514731081086211,2
1414,0.606463277192035,0.307732220353829,0.536928096682301,6
835,0.256432600864209,0.133109279256314,0.519046856905334,3
856,0.263761901741382,0.199803605373017,0.160031381412409,3
939,0.604189371816546,0.349806700548876,0.55263151485224,4
1499,0.601070480887515,0.316213476483146,0.551423673474234,6
1102,0.601828490845746,0.373395507339552,0.542892823849606,5
262,0.0578710122499615,0.33347516041249,0.014904101844877,0
434,0.293872076284606,0.373487483290955,0.275933713652194,1
1400,0.601297487096922,0.315196536641454,0.543947977379099,6
1352,0.605183251371638,0.30571470396794,0.546594946055611,6
328,0.290627021067776,0.158496883860789,0.503295240807347,1
91,0.559259705245495,0.305066605564207,0.196500780060887,0
260,0.464809916680679,0.650448843371123,0.862467037979513,0
1037,0.602925308832141,0.341423158577513,0.551561064173421,4
1114,0.613106377439459,0.369125383679804,0.5503224151135,5
644,0.31739997163415,0.376484345924109,0.2410772141302,2
1487,0.597219490233265,0.312307871020442,0.544156756852973,6
271,0.824428441701457,0.407959627453238,0.525742542464286,0
838,0.257353978015017,0.3731059710728,0.328434019349515,3
879,0.25766986269271,0.266428523161448,0.331333836307749,3
1197,0.603199074050557,0.364630923816533,0.554518922112551,5
1441,0.601050429654071,0.303078313075394,0.542496622307659,6
202,0.034781780326739,0.199291535187513,0.145890751387924,0
1,0.497325630160049,0.336702019209042,0.947040184400976,0
447,0.292499934460502,0.34942569413688,0.440396202262491,1
840,0.265315568798687,0.250156180048361,0.199395052739419,3
998,0.607183219657028,0.335958058542386,0.551363748598666,4
1074,0.607544132498169,0.340463524187566,0.558852080352193,4
373,0.287914282765705,0.261703348415904,0.540897943195887,1
1087,0.602074232258974,0.347632272192669,0.549593166938953,4
338,0.294049890192691,0.295670249545947,0.398034242913127,1
347,0.290410046575125,0.0542567895492539,0.595996141782962,1
1119,0.605211891359976,0.378530185676019,0.548965983253131,5
735,0.262064950596541,0.10071251639165,0.189228417119011,3
27,0.0906946852337569,0.996503583388403,0.157888355199248,0
250,0.355894102482125,0.479811707278714,0.483899609884247,0
317,0.287630638487171,0.0388887195615098,0.29094080242794,1
1297,0.608893361153361,0.369345293573371,0.547672246283122,5
40,0.60447913990356,0.877511814236641,0.310282466700301,0
1035,0.603908275219193,0.347413428415138,0.538115437742265,4
1043,0.602678414282758,0.343831648060614,0.545731564705363,4
764,0.265282977237366,0.0754742292221636,0.570094936527312,3
1429,0.600712458936452,0.313017491090098,0.54175609736488,6
814,0.265673490476329,0.357256392994896,0.166032257024199,3
849,0.26299025937682,0.463850068673491,0.21475607517641,3
1469,0.599364965407913,0.313810436829952,0.54716740073625,6
1041,0.603173642586194,0.339413950788717,0.543960858319091,4
1410,0.602331810953892,0.314025478935407,0.546919938013173,6
341,0.292936508334242,0.436730510136113,0.203552387538366,1
1468,0.604165707149493,0.317741433070612,0.545845032764534,6
108,0.690134889213368,0.734808136941865,0.272778248647228,0
169,0.0545729843433946,0.304587058024481,0.361899868352339,0
297,0.391492872033268,0.244397388072684,0.922843162668869,0
156,0.382552395574749,0.74912335514091,0.518327745841816,0
1090,0.609050882541909,0.345675646100719,0.547365521660145,4
324,0.290401352236513,0.0289337601745501,0.623362381476909,1
559,0.321536692541558,0.279040645505302,0.152228575549088,2
182,0.0749944827985018,0.360526774078608,0.933085496770218,0
1418,0.602049778095548,0.314384602884687,0.549765213094839,6
905,0.612419871811898,0.334795990722778,0.542811045238538,4
687,0.320660386893433,0.0379516392014921,0.387510616448708,2
486,0.288846423749346,0.323749225283973,0.287833243259229,1
506,0.316382574874442,0.232627401640639,0.381762312259525,2
733,0.259560854227748,0.459131766855717,0.632319703930989,3
681,0.317761216759682,0.228948605526239,0.613357306690887,2
21,0.662407085299492,0.0807718012947589,0.816673799185082,0
475,0.292255826967303,0.0920031449524686,0.208949028747156,1
1322,0.608301156358931,0.312335263742538,0.544091705718208,6
875,0.264489913249854,0.321696326881647,0.361452555516735,3
179,0.515046480577439,0.683665486751124,0.182257789652795,0
945,0.599736921863883,0.342011018783792,0.544436423626989,4
854,0.262369593956973,0.28764999336563,0.194513611495495,3
628,0.322542019197717,0.0497589768376202,0.518638237612322,2
235,0.292137161130086,0.991881518624723,0.193420864408836,0
588,0.322497302861884,0.159596865926869,0.529145561507903,2
536,0.325943379679229,0.164060518192127,0.368162129656412,2
318,0.29406435135752,0.0556270715780556,0.418597491341643,1
6,0.932050705188885,0.854442078620195,0.0896769841201603,0
514,0.325189353080932,0.419447342678904,0.150262636947446,2
646,0.320531212042552,0.0334950717398897,0.584456395474263,2
796,0.261757100510877,0.374489543540403,0.546348495525308,3
989,0.600915342078212,0.335755690283595,0.545284330981733,4
101,0.197954085189849,0.234653526451439,0.854751464445144,0
565,0.318519723301288,0.249787455936894,0.490934165543877,2
424,0.292846863407176,0.0893161929445341,0.433981500682421,1
495,0.29225183761213,0.444465467752889,0.524970343802124,1
700,0.3207186415256,0.508919453644194,0.209347239346243,2
1438,0.604146705645749,0.310011298574723,0.545789679246612,6
146,0.653688971651718,0.950976887252182,0.187992042163387,0
1266,0.592477508675877,0.377154769182187,0.547851902745079,5
208,0.326583820395172,0.0337555604055524,0.921372693730518,0
865,0.258746177414432,0.369328065123409,0.159594404743984,3
13,0.816408273531124,0.918945675017312,0.280491910642013,0
1338,0.601230541800386,0.319775630923177,0.541200732130624,6
1163,0.598683529569341,0.381948167326388,0.536468224049205,5
1065,0.615820571500417,0.340197933036359,0.549714298821131,4
228,0.556901947129518,0.832255431916565,0.686140411766246,0
802,0.26406087676296,0.120229856739752,0.300206537940539,3
899,0.261354648836423,0.174873344530351,0.594500093604438,3
1246,0.593179082151268,0.374252572353441,0.546601530791556,5
481,0.293427998779807,0.222629755781963,0.189407339086756,1
306,0.291603612981271,0.360681060282513,0.267050271504559,1
1004,0.608021121105472,0.338205798097884,0.544848859101944,4
378,0.294650167180225,0.352015924802981,0.238168727024458,1
662,0.320701092546806,0.363427422055975,0.530975823989138,2
329,0.289705470097251,0.421355854766443,0.545151316560805,1
1201,0.606607273236572,0.376232157424812,0.552181696066482,5
1176,0.605076104785942,0.368604005219104,0.549661038201152,5
1279,0.600426286020892,0.377193257843305,0.545158881895637,5
34,0.476183373946697,0.0550049566663802,0.771392875351012,0
425,0.294752171749715,0.334393549640663,0.433511659037322,1
689,0.322557142050937,0.392380895256065,0.465856214403175,2
1117,0.592315115123378,0.366639778789438,0.548203952872981,5
890,0.264532195276115,0.134778492664918,0.545335493283346,3
135,0.393140696920455,0.978388499235734,0.0100203445181251,0
1184,0.609088518016515,0.368051634206247,0.548447815164327,5
1026,0.597495356687027,0.340563279470872,0.537604285463805,4
1185,0.596808117617681,0.374358701760883,0.549235147326468,5
1098,0.606347159194211,0.336068943027184,0.548755412430219,4
648,0.319740963631775,0.105725961201824,0.143643340910785,2
1364,0.602845182897232,0.311673919403548,0.553019506467921,6
430,0.291520889869425,0.260346209676936,0.567752873757854,1
624,0.321148959610146,0.340500634908676,0.409948043408804,2
595,0.320277083700057,0.496183312195353,0.340695261256769,2
654,0.321759112756699,0.21155083195772,0.332557433051988,2
1092,0.602111056518406,0.339203480114026,0.539493858803391,4
1369,0.593638840249937,0.316806966970322,0.550872989978344,6
10,0.889719931175932,0.824244001880288,0.187292027287185,0
89,0.991359589155763,0.395361761329696,0.690493572736159,0
881,0.259248508154415,0.214867764664814,0.148245220188983,3
1336,0.601809729255726,0.32532559547485,0.546725345921899,6
368,0.291191615245771,0.358751389128156,0.616743172868155,1
98,0.867361756507307,0.18925136490725,0.944869302446023,0
75,0.534178256290033,0.156872430350631,0.867180539295077,0
1213,0.597942837066814,0.374152383153107,0.544252891038115,5
283,0.0488111081067473,0.189066456630826,0.328559552086517,0
621,0.324646445647813,0.152737534884363,0.355118139181286,2
363,0.295576009515207,0.467045521410182,0.456040549790487,1
1000,0.606222267238328,0.343210356131599,0.549959163891697,4
976,0.598859826494053,0.343826466725025,0.546604078286951,4
501,0.318648462456185,0.308502811053768,0.281143289408647,2
613,0.321951010846533,0.265153131261468,0.294873508857563,2
550,0.320448813387193,0.110293459659442,0.188694692333229,2
513,0.316392707454506,0.472158924606629,0.496547657763585,2
1267,0.602256829367864,0.372138801778781,0.541947084172126,5
413,0.290448750506621,0.334573021554388,0.496909708948806,1
468,0.296305914237164,0.335961299529299,0.305840644869022,1
892,0.261921539586037,0.44079998745583,0.458357557072304,3
610,0.318408690460492,0.296606788574718,0.297029042965733,2
483,0.296135422736406,0.400108761899173,0.230012103100307,1
889,0.257438306773547,0.195372797246091,0.165996420080774,3
139,0.93705257656984,0.457938335137442,0.533112933160737,0
74,0.398873012745753,0.38280379679054,0.648292070254683,0
1218,0.593999910504677,0.375156973236392,0.540642916610707,5
589,0.321666112821549,0.518587307003327,0.552125280839391,2
1354,0.602042041915972,0.314686335001899,0.544064350785166,6
361,0.287965815637726,0.163094678823836,0.33351972408127,1
43,0.705011195736006,0.756967032561079,0.00336673320271075,0
344,0.294361737724394,0.465592126175761,0.627438157680444,1
118,0.624251206871122,0.668171420227736,0.187853742623702,0
93,0.992491247830912,0.759509657742456,0.521423898870125,0
176,0.132714712526649,0.0861764620058239,0.549748396500945,0
287,0.282581534003839,0.391389352502301,0.828782951226458,0
1478,0.603339268812677,0.305803765048601,0.550450078563311,6
367,0.290510929978918,0.224626465281472,0.409552137949504,1
556,0.317081969324499,0.120175924664363,0.258567727752961,2
1399,0.60272009795327,0.310883439443346,0.546714516972618,6
1220,0.603960438322499,0.377302963146828,0.549712383620679,5
578,0.322937852768228,0.315544779342599,0.300766265019774,2
1281,0.594611368245767,0.372990217238545,0.549511879339734,5
1046,0.594342583731336,0.344062718484257,0.544113773658751,4
670,0.321260456792079,0.13267427245155,0.216122149140574,2
836,0.261090251556598,0.192507286602631,0.321840327931568,3
1398,0.604230275001832,0.312573309662678,0.548855510750604,6
1235,0.608176397214262,0.373053888329417,0.542705746944572,5
1284,0.603866585367228,0.370218209990983,0.544611832334843,5
957,0.602876440550592,0.346321655436903,0.550865867923577,4
223,0.741341280983761,0.880003881175071,0.609428925206885,0
1269,0.610817941217572,0.372549868381221,0.537221214510825,5
9,0.97133342991583,0.366955454228446,0.101965103996918,0
1480,0.603483482649552,0.314213670687415,0.549234727316501,6
940,0.600324116946824,0.347906190430682,0.537715687670088,4
848,0.263815815811977,0.249917989294045,0.264214114402421,3
149,0.397802005056292,0.57098896196112,0.412370518548414,0
702,0.261411187527701,0.440610296139494,0.366886581876315,3
1137,0.601395757598933,0.380147451658596,0.551002136429382,5
459,0.286696884841658,0.256050030514598,0.606239386484958,1
20,0.895375814754516,0.0616821427829564,0.681888974504545,0
968,0.607273412434797,0.344184828801014,0.551903726296096,4
1308,0.60036859795599,0.307930168309191,0.548874158512966,6
1491,0.592975428187353,0.31307473554669,0.539599551070526,6
1080,0.601971662059546,0.34911127373313,0.557109461518772,4
418,0.287050983454101,0.126325933192857,0.252307028509676,1
1154,0.591832066185193,0.380781842229158,0.548754613751173,5
408,0.289448790473398,0.404334884998389,0.344355994137004,1
499,0.289624150281306,0.48160441678483,0.499779061065055,1
1012,0.601547791883533,0.346050866712957,0.551261501818369,4
42,0.047720171045512,0.598179576918483,0.181773969205096,0
824,0.25638841817854,0.189988635177724,0.599121912033297,3
724,0.256337891179137,0.347827370441519,0.365090454230085,3
1406,0.613345309434749,0.3138077379241,0.532555725194953,6
478,0.295088451784104,0.475585252325982,0.385532379732467,1
1450,0.598004186156218,0.318097917892056,0.545557910893048,6
573,0.320459046841133,0.398913289234042,0.295682640629821,2
596,0.32413698035758,0.023722422355786,0.567450264468789,2
755,0.256415976870339,0.120011132839136,0.564433451043442,3
1072,0.607912298341442,0.339186807538405,0.553278546598255,4
678,0.324153369537089,0.0714249422773719,0.33122495515272,2
1494,0.602462700147329,0.317439636583363,0.547217835940647,6
901,0.607452226117863,0.336665366210954,0.54688706118859,4
232,0.627273865044117,0.709186912048608,0.207415372598916,0
903,0.600075572103638,0.343022838275394,0.551012084593105,4
1427,0.592563380888846,0.322623988983453,0.548708985217598,6
49,0.738694260362536,0.271119884448126,0.543740168912336,0
686,0.321888528126292,0.259890867560171,0.619832001742907,2
639,0.323424280341715,0.186875848495401,0.629561910405755,2
180,0.797882347600535,0.136507760034874,0.588078755419701,0
524,0.3211762517225,0.151981916208751,0.445090322871692,2
821,0.260178304528818,0.114744957932271,0.568366867140867,3
631,0.31854617443867,0.477466601342894,0.294531844672747,2
14,0.277827624697238,0.788900017272681,0.325716036371887,0
1420,0.607841933863733,0.309330790001968,0.552024455813301,6
1360,0.602805990366307,0.314095503191209,0.546318611929276,6
388,0.288376898288261,0.437234648433514,0.226379763800651,1
1430,0.598051199674596,0.312268974086086,0.53840240781829,6
252,0.390729774488136,0.391356843756512,0.0802007068414241,0
314,0.293710893027019,0.503308911621571,0.47341104154475,1
931,0.603304402495065,0.33949364776738,0.543047098689069,4
698,0.316739092727657,0.255371285765432,0.282201420282945,2
273,0.699604810914025,0.453277988126501,0.367317136842757,0
225,0.414219621568918,0.64288561209105,0.263641778379679,0
674,0.320921989211347,0.335817539179698,0.256484549492598,2
925,0.601935647101441,0.338729876509364,0.550197732483471,4
159,0.5926780088339,0.516700026812032,0.798716905293986,0
1227,0.612545598089861,0.362987551771637,0.543929049933399,5
868,0.26246052188566,0.149851018376648,0.253683464368805,3
938,0.594671729732153,0.34684750908557,0.55238724432108,4
1071,0.597221776570802,0.344437328004926,0.546671006273496,4
1093,0.599282343782606,0.335828813951333,0.548958240508998,4
1255,0.603457812592384,0.37134487280554,0.538105783129648,5
555,0.317943631205708,0.319370499392971,0.178056838689372,2
503,0.322353240691591,0.150559384189546,0.165789049700834,2
1044,0.607243825495393,0.341106705868772,0.539515683843276,4
516,0.326135884081014,0.368802904780023,0.415841185604222,2
55,0.571624982636422,0.992640505312011,0.275379440980032,0
701,0.258459799976554,0.410425061639398,0.515096183866262,3
1381,0.600133323662948,0.313450002073032,0.541233210010969,6
673,0.318052543173544,0.158372066146694,0.580883265589364,2
952,0.595312406567697,0.333572014372757,0.541609237555221,4
1270,0.60854157086554,0.367673768448795,0.545547294597671,5
365,0.295913215016481,0.485929510719143,0.137469476787373,1
106,0.529311317717656,0.737015119288117,0.864943631459028,0
557,0.324100849709939,0.0370527094230056,0.440074369311333,2
401,0.295006445697509,0.323312040348537,0.629830735153519,1
1396,0.604807227419749,0.314771547318871,0.550240741749553,6
552,0.322221378588583,0.262717381981201,0.413376483717002,2
1107,0.601924006443395,0.369278873403667,0.545917772972123,5
1334,0.604929874358658,0.309454792926819,0.550704683169868,6
1207,0.606404055339037,0.364827929967571,0.545367330721516,5
1444,0.600070746622264,0.315112850320496,0.54748715105256,6
1333,0.600418390613886,0.306134365813826,0.536195462708326,6
873,0.26519581252709,0.0810487691080198,0.569405581685714,3
512,0.322134100436233,0.244440411496907,0.165175221860409,2
129,0.279695604927838,0.438958921935409,0.0843189100269228,0
151,0.565277095418423,0.456592751666903,0.765012917574495,0
1493,0.601286065340597,0.306552088442173,0.550173486522271,6
518,0.319472666941583,0.120471649151295,0.22774778038729,2
818,0.262051018711645,0.236632938776165,0.22504796856083,3
336,0.289085730758961,0.237993593723513,0.284579478087835,1
446,0.286582155488431,0.329508307552896,0.192233279463835,1
1075,0.606297988784175,0.341429713595098,0.553119650151752,4
497,0.295390549069271,0.401259922236204,0.390505004441366,1
1070,0.610744426838429,0.33928469025791,0.547975987737025,4
320,0.292585151968524,0.0871802253415808,0.357286426238716,1
77,0.47645382466726,0.532172518316656,0.648863737471402,0
170,0.807076382217929,0.594544710824266,0.441233936464414,0
1301,0.605359800925794,0.313003627367904,0.54090186718696,6
964,0.595098690636497,0.335368495101212,0.543516978914181,4
1401,0.593051158440371,0.310819551765756,0.554735734921694,6
1088,0.602447501143579,0.352438800701266,0.549697817381959,4
763,0.264338970631361,0.512314502545632,0.436685949331149,3
79,0.125741939293221,0.281108418013901,0.677201302256435,0
157,0.371414800407365,0.272742604836822,0.21866270666942,0
1476,0.59613410889185,0.308893209853011,0.550663313962957,6
768,0.265723213355523,0.437492420361377,0.4956930965418,3
943,0.602251519662602,0.343251873643124,0.547890946960339,4
594,0.325056677525863,0.0983839461579919,0.397780661936849,2
1428,0.602821646641541,0.308061754232563,0.563857506887885,6
290,0.335044037085027,0.893455454614013,0.0673203123733401,0
708,0.257085371708963,0.190864572697319,0.428440614952706,3
1426,0.604070593267183,0.315044188923361,0.556676234935942,6
929,0.60764407863337,0.346462688904032,0.544362629273832,4
906,0.59567209537602,0.347737588930452,0.53676495597179,4
240,0.898136256029829,0.605818546377122,0.233073664363474,0
748,0.265880585184786,0.187845935393125,0.614379471866414,3
494,0.290596054506023,0.167121556750499,0.626196189667098,1
780,0.266069725025445,0.281105601391755,0.183012050343677,3
1194,0.595277051226663,0.385378398946911,0.548467635426987,5
285,0.673748382134363,0.16879965714179,0.454325697151944,0
1397,0.594931705099537,0.310676472922757,0.546079439278012,6
984,0.598255061766735,0.342358551063044,0.543840016813961,4
211,0.472299035638571,0.520211674505845,0.911516894353554,0
382,0.289029323523864,0.425848961388692,0.299265165347606,1
204,0.471359993331134,0.711852944688872,0.129295125138015,0
530,0.320518750885967,0.195477835414931,0.466502058668993,2
714,0.257571334410459,0.468505586544052,0.379551762365736,3
1027,0.603686507933375,0.336221156895985,0.543303851796437,4
811,0.260497301949654,0.246286746975966,0.227720486349426,3
683,0.322531402632594,0.294244655687362,0.275023142341524,2
206,0.909133798442781,0.625285060377792,0.0873944689519703,0
585,0.318607002168428,0.121841245843098,0.573769534239545,2
1248,0.611816931924926,0.383123869066434,0.550374600968158,5
510,0.325036464722361,0.242022594599985,0.404771434143186,2
465,0.293898284537718,0.504615646251477,0.575729437288828,1
322,0.286338151886594,0.0899535078089684,0.511377253220417,1
1413,0.603094080453991,0.309016835502797,0.550654952406096,6
498,0.290376765993424,0.188906160462648,0.375413443660364,1
729,0.266072177262977,0.379364012554288,0.533313253428787,3
800,0.263077885343228,0.285754977655597,0.400526204495691,3
364,0.294162478265353,0.286363314068876,0.547322844271548,1
947,0.599941964536499,0.345112980953861,0.547187892343805,4
142,0.620027854340151,0.78108400828205,0.541550436522812,0
23,0.602504223119467,0.53702260972932,0.209636294050142,0
458,0.293163721978199,0.513251428538933,0.44574118766468,1
439,0.28956748760771,0.47958410338033,0.594290083507076,1
919,0.609228099585638,0.338406375265634,0.535963293634507,4
597,0.32616912195459,0.0824026039801538,0.516109332325868,2
47,0.0392963115591556,0.850054721115157,0.0371198097709566,0
612,0.325585517825093,0.113745926111005,0.568775044521317,2
1140,0.600294601807344,0.370230156340665,0.536945459260399,5
1021,0.601054165373973,0.348704848105031,0.547263079905924,4
975,0.604045068443175,0.343498909297364,0.544099198773322,4
668,0.318461616369896,0.277268867637031,0.307314543169923,2
1135,0.603788303886418,0.36789053280626,0.537679200660915,5
270,0.188601905480027,0.943959149299189,0.536632048198953,0
521,0.320104554591235,0.46876538794022,0.319476888165809,2
858,0.266177645348944,0.184131687670015,0.257181285880506,3
1239,0.590410148384964,0.379394986376551,0.542869240482623,5
1038,0.603712759159451,0.348933004614924,0.556053303042641,4
815,0.263670443261508,0.425892617600039,0.453201786265709,3
920,0.598410572771056,0.34227205151367,0.551118540124951,4
1326,0.609164800123535,0.311298061795151,0.550625867545209,6
658,0.319586451295763,0.242791284620762,0.394286339054815,2
1188,0.599884480026149,0.368301613550599,0.543074322697788,5
1262,0.59808617607902,0.373789966869177,0.539652778151373,5
269,0.659543421585113,0.625525671290234,0.424837708473206,0
56,0.0443357201293111,0.349974121898413,0.0797572429291904,0
1472,0.595311770455293,0.320640899823248,0.55172381845304,6
526,0.325702230054885,0.442494986159727,0.348204191890545,2
869,0.262084841320757,0.33455904123839,0.436230210005306,3
26,0.753652794519439,0.895344873424619,0.431413174374029,0
758,0.259669168514665,0.0514417322585359,0.152157370815985,3
960,0.604228025566462,0.340137620464951,0.543215284846211,4
1323,0.596469807076899,0.310554364697411,0.541163916934478,6
941,0.596276232649553,0.342113563613119,0.548521690863813,4
456,0.290822528242134,0.0865014166804031,0.394393090740778,1
753,0.257533573170658,0.25107800103724,0.164306495455094,3
508,0.323534324725624,0.46843647158239,0.414308524690568,2
480,0.286837206885684,0.284608969395049,0.157084436854348,1
832,0.265355570390821,0.344438672810793,0.50899784557987,3
1353,0.600301749758109,0.308467495513933,0.549706486211268,6
1094,0.599084006502109,0.345215240734416,0.542112724363039,4
637,0.323713421500288,0.241668387129903,0.26354715321213,2
132,0.643350893398747,0.523058490129188,0.244119425071403,0
592,0.31723116598092,0.0305543437600136,0.170308416825719,2
200,0.0715264880564064,0.643511904869229,0.623281175037846,0
1138,0.598050771722675,0.370091241533336,0.553588640605506,5
657,0.322765816317406,0.227165234438144,0.469277727999724,2
234,0.849936220329255,0.863049048697576,0.945603463565931,0
608,0.325058925480116,0.044548161723651,0.136759445536882,2
731,0.257524197697639,0.200627619097941,0.492325762170367,3
1100,0.596902318899027,0.342001309196867,0.552685650211631,4
1258,0.605104002165017,0.376567927187536,0.54373196769249,5
428,0.293182948729955,0.393356338539161,0.480098666856065,1
877,0.26282313714968,0.199143226305023,0.189094494329765,3
348,0.290238885795698,0.427611675160006,0.233403676073067,1
303,0.295302000616211,0.432062401599251,0.24045880860649,1
1156,0.609804572383649,0.368095738055572,0.545700758250523,5
820,0.262029545765836,0.245479671447538,0.5413465234451,3
779,0.259840850147884,0.250132085452788,0.61705734662246,3
414,0.289228634280153,0.191731021553278,0.608941833139397,1
1434,0.610472874205549,0.316055033783508,0.544115976903629,6
122,0.635406612185761,0.119833135278895,0.0887850862927735,0
981,0.602611048609263,0.349682121113046,0.54367734850312,4
300,0.90501846675761,0.419042340945452,0.618184135761112,0
994,0.602818096646543,0.33899257659947,0.552136341269417,4
602,0.320191644800361,0.152384975738823,0.207159020821564,2
1047,0.610345297053864,0.343342950730536,0.542059684318715,4
403,0.294155050057452,0.2540738964919,0.600295603857376,1
696,0.325889503494836,0.418821294256486,0.207217257237062,2
1490,0.600424532383183,0.316221506570076,0.544656585461447,6
431,0.289732331784908,0.453063412499614,0.586934972554445,1
750,0.259142908297945,0.233516495954245,0.156882132636383,3
487,0.296011582184583,0.143735237116925,0.532985838013701,1
15,0.00213651172816753,0.775529553880915,0.78311723168008,0
577,0.319884731399361,0.259220552095212,0.468397176009603,2
445,0.294883173408452,0.0717676629312337,0.410756115918048,1
255,0.213928684126586,0.775223883800209,0.448058577487245,0
127,0.985575052443892,0.728156206430867,0.684926792047918,0
1230,0.599728254138312,0.378201130480252,0.546742836941918,5
184,0.297671698965132,0.39879098511301,0.538342101732269,0
491,0.292046456229873,0.454967682179995,0.56744580657687,1
1378,0.602488016420297,0.315528950573627,0.536575674938419,6
934,0.601965427208217,0.331452101111733,0.554391389517069,4
1288,0.602701758546947,0.376335114491164,0.551528205905074,5
549,0.324594388504047,0.156140466732904,0.467498438199982,2
222,0.792146593565121,0.600416735745966,0.5704265544191,0
1285,0.610014919059525,0.376243678258312,0.543968275260844,5
37,0.811949327355251,0.242726667784154,0.833488329546526,0
655,0.323949968470261,0.309320180607028,0.436554871732369,2
767,0.25678425246384,0.470712119177915,0.160864313831553,3
986,0.605273755536149,0.342610322890964,0.548293191768338,4
830,0.260553214123938,0.473587079835124,0.24854285211768,3
781,0.263530984104145,0.250353025086224,0.367178834509104,3
502,0.320582966813818,0.176037824293599,0.373508747667074,2
813,0.264502001926303,0.0784666591091082,0.30421760736499,3
652,0.318840323353652,0.0731293376768008,0.604318491765298,2
1244,0.591153143008439,0.372303714654703,0.538816875470302,5
1209,0.608886585190703,0.37859191865425,0.559807300478959,5
249,0.856238814536482,0.661484559765086,0.860584463225678,0
942,0.604282573232354,0.347850324947584,0.546256546601123,4
1466,0.601165227784254,0.316091765823545,0.552127859166126,6
1018,0.60214157949695,0.344191743466416,0.558075000478592,4
561,0.322686682241038,0.252061681752093,0.602276103221811,2
1407,0.600576569813095,0.319007444188097,0.547479991340898,6
190,0.195003104861826,0.0952684713993222,0.0970091689378023,0
1316,0.592560880258857,0.30910435917448,0.549057382358914,6
693,0.319187494681683,0.284297247580253,0.15780447400175,2
1011,0.609354349308273,0.34110392605907,0.539352397743343,4
642,0.318990606097505,0.410838719736785,0.252920190920122,2
80,0.40905011864379,0.182867676252499,0.506211370462552,0
133,0.409176297020167,0.299298427067697,0.760948552750051,0
333,0.286355818775482,0.37066662281286,0.257542430190369,1
828,0.265911189601757,0.0471320188837126,0.503082661773078,3
661,0.319524114602245,0.230943858902901,0.294150320114568,2
1076,0.606606662563477,0.337455336628468,0.558753543233389,4
965,0.602137799899749,0.349685632261146,0.555112685754395,4
1052,0.604625874786527,0.348875592320744,0.547122783623484,4
1033,0.593798201276539,0.340955784733124,0.547430137340726,4
1424,0.602800558663439,0.319205658565372,0.546049136097774,6
1008,0.602526003034802,0.343926104501523,0.553861580367756,4
1020,0.606731721031767,0.33163262933334,0.552998976048272,4
961,0.601540542234374,0.345012337429749,0.547890809993062,4
448,0.290186026813462,0.440195733495057,0.371575552970171,1
685,0.325313378807623,0.319669182924554,0.399606828112155,2
761,0.257424896606244,0.276750637730584,0.520969959325157,3
534,0.319549145444762,0.0281381891574711,0.445620834012516,2
1274,0.606023491305025,0.382252783189302,0.552072675249728,5
808,0.257637331823353,0.442249189061113,0.520080369431525,3
910,0.602598869730954,0.342031210184191,0.545401889749668,4
493,0.294846986602061,0.0943317608209327,0.304420037660748,1
1003,0.604750200394685,0.345428751393239,0.549107438524885,4
721,0.263380087944679,0.518585152737796,0.511776002822444,3
736,0.2605056524463,0.313901808275841,0.275604086695239,3
866,0.258578963703476,0.216547072562389,0.159502115799114,3
35,0.953833265695721,0.566876017954201,0.921893841354176,0
395,0.292896123481914,0.221072104224004,0.242039301781915,1
509,0.323692617320921,0.344887081230991,0.428313913987949,2
1452,0.600041165723062,0.314842040741127,0.534824557016772,6
1343,0.60400037013419,0.310283438869909,0.542209642310742,6
969,0.594227545400666,0.335884330043369,0.545566226475174,4
162,0.484844419406727,0.570469584083185,0.712119958596304,0
923,0.59218969969625,0.345071770993366,0.53276406835305,4
195,0.613930354360491,0.752303908811882,0.375698271906003,0
1492,0.596816850044082,0.314778567860099,0.554197031077794,6
454,0.292700726266485,0.187500366521999,0.282324550673366,1
988,0.601293550691891,0.33367565017841,0.546818775083244,4
584,0.323405911754817,0.406779861357063,0.615091942483559,2
671,0.31729043233674,0.120458866981789,0.434450501576066,2
1054,0.609302450843634,0.338957028682714,0.549578321412262,4
134,0.515725585166365,0.837291359668598,0.10519324732013,0
676,0.325283076337073,0.122914416762069,0.620878949295729,2
1329,0.601421057519619,0.319251223599359,0.539116691047172,6
1167,0.593855915207684,0.371434172390894,0.539279651599396,5
346,0.292033619952854,0.458125586318783,0.46998753643129,1
810,0.259511562832631,0.362876549758948,0.492013158742338,3
110,0.450791677227244,0.513029967667535,0.163095108466223,0
732,0.26259845036082,0.0585133978631347,0.284807025338523,3
201,0.418506641872227,0.827305066399276,0.203534089261666,0
1479,0.59915649388475,0.319451392203851,0.541508158477753,6
102,0.262279248330742,0.852111072745174,0.325365101918578,0
842,0.264595746046398,0.268001531180926,0.444432718795724,3
749,0.262805149652995,0.269237309275195,0.422975901514292,3
131,0.755004393169656,0.965135811595246,0.661280891159549,0
871,0.265543305494357,0.205370278609917,0.445749357924797,3
1148,0.601493615806293,0.366874778553858,0.549688554383705,5
279,0.51304322713986,0.0485915944445878,0.94938784558326,0
630,0.32048552791588,0.163558968389407,0.402962295222096,2
872,0.258372108961921,0.318763382313773,0.574574929894879,3
191,0.672579656355083,0.390591851202771,0.244538114173338,0
230,0.213360280264169,0.168840155703947,0.214010652853176,0
398,0.291068061606493,0.516421799943782,0.50061170081608,1
1040,0.59496507658169,0.342723415449408,0.548580910321984,4
137,0.431261948077008,0.99653449957259,0.130352476378903,0
316,0.289531328005251,0.0422213837038726,0.134959741961211,1
1489,0.600264543475919,0.31726995318914,0.53428584537237,6
150,0.888983523705974,0.00799006107263267,0.112893661018461,0
147,0.69168953387998,0.50676795723848,0.831638246541843,0
141,0.0845583362970501,0.127114445902407,0.913359570549801,0
470,0.289320287732407,0.454398690536618,0.348192083882168,1
381,0.287543423613533,0.092541688750498,0.584097791579552,1
5,0.621826188405976,0.502824271796271,0.329544595675543,0
292,0.956632044166327,0.787276425631717,0.0667038012761623,0
426,0.295029019017238,0.495839358936064,0.45294910215307,1
887,0.259005268702749,0.222059724084102,0.359747678507119,3
1013,0.601155278601646,0.341799877167401,0.543042592965343,4
28,0.42168195033446,0.989256152650341,0.0582599260378629,0
57,0.12578715570271,0.517374854534864,0.599054155871272,0
525,0.325702423842158,0.483575153676793,0.278528370545246,2
1260,0.601385444050582,0.375516303837376,0.529996250805601,5
1124,0.605803541651298,0.368458393789267,0.555217769357094,5
1385,0.606667943874601,0.311530809817002,0.541704389541317,6
65,0.0667487380560488,0.578096540644765,0.222725911531597,0
576,0.323862805298995,0.275646020588465,0.405038224649616,2
140,0.767205117503181,0.768594150431454,0.185742353089154,0
626,0.324522140466143,0.176197807001881,0.282796198618598,2
653,0.318990330032539,0.165091439662501,0.470533758518286,2
231,0.31142473150976,0.163255371851847,0.21266289264895,0
1031,0.595693494617191,0.342580986880195,0.547038648883918,4
880,0.259433087930083,0.0799343189457432,0.609229684341699,3
1317,0.598647805440026,0.312917718136508,0.547950324710129,6
1159,0.60038794211248,0.373681635235819,0.544134361144671,5
1115,0.599931133716018,0.371393413112802,0.544056115629483,5
263,0.125037736492231,0.131454243324697,0.635661437176168,0
463,0.286709508614149,0.291592382639646,0.566338938428089,1
213,0.245156287914142,0.765028255293146,0.419545385986567,0
1118,0.60429603705661,0.378574407165363,0.550144178902197,5
103,0.173286353237927,0.896911623887718,0.139210565481335,0
627,0.318027417827398,0.347297273040749,0.585491134552285,2
590,0.318552475695033,0.316388903348707,0.135232269065455,2
1394,0.595965244002074,0.311439185110522,0.549315019521747,6
1460,0.595063160916257,0.303542802153854,0.546889845762766,6
254,0.840017809998244,0.844417167128995,0.966252522310242,0
186,0.823166631627828,0.353967553004622,0.974285274976864,0
1169,0.602390500359049,0.37356490687259,0.541059056963659,5
860,0.265148308915086,0.104582004528493,0.35935910558328,3
505,0.321093442272395,0.369122521299869,0.13337881246116,2
87,0.927998093422502,0.13064255239442,0.8352282110136,0
771,0.258945545186289,0.356367372954264,0.339550210977904,3
883,0.261906255474314,0.468362722243182,0.373568649985828,3
1106,0.603762626823749,0.375650356025658,0.542858977318613,5
1157,0.602789250835037,0.36997154904683,0.546025888227599,5
703,0.259923863669392,0.452649790840223,0.290101922815666,3
715,0.265408388844226,0.0447838365100324,0.338612155290321,3
996,0.607887069134644,0.333172701923717,0.546556501044834,4
1198,0.596472733945642,0.378555624019962,0.546371552424196,5
441,0.28644263134338,0.248196851043031,0.546541380928829,1
659,0.317676982283592,0.173921179538593,0.623364524100907,2
963,0.61025818697861,0.346383075052134,0.54386869567751,4
1349,0.607030296906045,0.313041671712505,0.545320469772569,6
438,0.290895708850585,0.164398389915004,0.383676421246491,1
1152,0.606172502657787,0.383669573608618,0.538886779707496,5
24,0.991917131701484,0.246465937700123,0.753658269764856,0
1121,0.607350101858887,0.374021254106102,0.553546515829979,5
1073,0.601794873905326,0.336326506492283,0.547596461753376,4
1357,0.598529062316592,0.310793887196172,0.542526024994863,6
692,0.325687050663401,0.0235886687180027,0.564511665492319,2
210,0.3637451287359,0.899717112071812,0.526530233211815,0
1339,0.597498536235266,0.312272616172265,0.550227584137865,6
1129,0.597692838908186,0.369353060123909,0.549905306269596,5
112,0.23018079646863,0.366969516268,0.936557705979794,0
78,0.291895257076249,0.428639442892745,0.558900514617562,1
907,0.598275512052289,0.339495168689206,0.545828625203766,4
1173,0.602497327835182,0.371112510568916,0.536449513190381,5
383,0.288284989218228,0.394097622414119,0.271437881048769,1
421,0.295636499891989,0.355692604952492,0.208174089901149,1
1242,0.596933635298682,0.377944693390946,0.54083073662073,5
1379,0.607484789910711,0.30927874878772,0.541972335143038,6
29,0.247272996930405,0.377387270098552,0.938019297085702,0
885,0.261372776865028,0.415178760001436,0.249113897560164,3
672,0.31813618930988,0.197335905674845,0.227758120163344,2
616,0.318380497188773,0.356538489856757,0.276027180021629,2
801,0.258453504159115,0.153017554245889,0.30425826983992,3
575,0.325517950281501,0.0886963793775067,0.559780299197882,2
870,0.25886239215266,0.243543303152546,0.249714747071266,3
1096,0.604527224079916,0.344023253040881,0.552516697255036,4
1403,0.601045427424691,0.307548990369517,0.554111302156202,6
640,0.317339672469534,0.295678378129378,0.415733705274761,2
711,0.260640441132709,0.404303970560431,0.332114753429778,3
1059,0.596611316267535,0.336486336271479,0.549063932296651,4
83,0.0989694118034095,0.161858821054921,0.592980852350593,0
1294,0.605825751896411,0.368858335328679,0.536320919804515,5
193,0.586394615238532,0.263663670048118,0.695059507386759,0
66,0.645331879844889,0.0137164541520178,0.702983569120988,0
783,0.256893825617153,0.419772636191919,0.141175938537344,3
951,0.603155086616641,0.336858006416143,0.540266152514131,4
461,0.291772824977525,0.29121758188121,0.362395286560059,1
970,0.598355824384199,0.340085840019137,0.552853780073045,4
1221,0.605519086072512,0.366425653762997,0.544489559225815,5
416,0.288898066862021,0.494495936715975,0.263670557411388,1
1298,0.604841920346729,0.368002984543492,0.54712981668871,5
1134,0.601220606949285,0.361806128037051,0.554990030365865,5
1192,0.602791821505916,0.381853318307538,0.54419145757911,5
1455,0.607529860462642,0.313357414510135,0.55250669298875,6
1145,0.604273691757199,0.37807690020593,0.55105398537661,5
625,0.323889158361126,0.297891059704125,0.348139752401039,2
1089,0.590039283643212,0.350805955448826,0.549174142937883,4
3,0.836427327711135,0.273034734418616,0.93806536635384,0
574,0.324647205995861,0.205211492883973,0.184850239078514,2
1193,0.591289715658016,0.367385175510416,0.539799869021688,5
389,0.296261854076292,0.260574423172511,0.59825929091312,1
479,0.290866860540118,0.127582674892619,0.162389465374872,1
601,0.322384672372136,0.412653340189718,0.140890562790446,2
163,0.460043499013409,0.99405854078941,0.713299645110965,0
313,0.296092658459675,0.431842527166009,0.502414603950456,1
1356,0.603555344152091,0.317282658230137,0.548232586321919,6
845,0.260694418081548,0.0283183532766998,0.404473772039637,3
1471,0.601999616082842,0.307265801530908,0.538470467563051,6
500,0.292746054856107,0.115348796406761,0.597655039629899,1
148,0.0843967474065721,0.931726244045421,0.982690265867859,0
420,0.294500482159201,0.456010716198944,0.134263960993849,1
325,0.29077543473104,0.277388835488819,0.199551170924678,1
1174,0.601688498561997,0.368924965455034,0.546860706598157,5
935,0.609431392983417,0.340892889068225,0.541888986656851,4
457,0.296290993094444,0.262749621924013,0.422291016671807,1
937,0.604669005325074,0.346823989457449,0.543649714196094,4
904,0.601978254139412,0.34398043900802,0.542887986811635,4
876,0.265225607373286,0.392217927309684,0.262313980259933,3
772,0.25888999623945,0.336173285660334,0.600750160752796,3
189,0.191979327006266,0.426393762929365,0.267778067849576,0
954,0.600291729676788,0.34417428175089,0.548612195419518,4
1380,0.602796689691295,0.3077860991591,0.538651647848711,6
243,0.25759591255337,0.754456433234736,0.535518405726179,0
203,0.397551169153303,0.578108633868396,0.85194818302989,0
1365,0.606310466028523,0.311965731397151,0.540890455663207,6
793,0.264971896472853,0.356866689794697,0.623546300805174,3
568,0.316949186515994,0.0485895574558526,0.414072036510333,2
727,0.258937443892937,0.402160053653642,0.368735942407511,3
92,0.370668244548142,0.153871769085526,0.346857423894107,0
649,0.317901115410496,0.349731640703976,0.286399475764483,2
109,0.48864285601303,0.160462960833684,0.92890972038731,0
1245,0.614312400390553,0.367487905396607,0.545903789829903,5
635,0.319506288280245,0.503261594846845,0.182025182410143,2
1165,0.596111819692672,0.374232670627191,0.540500292993414,5
927,0.611629191934852,0.34257209013989,0.543491521367634,4
744,0.264699447161984,0.200164627097547,0.33644073898904,3
214,0.815835925983265,0.197840929497033,0.177425144473091,0
1486,0.602736299686431,0.318386336693772,0.543975506865955,6
1335,0.597689259216062,0.308943359912585,0.537689539976102,6
1066,0.609243002231629,0.344702956280578,0.54532387818305,4
247,0.680440902942792,0.108431374421343,0.776673218701035,0
1386,0.606592316512797,0.314500854539104,0.546101258406601,6
752,0.260536423525773,0.190602564299479,0.232770532835275,3
1355,0.598022525133456,0.320932222066745,0.545716088005936,6
1454,0.597568242198536,0.313572186506038,0.55663424816391,6
1263,0.601574551466256,0.36620512254746,0.547631353970999,5
256,0.0575685983058065,0.517054154537618,0.199694619514048,0
1053,0.591513360426437,0.342063281590113,0.541054263601602,4
311,0.295879162054043,0.128657595068216,0.611649667960592,1
691,0.324946740574669,0.0804202981991693,0.251021486124955,2
1146,0.599765779268226,0.371970840890686,0.545984581637417,5
1328,0.605627553813163,0.308601646094061,0.548557677888378,6
264,0.580364741384983,0.539719481486827,0.60762405814603,0
591,0.326168709523045,0.0239598770160228,0.455924040055834,2
221,0.948509990470484,0.0280577265657485,0.292703849263489,0
847,0.259760235915892,0.0400511930231005,0.569593885331415,3
1395,0.596024094989701,0.311482881059672,0.548523201445641,6
902,0.60096767282468,0.346297221982421,0.545445284996586,4
1463,0.589945522092359,0.312548008140942,0.551939396516276,6
803,0.257909605307505,0.435234558698721,0.262798267416656,3
955,0.597787034407255,0.338545310541499,0.550478953609223,4
433,0.288539788515773,0.327534993225709,0.203929435112514,1
212,0.455802812241018,0.00291423802264035,0.825735503342003,0
276,0.425969240488485,0.287612954154611,0.52542711305432,0
412,0.295601263155695,0.315605913801119,0.302227123756893,1
632,0.325688127242029,0.362390219164081,0.277980723418295,2
1256,0.606185576698444,0.373294616217968,0.546197473420687,5
58,0.106310267932713,0.291068657999858,0.658940526423976,0
1252,0.599700566704317,0.36684871315129,0.53445561324955,5
33,0.326641011051834,0.636110738152638,0.180145931662992,0
241,0.852034639567137,0.442103805486113,0.0192191414535046,0
1470,0.601196878043627,0.305595163562824,0.54387146014721,6
1313,0.601238764769249,0.315376611113745,0.543172693564707,6
784,0.264343702078331,0.469633938209154,0.324395332019776,3
535,0.319686584090814,0.241286352323368,0.628992265788838,2
1015,0.608511790620697,0.348854584351365,0.545943770234241,4
1122,0.604824207842335,0.368057569429588,0.542024056414165,5
1206,0.59204099536395,0.372616975049366,0.540980600451284,5
1028,0.59630529422934,0.340445194370178,0.552616616813396,4
380,0.293160969796591,0.0798310151323676,0.487191122607328,1
1228,0.597276050645791,0.378188774617133,0.55389551091909,5
797,0.26475951905828,0.149605074594729,0.299728583195247,3
7,0.998428456485271,0.410416349070147,0.494790259050205,0
1182,0.60262653802053,0.378201383562089,0.550158755012065,5
31,0.962129383115098,0.844232400413603,0.716381515143439,0
172,0.638830485753715,0.695240722037852,0.0313729022163898,0
1500,0.605924947856919,0.316129653120721,0.543983275411454,6
645,0.322124931330327,0.236486901342869,0.165743078570813,2
405,0.289574768622406,0.29249888418708,0.244608441484161,1
823,0.26256905624643,0.376558314706199,0.323835506802425,3
782,0.25708632523194,0.339441787963733,0.589014909113757,3
1300,0.601818073408315,0.37767387946764,0.548937328876669,5
358,0.294734096676111,0.237907874095254,0.391266570892185,1
1358,0.604554604255407,0.322558762688045,0.546689836044788,6
666,0.323046296930406,0.0848671185551211,0.272890246007591,2
115,0.584279824048281,0.90479753096588,0.0592133700847626,0
1366,0.605930308835909,0.30558671729925,0.546871767384326,6
1064,0.598665355726138,0.332619810479215,0.542805050492603,4
1180,0.607044504096235,0.362736406791603,0.554215437472024,5
1482,0.599846409365573,0.311272762472231,0.550623640041376,6
1216,0.603095793334184,0.378021587157772,0.551443413644103,5
1195,0.601129897627597,0.371132900475008,0.549706113329998,5
158,0.856971260160208,0.64653059374541,0.598265720298514,0
978,0.597927709115071,0.341027282294972,0.549768012511917,4
41,0.902251477353275,0.665991886286065,0.232720095431432,0
1179,0.598950486994906,0.372238452676081,0.541567115165498,5
745,0.264645826485939,0.237915898719802,0.345186087768525,3
1383,0.605397526733406,0.319345813660192,0.540821076943572,6
266,0.118721689796075,0.543300106190145,0.330899216234684,0
286,0.906742858700454,0.221253964817151,0.419979527126998,0
843,0.25874243960483,0.453829283639789,0.469081348506734,3
785,0.2631626564404,0.352567778946832,0.627004792680964,3
217,0.378564527723938,0.366384870372713,0.217616287292913,0
216,0.245701553300023,0.0545857669785619,0.278817972401157,0
1362,0.609236214679152,0.316851315166428,0.540885527358357,6
267,0.221126856049523,0.00145537569187582,0.722879773937166,0
560,0.326304165800102,0.179535221122205,0.279880837304518,2
853,0.258509196371306,0.112220142781734,0.617972793406807,3
974,0.609478173082847,0.34907609709499,0.546327519885102,4
207,0.11086813127622,0.0632707707118243,0.691198328509927,0
1204,0.601417858130191,0.365881577999988,0.546197247179527,5
1388,0.600203830128288,0.315274237642932,0.541666882325763,6
161,0.328899769578129,0.013027265900746,0.339079606113955,0
1126,0.608111742026728,0.367829470871607,0.547497499081026,5
396,0.290752815634478,0.432409034739248,0.238049985491671,1
928,0.592545060267606,0.347791170947575,0.543253949561278,4
227,0.902603967813775,0.36887633241713,0.358807525131851,0
675,0.318444768667687,0.119802102725953,0.228974314639345,2
52,0.321108946111053,0.545937993330881,0.31025757570751,0
728,0.262924299512524,0.312384866341017,0.528197996784002,3
265,0.103876200737432,0.546071638353169,0.366452791495249,0
707,0.260346942979377,0.215771077363752,0.492782670771703,3
1068,0.596530148866758,0.342302755654853,0.541739921169578,4
351,0.295226544998586,0.080936166853644,0.174933221773244,1
618,0.32143339343369,0.059312399639748,0.628826661151834,2
485,0.293649169283453,0.154765071277507,0.591515984851867,1
1405,0.605281200532117,0.313093573889316,0.546907689401172,6
1423,0.59707559321455,0.313633203830886,0.54829092088074,6
288,0.819465958513319,0.00247643399052322,0.152897869935259,0
168,0.931798776844516,0.83650434599258,0.578100317623466,0
330,0.290059341136366,0.48740454511717,0.569244206766598,1
1295,0.60966119428754,0.376572189245004,0.544940699447096,5
226,0.591584110865369,0.220827370183542,0.69707771227695,0
1022,0.607594640086727,0.347757373473588,0.543899181755689,4
376,0.295538036234211,0.271594074368477,0.251660605426878,1
778,0.260527969535906,0.412506282725371,0.29744255694095,3
622,0.319710880010389,0.485324245574884,0.549713240005076,2
833,0.264700180818327,0.345957919768989,0.483942107064649,3
484,0.288214353201911,0.259696141863242,0.222527311532758,1
948,0.603982784462206,0.344170474144263,0.542393913425929,4
507,0.320856062688399,0.367931324569508,0.430631775292568,2
291,0.877433550776914,0.565403368091211,0.523823140189052,0
551,0.323923432677984,0.0812430258840323,0.490163399255835,2
593,0.321162181475665,0.276491405139677,0.164203194319271,2
123,0.700148996431381,0.718253480736166,0.568553957855329,0
53,0.917736054398119,0.251108681084588,0.861331325955689,0
522,0.319965254883282,0.0518093613674864,0.487022000248544,2
604,0.323001129932236,0.503237642277963,0.593366032699123,2
953,0.602365988980621,0.330845711351557,0.552658642581658,4
60,0.294881542911753,0.774861708981916,0.452653923770413,0
1283,0.602655389868535,0.373638484773722,0.546676130079776,5
819,0.262087872051634,0.165900246053934,0.311214744928293,3
1166,0.598758452207601,0.363860513768146,0.541529614829837,5
1318,0.596793222978385,0.312310078225817,0.537467329414019,6
1307,0.597368878357964,0.317856536867575,0.541878272155487,6
304,0.295386416967958,0.0645297125913203,0.361416714149527,1
1168,0.60688866985741,0.372150875198219,0.546455735413475,5
1312,0.596938922693826,0.316163546234992,0.538845238400162,6
70,0.93015535431914,0.124825063860044,0.56689794617705,0
1200,0.603546277962158,0.375774311723572,0.548162173815747,5
352,0.2949858813826,0.348754236870445,0.412070323945954,1
979,0.594455311114335,0.342482651345097,0.541104812546973,4
1001,0.598534317092186,0.342533764097056,0.541329514201529,4
1225,0.600482638568138,0.364624846245851,0.541154168469102,5
411,0.291886087502353,0.0775371370138601,0.594789045746438,1
310,0.294300076414365,0.502179041435011,0.326583773246966,1
1045,0.597681881008723,0.339073990529974,0.544266526190213,4
587,0.320937871974893,0.0209413925651461,0.187700383015908,2
607,0.318547821729444,0.331465111393481,0.559439773554914,2
1202,0.602610469320573,0.370873762178646,0.543932413116504,5
926,0.606622526629788,0.337418414670869,0.542452650976537,4
582,0.322448830036447,0.402527764602564,0.468432465917431,2
1005,0.598359614050477,0.341484828881892,0.549616075978802,4
1002,0.59464540213964,0.34354110582983,0.547653724857328,4
130,0.445040088379756,0.901941421208903,0.981858875835314,0
1303,0.607168962638086,0.311933746833725,0.537291208012023,6
795,0.257215995262377,0.379459213162772,0.257231238530949,3
1057,0.60585049584786,0.332819849502149,0.547739819725143,4
1404,0.600237728410744,0.320701221377385,0.540848274487929,6
609,0.322419558893889,0.13513279047329,0.207172775059007,2
1347,0.603842658883252,0.314006588561307,0.548855554794289,6
185,0.893146048532799,0.0908184393774718,0.304489112226292,0
1155,0.602710871069549,0.378873389852488,0.541461432972328,5
196,0.597174127353355,0.914650236489251,0.330406727036461,0
1170,0.602402945067455,0.381980695727581,0.540642892099973,5
1060,0.605402750762418,0.34268824762591,0.545982992772414,4
1147,0.598099949488603,0.371081979253088,0.549942615806742,5
444,0.292035185296554,0.438107915502042,0.432604136993177,1
1082,0.611506043184817,0.3402023122892,0.536406412328339,4
224,0.686925670597702,0.844548159977421,0.811254964210093,0
909,0.590696944362696,0.333580840261253,0.546644325489896,4
1144,0.604233964553359,0.370958900004734,0.551498231219092,5
1177,0.607920142185153,0.376290743646432,0.544627462941641,5
572,0.322868246664293,0.0227541891392321,0.432585656293668,2
274,0.682435665978119,0.468102047685534,0.849667945876718,0
1029,0.603144194768194,0.344131011924015,0.551012761681105,4
1226,0.599352753379054,0.37568409933952,0.537838297812586,5
1296,0.598853860081692,0.380156944627343,0.550809744162068,5
605,0.321293535211589,0.216804873826914,0.334024784504436,2
1412,0.601381328635531,0.307245682395235,0.544797757054823,6
392,0.287688013704028,0.218620890215971,0.246880586375482,1
354,0.293243971646298,0.091019414528273,0.38429908931721,1
308,0.293221586556174,0.273016879847273,0.605565560283139,1
1273,0.598136170215633,0.369258319762251,0.545712837314806,5
119,0.447230145568028,0.757967677898705,0.677851287880912,0
1359,0.602695095532265,0.311548845361576,0.544606146002405,6
723,0.265967765979003,0.220322415512055,0.535743001499213,3
342,0.291172178839333,0.0333711553132162,0.458165973774157,1
566,0.325388713548891,0.0545019609155133,0.486092565115541,2
1110,0.60588440984916,0.368059779384734,0.544568941016591,5
1363,0.604116487091963,0.318200849549908,0.544510379559032,6
1196,0.607614357027779,0.36916684994263,0.551779454889485,5
393,0.296309043793008,0.249665967933834,0.432868462987244,1
384,0.295630725971423,0.369556118315086,0.625856402330101,1
1112,0.595167142420146,0.370069373534354,0.553963687267899,5
1104,0.608685629527253,0.378695917063931,0.553490888789024,5
739,0.264191971260589,0.317651410750113,0.357119425316341,3
539,0.323999635512009,0.482308591878973,0.389840255025774,2
554,0.325669684715103,0.164399531017989,0.192173896357417,2
1211,0.607675160276147,0.376574708059635,0.549893648393745,5
1058,0.604289027469287,0.349088466846757,0.544691991940966,4
136,0.939690607134253,0.987936547491699,0.806731692980975,0
1016,0.603174494892624,0.35270871922186,0.545540501390197,4
523,0.3174256095686,0.362592763081193,0.519025722984225,2
1495,0.598810467849902,0.309878618728465,0.554900278109665,6
1111,0.608731508867892,0.367462972527795,0.545913449516781,5
1034,0.60080021669602,0.337402097448715,0.54579143074239,4
143,0.218417857307941,0.00760989729315042,0.350306500913575,0
548,0.317827135440894,0.381941249524243,0.59935528843198,2
991,0.602819846906436,0.343827652780861,0.540538673793629,4
173,0.684053725097328,0.483911053976044,0.0769788019824773,0
46,0.166308383224532,0.720209163380787,0.195564495865256,0
1431,0.604160121040666,0.318308712683319,0.539104080962439,6
564,0.319943009740673,0.341887136269361,0.527874032384716,2
1105,0.594663823666783,0.380153099487087,0.546601998375405,5
580,0.317084405263886,0.506210046401247,0.13404685119167,2
1190,0.597306503348294,0.372582111461208,0.53956876811688,5
1302,0.607578944112955,0.313490122515937,0.548174850050843,6
817,0.257851970556658,0.449193223426118,0.555262324051,3
345,0.291078167569358,0.324882980133407,0.519097510492429,1
111,0.414527626009658,0.312379393726587,0.747463925043121,0
1341,0.606799194603496,0.310042295876923,0.547103000898343,6
600,0.323717328757048,0.0503080803202465,0.610203686985187,2
660,0.320121080467943,0.390537744550966,0.552487249136902,2
167,0.231095196679235,0.430823024129495,0.466179797658697,0
215,0.743147533852607,0.357164394808933,0.111083461903036,0
1346,0.61186010337331,0.308214507423651,0.543472358319351,6
1062,0.60191661482001,0.344662350975193,0.542523842920693,4
730,0.259835498719476,0.427418834576383,0.505037575261667,3
697,0.318084345476236,0.0377277178224176,0.219775109901093,2
775,0.25734790352406,0.433400312368758,0.158184766070917,3
1162,0.59539414308837,0.368757586802372,0.543304682398047,5
1136,0.606507678954981,0.372564724427028,0.548669639557578,5
950,0.600247603048739,0.34839494083463,0.541423362718283,4
1311,0.601969930627423,0.31148722915695,0.547075925962783,6
121,0.5537265825551,0.983936516335234,0.995092904660851,0
1069,0.609466035156146,0.345542848849166,0.540538632559534,4
1010,0.597768135579663,0.34531114104626,0.555176271099734,4
442,0.289185684451368,0.174193819682114,0.185941189993173,1
738,0.258830424679909,0.389471512567252,0.541083882679231,3
349,0.294410414749291,0.102908448828384,0.42893095954787,1
32,0.778466486139223,0.0182075123302639,0.634122952818871,0
1055,0.603587262547267,0.337865894327471,0.532619218326521,4
353,0.290286199299153,0.506191595736891,0.382864476414397,1
804,0.261386516126804,0.208519695955329,0.452524096122943,3
766,0.264401165333111,0.0685512761585415,0.216722843237221,3
1483,0.601933380420709,0.316685636487237,0.546307509930494,6
690,0.32241844261298,0.335111129260622,0.509885515202768,2
8,0.00875911256298423,0.388149993726984,0.548967949580401,0
244,0.24935907125473,0.638093032874167,0.496404128149152,0
1210,0.609645154230304,0.371316659103856,0.545634463433128,5
238,0.131003978895023,0.0970533492509276,0.836528750369325,0
1039,0.599886148986508,0.340528252922296,0.548610225431534,4
178,0.346039016963914,0.940821822267026,0.887028613127768,0
540,0.318381454492919,0.228449189616367,0.406691642128862,2
402,0.294421363554429,0.169136761967093,0.395064114243723,1
844,0.266146125809755,0.201713623409159,0.564350860542618,3
261,0.829251309856772,0.982150681316853,0.720341331791133,0
1189,0.611689840232768,0.370754975255427,0.543026629902454,5
449,0.296213565785438,0.410069914348423,0.406424812390469,1
1231,0.597306781707206,0.376461360092617,0.551246315288022,5
570,0.317483102334663,0.469462410244159,0.627683144528419,2
598,0.324217706390191,0.0969817910110578,0.465889609535225,2
1132,0.601722588875098,0.374420855231179,0.551468140161749,5
371,0.291513349455781,0.0263291801558808,0.527914516162127,1
611,0.326275686689187,0.0287847655592486,0.215629001497291,2
922,0.60670623624517,0.342810174731242,0.545873470464821,4
1079,0.603846513633207,0.352339838056494,0.536968731888404,4
282,0.446458464255556,0.710851679323241,0.342943931464106,0
85,0.0435881766024977,0.31662526843138,0.436899000778794,0
153,0.268094320083037,0.877716221613809,0.371376318624243,0
1419,0.607006404699129,0.310495723715505,0.539840268552134,6
443,0.294936072842684,0.353972829808481,0.618146510561928,1
756,0.262215164755471,0.071673391899094,0.538064561551437,3
958,0.604900266495984,0.341070687776674,0.544832429575042,4
1474,0.588801480019894,0.307057472250742,0.544758988786926,6
747,0.264622526043095,0.357452575163916,0.430592161603272,3
76,0.0711014040280133,0.0405871018301696,0.514737444231287,0
562,0.324650954219978,0.323309762217104,0.299363657250069,2
895,0.264886282084044,0.342282498767599,0.340956435422413,3
993,0.604528730960178,0.347288019869408,0.549464816982484,4
737,0.262324384164531,0.477338315383531,0.616358910803683,3
1387,0.601492856675283,0.306475123332466,0.547325998069656,6
268,0.677577999420464,0.0977097868453711,0.600374032277614,0
992,0.605051349069102,0.341241104944232,0.543384116271014,4
511,0.317221945275087,0.513679114915431,0.283989574061707,2
1175,0.596314626637942,0.366009886190868,0.545271630106935,5
144,0.928310912335292,0.963277974165976,0.650324505986646,0
1203,0.60293949429558,0.374977809771065,0.539878921557092,5
1051,0.598422083914236,0.348801866481196,0.554599319701832,4
100,0.640183361712843,0.100430776365101,0.0860431855544448,0
1095,0.596005765310512,0.342779220967327,0.548437068948493,4
404,0.293801318975166,0.297824430093169,0.384575851960108,1
517,0.318769892246928,0.0487123157829046,0.349686918081716,2
51,0.976253158180043,0.195809769444168,0.436961147934198,0
537,0.320294624515809,0.33885105564259,0.207616083906032,2
1127,0.59863940708165,0.373184666859395,0.546942071216161,5
851,0.264343581562862,0.513188193016686,0.37351228937041,3
68,0.861002129968256,0.318994111148641,0.769889258779585,0
746,0.25704121771967,0.0633345182752237,0.578890119912103,3
834,0.256365826169495,0.0511256551137194,0.240396521869116,3
496,0.286476324808318,0.167322807759047,0.50300863943994,1
1465,0.602440444574805,0.309987069460025,0.539670481467263,6
619,0.322785707770381,0.398766319663264,0.234942307230085,2
634,0.320683810024057,0.121838889364153,0.222739667398855,2
1268,0.602186005290351,0.367652909129291,0.544534763704007,5
533,0.32241136309458,0.457725132280029,0.57345974247437,2
1006,0.596009171500765,0.347603948344785,0.543828368088504,4
4,0.404332913691178,0.907566125970334,0.216767214005813,0
327,0.287344219763763,0.0506658362457529,0.600567934801802,1
1484,0.60089919675059,0.305505187080094,0.54254338162851,6
1371,0.601596421796343,0.319305721247766,0.544728067477062,6
827,0.258845469953958,0.0454188739415258,0.145249801571481,3
69,0.805190973216668,0.557908105198294,0.257722411770374,0
1007,0.602995676519654,0.343163870875378,0.55596762824816,4
1277,0.594204026890534,0.373360607081726,0.551494515877315,5
187,0.516075445804745,0.105960195884109,0.772199933184311,0
198,0.363097917288542,0.294258161680773,0.494744124589488,0
397,0.293360576026607,0.38445013416931,0.429266027873382,1
474,0.289651500545442,0.0840765497880056,0.277282924740575,1
547,0.321594497486949,0.396520640980452,0.592145531438291,2
888,0.259389515367802,0.0675575611414388,0.480461264960468,3
897,0.262154209967703,0.0498939460841939,0.58658531634137,3
1264,0.600764585948604,0.382771212875462,0.54021341160478,5
710,0.2611066817143,0.135908111743629,0.341274083941244,3
120,0.385211456101388,0.332068545976654,0.345147846499458,0
1251,0.59233765567128,0.362242017634667,0.547359277566837,5
1315,0.599585076793483,0.312259790285739,0.53963977440566,6
84,0.556777467252687,0.891066447133198,0.781638411805034,0
1128,0.612656688797091,0.380636408794356,0.544844653447256,5
894,0.256750809394289,0.508491190196946,0.330266285920516,3
893,0.257669909154065,0.0886446597753093,0.331019344273955,3
1367,0.606307070604498,0.317177053370723,0.543223870010205,6
296,0.468067718204111,0.504408736713231,0.743267528014258,0
647,0.325533525666688,0.292471788055263,0.277717802673578,2
997,0.594893438692363,0.343186848331843,0.545182613639059,4
712,0.260670336321928,0.0940227181883529,0.429219728568569,3
1473,0.603810616029435,0.31147886557741,0.545834194416152,6
677,0.319774642882403,0.289600977720693,0.168280118261464,2
862,0.25658042299794,0.128470337763429,0.227061450481415,3
1299,0.596397492490483,0.372748357648699,0.548096667014519,5
1477,0.596216954018246,0.309356977285854,0.541713725738326,6
850,0.26139883318916,0.341663706628606,0.201462571974844,3
636,0.317361755473539,0.456471537053585,0.601748849265277,2
94,0.403863207437098,0.9845299879089,0.634654796449468,0
617,0.31939000259852,0.240586631163023,0.342564427410252,2
105,0.896721025230363,0.614033590303734,0.941056991927326,0
1097,0.603097623171419,0.346798362783763,0.543704688128808,4
72,0.768496291013435,0.751151222037151,0.933604698861018,0
472,0.292448308467865,0.152333040651865,0.430120912147686,1
569,0.321645409120247,0.263777385628782,0.168980695889331,2
563,0.325748808484059,0.510178213985637,0.413453455548733,2
1236,0.597351380552052,0.378302367828322,0.540046178532186,5
809,0.264073159769177,0.390342993009835,0.287268578424118,3
1368,0.605500603302428,0.306529638092907,0.544843612086045,6
1131,0.602831638904532,0.372639442394538,0.54532220409562,5
1171,0.601493492513304,0.370068162168855,0.541011042268149,5
898,0.260998503074516,0.12092689499259,0.13632460962981,3
1085,0.597709614056715,0.338452818122202,0.548187750476164,4
825,0.262541078620125,0.0197842363733798,0.334664419293404,3
1422,0.599836024803189,0.317251568751655,0.547772398600387,6
1150,0.610106133008915,0.356582511891594,0.542158015925851,5
1373,0.602347193165251,0.319234730292981,0.547429531695298,6
1344,0.604523794610709,0.316077919708728,0.554220825701772,6
1108,0.597374587606917,0.383787202379668,0.553134738061948,5
917,0.597662724856592,0.337033405871135,0.532508796464868,4
1475,0.601774486682513,0.305884219461516,0.550052151930679,6
62,0.688019707566127,0.40955494903028,0.0550624469760805,0
615,0.317534075879958,0.0638026993721724,0.632278943900019,2
695,0.317587394930888,0.102491604909301,0.534464957308955,2
1229,0.605790730097297,0.376274041405104,0.546548752346427,5
532,0.321288529254962,0.0516481518745422,0.138711836887524,2
1436,0.604385029581114,0.313984827758708,0.545127183292364,6
973,0.608032143461736,0.347471343721735,0.535120666698983,4
205,0.595046720933169,0.561110455775633,0.779965859139338,0
1402,0.6007725031344,0.312043505419627,0.543711829667863,6
1456,0.600131292334661,0.3164153261318,0.54223973805917,6
251,0.520170251373202,0.459091345546767,0.278346256352961,0
17,0.457935706246644,0.183122876565903,0.817574782762676,0
197,0.0367661900818348,0.506406560540199,0.404935111058876,0
369,0.289247335405089,0.155414328956977,0.46430719748605,1
1498,0.605284823135977,0.305980966991576,0.544686634142164,6
1461,0.602332699550374,0.312809471884105,0.544019593917087,6
1032,0.612201102002669,0.337807633243196,0.5460902597448,4
154,0.345573147526011,0.603495836490765,0.032245617127046,0
1172,0.601591169569962,0.372478995314551,0.542673159678652,5
663,0.323731052344665,0.0644644586602226,0.352290623588488,2
716,0.266042526753154,0.346916036610492,0.564429922029376,3
1042,0.597386395698264,0.345684503476276,0.546493519234223,4
22,0.514339287066832,0.660358927445486,0.493426527827978,0
164,0.932058362523094,0.984038455178961,0.463342216331512,0
423,0.29460651088506,0.090645862207748,0.208622026373632,1
1249,0.601578629882125,0.362305738846001,0.546996752986558,5
633,0.323036215081811,0.35457510529086,0.263466766453348,2
315,0.295672957659699,0.184235897660255,0.136043323203921,1
1143,0.609839531584225,0.373457872335758,0.548015827500922,5
720,0.265619784730952,0.0876077419845387,0.508388857822865,3
878,0.256834511233028,0.0253723087254912,0.613065830082633,3
435,0.291135065292474,0.515143469953909,0.513264402747154,1
174,0.217333309119567,0.133479442680255,0.77876996062696,0
1025,0.604602699703831,0.335498468807425,0.551792296324522,4
515,0.320823399284855,0.508806149172597,0.472361610038206,2
933,0.607193891642186,0.354011938852513,0.548086485317306,4
762,0.264602793343365,0.195533358072862,0.280646751518361,3
694,0.324685256457888,0.357053411589004,0.617471770150587,2
1023,0.598498790741432,0.334183091914494,0.549514890794834,4
980,0.612806462055166,0.339279934764408,0.547018567324206,4
377,0.289723141368013,0.516800612490624,0.270469848182984,1
1415,0.608582187165274,0.309374447669855,0.549071951189709,6
759,0.263826626341324,0.388248286140151,0.523054189630784,3
1376,0.608606560196973,0.310071345171413,0.5416289688777,6
1439,0.598227037732867,0.310013084343386,0.543645918076962,6
790,0.266213530171663,0.43339304421097,0.465531105641276,3
1408,0.607778807950575,0.307378086530825,0.544917964429642,6
299,0.80119091575034,0.888177858665586,0.359032768756151,0
1259,0.604332935375743,0.368280700145993,0.549575614958946,5
1049,0.604353220213258,0.342869192263172,0.544546612113673,4
896,0.263626842466183,0.357855576020665,0.549438414513133,3
1160,0.603682056822177,0.375319709367111,0.544426275574842,5
1158,0.606145713955512,0.372899058371444,0.542650418073444,5
1237,0.602896023546338,0.367757707147091,0.549245789396794,5
669,0.322836228788365,0.156881397287361,0.246045597479679,2
914,0.602018067693451,0.340089566026489,0.540964988656471,4
1275,0.597473415771423,0.366797748760655,0.555445850210793,5
1116,0.594169212487411,0.372773472073179,0.548609333152486,5
918,0.596217701331839,0.335950298364688,0.554158570020177,4
1223,0.600288780976301,0.369729706285629,0.54672119806744,5
343,0.290064258011989,0.421302719088271,0.463985228328966,1
298,0.729361852630973,0.605500214267522,0.308681871509179,0
177,0.355452231364325,0.0974336627405137,0.450150785967708,0
460,0.294480881877244,0.431376721756533,0.350834065349773,1
1217,0.598682096750699,0.379593295950885,0.548687209944664,5
471,0.295869346163236,0.248607231583446,0.280373957706615,1
1310,0.602499847688414,0.31208915571517,0.552349146835771,6
1449,0.597571567209674,0.321104926748746,0.549322279188928,6
386,0.286700620055199,0.478100376366638,0.476617801235989,1
432,0.293297490845434,0.3364455857547,0.402965349960141,1
777,0.262345054526813,0.383942265808582,0.584990641335025,3
812,0.265616378420964,0.107430021557957,0.47159055469092,3
972,0.603818583675861,0.35139176188825,0.546689397517533,4
1214,0.59943229001433,0.369419803094009,0.554353329733498,5
104,0.0678067051339895,0.835597696714103,0.586926699150354,0
117,0.0234915621113032,0.636138588190079,0.952557552605867,0
451,0.293807325996459,0.226176626095548,0.480697876540944,1
650,0.318112991985399,0.296967692370526,0.502935410360806,2
831,0.259964491974097,0.414434482040815,0.565239298157394,3
999,0.600972297174133,0.335694855453996,0.541335243247595,4
366,0.295772103802301,0.103659204836003,0.421546559780836,1
1488,0.592659814455219,0.302835099982918,0.547775796631572,6
913,0.601181383180043,0.33310693091708,0.543792102606095,4
219,0.953164197737351,0.236717010149732,0.666911250911653,0
915,0.595294229708238,0.338468887742541,0.541847536665117,4
1392,0.593746598125153,0.311243203413245,0.538725967390971,6
1293,0.59964931739849,0.374296565524059,0.538609984931509,5
160,0.639253411209211,0.539750340394676,0.779514900175855,0
709,0.256795646557584,0.183339802012779,0.32295823469758,3
757,0.258166057569906,0.339056147076189,0.390996574424207,3
38,0.552246032748371,0.319053340470418,0.608675664057955,0
1320,0.601214307430341,0.310756522399313,0.543971488831792,6
859,0.264130121143535,0.515877573215403,0.508173830574378,3
1445,0.609431597163204,0.313793998920918,0.54780513948255,6
1324,0.609979747227442,0.315166109524206,0.551877070402783,6
743,0.258199765372556,0.149039498576894,0.486028765444644,3
1342,0.596156460013518,0.315730820105799,0.546557358886559,6
355,0.291260867184028,0.250589057034813,0.522440659697168,1
664,0.316521165689919,0.459741277899593,0.283546820282936,2
239,0.461847870843485,0.820241360226646,0.650628467323259,0
1458,0.593193518486491,0.318846401302374,0.546381384955876,6
374,0.287631513199303,0.164976692455821,0.57464834721759,1
415,0.286894731295761,0.482016608165577,0.136730901198462,1
455,0.288745029708371,0.0374196359654889,0.34912122564856,1
272,0.395190292736515,0.139546011807397,0.209980605635792,0
1161,0.594461646890912,0.3763665439833,0.544911083645711,5
1446,0.604339784132265,0.318058992672062,0.547023524485191,6
124,0.0460342089645565,0.643681123387069,0.0267544207163155,0
467,0.287702555810101,0.0731437646783888,0.551946072140709,1
1086,0.60397491300217,0.342045629901966,0.542911585513347,4
253,0.707305866293609,0.551646734355018,0.631308058742434,0
1141,0.606496169177038,0.37062631467842,0.550006483545193,5
437,0.290413280758075,0.513930400065146,0.591919232276268,1
1290,0.605962437089729,0.367907431780997,0.549560235677975,5
1017,0.600805108986835,0.338580634469898,0.539049631221504,4
