376,0.282812939705327,0.827453473978676,0.474589825957082,2
294,0.256894718341064,0.855145075172186,0.183575003175065,1
342,0.28198303117184,0.586415699147619,0.0845544637413695,2
262,0.256313715993892,0.534465165622532,0.271308848867193,1
570,0.229899307014421,0.69010530707892,0.208173810504377,3
1014,0.378898180849866,0.319603364348758,0.681941398818902,5
1055,0.381654511306228,0.322479890635423,0.688662169170628,5
693,0.225857595882844,0.461138487607241,0.166852968395688,3
1217,0.384293266742678,0.264113672710493,0.681898312503186,6
689,0.225051023073029,0.460845472221263,0.0793562582693994,3
714,0.227512899644207,0.929354848503135,0.303832396049984,3
500,0.287168480067048,0.573767201555893,0.146059521357529,2
651,0.222809380649123,0.818347695562989,0.44008785567712,3
129,0.465676018968225,0.644715689355507,0.0444235017057508,0
740,0.380890700821376,0.289111153189653,0.685582125565095,4
70,0.65541763859801,0.453527510398999,0.998574608936906,0
780,0.385746776098583,0.287179112733919,0.682593477853077,4
221,0.254481012609322,0.778287869808264,0.519431685330346,1
28,0.0404759664088488,0.0921277981251478,0.390690517611802,0
802,0.387984501839318,0.289396731391268,0.68396710727047,4
649,0.222071684717666,0.636327346949838,0.297241085325368,3
1252,0.393807750613827,0.271244200218294,0.689834827574412,6
902,0.387960420352674,0.292869807051347,0.686326713017732,4
1132,0.376327008449118,0.318297271052306,0.688619022934946,5
831,0.377087582677884,0.285572625507702,0.681316241669875,4
1023,0.383899923189792,0.320802557795644,0.680375730473367,5
785,0.379387710621686,0.289226020669937,0.690028057935873,4
478,0.281804949354846,0.608762601437047,0.157936805975623,2
25,0.810825642896816,0.394374031573534,0.951222691917792,0
1107,0.377919345047632,0.315909551518678,0.686878508101312,5
380,0.288703019109089,0.820149294030853,0.0509643648983911,2
204,0.254955384510104,0.481534812413156,0.121875994489528,1
1208,0.384431198419863,0.249590537407245,0.683301150931154,6
161,0.258094797688536,0.703323246492073,0.294739505508915,1
677,0.228867724433076,0.514490286400542,0.191178310313262,3
1121,0.377611627470406,0.32543343655707,0.677996591351276,5
1225,0.379348242783704,0.257505161597844,0.675141443210476,6
1157,0.39276870128642,0.257887046905601,0.68742359409497,6
848,0.389215662872097,0.29003186086103,0.684141809632655,4
856,0.383353770013636,0.293265692983646,0.681075387996277,4
1089,0.381093942393077,0.309067353411964,0.689101774093275,5
873,0.38829212284348,0.294094389695094,0.68275929143764,4
876,0.383847134473723,0.288198895276089,0.693127709677876,4
544,0.226736998134293,0.931670156237669,0.280471586505882,3
719,0.223104384487961,0.609824428730644,0.0249740678118542,3
298,0.259572970722802,0.941946814814583,0.377647464512847,1
699,0.22620675151702,0.521081106434576,0.25135603453964,3
1056,0.384245949111563,0.31239434458337,0.688895997436942,5
349,0.281570595134981,0.782561444956809,0.105601988965645,2
609,0.221234160203021,0.620625198516063,0.342731923679821,3
798,0.387572053346395,0.280609943292337,0.693581522446392,4
222,0.255620719620492,0.880654199793935,0.108165343757719,1
301,0.260144542015623,0.788036032626405,0.460721640149131,1
8,0.89712258358486,0.403329466935247,0.382347980746999,0
703,0.230343117893208,0.821734949061647,0.386451916769147,3
885,0.386620598545879,0.294418630407967,0.677297890179921,4
860,0.377344289269177,0.296336719839977,0.68420623833229,4
1152,0.381351931161192,0.260279072064766,0.690199893607244,6
657,0.225180104791652,0.734315229509957,0.325714058475569,3
1304,0.379383278964759,0.256858124756169,0.684347287618638,6
1254,0.392087857347204,0.256722429574673,0.679137231089838,6
938,0.380241191247065,0.3266593237919,0.689768368954248,5
1063,0.387216387679185,0.320988714747234,0.696838080000843,5
1212,0.382288055150894,0.259887245907604,0.690948402692515,6
1298,0.392046952503752,0.25789431170625,0.685617348152477,6
308,0.250898936293088,0.857821618602611,0.0438234554603696,1
196,0.257601934266277,0.794215430086479,0.404182489728555,1
568,0.225015431726351,0.904314192873426,0.487077564699575,3
1240,0.376444775112017,0.25469671485775,0.680927661329268,6
1050,0.376436896350212,0.324616235686148,0.681652635999568,5
469,0.282969292970374,0.526252909260802,0.512782996869646,2
616,0.226102078931872,0.788916770531796,0.365785572910681,3
893,0.378334535692165,0.282721369820345,0.684274923003701,4
642,0.229771941793151,0.721996415336616,0.322559369029477,3
1160,0.382097264497715,0.260187689545645,0.679731627730616,6
748,0.379124746466711,0.287464427891147,0.679704084257436,4
184,0.255156236342154,0.8235329171177,0.150453028385527,1
403,0.28828220643336,0.742461330187507,0.512508071260527,2
381,0.287266585018951,0.589601155999117,0.374835156369954,2
257,0.258829170225654,0.906462927162647,0.251127792871557,1
27,0.183762180851772,0.111657825531438,0.0636575047392398,0
835,0.377803646828481,0.299713893314156,0.687009018398239,4
343,0.288142541195266,0.736989561049268,0.35492755624,2
804,0.387225965814428,0.289074776894488,0.686866761644559,4
1035,0.380980769720549,0.324039545504939,0.696479356609529,5
1219,0.38923800297663,0.266008198415547,0.690501882619539,6
621,0.226685296767391,0.461693125707097,0.266462987172417,3
1018,0.378587034302633,0.314148479395398,0.689568659905071,5
832,0.388113967729855,0.296764007980203,0.683081965585655,4
352,0.284592454729136,0.750950169679709,0.369716287706979,2
891,0.380664968173056,0.283669648926875,0.686099763461701,4
690,0.222751647017431,0.883119877590798,0.244719074689783,3
1280,0.379847465247003,0.259437312076818,0.685250940824632,6
1095,0.379618112251225,0.318118761159965,0.682797971244646,5
573,0.222827163096517,0.697923122020438,0.432340600877069,3
94,0.673543230630457,0.155905626248568,0.929397896397859,0
430,0.283826560976449,0.549885240430012,0.402434104005806,2
742,0.384301341707116,0.285894749623787,0.687026876315678,4
624,0.224027855657041,0.519174279458821,0.364873403450474,3
824,0.383716815785315,0.297821153556857,0.680477523375893,4
31,0.222480619093403,0.158567271428183,0.973717456217855,0
471,0.286877680781763,0.652020038384944,0.0699823941104114,2
552,0.227501598414965,0.566011587437242,0.396049638045952,3
1185,0.389229799946188,0.265538484278946,0.687361102863498,6
909,0.391199382994639,0.284237089027116,0.685337184226575,4
581,0.228535286944825,0.559057868598029,0.418593586306088,3
550,0.228595199831761,0.71373653486371,0.309128046734259,3
992,0.38274495810959,0.321636200983358,0.677880414192465,5
361,0.284216290572658,0.655755609553307,0.241568415192887,2
1074,0.381073996276261,0.320546993852312,0.695789973763279,5
1139,0.386078801568561,0.251088021497084,0.679152241004467,6
484,0.28678523564944,0.677725855773315,0.147778496728279,2
124,0.310692029073834,0.660782822407782,0.245320336194709,0
353,0.288210011913907,0.872298625344411,0.0625053128460422,2
1318,0.381710723078998,0.255887654665081,0.69917524352834,6
1326,0.37674333602961,0.256481936184359,0.690542979274956,6
528,0.281390134666581,0.746569223282859,0.406866033677943,2
765,0.38607423907967,0.288207442382957,0.675343049710114,4
260,0.259529018301982,0.581664487766102,0.497793978895061,1
21,0.568062874954194,0.970597171457484,0.904954962898046,0
1181,0.387492287985126,0.267628090658417,0.679938970275418,6
1081,0.384868010211702,0.316135111494473,0.679476053111005,5
639,0.227028978336602,0.61615601151716,0.0304947727127001,3
949,0.375088139139078,0.323483389693674,0.691206259699195,5
291,0.258786784778349,0.499520223285072,0.494487401563674,1
771,0.38770793011606,0.288803046623245,0.686214869051116,4
169,0.256705391467549,0.661113566416316,0.319948801072314,1
1324,0.38058414782175,0.257121620286022,0.690627747759038,6
701,0.227102490228135,0.564468743558973,0.153956454014406,3
481,0.290184261729009,0.530221480806358,0.34837946924381,2
1331,0.385132464708112,0.261842837212455,0.68408714820594,6
344,0.281371502277907,0.839743615523912,0.298413833486848,2
768,0.392560757228571,0.293593165745631,0.684417832069215,4
232,0.260073791870382,0.914375528856181,0.28168166289106,1
374,0.286208633370698,0.858803956350312,0.425309160840698,2
631,0.230279706194997,0.466599423368461,0.0824139065807685,3
1046,0.378794174965825,0.312812730809451,0.688003598089139,5
614,0.221573608343024,0.912515059742145,0.111307362210937,3
224,0.254563312642276,0.599418139830232,0.384309179033153,1
385,0.290490523807239,0.939395278855227,0.26415810524486,2
49,0.616022790316492,0.970757015282288,0.698846962070093,0
48,0.641046807635576,0.0667903220746666,0.893518962431699,0
1215,0.386562884484228,0.253545955293495,0.693821761758736,6
174,0.257582250798587,0.715537528204732,0.237877698615193,1
554,0.222745719447266,0.831219610222615,0.269547661067918,3
1126,0.386510959169413,0.316454048155104,0.681490393110263,5
217,0.258136171472725,0.656522433552891,0.348755954997614,1
645,0.22878892283421,0.631247520376928,0.248506287811324,3
558,0.225206327333581,0.606556211411953,0.265789331169799,3
378,0.28794071149081,0.511725018545985,0.479907220345922,2
104,0.863072588806972,0.614801651565358,0.908721348503605,0
899,0.385854630716873,0.28718422637216,0.686629186055113,4
5,0.721502782311291,0.200543826678768,0.840877540409565,0
303,0.255348038456868,0.679148531798273,0.451709909830242,1
158,0.257875522528775,0.826778785022907,0.0859000070486218,1
755,0.369860593729106,0.284780537171349,0.682231298844908,4
467,0.282680810708553,0.927622058591805,0.432354538235813,2
743,0.375938420802792,0.294176989270346,0.684320404491381,4
705,0.22790425152285,0.503502297494561,0.0277010652935132,3
806,0.381500216934068,0.295654417936828,0.684353857651538,4
834,0.378675628120472,0.286348919489741,0.678896482186506,4
121,0.778949909843504,0.60602563736029,0.98992146528326,0
365,0.283309807102196,0.730833748518489,0.396364755695686,2
923,0.385066062117136,0.29186678430223,0.682026573541094,4
144,0.254282135756221,0.773915675515309,0.455830374849029,1
953,0.375454019422751,0.311988546676451,0.694562014957573,5
26,0.753010117216036,0.806529941270128,0.834450802067295,0
1007,0.38740208995632,0.316962271979139,0.683671382663799,5
770,0.377367480324266,0.291042838476266,0.687886841482687,4
735,0.390652654821606,0.283741805008668,0.690583760954179,4
510,0.287689575529657,0.473352324496955,0.0840917900204659,2
1122,0.384757590543904,0.322329550084372,0.690435441826649,5
587,0.22343237379333,0.885732403537259,0.0250537192914635,3
557,0.227189936321229,0.515837914822623,0.361070479382761,3
1247,0.379781100858147,0.269386137077238,0.68204530326721,6
601,0.224908971143886,0.817136560729705,0.149693185230717,3
455,0.287753496870864,0.640454232622869,0.513260338571854,2
473,0.284447971303016,0.775253489660099,0.0601182124810293,2
1039,0.383049399406469,0.316730377289035,0.67867899547923,5
764,0.383425939624787,0.278611068116887,0.689507348317792,4
348,0.289963842439465,0.886010710895062,0.243878254317679,2
593,0.223556129727513,0.676357924286276,0.354893357143737,3
1269,0.390048467974479,0.264435300615223,0.693085252994825,6
560,0.222706857132725,0.899453414534219,0.425820451811887,3
244,0.256998846249189,0.68408879362978,0.31611718563363,1
637,0.226764494043309,0.548746939213015,0.0295958610950038,3
282,0.250984369316138,0.580529894609936,0.26808623992838,1
679,0.229758158933837,0.497706042882055,0.0685152418445796,3
351,0.28595153729897,0.45649852422066,0.22551611578092,2
1163,0.380920463142114,0.256764333482065,0.687939809278776,6
590,0.225017935784999,0.916260101180524,0.0924868267029524,3
332,0.2526051593991,0.489921212824993,0.130529698333703,1
371,0.284703330399934,0.642049044533633,0.471632552682422,2
496,0.285692664547823,0.561579495132901,0.470745900995098,2
980,0.380933994264344,0.319130549711852,0.684947358922642,5
1096,0.38420432148338,0.316854541114426,0.687214061015166,5
1145,0.369065952687725,0.263925495866248,0.687912874057714,6
859,0.384285363504125,0.276253653079166,0.683931333093399,4
970,0.372758003965954,0.312689141348077,0.68091946949827,5
302,0.255174154678825,0.68513787414413,0.328277779859491,1
618,0.221886379919015,0.485792489070445,0.483604689594358,3
1092,0.380353184783446,0.32275621750135,0.684012000562152,5
495,0.286530786815565,0.452784420852549,0.42092051031068,2
1108,0.377232914142848,0.314020071416328,0.683066243783338,5
1147,0.376877052633798,0.2553992555603,0.690154075828039,6
280,0.251266972101294,0.726557415840216,0.315945702721365,1
483,0.283745761711616,0.477012065984309,0.453942872583866,2
772,0.383379480015994,0.289781270234877,0.683849641037571,4
458,0.282130068398546,0.453864872269332,0.193149991333485,2
1229,0.383777804444206,0.256229788006262,0.686833167266075,6
328,0.255008159249555,0.733457654993981,0.495317396242172,1
286,0.259720586799085,0.69144152388908,0.147000580793247,1
23,0.977288985624909,0.625766527373344,0.839886552654207,0
572,0.227925794823095,0.916696820803918,0.270921829505824,3
916,0.38018840438969,0.289876451957277,0.691773052496652,4
805,0.387532947295201,0.291139490094622,0.686471584057652,4
1173,0.376412184109957,0.255985670764783,0.68502092207642,6
1311,0.37980679773735,0.257746869084152,0.682659388244356,6
957,0.377378507059286,0.323881552136262,0.685084958565364,5
762,0.377416192814639,0.289024561168917,0.684354537891355,4
778,0.376206626361532,0.293739440088646,0.688143058448148,4
194,0.252203009298537,0.745740190544166,0.356653709779494,1
939,0.398428292692417,0.318352395148091,0.684867688943509,5
744,0.383555983973371,0.295675551505441,0.682322253283994,4
766,0.381768610144833,0.286993303579053,0.689055473114394,4
700,0.228800356478896,0.558881336753257,0.263072198489681,3
559,0.227667438052595,0.845546441199258,0.077709550387226,3
857,0.392116133215084,0.289275413025804,0.685714691156825,4
901,0.389933533618701,0.294898676803198,0.679701261962269,4
1161,0.382648126978731,0.260980399952377,0.686742468358757,6
862,0.391815480296227,0.295303367168051,0.686055119657422,4
538,0.228502391555812,0.933289622119628,0.420724823605269,3
1020,0.384354015712214,0.327669409397027,0.686227739756753,5
1051,0.381593493004869,0.314035468171233,0.678294017557493,5
1210,0.385311442522684,0.260922321907054,0.684845105125401,6
447,0.283948499804828,0.555729737668298,0.314543675864115,2
530,0.285156854297966,0.554821417597123,0.341770212980919,2
153,0.254648654565681,0.743673933832906,0.316391871660016,1
709,0.227039938170929,0.628829852375202,0.102148807025515,3
281,0.251153560495004,0.595663571776822,0.158227671403438,1
1164,0.386629518354677,0.258004640013262,0.684044421644486,6
160,0.253575242385268,0.845978780114092,0.141070126905106,1
515,0.283862669903319,0.516597771947272,0.094198830309324,2
1276,0.382527569060517,0.263561424471197,0.693821913989727,6
852,0.386366935653541,0.290856177682836,0.691620888304053,4
836,0.38652756411082,0.279942156698048,0.686799495557051,4
1218,0.378646824625912,0.257404617775154,0.685954113759079,6
580,0.220812026823405,0.559145420021378,0.0555385348852724,3
1292,0.380518050355908,0.258332919840036,0.682557724848798,6
256,0.256952239882667,0.712667751288973,0.38165756885428,1
1206,0.384245904483249,0.260648699872713,0.685969224875622,6
113,0.416543501894921,0.264727276517078,0.848479348933324,0
920,0.38625912062649,0.291706342463329,0.686272854225682,4
870,0.380928402498007,0.287768966149703,0.685768007526277,4
436,0.285290300894994,0.472266300278716,0.26305491081439,2
242,0.259076823776122,0.795763478893787,0.205415230011567,1
861,0.386597665565853,0.295911546558259,0.674683775347583,4
364,0.287956070564687,0.709659408940934,0.5157531601144,2
598,0.22503288153559,0.659788890555501,0.151785551337525,3
46,0.960591335082427,0.680259130662307,0.13061155914329,0
122,0.375066133914515,0.621598210651428,0.701878799358383,0
1174,0.379127536262152,0.260056885325064,0.688851067553114,6
93,0.116741475183517,0.843120030825958,0.454068564809859,0
794,0.386127654015619,0.271848237622157,0.688613389201153,4
423,0.283822520873509,0.537866667076014,0.497411288903095,2
738,0.391561015651376,0.286198246579014,0.681836420421029,4
223,0.25639888672391,0.60074113663286,0.0613811647053808,1
877,0.385939449962392,0.283485812575553,0.681426185446856,4
1227,0.381161230314846,0.264959079875263,0.678894770511788,6
497,0.289420896912925,0.791514454921708,0.465587000362575,2
736,0.383049777513752,0.295682984281155,0.683288917872674,4
115,0.663002511719242,0.54987837234512,0.0209196684882045,0
790,0.378531500687488,0.287844622745523,0.680983183405636,4
1146,0.372571442084269,0.254813081264637,0.686079045116132,6
312,0.251304701864719,0.718886878853664,0.271608141367324,1
555,0.229392383589875,0.581616251426749,0.0699785674223676,3
872,0.384268691595189,0.278639657195246,0.67540618567148,4
33,0.365500373532996,0.436102577950805,0.85355161014013,0
628,0.225669239882845,0.841765626030974,0.400816893554293,3
243,0.253922089620028,0.820349635370076,0.382165793329477,1
1272,0.385668579459197,0.258885583134056,0.690200825105309,6
1150,0.379386683266871,0.260199788543629,0.689144353953882,6
694,0.230022041525226,0.886483994475566,0.274958159890957,3
130,0.88637828733772,0.35112011549063,0.0441619281191379,0
254,0.255372993699275,0.826588817336597,0.249032121500932,1
1151,0.368295749568762,0.261931658906615,0.689437173744179,6
57,0.789394960971549,0.453902329783887,0.924761472968385,0
452,0.289652365755755,0.787041555671021,0.449785189935938,2
370,0.285274340610486,0.892083791131154,0.317512948298827,2
355,0.288800992988981,0.842393078422174,0.275001252419315,2
874,0.379282835146151,0.284796387411401,0.682518976080015,4
65,0.615876401076093,0.223036110401154,0.501393165905029,0
453,0.281566846838687,0.601875996612944,0.35522704932373,2
882,0.381407365561105,0.296726669507017,0.680538793814654,4
1125,0.383358231016659,0.321838565150862,0.681426693689925,5
678,0.225334587683901,0.821427854523063,0.0416726670227945,3
786,0.387303598876899,0.285751698812736,0.679688714002919,4
782,0.389155277428116,0.286520802350152,0.69251480527888,4
1064,0.383459443150938,0.325686054042659,0.680918256250591,5
674,0.228836577103939,0.870431420207024,0.167640181607567,3
947,0.381413098909119,0.314630073777819,0.683943001765374,5
1294,0.377359979507563,0.266817855559041,0.681837094784443,6
1300,0.389512102453341,0.270032264046202,0.682750526775572,6
421,0.284100484778173,0.860933980136179,0.244969978928566,2
1257,0.378529791596332,0.26742573274971,0.688322070477534,6
1258,0.383690677430961,0.260943708297962,0.681267111416068,6
1015,0.376441169131058,0.317770167134758,0.684196754895656,5
390,0.282390454786364,0.904893406364136,0.275922171887942,2
509,0.289118660173845,0.778309934237041,0.0939787499373779,2
1022,0.386686698111579,0.319524838579647,0.69049270546365,5
617,0.226070895222947,0.613626360241324,0.237118912860751,3
513,0.286567641731817,0.672830096259713,0.472202151548117,2
842,0.38036071686036,0.283259054065665,0.683427329441467,4
215,0.258125379011035,0.678107324917801,0.399145140196197,1
564,0.227729660714977,0.76343600305263,0.43816507793963,3
417,0.282438347355928,0.721317376755178,0.316226999741048,2
821,0.381720516150733,0.291688160902613,0.684934998801471,4
910,0.382254416598591,0.27961198740535,0.689353470362649,4
566,0.224475311716087,0.790318281785585,0.0322687587467954,3
1031,0.377751735493374,0.318001474971012,0.68310689044647,5
1221,0.393562591204572,0.258631283645467,0.691575154057481,6
1188,0.379291222279821,0.253105051886532,0.681283646021854,6
1052,0.380290759006198,0.316163921755834,0.694337442111639,5
1322,0.3858573496331,0.244487089264024,0.686682769544703,6
410,0.290323153249919,0.77566198380664,0.124114973121323,2
706,0.227141916777473,0.860247202962637,0.432652303134091,3
86,0.189351759385318,0.0841339367907494,0.879588332958519,0
1045,0.387170103635329,0.31672498438953,0.690048341444838,5
203,0.259815897622611,0.81390025599394,0.383310819044709,1
756,0.387665972549748,0.291436003846077,0.682096321370779,4
156,0.254193671275862,0.561229145666584,0.339629753842019,1
878,0.389612534731111,0.294015079559547,0.681718329859443,4
197,0.255123446080834,0.547612352692522,0.401931635686196,1
808,0.373109578129713,0.290128045225287,0.68174028593976,4
784,0.376886732093676,0.29843768707863,0.687132349740006,4
951,0.382961485137216,0.324946194725313,0.687218597220511,5
996,0.38097307557112,0.310555612321807,0.685086799418208,5
1009,0.378802574524387,0.317153832829213,0.688585191055375,5
438,0.282960772591177,0.750134456134401,0.170639550196938,2
1198,0.377714077264173,0.252307143236579,0.679223471119658,6
162,0.252549144576769,0.67084015829023,0.221260736230761,1
871,0.381354123198219,0.287928982347114,0.691825748707283,4
47,0.0690515234600753,0.0425715607125312,0.820170597406104,0
255,0.25184453605907,0.74702035326045,0.438877260661684,1
398,0.288982995941769,0.596723583107814,0.488698791479692,2
123,0.0453841763082892,0.935463047819212,0.643109090160578,0
74,0.471029984299093,0.261954824207351,0.354390684515238,0
807,0.389045469449956,0.285434896529861,0.681426405170716,4
1124,0.380024800299365,0.316716214558498,0.685183027950202,5
486,0.285116278089117,0.685954777803272,0.304262405959889,2
166,0.258571630096994,0.845632284926251,0.192671469412744,1
3,0.469463247805834,0.652480607386678,0.702438131673262,0
1106,0.385556822354298,0.321968337522797,0.689637724056934,5
1214,0.385322987615169,0.250727705975634,0.682865773259556,6
988,0.382263185056627,0.320604646541799,0.69721288859565,5
754,0.378637459462365,0.282286952199776,0.687853409787162,4
1102,0.382257077394645,0.320994984235444,0.685549332469685,5
432,0.285322971520945,0.720208572270349,0.441952591645531,2
152,0.251679511123803,0.637440988142043,0.316451451275498,1
275,0.251192269143648,0.526061981264502,0.0376556852133945,1
632,0.227012956652325,0.897654296294786,0.186151846777648,3
1245,0.379028611694947,0.26067188701945,0.688220121581059,6
685,0.222947495670524,0.7434718207689,0.486933733220212,3
900,0.3801712170832,0.282404332399795,0.692584653728912,4
1141,0.384543809353035,0.252893737637091,0.68700619603522,6
1138,0.390417674066388,0.260590020185554,0.678769689083645,6
553,0.221626193858683,0.590808146796189,0.126361024798825,3
1036,0.377051887250664,0.319591346715241,0.685903403854976,5
1034,0.380627059168019,0.310336344066482,0.681216887442479,5
247,0.258667112102266,0.520629409397952,0.30034388822969,1
747,0.3796482445268,0.289060555876792,0.685638597534867,4
296,0.254578247484751,0.630684029939585,0.456263728090562,1
1222,0.381250807455589,0.251270331157622,0.684461123966791,6
128,0.353672657627612,0.0240933187305927,0.85710955504328,0
620,0.227140776342712,0.881373011204414,0.217229712288827,3
159,0.25589059012942,0.798182061105035,0.179585025063716,1
15,0.284867791458964,0.116329338168725,0.0621672153938562,0
140,0.251059422746766,0.614701031870209,0.503692805883475,1
338,0.290075072376058,0.560027509042993,0.465225469321012,2
290,0.256694325264543,0.701385269570164,0.413722059107386,1
737,0.388293915449119,0.291984196449216,0.689959898006995,4
1103,0.376447081879911,0.312503858304586,0.687407356498345,5
463,0.281388831946533,0.663347332784906,0.475604506907985,2
972,0.381769827531694,0.319867791365566,0.689110810886624,5
1078,0.381608661284618,0.317675099741301,0.689124734443518,5
277,0.250759608184453,0.510566834057681,0.296454763039947,1
76,0.352962411707267,0.0350033158902079,0.996377070434391,0
597,0.223545082649216,0.594465904100798,0.487697017379105,3
1255,0.380251301341493,0.24994741956163,0.690717053767876,6
1209,0.376674726084015,0.267580059816753,0.683287254324207,6
1169,0.376095660885742,0.261365612318217,0.685653343685856,6
1233,0.379790535358287,0.257831081039751,0.681548508379672,6
272,0.253940283672418,0.648804546846077,0.411080197663978,1
133,0.609814674360678,0.935113296844065,0.964209063211456,0
139,0.253460900634527,0.560348419751972,0.521341743995436,1
896,0.385243798660615,0.294827166166404,0.687888743699138,4
964,0.385872794617364,0.312149338874878,0.686232229697485,5
246,0.2557530614594,0.641867282148451,0.41789183288347,1
673,0.220980281657539,0.518860175088048,0.13419639330823,3
892,0.389408287231099,0.289058412357189,0.685828544457656,4
268,0.255761513416655,0.808400161610916,0.289895405061543,1
977,0.389190869664429,0.319998098706875,0.691449369505641,5
494,0.286823159863707,0.588670078478754,0.0491188480518758,2
341,0.290280965557322,0.798164287977852,0.232386070652865,2
498,0.288341210701037,0.48333178407047,0.3754332580138,2
715,0.226434237440117,0.649417481897399,0.0801802304340526,3
4,0.901645469712093,0.807932771742344,0.0219852586742491,0
350,0.289671586225741,0.917985155410133,0.37740556395147,2
986,0.371712015710271,0.319346808738046,0.681451493650164,5
213,0.251808950095438,0.683854727353901,0.265923195984215,1
965,0.382656928771444,0.32328753001409,0.681272216805794,5
653,0.229060505433008,0.576774861477315,0.339880681713112,3
63,0.637497253948823,0.440845442470163,0.716272386023775,0
710,0.223545794640668,0.651729942811653,0.176642678445205,3
751,0.379700153067916,0.286175338325631,0.688409975520319,4
1329,0.391198295525731,0.257563812284734,0.691260897676099,6
188,0.251527029373683,0.6678313145414,0.243295849184506,1
1123,0.375629089545499,0.322115709747951,0.683134474412602,5
1011,0.372908687094858,0.317222079609117,0.689774614220418,5
839,0.37990429776601,0.294394690245391,0.6911298918414,4
1077,0.385401679108438,0.318263659004536,0.693774946654722,5
480,0.283972288453952,0.636358768492937,0.155059921555221,2
271,0.251003662541043,0.5735954714939,0.4122132754419,1
918,0.371106663121253,0.283421752012158,0.686838917521501,4
157,0.25108712175861,0.663477963232435,0.27219368936494,1
1133,0.397128104185985,0.324834193463692,0.689894656395255,5
322,0.257749262000434,0.508317888877355,0.500278137391433,1
1186,0.380173784259008,0.255387177706128,0.685853566559334,6
594,0.226404920993373,0.493573566479608,0.0536271769087762,3
1097,0.381225940547575,0.320491378011012,0.6854301855563,5
763,0.383547099057407,0.287659546588369,0.683409894853241,4
843,0.392660448649284,0.294782583554119,0.679306320957834,4
276,0.256248693780508,0.598936093435623,0.0375730446539819,1
13,0.898919090162963,0.480393016710877,0.650894768768921,0
273,0.257134954535868,0.611450709565543,0.319253531750292,1
325,0.257933571999893,0.698246691422537,0.264799315249547,1
518,0.285033033590298,0.810892412136309,0.231209458317608,2
1048,0.37900945294186,0.316132714528088,0.686711504171219,5
981,0.394119682861604,0.314695019677335,0.684118328871695,5
655,0.226593723092228,0.684190858667716,0.193568765535019,3
108,0.654358783969656,0.107672243611887,0.797231748700142,0
960,0.381993893253416,0.319773900901462,0.687470168576666,5
425,0.281890839666594,0.529273991519585,0.361538589932024,2
727,0.221869384422898,0.708798584458418,0.0994719966547564,3
1062,0.385985510727203,0.325127999621406,0.683357036442087,5
1117,0.380329209593834,0.318515434736072,0.692062396440242,5
944,0.380062386156818,0.319396669009497,0.697960642993891,5
641,0.228145405468531,0.788266520993784,0.460940168122761,3
340,0.282018725138623,0.886721016187221,0.466084299143404,2
1187,0.373822466036199,0.259009566964837,0.685517380926622,6
1216,0.377560962379536,0.274587158886626,0.684408648844054,6
1131,0.37553904119069,0.315420928413507,0.684647799788106,5
327,0.250810989688616,0.584933446533978,0.0979616709519178,1
419,0.282984333275817,0.926994926924817,0.106695242226124,2
712,0.228870238391683,0.867383181047626,0.408712542383,3
887,0.382767100112522,0.29594123323091,0.68054735179297,4
1259,0.382573345120622,0.25703733467983,0.681738622402489,6
138,0.255172506014351,0.780076538957655,0.201072642579675,1
151,0.257848808043636,0.899887508177199,0.151231918251142,1
864,0.382170120266384,0.288536637309776,0.687838632097855,4
1115,0.379718804627889,0.313284066531334,0.686942263149058,5
1090,0.386180345608891,0.314146483593439,0.676072426504922,5
803,0.377451894692181,0.282587621994881,0.687339471715782,4
551,0.221058230928611,0.652378586516716,0.429809941910207,3
422,0.282675871858373,0.673770776297897,0.516369372373447,2
506,0.28942749296315,0.879976262152195,0.490670582745224,2
200,0.257358754840679,0.454336364683695,0.2827170540113,1
1270,0.382402477443558,0.255095478220018,0.694247833451716,6
1273,0.380319394994879,0.264343822587117,0.683640050549287,6
434,0.28861215501558,0.78790971711278,0.369445355376229,2
283,0.259262507499661,0.840941477497108,0.353001055307686,1
91,0.0567648208234459,0.65557430521585,0.13072526617907,0
29,0.288359016412869,0.649551576469094,0.552437885664403,0
392,0.283854588780087,0.93861126578413,0.25772966875229,2
1083,0.371234353015526,0.320620616324831,0.687255855330292,5
1295,0.379095642376724,0.259067449200226,0.686573157203885,6
729,0.222519799419679,0.847866372135468,0.280690214363858,3
488,0.282640591771342,0.559121337300167,0.380893084337004,2
437,0.286177321579307,0.942179501568899,0.452761217369698,2
933,0.384372312645535,0.286233221866581,0.695692462870686,4
216,0.252166218212806,0.487407656316646,0.467174802906811,1
676,0.221614269253332,0.739139821077697,0.292010052944534,3
477,0.28381372916745,0.563601669436321,0.141872973996215,2
1242,0.376827574596907,0.252790270318119,0.687973073509841,6
1135,0.384225657919402,0.262000018172393,0.682384864097658,6
1277,0.379071610379558,0.261266319824909,0.690781988056456,6
448,0.288276140892413,0.521013929089531,0.202749547897838,2
508,0.290307481524069,0.744342268025503,0.136561209801584,2
845,0.396281537943127,0.290011606766759,0.686073518083235,4
1200,0.375557550768959,0.25418099126271,0.681400121846613,6
214,0.256353927555028,0.622081639408134,0.385668355971575,1
823,0.381900402193167,0.28513261204534,0.686752683482046,4
795,0.381156534601887,0.289768729728003,0.681577561800166,4
1317,0.379794897121627,0.262532521941434,0.679275163321359,6
1220,0.385940900023628,0.25553474601324,0.677786346499002,6
199,0.259314272087067,0.756306100799702,0.0286881540669128,1
1256,0.37688212801864,0.259046384980633,0.684368211955132,6
962,0.380690568446052,0.31743159478745,0.691292494093939,5
634,0.227012991046067,0.535948993917555,0.19962643191684,3
201,0.256150406848174,0.845173739874736,0.276346381055191,1
767,0.375512918218584,0.281818976011877,0.691050510334311,4
411,0.282161262070294,0.908907534601167,0.108955148258246,2
382,0.287869973818306,0.798918955191039,0.29341172426939,2
1025,0.384574754220629,0.312649623386551,0.681459211251511,5
1068,0.373927560430506,0.320482360586241,0.685116395726054,5
492,0.287684731795453,0.561550832167268,0.051126993726939,2
534,0.226753871832043,0.506727420189418,0.222565244883299,3
167,0.252006742816884,0.59128614612855,0.404159105732106,1
695,0.222168376531918,0.704320077598095,0.113520216546021,3
941,0.386252813214544,0.31858565631127,0.691023338043643,5
1066,0.379696508554488,0.315262739282852,0.67977085289899,5
233,0.25069024222903,0.511472398694605,0.201880973647349,1
525,0.289988705830183,0.540839723590761,0.0394592789234594,2
931,0.381625190852121,0.28833295601556,0.682219187290724,4
24,0.560727757634595,0.672148995799944,0.0880929352715611,0
1182,0.374582375056341,0.262677300807093,0.687945487367797,6
865,0.389412930580891,0.291059803979558,0.691314755292334,4
92,0.137398895341903,0.252850878750905,0.341261081630364,0
565,0.223586300360039,0.503553928504698,0.352286576875485,3
774,0.387411164231485,0.299152992665462,0.683908761195438,4
339,0.288670687673148,0.646643267059699,0.40207705902867,2
672,0.22056398414541,0.83684664957691,0.432177045266144,3
141,0.25955555007793,0.69084117054008,0.15097642200999,1
1288,0.378428396211432,0.260493108808336,0.672210629469575,6
1054,0.380142360583086,0.307287544066799,0.695001180067554,5
1069,0.382132976590541,0.321846065302865,0.687890311006643,5
1162,0.383901398443015,0.257058196167119,0.687702880562738,6
761,0.388254819061099,0.290101018963906,0.688902541797216,4
120,0.25611195107922,0.80134378769435,0.914450925309211,0
825,0.376872567323878,0.285041631219093,0.683313895406334,4
935,0.376458198012667,0.312959178255997,0.689805210804482,5
1137,0.382647757785802,0.254140870681453,0.682058056821962,6
56,0.336901891510934,0.590097438078374,0.183420273009688,0
251,0.250622552619316,0.605448534642346,0.122760422178544,1
1091,0.385415599613131,0.322974135010539,0.678972215805843,5
777,0.377380824208684,0.29836249028873,0.682417048758971,4
1001,0.386788089204047,0.313679235807085,0.677522403287558,5
1041,0.38749500249696,0.314873118024651,0.688201824789342,5
384,0.285517303915694,0.865706313331612,0.445106028928421,2
1264,0.379609470688056,0.258057880694472,0.682171250505255,6
468,0.290067780234385,0.789537586900406,0.475950950523838,2
1079,0.387263934768117,0.317957366328899,0.685681941038864,5
462,0.285187722351402,0.923356928909198,0.0978701498825103,2
12,0.595317886676639,0.000989025691524148,0.107846324564889,0
69,0.783767353976145,0.612129011657089,0.757976735476404,0
562,0.2301083980361,0.874748184275813,0.357411256758496,3
73,0.793517985614017,0.0978090011049062,0.174436925444752,0
1033,0.376352822438988,0.324674883553128,0.681970649326136,5
1279,0.379343506663069,0.258486254426573,0.674386070311993,6
847,0.379575092719518,0.281196559126348,0.690401179408532,4
1268,0.382373623939255,0.24858789887699,0.687005947208133,6
1080,0.379799899528309,0.321104851742656,0.675692611638249,5
746,0.386917413844137,0.293266414688879,0.685616018965307,4
367,0.287276305097621,0.909609048557468,0.437409871257842,2
1170,0.387220534073339,0.252235232982572,0.682287044508573,6
993,0.388383196000907,0.322941624129637,0.684075376614783,5
235,0.258275663361419,0.498311110702343,0.17112141661346,1
905,0.382800477626799,0.290569473566343,0.687338019988548,4
1286,0.386544756626402,0.255277655479889,0.682468948932391,6
1118,0.387552594064057,0.321571047169745,0.682161970785131,5
293,0.258130908017047,0.551430897368118,0.0255092108855024,1
441,0.281232740029227,0.65656464365311,0.340986310271546,2
464,0.289597448816057,0.637646264676005,0.416688610916026,2
333,0.2600110151642,0.902085083350539,0.471542264567688,1
723,0.225866171962116,0.799544397438876,0.476176528609358,3
1027,0.384186402259438,0.324238235973803,0.687621282025601,5
1195,0.386211885148649,0.255958151331077,0.68491503892276,6
202,0.257282728392165,0.652984809875488,0.422888789093122,1
1213,0.381902492259998,0.254540878198318,0.682175394116407,6
994,0.384316561865291,0.314861952084066,0.686812755779958,5
449,0.286850194407161,0.840023605548777,0.264455931261182,2
1140,0.382088471722708,0.259176418468405,0.683033285202392,6
45,0.703007273841649,0.927041604183614,0.340794966090471,0
318,0.254564385795966,0.763616337720305,0.0889029512181878,1
917,0.382919646705914,0.279850550548453,0.678497308017189,4
646,0.227445644126274,0.874094347516075,0.281616469030268,3
571,0.227993699838407,0.807228180044331,0.0702221618266776,3
1313,0.382107954694502,0.257597073656634,0.685400324873572,6
1111,0.384536730664622,0.323232357031971,0.683918812644537,5
180,0.252780567901209,0.703794936696068,0.412124494323507,1
460,0.284869958078489,0.557108722673729,0.500282962806523,2
643,0.222926356412936,0.802347497129813,0.297954918001778,3
724,0.229723000705708,0.81020348710008,0.0826495218789205,3
698,0.226900105716195,0.708187377825379,0.353537512477487,3
499,0.28976080916822,0.497062499448657,0.240550231770612,2
521,0.290123554137535,0.532189397420734,0.0759355291957036,2
10,0.857377532403916,0.822252040496096,0.394261674024165,0
1308,0.390210661797593,0.258709245880652,0.685316101846022,6
999,0.394216359358437,0.311743972200347,0.690545560507007,5
532,0.28419940370135,0.592659270903096,0.407544013112783,2
697,0.225477221778128,0.668380960519426,0.474371435469948,3
721,0.228532373255584,0.881134223472327,0.0239242205861956,3
319,0.255498297656886,0.857681545708329,0.502184068202041,1
78,0.0669625257141888,0.146190507570282,0.77582478011027,0
1093,0.386476016727843,0.326833763813214,0.689833691676148,5
531,0.282223680089228,0.678547883918509,0.443609176552854,2
608,0.221851029978134,0.670592206576839,0.522890294436365,3
915,0.38802585151248,0.289940463674361,0.678489730890822,4
912,0.377154677926404,0.28905740790564,0.685892123412661,4
1159,0.38215821925001,0.25557553108377,0.683671832590286,6
686,0.221626663955394,0.890482721896842,0.349091683398001,3
610,0.229487327390816,0.590815020189621,0.229080394841731,3
507,0.281153899817727,0.804840406216681,0.417016437277198,2
1312,0.382676709935294,0.259372332493783,0.68738098769208,6
968,0.377495333730026,0.313996414044997,0.693156303756368,5
175,0.256331923466641,0.897400781442411,0.210333215189166,1
937,0.384964473494456,0.320674922373368,0.679872013449874,5
168,0.255707429014146,0.500390411983244,0.419308295473456,1
711,0.223606573720463,0.529969895537943,0.175701974076219,3
911,0.376261890448258,0.291452432374603,0.687252107137766,4
1266,0.396435025367433,0.265195410530965,0.67988462837273,6
849,0.377777138094914,0.293029147958459,0.685915604143988,4
612,0.222752533752937,0.741123935603537,0.198600869276561,3
265,0.253925472097471,0.938828027504496,0.238864394254051,1
516,0.283507203522604,0.79599747788161,0.499194287578575,2
945,0.381770663877811,0.320484795939278,0.685265964396156,5
1154,0.387741755488802,0.262802470763756,0.682494086626813,6
263,0.256184898607899,0.655315099214204,0.378946880809963,1
98,0.870002713985741,0.0290380530059338,0.255143455695361,0
961,0.380957944196059,0.32005971495049,0.674381149386362,5
248,0.252125331317075,0.582297060568817,0.155375509522855,1
36,0.536727766739205,0.957424245541915,0.244531961623579,0
38,0.299910583766177,0.853728247573599,0.321734555531293,0
67,0.995896722655743,0.0241984114982188,0.8823929768987,0
491,0.282824217833113,0.511910308664665,0.374616362387314,2
822,0.376774742261393,0.29514072049993,0.691205659029364,4
626,0.230264058450703,0.702729712170549,0.516228958265856,3
1171,0.389763109317767,0.259479426423396,0.68652173623754,6
561,0.228783313638996,0.460047007468529,0.217365006334148,3
640,0.227250186670572,0.88747738969978,0.042456166469492,3
503,0.282712798097637,0.911842765449546,0.407207018695772,2
946,0.389067738953709,0.320315548048906,0.683840302584957,5
1013,0.390016791588637,0.324322266636464,0.687503355517042,5
85,0.853111432399601,0.695906207663938,0.860100503778085,0
967,0.381763552195914,0.312013443833092,0.683600415495503,5
863,0.37835049004865,0.295677202492504,0.681803007296253,4
185,0.253926252226811,0.6520009951666,0.258544689859264,1
718,0.224049819288775,0.450124619808048,0.131861476111226,3
415,0.287089074873365,0.799715103278868,0.0384111393941566,2
58,0.992288903100416,0.855495385127142,0.307980617508292,0
732,0.221828203375917,0.928360058623366,0.277590137207881,3
288,0.250667636522558,0.775216310215183,0.411028387956321,1
1275,0.391617556438542,0.261686265245163,0.686774781457664,6
82,0.56827998557128,0.587202225113288,0.193405609810725,0
733,0.221058122399263,0.672283213981427,0.370220448472537,3
146,0.254010928969365,0.806358390301466,0.170303696533665,1
1044,0.382366596951563,0.322790948517495,0.68856154575574,5
1026,0.376819403713971,0.32200049140646,0.692037208526781,5
237,0.254849973800592,0.639641697797924,0.492278173100203,1
759,0.379444953273802,0.282059705223501,0.684563328331179,4
934,0.375178572197093,0.317654291392311,0.678819308700206,5
886,0.387484901487928,0.293838105204703,0.688672542383149,4
1274,0.37230043791665,0.262798843554718,0.69650699993569,6
717,0.225561745325103,0.585315028717741,0.241785051766783,3
501,0.288569834826048,0.625559670198709,0.3973505058093,2
665,0.227501909988932,0.903252603649162,0.212598707177676,3
178,0.258141792828683,0.735621201153845,0.041696518426761,1
914,0.394010942751876,0.289617831118987,0.688626363933983,4
416,0.289371243051719,0.614236627984792,0.426291487063281,2
757,0.387707776433175,0.285272222675572,0.685252418137768,4
539,0.225602476736531,0.940935029229149,0.516075414954685,3
171,0.260161697808653,0.500062446156517,0.504005013033748,1
1144,0.380401996425571,0.259006304290636,0.692233686942683,6
619,0.227304495002609,0.704708605702035,0.151624899008311,3
426,0.282868155410979,0.821322298655286,0.517456164234318,2
546,0.221810171958059,0.529832679126412,0.0439907541731372,3
734,0.38109768397184,0.291479972965256,0.687677202207133,4
1283,0.386183090752073,0.264465284236654,0.684497820625134,6
505,0.286918659862131,0.875749953254126,0.122174726915546,2
412,0.285140878211241,0.562029650248587,0.0907320611877367,2
404,0.286134964467492,0.598352380027063,0.476675215293653,2
270,0.257584003913216,0.859447041456588,0.275503288139589,1
99,0.10549764893949,0.617342752637342,0.498793989419937,0
435,0.289359794822521,0.527262394013815,0.0403747335076332,2
1113,0.377975697468173,0.317642092818867,0.690869673145891,5
1332,0.386558363307491,0.262342729393968,0.693572349882219,6
1134,0.380397593548106,0.258803584693143,0.689755260163868,6
16,0.709312274353579,0.483802424510941,0.0284865940921009,0
1249,0.382597026675178,0.252205566458257,0.682722837857531,6
1226,0.378482087727863,0.267672583997298,0.678619822655822,6
879,0.387352119156747,0.286826720562786,0.681349738212508,4
225,0.254382994256448,0.607128467224538,0.0589016635203734,1
1142,0.381984169030061,0.261928016072107,0.681058967150966,6
95,0.479341012891382,0.129818252520636,0.194791015703231,0
595,0.22057759121526,0.825970860477537,0.471426004078239,3
1281,0.38594521603823,0.250613829951027,0.67842504662526,6
424,0.281239152250346,0.483688861876726,0.470128389191814,2
1176,0.378880077338291,0.263833888685116,0.683273049981443,6
529,0.282282753803302,0.849450743570924,0.39682789251674,2
1075,0.381536572123379,0.318349586423348,0.684915507966114,5
187,0.258201606201474,0.476699728216045,0.248789821984246,1
9,0.428234439576045,0.60983920423314,0.737790927523747,0
1271,0.385037344750386,0.258161536547,0.683138582614329,6
1098,0.377987304192303,0.319443765357987,0.688400727365641,5
297,0.255250634157565,0.891717627109028,0.443221038323827,1
1042,0.389251894678442,0.323012423468911,0.681029334919963,5
577,0.22622495659627,0.583455038419925,0.518658885732293,3
1175,0.388837274815212,0.259698142439503,0.681675150313985,6
117,0.455151057336479,0.899094832129776,0.291641927091405,0
922,0.388869824176104,0.294048180010296,0.681498470901503,4
881,0.382873533285766,0.298539690791989,0.683151086697719,4
781,0.382552271865424,0.291215295054968,0.685720970350932,4
393,0.283044717388693,0.808596763457172,0.295807490241714,2
236,0.257778952275403,0.89209611590486,0.304636306827888,1
606,0.223553412007168,0.798449328797869,0.39044423867017,3
731,0.225109765019733,0.454066870198585,0.0514391285832971,3
599,0.226379618302453,0.939264745032415,0.315147162415087,3
1319,0.385678249481669,0.257214324365603,0.684289278331976,6
775,0.379524989866984,0.286391528679732,0.687295418996325,4
431,0.285008160925936,0.64349444040563,0.116818845737725,2
1260,0.382101207625665,0.260240548151878,0.689349765123114,6
118,0.74844293599017,0.906941767781973,0.383586148964241,0
479,0.289732762372587,0.805895504471846,0.371870248112828,2
575,0.229011725073215,0.789897775789723,0.257085335324518,3
1199,0.377488013067013,0.257501466824513,0.682200425820776,6
716,0.226343857592437,0.763649144023657,0.414916006615385,3
150,0.259272985886782,0.722310592699796,0.268805353436619,1
456,0.283031623978168,0.556993083958514,0.0818967954255641,2
997,0.390917066163528,0.320947959778915,0.685073122824771,5
1037,0.385751696121304,0.328192782103807,0.683906774694469,5
470,0.282661245190538,0.472705001407303,0.503183694090694,2
692,0.221233893437311,0.761948547605425,0.249003910925239,3
1028,0.376080120497434,0.327114461530629,0.681728419425883,5
1130,0.382111424938899,0.319033346217863,0.68022003416298,5
334,0.283164964369498,0.788813919341192,0.0526709106052294,2
629,0.227396551689599,0.698732394888066,0.448265486280434,3
195,0.257011214564554,0.797348099458031,0.221665023127571,1
396,0.289551649470814,0.827158869872801,0.345903938286938,2
1201,0.374879703122576,0.25805422265391,0.688334548672594,6
894,0.380147264480676,0.291462404441718,0.693157016672806,4
921,0.378655596129641,0.286498265050928,0.675129957831088,4
372,0.286650204702746,0.556244757189415,0.504580987733789,2
779,0.381016194563179,0.274406501065286,0.679856391409055,4
578,0.221795526256319,0.569196541490965,0.470033766818233,3
1148,0.379786772809787,0.262221968778627,0.683074097984086,6
512,0.284733764929697,0.734841515007429,0.314814852084965,2
635,0.22382098225411,0.810076037817635,0.225772005971521,3
373,0.286829009999055,0.733629135112278,0.210876357392408,2
148,0.251354058738798,0.785507696610875,0.0963210564805195,1
675,0.229116188935004,0.908818255574443,0.147067626588978,3
137,0.255588000880089,0.568166625499725,0.449888645787723,1
1178,0.384277305481461,0.266013269214593,0.682498684022826,6
1057,0.378555386009598,0.320716913641779,0.679025374591098,5
647,0.220582343619317,0.472820202750154,0.184585501439869,3
279,0.251292267453391,0.609846457536332,0.514019001740962,1
969,0.382896364204682,0.32034303482888,0.689283033826315,5
943,0.382216114917545,0.328802507101947,0.687317232266078,5
454,0.286541252662428,0.946237284853123,0.427050643134862,2
1060,0.3851414256648,0.31628743679726,0.686529634887926,5
1109,0.386740246775234,0.320871840488445,0.688939020631225,5
209,0.251583867908921,0.819322273298167,0.190438269637525,1
50,0.598383431555703,0.210907994769514,0.223265292588621,0
524,0.287679603621364,0.916516303597018,0.417637284728698,2
535,0.224166827723384,0.927251980802976,0.192699657287449,3
428,0.285243887372781,0.896041070623323,0.172544000786729,2
623,0.223746151910164,0.810103539889678,0.277663702378049,3
540,0.223686391573865,0.915245642932132,0.336307022138499,3
177,0.255898575247265,0.753320185979828,0.110332864685915,1
109,0.815008987439796,0.693032101960853,0.546824372839183,0
1303,0.388207670498416,0.257205725176085,0.681070619608202,6
1119,0.381473108728196,0.312708670379641,0.687049044280448,5
888,0.384491553598702,0.296457110501133,0.682519232041816,4
713,0.229918482727371,0.875472720176913,0.455393545445986,3
758,0.379165632038664,0.284404821408257,0.680899568025253,4
844,0.379113952836101,0.30242534141941,0.683359181857717,4
212,0.253097464879975,0.897150006657466,0.3527770411456,1
402,0.289308945373632,0.678648349642754,0.400490490254015,2
52,0.709890530444682,0.722433455986902,0.687006756663322,0
1087,0.387797036804605,0.323163882011092,0.683663370564684,5
1234,0.391068218416825,0.26291639857178,0.685406713299984,6
300,0.250693369393703,0.57165253458079,0.112199560971931,1
837,0.37138247945873,0.287243177089254,0.682127405447734,4
252,0.253791813238058,0.636958222999238,0.241624141344801,1
1261,0.385904053471826,0.262956666489891,0.683878443890972,6
680,0.228370341432747,0.863694477174431,0.203264982090332,3
1320,0.381937699326487,0.256308094055658,0.685800056967956,6
884,0.382330222196294,0.287568785079446,0.687007336388931,4
42,0.0368368872441351,0.785793032497168,0.286339172627777,0
681,0.227027426986024,0.664212628197856,0.418694020947441,3
984,0.38638777072945,0.324705339923112,0.687215523614878,5
973,0.379755194911651,0.322524290426308,0.68795771894113,5
927,0.384273117798549,0.293452644854274,0.686508087694067,4
704,0.228580809147097,0.875313003361225,0.45403178234119,3
1002,0.388240739851438,0.316349325988678,0.685944321458795,5
684,0.22633277988527,0.932180924387649,0.31983136117924,3
511,0.287158549632877,0.560767606412992,0.223960982053541,2
1183,0.387479941479766,0.25604690735692,0.684551179638687,6
819,0.381555127632527,0.288340157374211,0.684474938035625,4
696,0.223415761243086,0.66269836393185,0.317183762439527,3
1190,0.386979342424449,0.255605465891901,0.689706021361673,6
54,0.859809331363067,0.891635381616652,0.234266977990046,0
889,0.37744975401333,0.28859680729801,0.688556550222033,4
420,0.28371504675597,0.566238841786981,0.521880395361222,2
107,0.0945243793539703,0.541904510231689,0.190178799908608,0
652,0.226894093251322,0.507632311247289,0.101479437784292,3
1291,0.385595642807815,0.25134770486814,0.693864549088934,6
285,0.256082291121129,0.554466168908402,0.461860712151974,1
210,0.252187718960922,0.870407588942908,0.393103604787029,1
359,0.281775957478676,0.829886640585028,0.152608475764282,2
890,0.389778011276159,0.296227012488648,0.688151525355115,4
671,0.225492219955195,0.504039165494032,0.0675312009407207,3
1114,0.387315449157075,0.313687046268788,0.687632770454477,5
683,0.225666098324582,0.586433811392635,0.458241762593389,3
1310,0.382146772143362,0.264017491934083,0.684476997610063,6
299,0.258591038591694,0.584596385876648,0.265136125613935,1
627,0.229936905323993,0.896103650145233,0.253153621219099,3
102,0.627376564545557,0.629922132007778,0.277732710586861,0
1101,0.374403082170737,0.326870072015173,0.685764726395351,5
304,0.255918213296682,0.618551502283663,0.447932031354867,1
1289,0.391818679119504,0.262685226954754,0.685297427360057,6
948,0.394409050030326,0.321926642216558,0.690671522111562,5
377,0.288197380858473,0.684244841733016,0.0838239687727764,2
305,0.258727800028864,0.855786811839789,0.4233803631505,1
868,0.38706494810706,0.282711955331908,0.68529139432927,4
245,0.256370475294534,0.479149834415875,0.0485723922029138,1
1,0.3485394094605,0.479610812384635,0.193616234697402,0
1094,0.379845801304238,0.314233897985438,0.689368970541651,5
445,0.282143085983116,0.608174119424075,0.287152649252675,2
472,0.286119807006326,0.80371054452844,0.166033665533178,2
1184,0.385806496472422,0.257779249740457,0.685437254143013,6
504,0.287016580479685,0.710122154955752,0.208429548540153,2
1250,0.386235938910052,0.258998691243882,0.689706257021367,6
958,0.372413629353363,0.303369567804592,0.696909409512077,5
725,0.229186845871154,0.911113908328116,0.268006276106462,3
1192,0.381561909388637,0.263808198747574,0.691553190348027,6
1016,0.38510302946178,0.32412209924167,0.681939954019758,5
926,0.380770847798481,0.285279937163214,0.684596600659582,4
793,0.382231886683415,0.304178287986771,0.689644147108549,4
664,0.225021817265078,0.766520048305392,0.279642297886312,3
238,0.257499451306649,0.777839879551902,0.14535165426787,1
135,0.259939107503742,0.794154827296734,0.427872327156365,1
249,0.260064461019356,0.647694724658504,0.302626859978773,1
1128,0.391821905462427,0.319275201014076,0.683302916654624,5
1073,0.38450695714755,0.323455972298499,0.685280750992893,5
336,0.287036356418394,0.776491511892527,0.428901703096926,2
829,0.378848058486506,0.287958528142549,0.686805101571728,4
111,0.585806153248996,0.153198915999383,0.213846554514021,0
855,0.378264714267641,0.286343088228589,0.690228237119083,4
527,0.28871609198628,0.897727240272798,0.461727438378148,2
979,0.378947634196788,0.328756021794293,0.682086884867965,5
1314,0.387882336309019,0.25362011605733,0.681595831160834,6
556,0.223472573035397,0.597575731854886,0.481795480009168,3
116,0.644512609113008,0.402440336998552,0.017589459894225,0
106,0.480695913545787,0.932458044262603,0.951612115371972,0
1008,0.383114600615042,0.326193478321713,0.680985809313257,5
1129,0.37986938988615,0.31800810915073,0.682481727236919,5
883,0.375747816322526,0.293771857917971,0.688162275975419,4
548,0.228668985706754,0.670075880177319,0.461165458895266,3
783,0.382706222299194,0.293811518860576,0.686539915763644,4
976,0.393536973861152,0.311132246328751,0.685725103113877,5
170,0.254046474548522,0.67165025677532,0.0310679073445499,1
387,0.290420848573558,0.880784878903069,0.032572306226939,2
1024,0.387025691741032,0.319953145724668,0.678776866281393,5
345,0.284993455663789,0.48353624267038,0.462052146089263,2
1005,0.382861414445294,0.314389178279685,0.687885423254437,5
142,0.250950428375509,0.609811898018234,0.487957492587157,1
985,0.389606781310693,0.311791497361018,0.688155002167117,5
259,0.259651933202986,0.713001722167246,0.445252840290777,1
1136,0.377897637535069,0.254264213599259,0.689534972098852,6
846,0.381246163737851,0.279716479486803,0.678454798390771,4
903,0.386711340749382,0.289393128484541,0.684303319339815,4
66,0.875575706362724,0.506000064546242,0.424166292417794,0
1265,0.376843722730971,0.264853710496566,0.688710256743756,6
1211,0.386588677291104,0.269470314710657,0.688019007596939,6
383,0.28858813341707,0.82709048949182,0.471311169676483,2
625,0.226457538320683,0.730243523418903,0.427415955811739,3
317,0.255262577405665,0.784619467495941,0.440669225063175,1
1296,0.380160504265692,0.260334703139472,0.692074095629689,6
149,0.25544666998554,0.933225727104582,0.351944438181818,1
314,0.256375865649898,0.776701955986209,0.429552156128921,1
588,0.224941747493576,0.863485957542434,0.106679649441503,3
959,0.380630977472755,0.320974689463228,0.683869363263104,5
429,0.289710506582633,0.5391006605234,0.0670134236570448,2
1235,0.382555099016632,0.262142428204035,0.693563162681173,6
1307,0.388228830162799,0.26686431499341,0.684778427007774,6
611,0.229695725450292,0.719421024131589,0.332198780030012,3
1262,0.386029851931718,0.257053625277759,0.684406211978205,6
226,0.252868712141644,0.655481540062465,0.318539596395567,1
368,0.289404227463529,0.737176602520049,0.344266345025972,2
1231,0.375063511144316,0.261669607252725,0.680396703992775,6
549,0.223386289044283,0.621273343497887,0.0999022864270955,3
182,0.25895950268954,0.459514645440504,0.261200891574845,1
659,0.222436705792788,0.547297082189471,0.246609348570928,3
228,0.260276166512631,0.722481261636131,0.474572613718919,1
292,0.254339265336748,0.704345778492279,0.118880733032711,1
851,0.388440471348761,0.292189882216266,0.679970683261924,4
1049,0.379798866641054,0.325112559691191,0.694249971505447,5
1040,0.376129148908248,0.316600197962121,0.693555442854081,5
1251,0.391846156365793,0.259883001106646,0.678361701578991,6
1202,0.386067850039321,0.261310963363333,0.696368383785668,6
1316,0.373411341997977,0.262344759974152,0.681031942311835,6
1278,0.38370542015532,0.256270594515104,0.684664324630555,6
173,0.252667715102434,0.65460967021063,0.0910994459409267,1
929,0.372644574505027,0.293085665588564,0.683430279530268,4
963,0.38831221599772,0.315128282609161,0.687160713733037,5
105,0.254580579232424,0.93322708341293,0.71875419607386,0
869,0.385362480235569,0.276158040617873,0.68591413246299,4
360,0.286460754880682,0.531635899143294,0.430909724440426,2
1003,0.377231938626371,0.320598705673359,0.690005269708977,5
1047,0.387157330232636,0.318413182018573,0.679070679496699,5
809,0.383469221756898,0.2933311888742,0.680548240041185,4
181,0.257973766052164,0.821756131062284,0.448637332418002,1
474,0.283914772458374,0.78555089274887,0.363910737563856,2
728,0.227630495049525,0.631040607159957,0.329361310228705,3
773,0.373917222344962,0.284677173883305,0.679489521669569,4
1070,0.385094802257599,0.32137136238335,0.683123653736182,5
966,0.379898742692323,0.318180979171534,0.669464914629548,5
413,0.285085205584764,0.869720814796165,0.514151449780911,2
604,0.225485955993645,0.948824539245106,0.348352579399943,3
537,0.220729859562125,0.906216746475548,0.193674467736855,3
592,0.226157695017755,0.925518006249331,0.0807514152256772,3
191,0.257585036044475,0.841487205750309,0.366735460353084,1
1204,0.384295954981058,0.261352851072185,0.684570929669321,6
358,0.288383254020009,0.908507593837567,0.139652700629085,2
1179,0.378683020548763,0.256624063695616,0.682528422988891,6
955,0.391663451561073,0.317561946619338,0.685686723673415,5
440,0.285642346797977,0.63406475847587,0.338190498761833,2
867,0.387747186873242,0.285473742756073,0.687202347862246,4
1082,0.373891799450131,0.31878723840795,0.675480177179065,5
44,0.154622769914567,0.503428548574448,0.228020118083805,0
375,0.286610040445812,0.627867427002639,0.457793426234275,2
607,0.223041161075234,0.582105162949301,0.102244475507177,3
14,0.708470022073016,0.977112848311663,0.855924385832623,0
1193,0.388703194905407,0.260647777012211,0.689072334321726,6
880,0.388566977548754,0.290963146619431,0.684557043983452,4
630,0.228429728297051,0.713990353792906,0.445815813611262,3
541,0.228056862701196,0.659559500450268,0.391766430693679,3
64,0.861752639291808,0.692833286710083,0.631177545292303,0
1071,0.384806561379622,0.320210120679518,0.682039669213018,5
908,0.382670059139007,0.279193786033754,0.685265575820528,4
114,0.277661808533594,0.710642393445596,0.417949398979545,0
17,0.106800122885033,0.803947584005073,0.299838468199596,0
514,0.290113366055302,0.571414421941154,0.505476910038851,2
1244,0.380185015414062,0.258885309425743,0.691430349238924,6
59,0.929750183131546,0.237303355243057,0.657479557674378,0
397,0.283389043640345,0.50612899211701,0.0824311828473583,2
1290,0.380235137680848,0.260260575295809,0.690830437624741,6
1230,0.380910623059055,0.267082610278892,0.68423432474726,6
633,0.221413529205602,0.590854423749261,0.164778341189958,3
81,0.857489032903686,0.999640136025846,0.542208090657368,0
389,0.284823780942243,0.940342114120722,0.451049185357988,2
309,0.259999629578088,0.549698550999165,0.147025906248018,1
1327,0.377872321286498,0.261428000972463,0.67909922775192,6
838,0.375922269286414,0.287395865872035,0.682808175426239,4
569,0.228304905802943,0.622638198942877,0.252200431656092,3
998,0.383659246696163,0.317195216075147,0.676680699428079,5
816,0.387874496572515,0.290944299927278,0.681971440452441,4
493,0.282809611735865,0.515457745804451,0.29236890852917,2
101,0.359837479656562,0.979829529998824,0.352641756879166,0
433,0.284283892970998,0.534660718333907,0.257670852937736,2
220,0.253715434712358,0.469587683607824,0.336234315531328,1
667,0.22479479551781,0.927785745519213,0.28026166127529,3
1321,0.386926278524858,0.258318338446934,0.683530485665395,6
788,0.379520512790796,0.288440534030018,0.686703767981174,4
1207,0.37401914512889,0.265189645760599,0.681089205105901,6
408,0.28075646787649,0.55429898975417,0.495228175772354,2
567,0.224538593934849,0.921175919636153,0.10705527686514,3
72,0.583961176220328,0.90248795109801,0.445181987946853,0
1100,0.379438629216784,0.313318134165914,0.694472979708767,5
1030,0.378333840384552,0.31324635467163,0.681184913630331,5
1010,0.37439849959054,0.315137493369749,0.677476141079378,5
1043,0.386801336907979,0.317324840855708,0.684335579891265,5
1165,0.383525342449173,0.255264300341528,0.679056162563446,6
77,0.597899062093347,0.00212759920395911,0.788391212699935,0
752,0.376303010402642,0.29668723094405,0.678263390865642,4
189,0.259845306796487,0.655431121401489,0.268071708967909,1
602,0.222810375110712,0.91751839783974,0.216986376326531,3
1153,0.383676307442501,0.256180568661168,0.687577088596168,6
446,0.28402310622856,0.733182265353389,0.309260548441671,2
53,0.187816933961585,0.928943683160469,0.733460135990754,0
487,0.28866271706298,0.527301645535044,0.239945941139013,2
427,0.284134969017468,0.599886693805456,0.0533319433452561,2
749,0.38379313903187,0.28921508406396,0.690156564280561,4
126,0.495654614409432,0.676199428504333,0.696597310481593,0
261,0.255926299467683,0.759481684234925,0.0291919203009456,1
1072,0.382512536196936,0.324206696954867,0.68781791273305,5
1284,0.389752285406532,0.260543228604411,0.687041711163665,6
1333,0.386629273491935,0.259002444391011,0.681977182777143,6
691,0.224778464797419,0.789007059345022,0.295353171182796,3
489,0.283408081089146,0.712691713520326,0.180471479077823,2
660,0.220923771976959,0.677144236909226,0.360733296256512,3
20,0.810797068756074,0.221059746108949,0.880569532047957,0
391,0.289760161591694,0.654466212540865,0.271120586898178,2
1239,0.376023160978616,0.25630482563059,0.681957820017286,6
125,0.766352661885321,0.020110183628276,0.232457454083487,0
954,0.382971234336891,0.323650188582692,0.690269471756438,5
928,0.38943539151905,0.292657766904537,0.678875098176556,4
414,0.285529888062738,0.480848687165417,0.250469211023301,2
207,0.25333109037485,0.660518257576041,0.0834962294902653,1
119,0.0173865861725062,0.266123846173286,0.865776610095054,0
858,0.386430232663061,0.286455664259424,0.688971872818001,4
576,0.221781348017976,0.88553471728228,0.204264982952736,3
357,0.289438016931526,0.825128427054733,0.430198906571604,2
826,0.376563667294526,0.294251099424081,0.680631846519596,4
1302,0.383129042965171,0.249784644538511,0.681794807951453,6
702,0.221632695214357,0.527919748960994,0.371578046237119,3
356,0.288905249661766,0.681526862480678,0.13841106579639,2
987,0.382067797561556,0.319814959737692,0.680230948742244,5
1196,0.381494017860754,0.259495369733614,0.688210198814081,6
666,0.226740175525192,0.622049900051206,0.497795394388959,3
22,0.00602523912675679,0.293469569180161,0.73530429485254,0
1065,0.386813894660525,0.323885243956739,0.685342173884685,5
582,0.224088314909022,0.851779664331116,0.0707971275551245,3
600,0.229518179597799,0.589073310536332,0.125403709942475,3
1301,0.381885404259871,0.254161607835945,0.693243885668575,6
753,0.375950942492062,0.297393257158193,0.690894731787714,4
466,0.290486076783855,0.616429561097175,0.138389840372838,2
613,0.221846981162671,0.876878643454984,0.0958617944270372,3
443,0.282685675548855,0.729075240716338,0.207243007025681,2
229,0.259882622717414,0.783710260223597,0.424829844734631,1
1029,0.388885896322195,0.311072924950472,0.694122186667639,5
1246,0.375243068360045,0.255759597404464,0.684903480480099,6
1236,0.37634643401102,0.256798901341309,0.686096155094727,6
337,0.284049963080324,0.710129395755939,0.313226046739146,2
1325,0.381557605052495,0.262989923322084,0.683587392279659,6
1223,0.389128383589892,0.255276728619664,0.691847768734991,6
30,0.0595609259326011,0.405180697562173,0.727650878019631,0
145,0.255494004259817,0.670837238826789,0.10742980253417,1
853,0.380120934651827,0.278638718052821,0.68781206692296,4
43,0.827790334122255,0.698867349419743,0.884432733058929,0
815,0.382838402421956,0.286397174053606,0.683787267635307,4
84,0.257343987934291,0.183881884906441,0.725150109035894,0
974,0.393532727004483,0.313747751948162,0.6829137551742,5
913,0.376104443448528,0.291615605549063,0.683451338190719,4
644,0.223216538880952,0.927006173809059,0.185470378841273,3
165,0.25155291056959,0.633559531113133,0.0902145265135914,1
154,0.258616877743043,0.926800033356994,0.344188515678979,1
547,0.226720244237222,0.748327739583328,0.451163479010575,3
950,0.373682724790186,0.32185167959946,0.684803493882716,5
386,0.288140385015868,0.704013539408334,0.291853225440718,2
1155,0.389670343212451,0.262681470091796,0.69032601333755,6
812,0.376847440965348,0.285808502678772,0.680818345830489,4
206,0.258815730605274,0.776585608767346,0.144847469171509,1
485,0.28716205522418,0.498357815248892,0.495920711313374,2
172,0.255065220817924,0.907121890503913,0.393003371427767,1
11,0.235472933389246,0.520187679678202,0.357341542607173,0
875,0.38639289204964,0.288399316388041,0.683132741942839,4
1000,0.384499661332274,0.321490584031309,0.686804524130378,5
1085,0.384299175683627,0.325821219713909,0.690850524226137,5
2,0.993055192753673,0.86697289138101,0.630895151291043,0
1285,0.384616866868811,0.26036551579392,0.687758029158362,6
1191,0.374531463550816,0.264414211144181,0.688571549400797,6
904,0.399131030099994,0.284396207506084,0.680003051402769,4
100,0.0295247663743794,0.175308139529079,0.961374243022874,0
682,0.228382726700511,0.825840149470605,0.181256205309182,3
87,0.25705925328657,0.594350457191467,0.738165391609073,0
1084,0.385052822103213,0.322126070404956,0.691549763503273,5
688,0.224913227765355,0.863923985208385,0.484340806026012,3
96,0.0025183220859617,0.506620738189667,0.989594196900725,0
330,0.259573423911352,0.699935188912787,0.485036322264932,1
1127,0.386957346978763,0.317525055523261,0.695458343578812,5
907,0.372419750149757,0.291117641919162,0.684654347171481,4
147,0.25926910761511,0.820731256785803,0.207188264932483,1
898,0.389373326935313,0.289403775615378,0.68727671227483,4
61,0.0815130665432662,0.360942076193169,0.223494189791381,0
176,0.25804033200955,0.884653367148712,0.52205405686982,1
502,0.287787423902191,0.647091253823601,0.27520568028558,2
401,0.280929337986745,0.674449577974156,0.505995655781589,2
1059,0.379400591685009,0.322738580538772,0.687976046770807,5
739,0.383066523219582,0.289379301088794,0.68359505763354,4
1263,0.388331769592179,0.26624126963821,0.689780795542767,6
1253,0.386514691846055,0.25931325260908,0.681198846974644,6
451,0.28223881293321,0.490967893903144,0.312323180958629,2
394,0.287751188320108,0.926784607977606,0.138384849415161,2
363,0.281919202080462,0.749149563419633,0.0660041178343818,2
1180,0.389744239293675,0.256188620689711,0.695269341428176,6
543,0.227512498188298,0.633530018664897,0.286736383801326,3
409,0.285469063671771,0.761999434255995,0.516663771006279,2
241,0.255485002142377,0.729361255932599,0.497432924574241,1
459,0.28661882922519,0.689240424358286,0.495543183526024,2
792,0.380988084455091,0.283382734477977,0.683608852597202,4
19,0.376692889258265,0.375605270732194,0.506378634134308,0
526,0.28438385352958,0.454091736860573,0.103664023219608,2
942,0.387668461605681,0.313052124934196,0.686496563719962,5
940,0.387851402743707,0.318466796732231,0.684943721034443,5
90,0.62233570497483,0.619023137027398,0.915274002123624,0
258,0.251664393355604,0.550535810226575,0.22573638765607,1
817,0.381422607842801,0.292116456422907,0.693162387780167,4
461,0.285626608810853,0.479544750810601,0.450931488885544,2
179,0.25636312419083,0.788536988245323,0.420794696430676,1
638,0.223403323374223,0.893123051780276,0.0496170507976785,3
354,0.281813968562055,0.61378945868928,0.359576764865778,2
745,0.380997714328023,0.290896790856415,0.679897027972363,4
662,0.222993785548024,0.902657377230935,0.138605822692625,3
542,0.220574524982367,0.551021366310306,0.0433026034152135,3
924,0.38314637234398,0.294283183357923,0.679583238828962,4
39,0.939966096775606,0.14657893544063,0.9028322158847,0
211,0.254903877873439,0.737151357159019,0.339239800348878,1
995,0.389365094461477,0.325441628585508,0.686708520282601,5
925,0.386394184441667,0.289567951589371,0.67856849722852,4
418,0.281287863419857,0.900996612315066,0.340845882310532,2
1099,0.384925932735248,0.321764744810757,0.680488800555441,5
88,0.0504058077931404,0.605665101436898,0.154515324393287,0
1166,0.375824438886635,0.257405316350935,0.690365960154771,6
136,0.254213754611556,0.587017413624562,0.312177465413697,1
362,0.28721790563548,0.658414150169119,0.260520800133236,2
183,0.253827158003114,0.608221185556613,0.440913505968638,1
1004,0.381930111786082,0.317098601397455,0.691482640854602,5
536,0.222728420612402,0.756858935859054,0.0896073044277728,3
227,0.252947764280252,0.641196220344864,0.0352047944907099,1
1032,0.3853043709273,0.317592787601252,0.685243553615839,5
346,0.289367266227491,0.587642006156966,0.329328899737448,2
1232,0.38059739401897,0.255938353867007,0.676914442036208,6
163,0.255645055621862,0.57109983235132,0.450123583083041,1
522,0.281329072259832,0.736615952732973,0.302126376074739,2
589,0.227304360826965,0.63514875555411,0.260308639961295,3
791,0.383590944243146,0.28770899924587,0.680602102608314,4
155,0.255811375305057,0.881275635724887,0.434332636417821,1
983,0.385908105277657,0.323723636202578,0.688843139282528,5
583,0.225723285642453,0.722883751895279,0.51963140850421,3
1189,0.384504170063088,0.268196901548649,0.681823970995038,6
103,0.213376651983708,0.88417185540311,0.00509417173452675,0
603,0.223869393074419,0.534923367132433,0.377460353542119,3
310,0.257258515642025,0.453388470737264,0.421601910027675,1
1143,0.380551211792352,0.255960399827966,0.67914207359504,6
278,0.257738089568447,0.617180118849501,0.358647360350005,1
1323,0.378376400082935,0.257950351745364,0.683768629162506,6
1053,0.381439102763482,0.319252341694684,0.678930867953564,5
315,0.258239591391757,0.657636015955359,0.0292473228182644,1
978,0.38498935648823,0.321653202649257,0.686442549470933,5
329,0.259679285623133,0.660036785458215,0.10553928615991,1
605,0.22218654731987,0.489056333480403,0.198320421040989,3
439,0.280595101565123,0.539803694398142,0.301628326182254,2
574,0.229538462930359,0.895535776554607,0.384160630172119,3
399,0.287261800745036,0.514019392011687,0.277853935025632,2
326,0.25325289635919,0.549285532254726,0.473148596473038,1
205,0.251737430370413,0.57239517539274,0.501132100820541,1
668,0.225649543819018,0.649224571231753,0.422894674469717,3
1149,0.381653677093308,0.249796534139587,0.688760778636243,6
654,0.22984732368961,0.545187473460101,0.40255876374431,3
658,0.227872924583498,0.900915913446806,0.402175174211152,3
520,0.285928174196742,0.874804243608378,0.523378291516565,2
134,0.259867234816775,0.931953821727075,0.503733914345503,1
1105,0.385021427922268,0.324259229747286,0.694756738289896,5
991,0.386379408216232,0.315441413258918,0.678510690557666,5
284,0.256746865762398,0.465567974420264,0.390713930944912,1
234,0.256760552269407,0.944674276560545,0.197981287492439,1
814,0.381019922438988,0.296443476363518,0.683133419616275,4
267,0.251282166566234,0.865836814558134,0.415214720997028,1
51,0.367706473683938,0.913063436513767,0.298214920330793,0
906,0.385543154866699,0.283164911118595,0.688444785065684,4
307,0.258622702644207,0.832426177617163,0.471108950790949,1
110,0.0769094261340797,0.879564692266285,0.634017164120451,0
465,0.290194050071295,0.60089002752211,0.468800569651648,2
663,0.221519819288515,0.492988195898943,0.40346227074042,3
1067,0.383685382374385,0.311983198457165,0.691620482055832,5
810,0.385103619949192,0.288881897999713,0.684741958695957,4
37,0.582819974748418,0.80690894369036,0.28553586313501,0
218,0.258028618064709,0.61949112911243,0.0736388099612668,1
818,0.382612866509182,0.290440747005401,0.6832458045234,4
230,0.250915081286803,0.744477398507297,0.189016293152235,1
55,0.891621788963675,0.666817710502073,0.499700049869716,0
1167,0.37209180956074,0.257918170884145,0.692444853275816,6
335,0.285971174791921,0.476610414031893,0.141686226706952,2
1156,0.386974074776891,0.26212280286075,0.692600053489855,6
800,0.3755523056721,0.286814753272539,0.687307884876683,4
707,0.226652905549854,0.538555985596031,0.155214664060622,3
1112,0.392564605030526,0.321504718182161,0.68653840788998,5
545,0.229814325929619,0.923052249639295,0.351261992473155,3
1228,0.392163467300535,0.264041576454049,0.685762264307468,6
1017,0.380581765798529,0.318604810414512,0.690310839059903,5
801,0.374612478514663,0.288761567943591,0.690169967568012,4
750,0.381899624243513,0.285895806527926,0.681444534189931,4
708,0.226621499196626,0.529251205548644,0.357866917620413,3
854,0.380700567964711,0.296689856410856,0.692165646124516,4
231,0.25854252794059,0.738082043873146,0.37225697748363,1
366,0.284618329764344,0.678225972270593,0.402034487575293,2
1104,0.377531547264127,0.318430537436243,0.6877130710059,5
669,0.223915774633642,0.930990278651007,0.262428013957106,3
650,0.227223310226109,0.751474829786457,0.121112149790861,3
250,0.254142583918292,0.449616726301611,0.449839252047241,1
1309,0.379993558722736,0.253703161008679,0.68672352444309,6
720,0.229605139526539,0.839591828454286,0.185144367278554,3
190,0.253096608794294,0.846238064975478,0.505665313568898,1
789,0.393357834080107,0.286418563446295,0.675860582590182,4
827,0.386084532841349,0.292227497368934,0.683543229499583,4
1019,0.385292537133667,0.319735690865747,0.693050397913371,5
1088,0.382644571936097,0.323635257051323,0.688292635815402,5
313,0.255330867730081,0.840412440872751,0.146168872015551,1
1267,0.387922854504781,0.256476482156515,0.682380397829837,6
490,0.281930269927252,0.609285182016902,0.0964096304960549,2
316,0.258452283232473,0.534670828655362,0.147635571309365,1
321,0.251513227752876,0.724263574858196,0.0989266348769888,1
787,0.386559827130172,0.28889057753687,0.680738458157082,4
18,0.372248335042968,0.256934779928997,0.781503409147263,0
840,0.387073024678227,0.29381048252975,0.686757513706367,4
1203,0.386492867424694,0.253872154358727,0.691669028568515,6
1194,0.384308898556112,0.259166489674434,0.67272016367692,6
615,0.228892476614565,0.572753238072619,0.488031766028143,3
369,0.28626649136655,0.652156926854514,0.0336364466929808,2
320,0.254469327812549,0.64350143475458,0.521043780609034,1
956,0.383235576448889,0.323695762467737,0.68733540616351,5
591,0.221136147412472,0.640087404800579,0.0563025736482814,3
952,0.380795316404288,0.320302403895282,0.689483810324753,5
1172,0.372344173197579,0.259257372984171,0.685753610899537,6
971,0.383550053872893,0.322658504067431,0.694278519550855,5
1297,0.381607818702907,0.265605176847786,0.677269259095203,6
379,0.288477852067444,0.454642418352887,0.370221503428183,2
1110,0.381948651592398,0.31409451267834,0.699042481086377,5
7,0.68569542770274,0.0890400733333081,0.144982247147709,0
1116,0.388846508325456,0.317887970870379,0.682297254420589,5
62,0.240624867146835,0.551632163813338,0.737317286431789,0
1282,0.38137784256364,0.25434306339513,0.688653027949587,6
1241,0.378928315928586,0.258634721958465,0.682946698245742,6
1012,0.386664972397956,0.319621487459429,0.683818950823083,5
1248,0.387283511559734,0.254527807353037,0.696719518873338,6
269,0.255428529747296,0.681031109695323,0.432889368268661,1
866,0.380131662268486,0.282325652037339,0.679298239762274,4
41,0.311894102953374,0.117484065005556,0.0625736273359507,0
1243,0.38515941846214,0.261976776539283,0.688601554426422,6
656,0.223898105607368,0.482802803325467,0.344006409868598,3
1158,0.38522196767056,0.261497259220671,0.685591297371005,6
648,0.222972172156442,0.48134435985703,0.175200407626107,3
1315,0.390314987170981,0.262968507002734,0.684204431366295,6
239,0.250517565745395,0.469616988836788,0.190431449562311,1
80,0.276736293453723,0.0422571590170264,0.422228274634108,0
1287,0.388579273511237,0.265895344597807,0.684452152402612,6
295,0.251174331416842,0.702390957553871,0.265545774600469,1
331,0.258841089720372,0.649111718102358,0.134920706041157,1
687,0.229791147820652,0.521929758647457,0.0754251884063706,3
919,0.389606250728421,0.289424595147226,0.682921260190725,4
476,0.283194103494752,0.573675536829978,0.0972033153520897,2
457,0.283268369105645,0.941479387274012,0.190562155097723,2
1237,0.389348745567841,0.254362673453143,0.698561381617927,6
584,0.221916177435778,0.883731220779009,0.457166379783303,3
895,0.384350828156052,0.282081115596597,0.685162449889139,4
127,0.836272045969963,0.265939649892971,0.272745070047677,0
932,0.382403386181199,0.296076937371107,0.687799555027131,4
406,0.284955706966575,0.90222134841606,0.220141099765897,2
40,0.694692617980763,0.0912815297488123,0.724834523163736,0
143,0.25764966789633,0.607498858170584,0.327786904410459,1
444,0.289191662496887,0.92564777021762,0.501200768281706,2
1328,0.387499715879976,0.255814006819341,0.679408351511306,6
186,0.254516523214988,0.562940192455426,0.137846289668232,1
796,0.384195905845972,0.285751883595309,0.671001870095509,4
596,0.227770677092485,0.597021326469258,0.0556165820453316,3
990,0.382871586757482,0.310522615268665,0.681598952166375,5
1061,0.37972151198332,0.31714600727021,0.683753558240281,5
661,0.227256338130683,0.575994861009531,0.232499519479461,3
347,0.28682286918629,0.924382112384774,0.191002130974084,2
192,0.259086761123035,0.865753712761216,0.468822090304457,1
287,0.257588446000591,0.636568643082865,0.428070842288435,1
407,0.281989854651038,0.868723235256039,0.15861140738707,2
442,0.286988269619178,0.715603663632646,0.282188020064496,2
1197,0.39301972727542,0.257913939913195,0.683532013622057,6
306,0.254271165058017,0.592255636514165,0.189375020330772,1
266,0.256051210996229,0.888221402000636,0.476077546249144,1
841,0.387915728436769,0.288866355294296,0.692324203334501,4
830,0.380559689968451,0.290269343504136,0.687049676137983,4
388,0.283135396759026,0.801373885758221,0.522900939220563,2
71,0.972420993028209,0.10417998326011,0.69009320018813,0
799,0.389626835776248,0.289769275673158,0.686302600151086,4
1021,0.381263513325581,0.32420752462851,0.682056786653328,5
811,0.384291219890484,0.286813991139344,0.683175791877948,4
797,0.385874555677288,0.29510673395492,0.685982046409143,4
776,0.382961269469975,0.288334023930783,0.684779113315159,4
828,0.381298471918147,0.288787586027564,0.686967802292228,4
833,0.386567643776508,0.29287816796656,0.684389671251872,4
60,0.233419368509203,0.146935279481113,0.894848485244438,0
6,0.660314559703693,0.880287389038131,0.184330993564799,0
670,0.224463948369958,0.560620155115612,0.389809653162956,3
1168,0.387980288715391,0.25620884813601,0.690597507854254,6
75,0.259632830275223,0.728344904258847,0.119251545984298,1
83,0.0537821163889021,0.924328624038026,0.184560550376773,0
533,0.287494252272882,0.451413430902176,0.47905682423152,2
1058,0.382452856415883,0.321294190545971,0.694877920252743,5
34,0.262158893048763,0.411619196413085,0.43740376108326,0
475,0.281907378844917,0.724236165569164,0.404703775886446,2
35,0.0753703524824232,0.685779692372307,0.26467284373939,0
97,0.799240188673139,0.29043695749715,0.471842782106251,0
1205,0.381629976590077,0.256269249830994,0.677384246230738,6
1120,0.382166875230419,0.315760561125775,0.676893726749419,5
636,0.227355253386777,0.923616553703323,0.356258435291238,3
813,0.382327308614857,0.288064650491376,0.690930022051756,4
930,0.387689491881424,0.288414440749317,0.675496828166319,4
730,0.226438825237565,0.570895326719619,0.0268624860327691,3
563,0.228026066655293,0.573387903440744,0.172127226716839,3
1177,0.377905657601387,0.266173948587333,0.682914526918691,6
450,0.28615774259204,0.921316936076619,0.349348234361969,2
726,0.224015127904713,0.538376834988594,0.110548186348751,3
741,0.379666567122952,0.294547797859355,0.692169621781424,4
897,0.389579884617737,0.292842911908045,0.67970070579127,4
274,0.253317538446281,0.886149141401984,0.0612457556417212,1
1305,0.373832794678732,0.279971179583124,0.688387008847462,6
482,0.288036061313469,0.659175674011931,0.0595399170415476,2
264,0.252499044367578,0.687528991769068,0.41307910240721,1
585,0.225791864597704,0.841034462023526,0.0958782263332978,3
1076,0.381710171999945,0.311875739884621,0.692367224229818,5
769,0.377935846536152,0.287671605733033,0.688730078773335,4
760,0.390741965869918,0.283792916675384,0.686583846996955,4
132,0.350346733583137,0.435523250605911,0.0671173338778317,0
1238,0.381918536693343,0.270468881428771,0.694352266911714,6
1006,0.382468861163899,0.318937272371308,0.690191583969648,5
1293,0.380172006046655,0.269842869253659,0.686557573039059,6
1299,0.383338328253044,0.265319717845616,0.689057964240201,6
622,0.2271598976315,0.724281255551614,0.48162204795517,3
523,0.28408313972177,0.500723170279525,0.421681380830705,2
68,0.284302649321035,0.426520911511034,0.697954714065418,0
240,0.260279221599922,0.565272369002923,0.506562583730556,1
1224,0.38590505928604,0.247591607259817,0.68802215122476,6
324,0.252052929075435,0.653862694674172,0.35056158574298,1
1330,0.38297783161519,0.250887519011961,0.683070746810376,6
208,0.25292755831033,0.868014240451157,0.317851058905944,1
405,0.286618287602905,0.948445758596063,0.0728669497184455,2
586,0.229339016648009,0.540931814396754,0.334195614792407,3
89,0.191793136531487,0.331133480882272,0.0977758970111609,0
820,0.384892965668346,0.279085287937901,0.690477172263939,4
311,0.257436592627782,0.767760203848593,0.0821980054024607,1
519,0.281608766799327,0.649151225271635,0.203068790026009,2
517,0.285526050503831,0.622681631753221,0.404769817367196,2
323,0.25535080739297,0.492616674909368,0.464749128790572,1
1306,0.385668933920348,0.258683945571581,0.687392222425305,6
289,0.256051515901927,0.83962508935947,0.207074064644985,1
79,0.819290962303057,0.199974477058277,0.230083999456838,0
198,0.253503315455746,0.480968570150435,0.214666543761268,1
579,0.225956567376852,0.829639092832804,0.43745632993523,3
112,0.225798631319776,0.567887929966673,0.334807611769065,3
395,0.287662834194489,0.822788581298664,0.150731543428265,2
850,0.38045788556914,0.279905227943433,0.687021829629137,4
1038,0.383712183052884,0.317832528931364,0.689707244001526,5
400,0.286458318333607,0.537515246821567,0.309784319368191,2
1086,0.384219452284841,0.314835179932199,0.691656788118918,5
975,0.379624149038569,0.326509919872208,0.685473510408361,5
32,0.774854385526851,0.438971727853641,0.206634745001793,0
219,0.255203761146404,0.80577532381285,0.0635892421705648,1
164,0.251590320984833,0.704849190008827,0.509671800537035,1
253,0.259731598452199,0.549341575987637,0.399072454543784,1
936,0.385403799203646,0.320851967312016,0.68769560931336,5
722,0.227660961528309,0.704212721949443,0.262242987053469,3
989,0.38302080968655,0.308601357065251,0.684891625039939,5
131,0.0724073220044374,0.365325248101726,0.754930970957503,0
982,0.391377460152763,0.322720648390391,0.700760119381569,5
193,0.255636390675791,0.741291352594271,0.481313575641252,1
