1464,0.751827480963146,0.466196825044873,0.797129836547308,6
344,0.71634601149708,0.934265109477565,0.430481565417722,0
665,0.369361152483616,0.464333103154786,0.582427904056385,2
1061,0.764055836405872,0.500802563716135,0.789143503288732,4
7,0.164881705539301,0.679910967126489,0.765205961884931,0
1340,0.753034342117029,0.537349354098459,0.790941160181404,5
1531,0.761481307523298,0.473469552880959,0.78051234996719,6
1558,0.75771111025174,0.464626424135908,0.789045826909288,6
159,0.435169640230015,0.771399314282462,0.535436671460047,0
1091,0.753669080329147,0.509429629819838,0.792552243981487,4
1399,0.758939390661255,0.528630682156453,0.791334968270363,5
855,0.30635746685788,0.569821135839447,0.724188776267693,3
543,0.345091542433947,0.347672886913642,0.77737888477277,1
1500,0.756092055048006,0.461295310819464,0.787250937860191,6
971,0.30831484158989,0.664587019127794,0.552198168751784,3
1010,0.759684091219773,0.503306826675746,0.777865721766115,4
420,0.336718943989836,0.56944267032668,0.851199035113677,1
1352,0.756453086429857,0.526548361416203,0.786601448862319,5
149,0.469122618436813,0.647229078225791,0.00495511689223349,0
1498,0.754854287317234,0.46914233084945,0.795633497354145,6
661,0.368799895513803,0.416449801414274,0.543440457247198,2
1404,0.753101987425785,0.471432565511195,0.791175822816122,6
725,0.36859758770559,0.642940124846064,0.403379577724263,2
1052,0.751836294259292,0.493116817005362,0.797362397390419,4
1124,0.758189669021896,0.497610671747862,0.773632984933327,4
1554,0.755012749930713,0.47212359925899,0.796722931502895,6
959,0.309252203328069,0.572841967572458,0.587555949040689,3
1144,0.756695702223726,0.499033770754244,0.793558477729392,4
96,0.319926364813,0.371891529066488,0.846392911160365,0
1319,0.760812158909865,0.544145457612354,0.792080908876395,5
405,0.345001929313876,0.576132197515108,0.457074616150931,1
640,0.374387308224104,0.605039246147498,0.825899006263353,2
1477,0.759956048649264,0.474981288024288,0.790760663005819,6
51,0.407926217420027,0.367073299828917,0.7090112301521,0
603,0.370941356916446,0.397034190013073,0.654588958760724,2
246,0.400955262593925,0.0794780431315303,0.96194795332849,0
770,0.37323805650929,0.491516412002966,0.771905959863216,2
664,0.374192697727121,0.50990990397986,0.655700908671133,2
991,0.307033208222128,0.553746193880215,0.588318038894795,3
1254,0.754207677006189,0.525409510202517,0.781954831393507,5
1113,0.756185710304426,0.505196933032512,0.799839243103342,4
54,0.277391288429499,0.762757197953761,0.759552442701533,0
521,0.345142371891998,0.424789262004197,0.596388975321315,1
258,0.480653219856322,0.292914922116324,0.261826328001916,0
606,0.373447100948542,0.46623553102836,0.517761658458039,2
1031,0.753168476623344,0.503235449700885,0.79191231084676,4
668,0.367352950579953,0.748289164272137,0.383143101865426,2
744,0.371893410023768,0.670601978898048,0.811902890261263,2
1217,0.751982000213635,0.533124263146554,0.791741200486372,5
1383,0.760373296139169,0.531005487369486,0.791627270134519,5
403,0.340910717088264,0.340644697193056,0.749028164125048,1
837,0.313927290318534,0.703589726588689,0.656270677619614,3
107,0.22847935045138,0.255313164088875,0.150977351004258,0
1545,0.764221505497938,0.469966367963615,0.796695259991545,6
968,0.312560641085729,0.372898726491258,0.481843936769292,3
413,0.338362390492111,0.51368043164257,0.841460713697597,1
858,0.307922828565352,0.733171628555283,0.64856808881741,3
627,0.369965008324944,0.519583628512919,0.391820395411924,2
906,0.310509474624414,0.75564206240233,0.758978708228096,3
573,0.335999929893296,0.43097416323144,0.54987122414168,1
574,0.339791464312002,0.513663845136762,0.75681638198439,1
44,0.281964941415936,0.833217235049233,0.194271098822355,0
116,0.0676536285318434,0.3878565041814,0.288420422701165,0
24,0.656217098701745,0.399204583605751,0.896968749118969,0
546,0.344050568337552,0.682492454187013,0.788190121692605,1
60,0.456410857615992,0.7240772661753,0.0975386928766966,0
164,0.666152238612995,0.546204390237108,0.0446672032121569,0
357,0.276372764725238,0.443338599521667,0.195537709165365,0
265,0.448631524341181,0.219426620518789,0.366391570074484,0
1355,0.759674602542778,0.535772800551855,0.786861137510884,5
1260,0.75582679704861,0.533473961322153,0.782738860796666,5
620,0.372615277562291,0.497728896560147,0.647224989533424,2
1043,0.759834696397806,0.500484231510028,0.789246715356309,4
1562,0.755059846106553,0.469719479837158,0.791601598203464,6
556,0.339235007672105,0.572224704199471,0.492829952435568,1
850,0.314571033485699,0.355703847366385,0.489018689654768,3
1596,0.756205621023298,0.47460104155058,0.787264479001343,6
528,0.339237433008384,0.557511898805387,0.606625877600163,1
1026,0.75600352590692,0.503732277836351,0.790011029745122,4
507,0.33889313833788,0.427389855496585,0.796427840413526,1
1248,0.755495321522806,0.532992291659723,0.7951113856433,5
75,0.31508847605437,0.399167223135009,0.940999088576064,0
1060,0.76493296882863,0.503248862546221,0.798317878478439,4
1016,0.754945990058489,0.508093445885275,0.790552261535965,4
1181,0.753651230012598,0.505771160753517,0.789673292856174,4
315,0.303034753771499,0.771650265203789,0.421260019531474,0
79,0.108864432899281,0.732726954622194,0.240581991616637,0
893,0.309563038775232,0.739472562680021,0.654161406960338,3
647,0.368455893604551,0.504837219137698,0.796949372556992,2
499,0.339867868761066,0.718449415988289,0.450010044430383,1
288,0.431392629165202,0.620230507804081,0.793190093478188,0
416,0.343220314967912,0.35069992847275,0.570619313092902,1
685,0.36771132374648,0.586867160862312,0.614105832460336,2
129,0.177620145026594,0.467459372943267,0.484538374468684,0
937,0.311088709288742,0.663259520195425,0.362096104351804,3
22,0.695854989811778,0.402938777580857,0.318557838443667,0
622,0.374205759346951,0.726200664183125,0.814272741484456,2
527,0.341414858666249,0.383319258224219,0.530971778603271,1
395,0.119214329868555,0.584537533344701,0.142879638820887,0
817,0.306396586801857,0.431110144010745,0.519076680578291,3
501,0.341116950109135,0.795080310897902,0.745408181496896,1
524,0.344630077613983,0.770828618784435,0.424889277829789,1
572,0.339058326615486,0.744253135402687,0.589365818933584,1
1151,0.756471583189039,0.500259340341295,0.791419468932866,4
1210,0.759069901761299,0.521693238305135,0.789410128009476,5
808,0.307902921603527,0.608790513593704,0.595812458591536,3
1422,0.757814243738508,0.475468399291423,0.791294525587583,6
1543,0.766833235153925,0.469461038943331,0.787193718599079,6
911,0.306890703344252,0.574268652359024,0.651963657746092,3
30,0.593750486616045,0.49252194352448,0.398136663716286,0
213,0.713775583077222,0.394927021116018,0.343966060550883,0
1256,0.752534029243778,0.53293668874343,0.792971398153759,5
708,0.36927103985101,0.581768557429314,0.386061721527949,2
587,0.339098938056268,0.699814602383412,0.369306375551969,1
18,0.342227994464338,0.962544297333807,0.674132375512272,0
1583,0.754730009480756,0.469340730557455,0.792730104660172,6
905,0.308781346823089,0.689681540126912,0.854194978880696,3
888,0.30979610120412,0.659676494076848,0.85248518192675,3
224,0.288066074484959,0.282200516667217,0.148957337718457,0
1129,0.754874795783697,0.497146135186906,0.792828898850808,4
1542,0.756369706708469,0.470914521481003,0.783294302258534,6
884,0.312168730604462,0.787749705836177,0.383509177528322,3
701,0.370987912872806,0.667054951074533,0.77784550008364,2
783,0.369291602191515,0.605028132791631,0.523378198663704,2
750,0.365564467262011,0.641943060792983,0.482131659914739,2
1460,0.757181098951919,0.477414175911365,0.788571815625307,6
417,0.336235604309477,0.589928076718934,0.824865586753003,1
879,0.312987567458767,0.615582020836882,0.817801936576143,3
510,0.336754772723652,0.788632269017398,0.515987125737593,1
210,0.535461114021018,0.714234580984339,0.691023037303239,0
865,0.309676618941594,0.753725727554411,0.771903865667991,3
239,0.955462630605325,0.679554407950491,0.612802720861509,0
1432,0.753135706624862,0.476394044636731,0.79092244197752,6
341,0.26891416287981,0.609891607658938,0.632473715348169,0
1239,0.760069341947349,0.537098526546741,0.790967473590605,5
1240,0.75660065130201,0.528537228930809,0.79360627259988,5
595,0.338000925818924,0.432305246358737,0.479631004319526,1
379,0.487890812335536,0.429582149488851,0.584757121279836,0
1127,0.755531658820921,0.505920496427643,0.785950032136192,4
310,0.368896926753223,0.178647206863388,0.510078062769026,0
202,0.867067738203332,0.504450064850971,0.622418727027252,0
1524,0.748072713971605,0.473820479507,0.786194517546531,6
391,0.373989060753956,0.76349535654299,0.373761752387509,2
1098,0.754050562018957,0.505539602197015,0.792494609306885,4
978,0.311108067191672,0.64064490085002,0.410765022435226,3
695,0.369141552026849,0.789020626689307,0.41744656690862,2
400,0.218093565432355,0.970681664999574,0.841935712145641,0
838,0.310167243571486,0.412402514950372,0.754654876352288,3
2,0.729752206476405,0.131113990675658,0.267939510056749,0
979,0.308906589702237,0.469415943487547,0.798816359299235,3
141,0.660426891408861,0.448274057591334,0.843898609280586,0
243,0.669291411293671,0.0945909589063376,0.416412647580728,0
600,0.340181297727395,0.670812223223038,0.652552903792821,1
1139,0.756510702681727,0.497757903390801,0.797064508400935,4
753,0.368209903312381,0.679734116070904,0.645409430656582,2
1228,0.760122038561015,0.527140957171088,0.797451163435148,5
1275,0.760402436613081,0.54293300820666,0.794177140166085,5
425,0.34098697243724,0.522470791242085,0.753342647268437,1
441,0.344842703887262,0.706464772461914,0.366512563009746,1
859,0.313471347647719,0.398171023000032,0.597855966235511,3
219,0.166553712915629,0.26226269453764,0.0945612974464893,0
1377,0.763347470715043,0.539281113124323,0.794065696795901,5
845,0.310599611643702,0.763873397838324,0.80860594548285,3
854,0.305795875734184,0.646382096689194,0.410635111667216,3
555,0.337661472742911,0.725875604664907,0.577420767326839,1
478,0.33954527097987,0.452453428180888,0.789376025018282,1
1332,0.762072193677435,0.536282186484461,0.781925623009567,5
216,0.759394880151376,0.274258462013677,0.78658577427268,0
1304,0.757868358438441,0.534353444030559,0.788432062446107,5
455,0.340856427496765,0.604130660765804,0.377999960724264,1
1346,0.752736971450022,0.539599223972074,0.789838125488853,5
232,0.631006411742419,0.11202329210937,0.231214238796383,0
249,0.794340630294755,0.493640417698771,0.136693744221702,0
342,0.0838811944704503,0.381391318747774,0.893655080348253,0
1359,0.753987768797453,0.53912563292277,0.795273731547552,5
279,0.548435705713928,0.973894700407982,0.300437223864719,0
1,0.746253114193678,0.666353880427778,0.521200642222539,0
1099,0.755338785107629,0.508306817523524,0.794292920473682,4
785,0.370367175587453,0.307634217198938,0.755388916167431,2
1229,0.75517350375487,0.538075029636416,0.794018425369523,5
281,0.117758159991354,0.544570752186701,0.530935704475269,0
768,0.370476471295115,0.540377905243076,0.598659512982704,2
977,0.314343862412497,0.494088434264995,0.437473804620095,3
511,0.341414813427255,0.41193697671406,0.573553161160089,1
1233,0.757628444487095,0.531754587826467,0.793192933794451,5
936,0.313780824674759,0.684291736106388,0.439276164211333,3
602,0.365737758760806,0.705812419299036,0.522005144669674,2
1303,0.759308877392319,0.53937982712736,0.78259998577744,5
427,0.342983933363576,0.540600644657388,0.586237138067372,1
1001,0.759809460148405,0.492280685938675,0.793970082431675,4
1227,0.753056105381522,0.531284686345822,0.794196595203959,5
942,0.313954848714639,0.464418322313577,0.779774420941249,3
12,0.956630160566419,0.474230541149154,0.19360914407298,0
356,0.514004414668307,0.80760855297558,0.698615819681436,0
553,0.336047177109867,0.733686446677893,0.368725012219511,1
1085,0.752189211472125,0.504019153327482,0.799830510904899,4
498,0.341287733907811,0.706224441411905,0.484364954335615,1
687,0.374631043942645,0.7847682753345,0.384727466432378,2
25,0.591758535243571,0.245114321587607,0.177641255315393,0
1328,0.752579408451038,0.527338080032714,0.788897211895432,5
1427,0.751129824719305,0.470983387811561,0.797125635201603,6
449,0.343135097750928,0.525638576131314,0.73090319770854,1
347,0.518111874815077,0.0576750303152949,0.00618196977302432,0
584,0.343090120372362,0.455326776951551,0.518215373321436,1
818,0.309661416513845,0.707836128189228,0.446035747928545,3
1204,0.750235937193898,0.536636805448122,0.793751441089871,5
788,0.371846354359295,0.363978094421327,0.599609718937427,2
764,0.369677887586877,0.516373289981857,0.611373448208906,2
1089,0.757773955496249,0.496934765576399,0.794225284181935,4
423,0.343305734600872,0.704395456705242,0.513427767832764,1
675,0.375224140950013,0.413933785283007,0.81066054913681,2
1118,0.76195977078302,0.50600351884629,0.793615369484501,4
177,0.143150063231587,0.0864334008656442,0.535599037772045,0
345,0.00837700022384524,0.776588200358674,0.658023813273758,0
412,0.338517513556872,0.509417167166248,0.620014153933153,1
277,0.115843267412856,0.0936318472959101,0.927807276602834,0
1187,0.754550620831318,0.499104349050247,0.798156391181094,4
363,0.307357420213521,0.0391483518760651,0.492357257753611,0
1036,0.754012298372522,0.502330786806849,0.79653872826051,4
953,0.306116214350332,0.529786692000926,0.479119658982381,3
1516,0.756831744511918,0.478775212257842,0.785049732237224,6
582,0.340093318556901,0.555585673428141,0.591165856504813,1
1216,0.761799075177248,0.530047593419815,0.788180745188622,5
225,0.391254160553217,0.882155007682741,0.00416815257631242,0
868,0.307074181004427,0.573999559273943,0.721344459499233,3
304,0.3424451360479,0.936493170913309,0.763266139896587,0
267,0.770919065922499,0.942642759066075,0.994685015641153,0
739,0.374372276505455,0.368258783710189,0.615795708191581,2
542,0.340850177379325,0.510981949861161,0.440250776172616,1
904,0.314570996644907,0.575583056197502,0.843521803198382,3
558,0.343988088548649,0.696633740095422,0.594404103164561,1
459,0.340717612167355,0.539516296354122,0.788264908175916,1
1048,0.757176649807379,0.505715791305926,0.788861351197757,4
1203,0.75380053860664,0.528185860061488,0.794327253962931,5
683,0.371904534320347,0.60702459467575,0.410050319787115,2
1451,0.752344148059099,0.478932818503258,0.79335099711649,6
72,0.58666454302147,0.556252818088979,0.584072194295004,0
435,0.338434935784899,0.753318459610455,0.836845918139443,1
736,0.369564434408676,0.365834012976848,0.536023654672317,2
203,0.733927176799625,0.265517898835242,0.0739385331980884,0
1302,0.759212799601254,0.517342037272236,0.792908598486588,5
851,0.309672925770283,0.52205062424764,0.361912557668984,3
1107,0.746248687202851,0.504216604372099,0.78249515746728,4
1595,0.755967902802542,0.478749424513059,0.791227696007591,6
880,0.315278566710185,0.582826952566393,0.388931001466699,3
790,0.368288758420385,0.732495407923125,0.523467510519549,2
1363,0.751957941256081,0.532176407072056,0.787054976747246,5
825,0.312360214316286,0.729224118753336,0.720544653758407,3
381,0.510587093653157,0.727548896102235,0.735776926157996,0
1282,0.754049433298135,0.537818673656951,0.795072296451799,5
1176,0.760096714445925,0.502163151651094,0.792359096079122,4
431,0.335919363456778,0.720271264435723,0.386659834696911,1
682,0.371067524361424,0.643301263335161,0.808098204131238,2
634,0.373351668182295,0.666076926514506,0.7716202306794,2
1082,0.75547969458057,0.508568296852232,0.796880639146332,4
1007,0.749318293365178,0.5030388020916,0.78183025473666,4
504,0.342620659144595,0.349935244536027,0.836315761134029,1
211,0.437192105222493,0.485937317134812,0.664117906941101,0
1255,0.763481536453551,0.527356877722723,0.791608202840814,5
779,0.369206767226569,0.549611206282862,0.849180639768019,2
926,0.30678168872837,0.77040518540889,0.391311873379164,3
1109,0.752495804679056,0.502965766504345,0.798397975753756,4
375,0.657345624407753,0.979520548367873,0.358778078109026,0
1538,0.756395715669169,0.465028391208068,0.793285602882036,6
1272,0.758545287617898,0.531003766130617,0.794929584793295,5
1373,0.75619295333264,0.528262852305649,0.798912159998475,5
40,0.252079480560496,0.661371378228068,0.15060028154403,0
650,0.372327633481473,0.428606517496519,0.622634788788855,2
594,0.344103699116968,0.593820496811531,0.387596209812909,1
781,0.375215846933425,0.774737624800764,0.404438428510912,2
1376,0.753875110425097,0.529520748267045,0.787531062801669,5
766,0.368064931663685,0.561795804882422,0.820605592033826,2
1515,0.767051752401471,0.46612594892462,0.789658330174607,6
951,0.312563347076066,0.612085805623792,0.60536481665913,3
944,0.309575393486302,0.6336889131926,0.586780766886659,3
791,0.368083416412119,0.452520508435555,0.385425550327636,2
1527,0.765168218301413,0.477883409289787,0.793864942507733,6
976,0.31010479924269,0.345132412388921,0.400943513889797,3
93,0.287619803333655,0.619351933011785,0.199265882140025,0
786,0.37456617429154,0.496423440403305,0.752849874715321,2
1276,0.749695000832074,0.534464285323544,0.796366033818301,5
230,0.526441887719557,0.0964386120904237,0.345048533286899,0
1431,0.753582177547846,0.474204641944203,0.789872269065586,6
367,0.860182196600363,0.317154478747398,0.774896652903408,0
564,0.338028004865628,0.686233101994731,0.692186402669177,1
576,0.33598107638536,0.546320837922394,0.60166661713738,1
609,0.365734311647248,0.749975674902089,0.836215436272323,2
207,0.717158450512215,0.372261706739664,0.0775422060396522,0
63,0.560384958749637,0.98655851604417,0.357115959748626,0
1418,0.760537846007839,0.465394975842998,0.790165676720482,6
1310,0.762664365571948,0.531174714614548,0.792423470000743,5
1283,0.756630481523449,0.537291091394839,0.791902709754088,5
787,0.367208011988551,0.478553716675378,0.691188471438363,2
111,0.407253787387162,0.235851806588471,0.713943605544046,0
1335,0.752178863052071,0.534891289379107,0.789887151131536,5
563,0.340325243049301,0.366267906501889,0.480010350048542,1
371,0.68683964619413,0.185429465724155,0.42848716606386,0
608,0.375472159576602,0.367989739752375,0.790943273971789,2
1289,0.753770107474377,0.524847347268246,0.79065321436934,5
544,0.33675703806337,0.484085681033321,0.477504020836204,1
162,0.0964399669319391,0.478327448479831,0.011209920514375,0
184,0.144228813471273,0.953328675357625,0.881767553044483,0
538,0.336222192212008,0.558916438487358,0.635716470703483,1
1027,0.760145437910811,0.500605900221846,0.787609972016994,4
964,0.314482118024025,0.421584965428337,0.594626134657301,3
1183,0.750890989911631,0.501700646836814,0.791218049745233,4
1502,0.749614802010602,0.470786804060094,0.794676410084904,6
1069,0.762616652729118,0.502255039062908,0.78831115527553,4
601,0.365748937465251,0.554095655912533,0.732649329630658,2
857,0.309466564063914,0.39630992396269,0.725499237468466,3
969,0.310636058610398,0.58229872235097,0.612875656504184,3
178,0.206205246737227,0.740564360748976,0.592906973091885,0
383,0.703493663808331,0.983972134068608,0.327359239337966,0
1390,0.75987155390495,0.532412392726016,0.784969012333052,5
1221,0.747707615496619,0.531944680042426,0.788464073631652,5
1068,0.756711669400822,0.500586282378888,0.790458970346759,4
23,0.224285649135709,0.899161269655451,0.243826356949285,0
940,0.31156748020323,0.557248671189882,0.732587750814855,3
1505,0.751523379847491,0.477340106459708,0.780361941561001,6
1188,0.756267056085248,0.505719693896883,0.790948169729786,4
1454,0.762227429390331,0.471327429119317,0.785896224393101,6
1541,0.749752863556392,0.463207512019473,0.794423020597105,6
740,0.367825207221322,0.715028497506864,0.791005879803561,2
71,0.376060884213075,0.660346691031009,0.467908744467422,0
1345,0.750899393296265,0.538571885148533,0.79290678108295,5
1250,0.761050529121137,0.537281072474864,0.794659821756881,5
256,0.0698128449730575,0.477762616006657,0.347822048934177,0
1494,0.749903069482375,0.46718995322494,0.791607119995084,6
686,0.372817966598086,0.661693195579574,0.420296163694002,2
1072,0.748763099788688,0.513720960454005,0.791983052109165,4
1244,0.75433091532268,0.53335904122698,0.794415190244698,5
1546,0.758667850416629,0.471297856988579,0.79421065204852,6
1045,0.76333944203367,0.514960216292106,0.797651997066111,4
751,0.373984597134404,0.756727270898409,0.530044942093082,2
320,0.539606469683349,0.241937580984086,0.540917136473581,0
89,0.161633579526097,0.910351315746084,0.711792762391269,0
1041,0.757378141596158,0.506476944474091,0.791834341986297,4
1318,0.753071721564652,0.533478706017864,0.786632443633859,5
82,0.166153884027153,0.0381119709927589,0.904194821603596,0
1079,0.753274470783009,0.501192924042923,0.786672395287161,4
483,0.337102174353786,0.548015036038123,0.453761947154999,1
1438,0.755271767913402,0.48506265499157,0.789877257719526,6
52,0.708041233941913,0.761447002179921,0.691994017688558,0
1140,0.756979654264747,0.499159148716326,0.794104225917444,4
1142,0.756589191446107,0.497747505661889,0.794359994761195,4
95,0.274502228945494,0.664729697164148,0.272924762452021,0
794,0.374293380244635,0.633778284187429,0.665571963461116,2
816,0.313091704314575,0.325147130526602,0.74532627761364,3
329,0.318621931830421,0.246515771606937,0.286483019124717,0
1148,0.761033300979023,0.499065533241536,0.789773097666877,4
1509,0.759640573128173,0.469651615646439,0.784466047971265,6
562,0.341011554272845,0.620670899981633,0.507495626155287,1
557,0.340190836084075,0.430862605688162,0.510399436159059,1
1252,0.756900327495757,0.535986926490891,0.784916113347859,5
1478,0.764597467818187,0.4702223121903,0.793116396691042,6
1356,0.757454957459831,0.535162696008838,0.782038586373366,5
1111,0.759196521263965,0.502970548086715,0.802431540143597,4
36,0.074061528313905,0.00428186543285847,0.869094828609377,0
1160,0.764893585192441,0.506519743148401,0.779657709541562,4
1135,0.763283444957122,0.508406227846261,0.791155208755543,4
220,0.298594633582979,0.699461854761466,0.229335609124973,0
1184,0.752742742350969,0.503705240157322,0.782526678545798,4
1173,0.753089623794268,0.498680571122792,0.791721865972764,4
1475,0.75719025047692,0.476836182025211,0.788774229832129,6
745,0.367187076059636,0.79407079750672,0.373184975981712,2
846,0.308384422932286,0.644520063768141,0.773673032806255,3
1226,0.755868970472087,0.537024818869123,0.792158454207445,5
84,0.321209250716493,0.0945802496280521,0.741810507839546,0
21,0.0302584730088711,0.351698084268719,0.750888912472874,0
4,0.668344848090783,0.158773754257709,0.635942723602057,0
1232,0.748660045674983,0.538142272763278,0.785877262474284,5
1028,0.749224676887917,0.500750829558319,0.788890238224382,4
212,0.854040573816746,0.618220831966028,0.149538804078475,0
388,0.392075684387237,0.349802511977032,0.868702457286417,0
1018,0.75474062519866,0.510510106065589,0.799116476441929,4
378,0.910851535387337,0.547771931160241,0.708177396794781,0
349,0.464715615613386,0.731376105220988,0.209580388152972,0
14,0.267892084782943,0.761542967753485,0.801870154216886,0
453,0.340510975141078,0.449633229640312,0.517303681978956,1
1360,0.759379663707699,0.531706682456303,0.793127915194877,5
173,0.0764860180206597,0.887147917877883,0.46230774349533,0
250,0.743611991871148,0.428785586962476,0.057334597222507,0
1101,0.754875411539114,0.509085801127232,0.794998631443992,4
1394,0.751830827904535,0.54030818698674,0.790332260922741,5
801,0.310454008551314,0.359726942609996,0.614606081089005,3
547,0.335936363879591,0.625480860006064,0.582785985828377,1
1503,0.745222246399086,0.465405074795377,0.782964430697293,6
590,0.339256241475232,0.755800724378787,0.366475831181742,1
333,0.261714744148776,0.183682347182184,0.285669311648235,0
1241,0.75812160385926,0.525170263526694,0.783747488945683,5
758,0.367136474733707,0.594894107198343,0.46763186021708,2
1522,0.757489503914098,0.468771113854881,0.798009302271635,6
1446,0.753035027225614,0.466547626108795,0.801419087378074,6
370,0.989282711176202,0.110460884403437,0.419201214332134,0
1434,0.757822576098881,0.478083060840859,0.785141966262432,6
150,0.496170233236626,0.124758005607873,0.811481338459998,0
635,0.368514018331189,0.583231307100505,0.407583826035261,2
797,0.368450659308583,0.703423636150546,0.582556979195215,2
1358,0.761658257127575,0.536112629359954,0.792502735398839,5
1290,0.745138224308288,0.539600587552688,0.792587790282859,5
987,0.314078034444246,0.651814237819053,0.779741826513782,3
1051,0.770287206010858,0.499491373194711,0.789688842802384,4
228,0.779437969438732,0.956493961391971,0.312479658052325,0
1271,0.751587819047099,0.53173507061344,0.790366567600848,5
110,0.26745008979924,0.79457010817714,0.453377756522968,0
1433,0.759965415224574,0.466308257398515,0.792745208091081,6
775,0.372754981317557,0.725317653617822,0.740470419684425,2
1528,0.762187740986082,0.482132997879486,0.798499812307362,6
181,0.367964012082666,0.770623136311769,0.82359339017421,2
1466,0.764548576412368,0.472435580660929,0.788631464382965,6
980,0.306340186807793,0.352826950140297,0.374859360326082,3
1145,0.755516539034125,0.504482115747107,0.792808340100132,4
1236,0.755347962005292,0.523061154491517,0.790082950513037,5
10,0.757167206378654,0.242905942955986,0.270061781397089,0
583,0.339182893473189,0.494646745501086,0.511708577326499,1
364,0.0694342309143394,0.170008296146989,0.852095552720129,0
1206,0.751801115710549,0.52893556875084,0.791762263358102,5
777,0.37332092898665,0.542195373913273,0.802825731155463,2
311,0.0293384578544647,0.338930712314323,0.867358499439433,0
1416,0.759548996459943,0.471011616193314,0.793812104201471,6
1369,0.744928967571309,0.531252698682314,0.789103328197464,5
1108,0.761472807087657,0.499305531499114,0.784554440324366,4
984,0.312040814824868,0.443531016237102,0.749323370680213,3
169,0.073241519741714,0.834433204028755,0.371714103035629,0
1032,0.754572594399219,0.497284622972137,0.792300570681681,4
689,0.371501338479575,0.789174435776658,0.567841329192743,2
1178,0.754143528886978,0.499619459585366,0.797743991077679,4
1080,0.763195658853183,0.50229781357871,0.789284555993885,4
1413,0.75882074606867,0.460481498210195,0.783863400987869,6
934,0.314396252206061,0.489581070956774,0.695980601757765,3
1284,0.760880599899485,0.531871658595992,0.790498429301769,5
19,0.230449337512255,0.344390427926555,0.999035140033811,0
1479,0.753923597028476,0.470874305114733,0.786057518485431,6
615,0.37524066405138,0.42718685627915,0.418268076190725,2
1501,0.756491715142979,0.483627417795979,0.787207243203557,6
632,0.371949938416947,0.59563123411499,0.468824020051397,2
935,0.311740832801443,0.399841344566084,0.775102202245034,3
1577,0.748564252425993,0.468697462015149,0.793979019547164,6
539,0.341670995035674,0.460884350351989,0.685403329017572,1
883,0.313642700484488,0.407304202672094,0.639302251324989,3
418,0.340142816144507,0.509003304759972,0.393127627135255,1
339,0.40637020370923,0.943145125405863,0.167674174299464,0
653,0.367777204355225,0.671819957555272,0.649467116151936,2
55,0.157854059245437,0.983404396567494,0.211045332951471,0
468,0.339589574993588,0.712981897057034,0.476589329005219,1
812,0.310074271673802,0.57970495976042,0.690162741625682,3
1407,0.751444907137803,0.468637148148055,0.787726729433932,6
482,0.343311661391053,0.793515964294784,0.700577521859668,1
924,0.311864669490606,0.540169724612497,0.803425708832219,3
39,0.582296667154878,0.522883646655828,0.718917403137311,0
1120,0.757526489166417,0.501893027344487,0.79681217504763,4
1102,0.763624894212902,0.502041771351284,0.799719033304098,4
348,0.771567091811448,0.682646530680358,0.107773911207914,0
586,0.344663002379239,0.551051151123829,0.488508542347699,1
1046,0.763022569731248,0.49733419587207,0.799398486566431,4
1088,0.758932901306066,0.506720414214916,0.779982605877306,4
628,0.374192836517468,0.6126271559624,0.662720665032975,2
189,0.509779878426343,0.0634723964612931,0.734787568915635,0
1038,0.747995818021339,0.49749555194821,0.79069181783167,4
384,0.311252865707502,0.367686577141285,0.0650744799058884,0
476,0.345413169637322,0.492615549592301,0.532563111907803,1
998,0.30876049797982,0.505524074076675,0.54012086968869,3
125,0.868403020082042,0.0123561723157763,0.843558886088431,0
319,0.767484752926975,0.0730474737938493,0.575876969378442,0
1167,0.752073249451982,0.505506355891119,0.785840846129862,4
121,0.59149506688118,0.972408757079393,0.159501156304032,0
266,0.934673493960872,0.758061047876254,0.978022696683183,0
1339,0.750615837793845,0.539406546881717,0.786864204884157,5
324,0.780521258944646,0.588555498979986,0.72920576040633,0
1481,0.749506674675459,0.469438646468221,0.786231240405737,6
1492,0.762042728768987,0.473454754974712,0.792158125485256,6
1186,0.751891161768816,0.490140149965499,0.792638652603412,4
804,0.309291029504966,0.412980835186318,0.425759860360995,3
1572,0.761213240360472,0.465612570839153,0.787282671855803,6
536,0.344483640703838,0.337219028151594,0.548609303473495,1
172,0.250258896965533,0.919003126677126,0.567883517360315,0
1457,0.762966286134099,0.465786640995663,0.790487263110416,6
374,0.714982324512675,0.10753682279028,0.508600985165685,0
835,0.309879315847065,0.401789836585522,0.826366993761621,3
721,0.369249605727382,0.314398226561025,0.377718443563208,2
1066,0.760188211268398,0.503082950124422,0.787655283233781,4
641,0.373034233192448,0.398462330573238,0.670292045618407,2
962,0.30863239064347,0.595000121858902,0.7743001740193,3
139,0.579048725776374,0.565203661564738,0.998654952039942,0
1470,0.770024604633553,0.466205396258928,0.787701235234807,6
352,0.487506265984848,0.383140221238136,0.414861039724201,0
948,0.313980613902677,0.355553161352873,0.471260496694595,3
20,0.290245760930702,0.066292415605858,0.0235859253443778,0
1174,0.762365823480548,0.507108831275003,0.789729118524979,4
1485,0.76204022171511,0.469084665072515,0.793163392163825,6
1489,0.753550024975264,0.474539516304188,0.783971184090615,6
1131,0.759820851760528,0.505489096998734,0.795692688143001,4
402,0.337973337606527,0.535701449261978,0.60329555911012,1
843,0.305699825948104,0.662249362561852,0.778375821816735,3
784,0.372442860265728,0.608479138230905,0.643217295804061,2
382,0.477059212978929,0.500202256254852,0.168551405658945,0
658,0.367452831377741,0.480738981510513,0.69765022227075,2
604,0.366609915774316,0.671573497238569,0.493193138437346,2
290,0.1091549762059,0.642069019377232,0.876938569126651,0
1134,0.751123747405983,0.509471408489534,0.799267322744959,4
330,0.0784740350209177,0.304998170817271,0.253581347642466,0
1518,0.761867508217359,0.477941498554146,0.786341564692293,6
1551,0.753622693486199,0.474103443710637,0.785691716295249,6
1415,0.755089368441371,0.468608732521366,0.79550215826481,6
1012,0.754321762724745,0.510108719132701,0.792631178826124,4
1296,0.756964636913209,0.529143423548925,0.786011129056658,5
625,0.368105171292555,0.711433653254062,0.829938115249388,2
864,0.312191993857268,0.57950328476727,0.485670594428666,3
1421,0.752341886625335,0.472357786051418,0.791204386031147,6
813,0.305509011743125,0.769536405219696,0.770756215020083,3
949,0.312864226442762,0.36095581331756,0.752751209354028,3
697,0.366745400854852,0.56045093643479,0.620697883586399,2
523,0.335828902104404,0.449808365199715,0.726120618917048,1
442,0.343802806797903,0.55138846184127,0.597139426902868,1
389,0.144635494565591,0.698450660333037,0.478345235576853,0
826,0.308629944757558,0.610827753436752,0.362392256781459,3
192,0.987122929422185,0.291412094142288,0.485170730156824,0
253,0.118886199314147,0.947845424292609,0.50260405568406,0
1336,0.757282934426285,0.522027681641101,0.791588615073698,5
578,0.336703800421674,0.458442349801771,0.755135564529337,1
1381,0.756194914933118,0.534999899153488,0.792678328106426,5
326,0.808055037632585,0.557979383738711,0.797078534727916,0
56,0.413884046021849,0.608917377190664,0.637911621015519,0
559,0.344379929874558,0.764545080601238,0.802360004093498,1
885,0.308381446525455,0.445450060302392,0.644512561196461,3
144,0.216490581165999,0.520427946699783,0.131057818653062,0
123,0.806679707253352,0.397793635027483,0.465045511256903,0
630,0.369263589901384,0.623160523478873,0.541054241522215,2
37,0.180605158908293,0.755715236533433,0.540486236801371,0
1490,0.760452694314004,0.475813050058071,0.781862259774778,6
109,0.75409789942205,0.566778241889551,0.221915981266648,0
1333,0.753075349623374,0.53290213569918,0.791880229868866,5
723,0.373946229415014,0.576355232391506,0.446077895513736,2
1263,0.750444783804444,0.536423731857688,0.787767962498122,5
522,0.343464519961271,0.310628777719103,0.68732553771697,1
237,0.455295382533222,0.3125202243682,0.680706217652187,0
1463,0.756738290872006,0.467428582852499,0.792276532630482,6
579,0.342712360282894,0.771316245780326,0.663812263333239,1
488,0.344869789702352,0.692464455845766,0.462764101382345,1
598,0.34261262436863,0.780157316708937,0.465760743874125,1
861,0.309253919916227,0.378725037095137,0.455256321746856,3
887,0.310646501756273,0.46886882383842,0.809532014932484,3
642,0.3657079555979,0.520891213905998,0.749528096453287,2
656,0.372646162020974,0.789778103819117,0.482611940172501,2
194,0.443407103186473,0.240086865378544,0.703334183199331,0
1308,0.761035591770329,0.534350591712963,0.796208695686573,5
350,0.460637793876231,0.159167091362178,0.623091368936002,0
1235,0.761360780635061,0.522534096354813,0.788489278614116,5
1044,0.761543124071036,0.497203799915112,0.792409562822399,4
422,0.339842079947703,0.693812173907645,0.562263719551265,1
472,0.338708042439539,0.689647473278455,0.507342895772308,1
612,0.374910916893277,0.651464663562365,0.786687658214942,2
700,0.367506705441047,0.78425116755534,0.634045887202956,2
550,0.340365708081517,0.728244014899246,0.82291776528582,1
1094,0.744534195525686,0.500708809215239,0.788890521275079,4
272,0.692291433457285,0.85751169687137,0.342417779844254,0
494,0.341798313197214,0.473675922257826,0.617794398847036,1
90,0.21514256275259,0.990261444123462,0.200343343429267,0
152,0.1578265032731,0.00984369521029294,0.0710860311519355,0
678,0.36747764691012,0.439996251254342,0.747192468075082,2
209,0.116001578280702,0.245099698426202,0.520363493822515,0
1535,0.757628142564295,0.472428990859733,0.789722281888156,6
1324,0.753727640120988,0.534137693774741,0.793152871230453,5
597,0.343503348738886,0.679570364067331,0.688636950030923,1
1008,0.765306639963847,0.499236712019175,0.795340309931465,4
1149,0.75687820552694,0.501287940598851,0.793506026964328,4
886,0.306636382322758,0.45449024962727,0.624500039545819,3
871,0.309270020257682,0.51989151944872,0.679388318606652,3
257,0.198253512848169,0.00378254591487348,0.650909702992067,0
1246,0.752245819209809,0.540496682722964,0.796818445909842,5
759,0.372351730254013,0.672605775296688,0.550611514877528,2
74,0.405779675347731,0.511300447396934,0.977907706983387,0
33,0.10109973908402,0.744607602013275,0.813393888063729,0
88,0.524625688092783,0.0446213393006474,0.625270743388683,0
1137,0.761401994353237,0.509586088282967,0.791837621309625,4
526,0.337658395387698,0.645650601247326,0.517372115910985,1
1575,0.760571290321477,0.47758138827687,0.784374114109948,6
931,0.306067695019301,0.68010268942453,0.49619352077134,3
42,0.908267444930971,0.541830538539216,0.892649589106441,0
166,0.806679403176531,0.237036515958607,0.7005595988594,0
98,0.736848422791809,0.281542746583,0.183665091637522,0
1100,0.754264060260662,0.50017975953118,0.790906560741883,4
1300,0.753134404954809,0.533454061447373,0.793177878699787,5
175,0.59757462516427,0.0794103431981057,0.93480739207007,0
332,0.737680850317702,0.895951624494046,0.590814108494669,0
1259,0.751537941206579,0.53159999077365,0.789837110431564,5
1097,0.753513314506253,0.496817143861894,0.795329794193451,4
1042,0.763701492250001,0.502400461236274,0.787713605832875,4
284,0.192990350304171,0.741898995358497,0.133263058960438,0
1023,0.752958680260592,0.497429792018665,0.794538863350322,4
1033,0.757911419533345,0.508631830961529,0.783410669251702,4
322,0.5322444755584,0.227901889476925,0.00894498988054693,0
923,0.309253082084469,0.503946051001549,0.673412863328122,3
1423,0.760210293854533,0.473718022416895,0.790771735187195,6
1253,0.763696058033318,0.532294809064152,0.792735836342868,5
462,0.33893436427461,0.476948323310353,0.844491151440889,1
1143,0.757280397482533,0.50275797830471,0.784932347662167,4
1590,0.752129637136499,0.473177160955413,0.79833959259487,6
271,0.873204220784828,0.929445575224236,0.533135532401502,0
1530,0.745232835721606,0.469903402201894,0.795687210540102,6
236,0.555272612255067,0.0901483637280762,0.829641615506262,0
728,0.371149812266231,0.751859058975242,0.398792378185317,2
690,0.373907934029121,0.664566710125655,0.551500510820188,2
1398,0.751364755652004,0.528196679747425,0.786295821310898,5
828,0.308578112525865,0.671276948531158,0.593135543679819,3
43,0.65783097455278,0.860230455175042,0.548107309034094,0
274,0.193447717931122,0.839122735662386,0.366588132223114,0
1539,0.761089150877696,0.472572760445044,0.778289362613524,6
718,0.374124664177652,0.396036707679741,0.542858180403709,2
401,0.339981494604144,0.493064124835655,0.583484399644658,1
161,0.19188320892863,0.857095803599805,0.345419730758294,0
1482,0.757294252115891,0.461530054459082,0.796261541682356,6
831,0.310294122148771,0.577219177270308,0.599823610438034,3
917,0.307998891368043,0.748694558395073,0.641311930771917,3
599,0.342907015962992,0.403158865985461,0.578186567802914,1
296,0.534218601649627,0.706432818435133,0.277973076794297,0
1073,0.760486737920171,0.500811336030984,0.791427022945297,4
305,0.515202054055408,0.881288095610216,0.882811061805114,0
199,0.648786337813362,0.721299429424107,0.203571071149781,0
699,0.3730387940933,0.326771838590503,0.464771737973206,2
467,0.337281278439332,0.616050559212454,0.82666555121541,1
999,0.309449289473705,0.517204119474627,0.55791169165168,3
853,0.313442762535997,0.647683985647745,0.597060266695917,3
1019,0.757009268217723,0.507146607769216,0.794612134052437,4
870,0.314217500290833,0.475299428100698,0.794878545962274,3
569,0.337205370874144,0.456857600715011,0.6258063507732,1
242,0.584240085212514,0.42540659243241,0.481813625898212,0
186,0.717743296176195,0.767409346066415,0.958068211795762,0
117,0.165264865616336,0.395819794386625,0.905724105192348,0
1473,0.762567705336106,0.470740349923409,0.79472746926567,6
1557,0.75655383365366,0.484099026466258,0.784651986253246,6
1594,0.753361271951812,0.468350784633893,0.795334780348379,6
863,0.313891858777497,0.557629376184195,0.461428528698161,3
548,0.340211872302461,0.382449778728187,0.425106957717799,1
760,0.372577862851322,0.696419950458221,0.844594339770265,2
802,0.31480475663906,0.403015782590955,0.806545149581507,3
301,0.639939307933673,0.454976228997111,0.0850442387163639,0
919,0.307608198246453,0.771881443215534,0.453457505255938,3
1523,0.759561159111576,0.474069395680472,0.789562501408863,6
360,0.488461336586624,0.136212827637792,0.44546719850041,0
447,0.336715358283836,0.499610791681334,0.504045231314376,1
445,0.338480480178259,0.545353784807958,0.484932880313136,1
814,0.3107990944013,0.725006335298531,0.671237366669811,3
1560,0.755009406692835,0.465748026827987,0.788629224496377,6
994,0.313657480191905,0.748786861659028,0.359102200414054,3
1580,0.745869839704514,0.46989617901399,0.792016121323865,6
671,0.368205514228903,0.308792659663595,0.52849794626236,2
1571,0.754654502428734,0.475947235380255,0.78848540875939,6
674,0.371765344087035,0.336778206168674,0.507773077394813,2
575,0.342019183707889,0.695091098197736,0.558211393235251,1
377,0.709561949362978,0.019901707302779,0.56195252132602,0
480,0.344823288389016,0.654287946643308,0.773767410824075,1
297,0.25632234220393,0.681409393437207,0.456349025247619,0
64,0.0321833705529571,0.878152742981911,0.113261096412316,0
908,0.314313754111063,0.624955158680677,0.375878144451417,3
1126,0.755836543467472,0.496287230746809,0.794606156463771,4
1257,0.747828255668771,0.539082082145329,0.784843385716673,5
376,0.21489067049697,0.706552928546444,0.655804252251983,0
1112,0.755854694837454,0.505600357309191,0.787292551622056,4
990,0.313086095761973,0.635593506856821,0.605359061085619,3
636,0.366881343789864,0.340714168036357,0.515515069290996,2
45,0.330085773486644,0.402343383291736,0.464275650214404,0
713,0.373656399229076,0.76249136053957,0.667647622106597,2
68,0.746793808881193,0.684852845966816,0.0212764735333622,0
1171,0.756735046056098,0.505065756323471,0.79489311507401,4
443,0.337157585546374,0.376801361446269,0.466605678247288,1
415,0.342719775715377,0.796472704620101,0.560588646144606,1
830,0.311826822187286,0.793511586380191,0.364364094031043,3
1153,0.755188006862778,0.496921497647779,0.794988625997714,4
763,0.365568535649218,0.488155677332543,0.481331467325799,2
261,0.228677997598425,0.357679999899119,0.467950608581305,0
822,0.306257404957432,0.576003877213225,0.75895304994192,3
874,0.313776528118178,0.699695856659673,0.472507705842145,3
1059,0.758029592431897,0.501424637398417,0.795645141682074,4
1262,0.754442444425044,0.527799532947839,0.802529116960567,5
436,0.339439511199016,0.509497646125965,0.383847763808444,1
147,0.382146964082494,0.802046101773158,0.209097089013085,0
119,0.353128941031173,0.0575306101236492,0.366585608338937,0
1410,0.760872900817899,0.470839973611055,0.78778500913574,6
1132,0.755567328402392,0.499091959836054,0.785846861667852,4
985,0.308082838447299,0.536116189905442,0.424189857835881,3
1057,0.75856492127052,0.50202433293423,0.793961349997875,4
57,0.402666916837916,0.435694637708366,0.346398437628523,0
1164,0.752384048749595,0.50329545826486,0.796380476663145,4
810,0.309639236549847,0.663311306969263,0.575790600897744,3
1556,0.753696870788745,0.476364229380635,0.792858828446097,6
1350,0.765322803412154,0.534498513420244,0.780861262128601,5
1025,0.746773204782776,0.504658405976682,0.787236742280036,4
525,0.337330466629937,0.783620838774368,0.72029849216342,1
28,0.966399586293846,0.103263633791357,0.632780632236972,0
1286,0.75878102784913,0.53721310875808,0.79731227085421,5
540,0.343144536800683,0.464903381536715,0.835968889575452,1
92,0.857526714215055,0.895017131231725,0.723420006921515,0
167,0.779531470034271,0.381261150352657,0.876223054947332,0
1563,0.750936149091278,0.47941761745849,0.795231382072192,6
283,0.33634965470992,0.0428693026769906,0.702205128734931,0
1337,0.757082597655999,0.532861341777679,0.792899418311045,5
958,0.311785385194235,0.40950753854122,0.580030150990933,3
112,0.490359558723867,0.637109562987462,0.099792095599696,0
424,0.34007236846257,0.557421082979999,0.511309941462241,1
513,0.340328884923365,0.336743922554888,0.587661043205299,1
1402,0.756038543110287,0.471424931145682,0.798472729900168,6
278,0.784068257082254,0.409933959599584,0.664850914618,0
1447,0.746117418405433,0.465308326541006,0.78987232102434,6
809,0.309655708104838,0.589886741363443,0.511557898414321,3
231,0.929068027995527,0.153775824932382,0.784669788554311,0
1559,0.759257497362212,0.474954539160603,0.7937836174664,6
693,0.373958238435444,0.384745408431627,0.810502408118919,2
898,0.305609877572861,0.795373830012977,0.513974565593526,3
1354,0.765284311932786,0.533922953753791,0.78909471872296,5
487,0.344516665867996,0.527416316559538,0.414839135529473,1
394,0.939702965086326,0.409672511043027,0.30534778884612,0
516,0.342407483509742,0.391180735896342,0.478236129321158,1
1199,0.758326754147178,0.50392050722439,0.782194648526732,4
552,0.339639449270908,0.736654276843183,0.835163867496885,1
1578,0.756196136832746,0.47603724887586,0.785952420328778,6
1388,0.755577274023282,0.535034272907785,0.796467436178385,5
142,0.206346518127248,0.374244511593133,0.824600156862289,0
928,0.312617061152123,0.637846885365434,0.827551904413849,3
997,0.312628024022561,0.774137249565683,0.440437040221877,3
408,0.337703169130255,0.338420016691089,0.360594985587522,1
289,0.488905402831733,0.937615923350677,0.883667488349602,0
1136,0.751762783579708,0.504371533259463,0.790754275024785,4
168,0.750525581883267,0.380718127591535,0.27863688650541,0
743,0.365720755374059,0.588623420917429,0.596952913375571,2
769,0.372098266154062,0.559468154213391,0.375506509840489,2
1022,0.7625395034771,0.50280268487235,0.784242701659517,4
1147,0.750641362082467,0.504355327622452,0.784374978469937,4
1552,0.756518780196509,0.471322626117411,0.786400795697036,6
520,0.335801783702336,0.515411742613651,0.46967178506311,1
733,0.371928298720159,0.350011709611863,0.67019247408025,2
901,0.308225195854902,0.774063262157142,0.649915908044204,3
508,0.341142953566741,0.577027108171023,0.497399287228473,1
696,0.366599900543224,0.308541785227135,0.844775465712883,2
1476,0.748946390460718,0.487602535193182,0.78812899737451,6
1322,0.760474712829601,0.539433931296968,0.795484858223135,5
1021,0.751934176223863,0.504053218091875,0.791685545592497,4
890,0.308259894072544,0.772329023107886,0.842303921747953,3
1520,0.755898560948845,0.470756163898736,0.787767528555857,6
581,0.340087837262545,0.521783154574223,0.390922447596677,1
993,0.311297896848992,0.383895304636098,0.849783907458186,3
1150,0.753933819519531,0.50697203165724,0.786547788439684,4
1218,0.761258767505548,0.534702745621738,0.78965892911002,5
276,0.597290201345459,0.394064239691943,0.840178058249876,0
1024,0.759399185590584,0.498102059535914,0.786723625227305,4
1274,0.754244887068588,0.538598467781589,0.790372833547126,5
1372,0.757239402601567,0.528946989425421,0.793447779762712,5
1190,0.761333470354409,0.498111899569412,0.794061820392782,4
450,0.342741932005156,0.56237365573179,0.833446413790807,1
1375,0.759067695097021,0.529498625057965,0.788275078462172,5
970,0.30621591062285,0.377215857151896,0.722666914504953,3
1291,0.763646221159035,0.523915884101283,0.802675734604792,5
591,0.338885364872404,0.581066091428511,0.848097853292711,1
65,0.16477034939453,0.448395483661443,0.330179430544376,0
458,0.340816811653785,0.701398908393458,0.414993153931573,1
1459,0.749542273177712,0.47008795269428,0.788236735959405,6
644,0.372418330111541,0.653156159911305,0.699544865335338,2
426,0.341565463065635,0.32089477928821,0.833513703709468,1
515,0.341021970673464,0.379152580862865,0.373210821230896,1
101,0.980889074504375,0.835892394185066,0.59780982369557,0
960,0.310519818996545,0.677937790402211,0.382543810922653,3
331,0.00490958616137505,0.826477940892801,0.303401947719976,0
1092,0.757226908222034,0.512694297065264,0.791980658746728,4
679,0.371844682113733,0.557556777843274,0.539852561359294,2
732,0.375170885284897,0.521663041436113,0.694913716451265,2
698,0.372165516468231,0.554531185072847,0.852685450157151,2
780,0.374459648269694,0.306866672588512,0.533691338077188,2
1063,0.75686221197895,0.508659768970453,0.788329496294717,4
1417,0.754178542680047,0.478387163999698,0.783090218064857,6
124,0.438908939715475,0.909540152875707,0.258927397197112,0
115,0.480282221222296,0.0829865708947182,0.17734691943042,0
827,0.311195550048724,0.469309202861041,0.658507867762819,3
957,0.308901589054149,0.500686338287778,0.794901054049842,3
259,0.808742675697431,0.317748475586995,0.648959060432389,0
681,0.368045425324235,0.460301557905041,0.719993170630187,2
629,0.371130648511462,0.600913483765908,0.523527912958525,2
1083,0.766283941927016,0.501443137723212,0.788415686702555,4
229,0.956986746285111,0.310782602289692,0.407120427815244,0
1076,0.757765216605103,0.499114047611836,0.798550895509537,4
1165,0.745112303757972,0.496957773330412,0.793406991850366,4
34,0.171974677359685,0.997514195973054,0.885268326383084,0
188,0.358413877896965,0.885259308619425,0.70168646494858,0
1230,0.752848616401134,0.534695850233743,0.797282599267613,5
592,0.33764803520171,0.353380258777179,0.568490898283199,1
226,0.401622184319422,0.829091640654951,0.0460033395793289,0
187,0.803621682338417,0.246174027677625,0.193167364457622,0
1087,0.753641611922882,0.496742733361011,0.780045993191832,4
317,0.782306789886206,0.00560555281117558,0.728277275105938,0
1406,0.751074892771338,0.46617571663822,0.796066966543481,6
639,0.374306203746237,0.445639352430589,0.637844290514477,2
70,0.21891617286019,0.408014938235283,0.266537026036531,0
300,0.0294579339679331,0.673341898014769,0.782138672657311,0
912,0.309272469226271,0.491582573624328,0.546368323545903,3
792,0.368711065291427,0.337828141171485,0.816616596584208,2
637,0.373680666901637,0.420551598421298,0.829019446554594,2
1507,0.761626173898211,0.463603579896698,0.790122670095848,6
174,0.139214268187061,0.724842343945056,0.805891395313665,0
128,0.620963637949899,0.100572768831626,0.844538527773693,0
351,0.345931977266446,0.799221311928704,0.923156046774238,0
866,0.313773400206119,0.37310367426835,0.400302425888367,3
244,0.264007734833285,0.468151228968054,0.71515042707324,0
247,0.484257819131017,0.802807660074905,0.905556475976482,0
1201,0.761216484539257,0.535942426061172,0.791996466665059,5
1364,0.755367775155172,0.523035207404521,0.790723563024341,5
551,0.343995651586447,0.794132753857411,0.692662151344121,1
1014,0.754625495937182,0.49701118546274,0.793471275584375,4
873,0.313711611740291,0.70127085049171,0.678958128602244,3
1338,0.757296662704213,0.52120784496032,0.789769848213525,5
1584,0.76146886639579,0.47164338532098,0.788738152836555,6
1172,0.752494578688549,0.511668983293494,0.794771695202208,4
221,0.881724043050781,0.486511806957424,0.548030144302174,0
1062,0.757695488863282,0.49975721681383,0.789500140153308,4
1436,0.757103821957245,0.47551231487149,0.797722257854245,6
824,0.313421417467762,0.689224406145513,0.45789182796143,3
714,0.369028480430134,0.600727619370446,0.368003270286135,2
1419,0.761767741089213,0.470241184193755,0.79347804424323,6
533,0.338934771963395,0.722171429311857,0.423600072902627,1
891,0.305505360129755,0.762054313439876,0.439860493806191,3
492,0.343389474733267,0.508754420443438,0.723173560271971,1
76,0.0131196866277605,0.792665918590501,0.317617137683555,0
3,0.430733444634825,0.424051335547119,0.390740159433335,0
1411,0.751425968488195,0.475792477602637,0.787980686298612,6
1378,0.745684600252869,0.533922147285402,0.79385693665839,5
1343,0.751950682867409,0.542822103957951,0.781433356792345,5
1005,0.751371223469933,0.503385425712634,0.796145298698268,4
146,0.432058594422415,0.0162208117544651,0.168469365220517,0
308,0.648102863226086,0.99795205751434,0.904613622929901,0
1298,0.755061394103901,0.540581640672842,0.79249064841761,5
872,0.309883409598842,0.392621827078983,0.581188552128151,3
519,0.338503168513998,0.338065317133442,0.610304521326907,1
471,0.339971584691666,0.501126259914599,0.367599475127645,1
1194,0.751633685816336,0.504252274947609,0.790318157591919,4
652,0.371128571929876,0.406016125460155,0.443620118359104,2
748,0.367403327513021,0.644870542106219,0.696295737451874,2
655,0.372487346890848,0.605903491261415,0.363667902350426,2
163,0.879841242684051,0.536654524272308,0.0364825883880258,0
1078,0.760366070892387,0.501301655242017,0.799768457686191,4
489,0.341810718448833,0.301764657022431,0.40865969825536,1
464,0.338325754653197,0.401726382202469,0.361580760846846,1
1534,0.753548514954555,0.471345132575676,0.779785868992901,6
160,0.579081509727985,0.734716679202393,0.89628663030453,0
922,0.314330892870203,0.608136518509127,0.845308253122494,3
709,0.367844514411409,0.564850218594074,0.555325578479096,2
899,0.310072317831218,0.729336780379526,0.536391080752947,3
907,0.310673956188839,0.54378887230996,0.726555495569483,3
140,0.813075729180127,0.617400381481275,0.812262552324682,0
913,0.314847047026269,0.38825123431161,0.47291684015654,3
465,0.345210735523142,0.333420349401422,0.465592683921568,1
541,0.34220970035065,0.460121137206443,0.837631876161322,1
245,0.520293995738029,0.380784147186205,0.852403836790472,0
1169,0.748053604399152,0.496453914470678,0.787691811863964,4
1035,0.763562640929173,0.505287076553115,0.79267447097519,4
179,0.0359829280059785,0.155673964181915,0.529568335041404,0
932,0.311575007964857,0.720643723150715,0.639029252273031,3
1467,0.752783624174349,0.476394244935986,0.793289256304604,6
1095,0.752913147532506,0.500816304770994,0.79103091098058,4
1158,0.759368017997021,0.499879585695172,0.781789840182386,4
66,0.241229597013444,0.301637450698763,0.371749716578051,0
1049,0.769076814814171,0.501732573854643,0.783743762284254,4
756,0.369902930676472,0.683265198837034,0.726336343027651,2
1327,0.754017659448622,0.530106725811535,0.790734397017748,5
1119,0.755632041155572,0.507509207812311,0.785982741789062,4
631,0.368891573068686,0.453376127989031,0.749345020786859,2
486,0.343692113510333,0.513644084683619,0.543496981658973,1
354,0.665003950474784,0.0337666580453515,0.995353591162711,0
972,0.315386442777235,0.486691341968253,0.732715501147322,3
691,0.370352147950325,0.40319446567446,0.652757858322002,2
1208,0.755744415003995,0.532956319770705,0.795673345085995,5
561,0.33951013560174,0.474203649442643,0.779060054849833,1
981,0.313019822686911,0.333538755541667,0.608485603169538,3
446,0.339094716836698,0.359317769412883,0.850017015985213,1
506,0.345086966233794,0.56902922061272,0.483886878518388,1
531,0.340138771547936,0.642383118276484,0.677097610943019,1
47,0.579875671304762,0.313686348730698,0.443701902171597,0
673,0.368457351883408,0.712630802416243,0.826960137742572,2
1105,0.753346732600181,0.503341494797374,0.793555270999977,4
680,0.370714044852648,0.454607061343268,0.658641057135537,2
1266,0.75901005982826,0.524179824118123,0.799137238865551,5
819,0.312382357534952,0.679612521314994,0.648098296066746,3
46,0.211110328091308,0.544625498587266,0.0425820888485759,0
170,0.261546576395631,0.299203065223992,0.597772783599794,0
727,0.37074171819957,0.485233993036672,0.692255639634095,2
963,0.314266664313618,0.608306341455318,0.608560241339728,3
460,0.343588318724651,0.691679742536508,0.702075322205201,1
829,0.311552734456491,0.320294812787324,0.485677293431945,3
1568,0.753891673555722,0.474708864666032,0.796959141792328,6
94,0.58988236146979,0.00713352812454104,0.512115829624236,0
549,0.33997237456264,0.633633862948045,0.477994237840176,1
53,0.310482178814709,0.666058637434617,0.53944498160854,3
1214,0.754457805020864,0.535214800585065,0.791560263772735,5
1342,0.762865605886646,0.527595192161229,0.791777203755992,5
135,0.208504696376622,0.287070013815537,0.756217383546755,0
1123,0.753815692098801,0.501775931158413,0.792296913575053,4
503,0.342685051963199,0.557236124295741,0.648274618946016,1
241,0.69671477121301,0.398098475765437,0.273270766017959,0
314,0.962413195986301,0.977851999923587,0.220848729368299,0
1053,0.757962529939577,0.502789399387143,0.785328440669376,4
1555,0.756326368524567,0.47024191364697,0.785057828991316,6
961,0.305561508643441,0.639342434238642,0.418405281077139,3
577,0.341047079472337,0.771623227978125,0.819669351610355,1
38,0.0789226903580129,0.427507953252643,0.889710317132995,0
1316,0.762952322922345,0.537981620088819,0.792500816950831,5
108,0.147403055103496,0.355635674204677,0.601401155116037,0
1207,0.750960825670901,0.532783466264181,0.79879372472506,5
438,0.336056116844993,0.540175487869419,0.46336262060795,1
1386,0.752229003691334,0.540877895752325,0.785158225195313,5
1519,0.760237940659522,0.47204202323777,0.789793231801407,6
633,0.369721585670486,0.475382169825025,0.400252789654769,2
104,0.160630549304187,0.485234931344166,0.447626944165677,0
292,0.351805363316089,0.607344802469015,0.551432377425954,0
1133,0.757492157096397,0.509171145406711,0.788983830534855,4
761,0.372892802786082,0.313319656299427,0.722368227364495,2
1004,0.764953610451833,0.499781149389224,0.796664878425547,4
13,0.642000575549901,0.389239576878026,0.0928078384604305,0
1070,0.752263759532444,0.501760353207582,0.797388330294666,4
454,0.339038748366293,0.342598231276497,0.836389453546144,1
1511,0.760887350316741,0.476364305988194,0.80018328710899,6
1599,0.746004562791488,0.47813641629947,0.787346717849514,6
1550,0.756635447653459,0.465330237102161,0.787930081797639,6
1264,0.755450744161813,0.523438946796166,0.789080998302117,5
1325,0.758473467322401,0.544530972885295,0.790606042663657,5
954,0.306310380897485,0.583087153616361,0.731319093541242,3
86,0.703578882617876,0.370794566115364,0.896886924281716,0
869,0.308491738867015,0.340771174523979,0.43874950921163,3
100,0.299600964877754,0.0548417409881949,0.731584077235311,0
943,0.308830539875198,0.463437729282305,0.782909266464412,3
1321,0.757497271445827,0.535752025262704,0.792019598032412,5
1435,0.759593429402676,0.467643174915455,0.799004648820358,6
1380,0.761802333021852,0.5266919574919,0.789652110634327,5
404,0.343401432388928,0.387717976118438,0.845849582389928,1
1412,0.756459813439458,0.477102760774332,0.784657679042063,6
235,0.416571079054847,0.779029673198238,0.289341573370621,0
706,0.367099199488293,0.410152014228515,0.715835054917261,2
1015,0.751599973173213,0.502618891219849,0.791709056401336,4
729,0.369690684829839,0.386686807265505,0.763283931347542,2
452,0.343591802744195,0.583996060304344,0.566665002540685,1
1037,0.749572361291964,0.498351135020923,0.791159960777153,4
1389,0.758455400810106,0.535536832866389,0.791528461365419,5
529,0.344592201865744,0.364069987670518,0.364393480517902,1
1185,0.757345864882265,0.50757695212857,0.799413486846044,4
844,0.311805531498976,0.788081892882474,0.60058197430335,3
365,0.687462222529575,0.270098664797843,0.883930125972256,0
1170,0.756561671843409,0.502494867636877,0.788609302736537,4
1265,0.750879160199331,0.533410892388745,0.795706649181132,5
372,0.181845444720238,0.70463038678281,0.858239178312942,0
1003,0.74928043350118,0.511959724836555,0.797070652761649,4
617,0.374278597955126,0.663414711132646,0.690821287268773,2
340,0.305136319017038,0.732270937878639,0.191637839190662,0
1573,0.7628948297533,0.473290021300102,0.786621288291856,6
1474,0.760748471593341,0.474600908820181,0.785941333306412,6
514,0.339722032775171,0.38002709695138,0.813818124402314,1
1445,0.761839467543986,0.474757411088532,0.797896905563664,6
475,0.339401418017224,0.766621570568532,0.498698376398534,1
1371,0.760579363917008,0.530285681391765,0.789291521465577,5
974,0.312623198609799,0.664870642358437,0.50917653196957,3
1582,0.756997837607992,0.466721526001666,0.793762148126569,6
1299,0.759724065094701,0.53550928093227,0.790619002929931,5
842,0.309820605909918,0.605492823990062,0.542857112758793,3
986,0.306484451394062,0.306142358924262,0.79308124682866,3
1334,0.746862691896374,0.526641130455936,0.795258718884734,5
456,0.341818320453167,0.77776065596845,0.734098493051715,1
1177,0.755473152431277,0.508105240408581,0.785531743221457,4
398,0.25011551589705,0.359661853639409,0.532925826730207,0
448,0.341219875842799,0.513863864936866,0.658180140238255,1
1009,0.7534683670717,0.494222959364766,0.785800647574012,4
805,0.31012276264606,0.6430120106088,0.613487725658342,3
1247,0.761450328591169,0.53139923238223,0.794813033748561,5
605,0.366553819491528,0.479179173591547,0.361474809749052,2
570,0.336708531435579,0.743831040454097,0.84843241055496,1
765,0.36981960862875,0.738172815181315,0.445743895298801,2
1600,0.755517496782123,0.481532112668519,0.795961626295451,6
774,0.374438735463191,0.620287538156845,0.611390214925632,2
291,0.305629514157772,0.061851974343881,0.563956348691136,0
889,0.311210498453584,0.457393810851499,0.470239501376636,3
69,0.438230542000383,0.388560980092734,0.957046771422029,0
1152,0.751601084988053,0.492835743908026,0.789428151163418,4
81,0.653188310796395,0.259544568834826,0.557777125854045,0
493,0.342147977689747,0.553881632746197,0.649171549407765,1
1504,0.744411652861254,0.468420412696603,0.790470671267024,6
302,0.463365194154903,0.846745922230184,0.171715717762709,0
1349,0.753018708516671,0.526913368055501,0.790806279095412,5
1598,0.752924288919758,0.470945859495235,0.78528882137601,6
860,0.311718831579201,0.576215893612243,0.417123468988575,3
127,0.389104150701314,0.31263016583398,0.388158607995138,0
1251,0.75132117861008,0.53246579736149,0.788188463330541,5
238,0.77810763893649,0.584782174322754,0.928414704976603,0
1285,0.758166960944502,0.526666862655589,0.795856869394326,5
1589,0.758853888492964,0.478000171414627,0.785036730724254,6
474,0.341518834198359,0.721866372856312,0.528432737034746,1
490,0.336867515523918,0.772985145449638,0.497157736378722,1
118,0.269762449897826,0.739589963341132,0.360264436108992,0
316,0.741817242698744,0.925417269580066,0.688306013587862,0
966,0.310179931812454,0.598693037871271,0.434183106687851,3
738,0.375002205350902,0.394732756889425,0.517579012014903,2
390,0.737307062372565,0.207695279503241,0.466581651940942,0
646,0.369370004250668,0.443387745297514,0.742158632073551,2
1367,0.75937461976562,0.537363639576102,0.788247605280996,5
1205,0.757333457001682,0.530966805566802,0.796940395582345,5
1011,0.754316662501305,0.506754677017073,0.787199061779442,4
1484,0.757750433740009,0.479758589311974,0.78917330748388,6
967,0.314006437382195,0.759294071351178,0.508776028105058,3
200,0.557061047758907,0.665971784619614,0.805438033305109,0
811,0.315142897150945,0.61073670280166,0.429710825486109,3
1267,0.752187207226408,0.533629028808899,0.790193215075989,5
1453,0.760451574045594,0.4705031417473,0.792927581643755,6
1220,0.760285715990127,0.530326924383789,0.784416497243498,5
1449,0.752138855073948,0.463242312650707,0.79154714483009,6
502,0.342540172934532,0.511290555121377,0.479312721570022,1
263,0.948899750132114,0.301360421814024,0.881817446555942,0
1065,0.757840869848214,0.500009019300982,0.78585984339423,4
1462,0.759459003293415,0.480610423657634,0.778060914906651,6
1269,0.753664139553515,0.533852751998937,0.79089373282059,5
5,0.673612793441862,0.665907842572778,0.950066015124321,0
512,0.337489076384809,0.502313535776921,0.440956314955838,1
1006,0.761799875880835,0.501456826840858,0.793239854310316,4
306,0.28271415643394,0.376858432311565,0.850348047213629,0
649,0.373112429755274,0.426549898227677,0.6881233391352,2
537,0.345010771295056,0.582317019114271,0.479394905781373,1
878,0.30853887999896,0.595573017722927,0.594076063181274,3
303,0.80082974024117,0.213471905095503,0.846870879177004,0
131,0.79663404985331,0.187705822754651,0.525129760382697,0
1587,0.762052178147369,0.468294045748493,0.784206521218749,6
840,0.3092859006254,0.456692946143448,0.727430335991085,3
772,0.371252896110527,0.775282054557465,0.394505435065366,2
29,0.835704229772091,0.605829889886081,0.171521575888619,0
1268,0.754021714072897,0.532922720179268,0.787071666951883,5
1532,0.756341658510037,0.47696869304286,0.790362417305771,6
712,0.367994900024496,0.351093122619204,0.83764224643819,2
1064,0.768935824226496,0.492122114848116,0.795992407133069,4
1397,0.751274941520908,0.529941415518646,0.796305898797903,5
593,0.337077706593555,0.541062229895033,0.606084039132111,1
1329,0.755599670291098,0.530912980245738,0.7915558154976,5
867,0.308281674408354,0.747040442656726,0.739805797161534,3
1341,0.756857135258788,0.531393667571891,0.787506040544065,5
27,0.688726368825883,0.615109391044825,0.951241313014179,0
132,0.757544826250523,0.653465896844864,0.615833161398768,0
1193,0.766667630193176,0.499977400766707,0.792974380923194,4
903,0.314265608582646,0.551026300527155,0.74747729212977,3
1472,0.761274462278671,0.477667476379017,0.796224212967581,6
752,0.367858947811183,0.494152472587302,0.734102019737475,2
1029,0.748680491612947,0.499301006006462,0.792215835239008,4
1002,0.75772954676225,0.504224862091321,0.788686019308062,4
262,0.163041044725105,0.408426429145038,0.480701114749536,0
1529,0.756964282585095,0.474289859540504,0.798346030288533,6
1586,0.762668965615623,0.479793905218521,0.796139697400865,6
196,0.101926943985745,0.0394802205264568,0.942429904127494,0
952,0.306931137484498,0.729919958976097,0.842731614643708,3
1047,0.760663679832455,0.5049470346337,0.79874935389293,4
171,0.028907289262861,0.319193252595142,0.465036949608475,0
1294,0.765013816013538,0.535818831385363,0.793214856391029,5
191,0.648115539457649,0.251100758556277,0.549476799787953,0
1579,0.759045077853681,0.474279596276,0.788374266268371,6
1588,0.753773556858235,0.473598488817332,0.799895203851456,6
929,0.309470995166339,0.385753694572486,0.81367631808389,3
496,0.338479167451151,0.634377764887176,0.528809549799189,1
469,0.345104065323249,0.706635210546665,0.640932825906202,1
1581,0.756537661943434,0.464517828322392,0.788125629207598,6
1138,0.758963617170025,0.500764899525546,0.797761029709538,4
1544,0.755242286587178,0.472682794782696,0.793310033515716,6
1403,0.754681384693124,0.475149389632318,0.792289653565306,6
1512,0.759127739223355,0.479496729584358,0.788636020166775,6
1353,0.755711570855661,0.531766243901559,0.784958373192965,5
1567,0.763924427435842,0.465966729636141,0.792930593200229,6
380,0.897844473831356,0.310908076819032,0.162560028024018,0
1213,0.751792679731244,0.52318832720394,0.793533671545183,5
280,0.0907993759028614,0.813542461255565,0.562913940288126,0
778,0.375172547029797,0.354984694160521,0.432555736438371,2
925,0.309334353078157,0.380383816780522,0.624682939657942,3
1461,0.75724499640646,0.471212395743541,0.785048966027571,6
909,0.309983525290154,0.360476095462218,0.7148909103591,3
1075,0.75444781893086,0.504135685455113,0.796125046521514,4
1591,0.752649397326598,0.473178560174549,0.802932190418753,6
1295,0.756630967241027,0.534176646375564,0.786839757438286,5
201,0.812809671275318,0.383472961606458,0.307763100601733,0
1067,0.762578262727818,0.507556585055886,0.800650286975011,4
183,0.934850866440684,0.889042511815205,0.40439846389927,0
1163,0.761605498998152,0.503181345199844,0.785065696311119,4
165,0.902144434163347,0.508117725374177,0.59652900788933,0
1223,0.764090241315398,0.529670015968406,0.790871529469118,5
275,0.742679860210046,0.520214411895722,0.315877663670108,0
1323,0.747912757071143,0.531577157889027,0.801317348801655,5
707,0.373641799746547,0.366798178758472,0.372820138628595,2
1311,0.762341562717502,0.530078968008435,0.788427049195733,5
362,0.220657364232466,0.405256500700489,0.455882029607892,0
1192,0.753255345616333,0.50650423412355,0.797261586345688,4
1510,0.760986162001709,0.473197836680312,0.791152068373688,6
731,0.372367551675998,0.553171354695223,0.582414070540108,2
1195,0.756468138615951,0.502372531187122,0.795257554169845,4
252,0.695615135133266,0.351395129691809,0.637819792609662,0
1526,0.754328966342478,0.482842898257425,0.792826432275835,6
719,0.374105523636099,0.48327995906584,0.787295860401355,2
91,0.310960770584643,0.810333180706948,0.5302509739995,0
78,0.366603333735839,0.827588718617335,0.0685706473886967,0
881,0.310443832548335,0.613191595999524,0.487055584951304,3
1189,0.75451130913621,0.509701944417927,0.784148472779076,4
293,0.309934312012047,0.793713023187593,0.181732911150903,0
535,0.335601613952313,0.313149467110634,0.570649422169663,1
1499,0.758282594068508,0.478103679296064,0.785517190500537,6
995,0.314351493765134,0.753761678934097,0.60639373625163,3
1471,0.755039776891482,0.478436528126422,0.781840492922101,6
667,0.368246748736128,0.685619780560955,0.613878691964783,2
1277,0.758984422803716,0.530189178033809,0.79394958522605,5
1197,0.757939700133182,0.503651226900099,0.809153376873624,4
1146,0.754724879196038,0.504633076175922,0.802688846473706,4
97,0.756987906759605,0.756943968124688,0.217094321735203,0
654,0.365582259816583,0.741188307292759,0.669985353411175,2
361,0.431603427277878,0.991635818500072,0.721516751917079,0
1040,0.760938155896131,0.510255664003439,0.78961653863078,4
48,0.765815174905583,0.0533487838692963,0.677663644077256,0
626,0.375293412751053,0.582234255387448,0.67918495326303,2
1597,0.757580732129632,0.479767480358033,0.79466556292004,6
1444,0.768533533557666,0.468711808680534,0.790673111418364,6
298,0.15782354073599,0.89541448559612,0.549783505033702,0
312,0.657604858512059,0.150065086549148,0.229881899664178,0
1161,0.753733133217884,0.50130890575986,0.794789779460228,4
613,0.365945280932356,0.489421836682595,0.827847436699085,2
1366,0.753011277036294,0.53589197992317,0.794803438782195,5
1566,0.763367303874425,0.470776167986249,0.793367021244301,6
1549,0.754203136359449,0.471670903663799,0.79360863121311,6
534,0.338839816495311,0.624835593043827,0.44107724474743,1
1279,0.755157999530737,0.525738009464506,0.79363749776066,5
1081,0.758340398805057,0.510766331050137,0.785592102898212,4
1175,0.759771505630668,0.499124200938792,0.788657046468068,4
1231,0.753374889951966,0.543304867105944,0.791451894952481,5
1400,0.75692453826905,0.529082312009136,0.801015109354826,5
862,0.312441325583495,0.320444130571559,0.35996276633814,3
143,0.332741695921868,0.928501027869061,0.0467411577701569,0
1497,0.751656925010248,0.467220245181976,0.792864147752501,6
444,0.336560175330378,0.350293073337525,0.827107648877427,1
1491,0.754306169469548,0.469917463788393,0.793163566875491,6
434,0.342339878280181,0.458747722441331,0.492075871140696,1
176,0.524528844747692,0.881116930861026,0.992543008178473,0
1121,0.759271531240483,0.504392629688729,0.791383421916939,4
1215,0.749084927995885,0.523671163237905,0.797444463998369,5
270,0.917962415143847,0.533803355647251,0.206047094427049,0
704,0.374804950254038,0.640977546223439,0.779503542510793,2
103,0.413228316931054,0.518313313601539,0.212242827285081,0
621,0.365951518178918,0.432440016418695,0.363458545226604,2
1125,0.761972010883065,0.499163235979488,0.796325011062889,4
208,0.26281282491982,0.306034533772618,0.284166534431279,0
897,0.309437258371618,0.591632256866433,0.832679835660383,3
1344,0.746408241407252,0.534508705285313,0.792423419112377,5
672,0.366317883520387,0.447884512948804,0.526750822365284,2
414,0.338281257746276,0.571331807179376,0.505091128218919,1
233,0.474912150064483,0.586352149955928,0.708096263930202,0
1486,0.756642707933475,0.481223532251819,0.795654728886444,6
1315,0.752581888193281,0.531909645413204,0.789033153993216,5
702,0.373373915669508,0.690273809130304,0.852679942199029,2
1396,0.749411592026548,0.533525526633548,0.795667762712507,5
227,0.507038227980956,0.762266737641767,0.99911071639508,0
11,0.375032524578273,0.444886896992102,0.46424188092351,2
623,0.373511731305625,0.796743590966798,0.695996319456026,2
920,0.309856329557952,0.395895966561511,0.77405185571406,3
1130,0.758507713608105,0.504945463212258,0.799521623738601,4
294,0.694159152684733,0.87739849742502,0.234931835206226,0
1180,0.753694246962203,0.505751546398621,0.790615266303884,4
1428,0.759667961815473,0.475774088559634,0.786996212176224,6
560,0.343637150325812,0.540059246006422,0.50171281832736,1
900,0.312989687968511,0.550113213132136,0.573970305779949,3
1305,0.756727786182082,0.537080800062194,0.789533559022643,5
856,0.31056746107759,0.50900787836872,0.705098149878904,3
876,0.312269131329376,0.441015579621308,0.503737843409181,3
823,0.312389162271284,0.547333975322545,0.719599782652222,3
939,0.315314971769694,0.581870246562175,0.511283835442737,3
59,0.937654231674969,0.102230533724651,0.630706656025723,0
1106,0.75108239560024,0.503068938827213,0.791747378341637,4
715,0.365841840654612,0.757411223370582,0.679957897914574,2
588,0.343871676160488,0.313660930260085,0.405791288870387,1
9,0.427260946249589,0.230295824352652,0.228621267015114,0
894,0.311700050162617,0.694401789922267,0.486185105098412,3
1385,0.762528636622051,0.534301737505949,0.791729554413332,5
1561,0.762918763004679,0.472644730766967,0.797174811121396,6
407,0.342955727986991,0.512652925332077,0.54705964056775,1
982,0.307087632340845,0.61974157509394,0.742717488482595,3
1326,0.752695220692461,0.53161272722665,0.78952429068698,5
338,0.645700417691842,0.246671228203923,0.597756034461781,0
815,0.314529568902217,0.738541395985521,0.853972437488847,3
877,0.314710121362004,0.333366642007604,0.767302690003999,3
509,0.337993990581017,0.382723230053671,0.768834887701087,1
87,0.0023901853710413,0.0702903815545142,0.469958837609738,0
500,0.336527827247046,0.622369806747884,0.438280666409992,1
1430,0.755755548010514,0.462869101262795,0.788377356481213,6
1234,0.761343364344862,0.537360869472084,0.791746168129927,5
660,0.368603956152219,0.794147205771878,0.551393889286555,2
122,0.712339791934937,0.513322838814929,0.170371786458418,0
154,0.454364242730662,0.345884818118066,0.661510036326945,0
1050,0.750986808388966,0.494765085779459,0.790610426660102,4
585,0.339269539546222,0.563614213606343,0.811143298330717,1
248,0.829341365722939,0.282958695432171,0.268868529004976,0
566,0.344374395534396,0.384515638113953,0.625857766647823,1
406,0.3394667594973,0.709957322222181,0.750768528366461,1
190,0.384697031928226,0.568683172110468,0.237326734699309,0
847,0.315311490704771,0.483754802495241,0.787174001615495,3
915,0.309148394069634,0.707491760840639,0.697819497832097,3
1506,0.757909296853973,0.473076362242967,0.789925388070209,6
773,0.374813852100633,0.658414074336179,0.610139919258654,2
273,0.439255093457177,0.287295853719115,0.868224448524415,0
204,0.0512245728168637,0.976915484992787,0.455062257824466,0
1537,0.754642115219628,0.474633955081695,0.792851168893854,6
1351,0.754298716335694,0.530547799963776,0.789860237234691,5
1392,0.75142500467989,0.533187052587824,0.800160207208706,5
136,0.679438097635284,0.52107506012544,0.645339837530628,0
130,0.687107220990583,0.91618073778227,0.642386752879247,0
1576,0.762076159724542,0.475900316874555,0.80340930632507,6
346,0.799602143932134,0.626053008716553,0.707800727570429,0
1110,0.751075840901957,0.508286946138032,0.799844541790429,4
153,0.424612238071859,0.84119695960544,0.71321286750026,0
530,0.338651808553841,0.685151731828228,0.441707884357311,1
491,0.336148868487217,0.720774287940003,0.415436288737692,1
106,0.558714162791148,0.497069736244157,0.520921256160364,0
1093,0.753727952103977,0.504304346393649,0.801055344393227,4
1074,0.7574413572731,0.503186906310022,0.792796376712454,4
607,0.369848221647553,0.492619403405115,0.73949126903899,2
428,0.342314785921481,0.368989392765798,0.514878420438618,1
461,0.345043068830855,0.716889647301286,0.780273219733499,1
73,0.539533306378871,0.703258064109832,0.167309383861721,0
589,0.339000736989547,0.697650102665648,0.798769520875067,1
457,0.345034733735956,0.552337412955239,0.802806169423275,1
137,0.681307869963348,0.361429098295048,0.282443744596094,0
1242,0.755988380253047,0.526453356476577,0.789981304596231,5
1409,0.753447629038391,0.468962720167231,0.785557778821417,6
694,0.367628574706614,0.602365035098046,0.594997821887955,2
659,0.373117765728384,0.475797961466014,0.764277356723324,2
155,0.0926872501149774,0.33407938783057,0.969306471990421,0
260,0.671716399258003,0.0785579895600677,0.348856785800308,0
611,0.370919948171359,0.48981817427557,0.521575950249098,2
1307,0.756251665983145,0.533004813513499,0.780702415641653,5
6,0.193786752643064,0.077722730813548,0.713447271147743,0
133,0.314012167975307,0.252123668557033,0.521450425265357,0
1365,0.749276670502629,0.53535293565236,0.791240103180739,5
268,0.033869587816298,0.503790537361056,0.90506471414119,0
1287,0.749895762617692,0.527470802893375,0.790125138789205,5
771,0.374129668846726,0.753306254278868,0.645333872339688,2
1458,0.758134665013527,0.478661923957021,0.792339962970201,6
832,0.311010653944686,0.619832374621183,0.473851229459979,3
565,0.340669259163551,0.672288987319916,0.762387102283537,1
355,0.673270624130964,0.831135251792148,0.505446163937449,0
80,0.445854161633179,0.0235675652511418,0.146877258317545,0
834,0.314997247138526,0.349519019830041,0.803583755786531,3
836,0.307971943395678,0.61396757978946,0.612850488559343,3
1030,0.755327066341759,0.508773277627393,0.7922109818893,4
1455,0.749949217872488,0.471972041205038,0.792466468215631,6
58,0.0801208266057074,0.323141978122294,0.720916907768697,0
157,0.343452624510974,0.404843818163499,0.349739792058244,0
409,0.343752613547258,0.373500412213616,0.527330471714959,1
930,0.312460424725432,0.371015459881164,0.4179874854628,3
286,0.586026952136308,0.54274626635015,0.383571098791435,0
666,0.37359256678028,0.396034689503722,0.632585075148381,2
776,0.367380460144486,0.599881434463896,0.417652710736729,2
1128,0.754657531121914,0.497390278092238,0.790783452271782,4
1521,0.760477538093374,0.470511745909374,0.791788172411368,6
1382,0.747475440657931,0.532874764273968,0.792079910081493,5
206,0.0132960246410221,0.678691080771387,0.0370330051518977,0
918,0.307510942611843,0.682122810045257,0.51176574213896,3
716,0.369495894911233,0.3859451249009,0.706883121677674,2
285,0.727668114472181,0.649728514021263,0.87940450408496,0
387,0.604974608868361,0.841757258633152,0.996974185109138,0
269,0.474444549763575,0.274396870518103,0.936546168522909,0
757,0.373759307689034,0.526403551688418,0.689995199022815,2
481,0.34155907623237,0.759865742409602,0.557751577044837,1
1077,0.752001960030212,0.496993653292032,0.798385462052361,4
996,0.315078193824738,0.680999949574471,0.689654866047204,3
393,0.911804363597184,0.251199725782499,0.974484985461459,0
1495,0.758346072968342,0.479063017271192,0.788314344218719,6
485,0.341311204510275,0.49857307469938,0.653219663933851,1
973,0.308126169869211,0.545924549223855,0.691333333775401,3
1159,0.74827066267653,0.506196710720118,0.797665637232523,4
1456,0.755950721839526,0.472348798312449,0.793869251426641,6
806,0.315283204179723,0.392450601560995,0.633812421862967,3
67,0.373375797877088,0.162097331602126,0.661038563353941,0
947,0.308379121783655,0.584439575788565,0.574684527749196,3
369,0.812547390349209,0.198887839680538,0.963212332921103,0
126,0.0506040204782039,0.391056596767157,0.431827662978321,0
148,0.119964021258056,0.248762347735465,0.285383647773415,0
1442,0.754237511984432,0.472727560891783,0.787704167728827,6
50,0.691667245468125,0.255494326120242,2.89969611912966e-05,0
327,0.738810261711478,0.224120213650167,0.127013700548559,0
1496,0.756195793648609,0.477158435745458,0.792368479815088,6
643,0.371719575123862,0.470801305258647,0.583346213377081,2
185,0.387170171365142,0.33438492869027,0.350341491866857,0
1309,0.757120971677593,0.538320704681411,0.801732171153167,5
782,0.370039586808998,0.492034072289243,0.70668581284117,2
205,0.452251721173525,0.838213208364323,0.441041350364685,0
616,0.365811327968258,0.670879188110121,0.831648485315964,2
1117,0.761219550776972,0.512797972242019,0.79240578587566,4
746,0.374356649708934,0.690038587199524,0.723291797377169,2
1569,0.748875878605863,0.461931977094765,0.787655685227604,6
366,0.42837832053192,0.994588383240625,0.31825721100904,0
385,0.463370980229229,0.582031686790287,0.980597854824737,0
692,0.36754067031201,0.74066327768378,0.741688884259202,2
749,0.366557756145485,0.716097033233382,0.436531741451472,2
134,0.660898928996176,0.976788219995797,0.552204707171768,0
1058,0.752733708787626,0.499374888445002,0.792246632946714,4
282,0.787728510098532,0.756466768914834,0.21545851114206,0
705,0.370100433852058,0.506740731536411,0.546443366026506,2
1114,0.760011517543517,0.499097965814623,0.795817445393675,4
892,0.315135611076839,0.71029619674664,0.684806688153185,3
397,0.206950353225693,0.513227051822469,0.726102312095463,0
975,0.307380708360579,0.53534242301248,0.471333558834158,3
323,0.432675471995026,0.576300425222144,0.64833064051345,0
1439,0.752750826174184,0.473222343418406,0.791059996862198,6
841,0.308377628824674,0.774729390512221,0.526206169323996,3
762,0.371461780150421,0.597439501201734,0.791530671459623,2
15,0.053610757458955,0.803936779033393,0.142777588916942,0
309,0.141599002061412,0.0714392429217696,0.36935046268627,0
334,0.190978767117485,0.410902256146073,0.295400751987472,0
353,0.263946461025625,0.705550300423056,0.0792700673919171,0
1020,0.756503943091946,0.500904364002835,0.785515984356012,4
1420,0.75471800069386,0.47486898435881,0.779965530227005,6
1162,0.752733743655782,0.50671347729179,0.794987463821427,4
195,0.116290374891832,0.740081821801141,0.603102695196867,0
1224,0.757371642288235,0.531043670330448,0.796145802067686,5
545,0.341072630940471,0.737364691332914,0.435088396817446,1
1202,0.766047136332158,0.535921810485392,0.789456722517533,5
1483,0.750315252892035,0.471547741943339,0.79523862623599,6
222,0.771597218699753,0.132230444578454,0.204482459230348,0
1297,0.761259140729752,0.534346386502416,0.791145479935169,5
32,0.579482435714453,0.394529838813469,0.824052581330761,0
1314,0.754847596970432,0.528738004754155,0.790590400133018,5
321,0.438946658978239,0.579280815785751,0.00605432665906847,0
1593,0.753916531998269,0.47730660777319,0.788610424401667,6
914,0.306063601279166,0.702851573121734,0.804644465842284,3
1212,0.753684803365332,0.534296921705909,0.794551548104744,5
807,0.306732842582278,0.759318142663687,0.436715544597246,3
1440,0.745497285785011,0.463943365227429,0.789111952956647,6
571,0.337155273891985,0.531705041299574,0.69111595004797,1
1054,0.750322925342967,0.496904950927071,0.79929793839586,4
151,0.0802891689818352,0.410242451354861,0.775704990839586,0
614,0.370193987193052,0.305326209170744,0.467719239229336,2
799,0.366439745996613,0.484872512985021,0.361494244355708,2
517,0.338853446894791,0.673429980524816,0.358896240056492,1
473,0.34330410809489,0.603516645496711,0.677601382066496,1
1574,0.755537011127955,0.475309844187375,0.790084894822759,6
1280,0.754369765264555,0.532566532053542,0.790834307907782,5
1086,0.759426504740945,0.496422829606647,0.788406385600719,4
677,0.367552617576439,0.328751918743365,0.577582148066722,2
882,0.312142861904576,0.494267272762954,0.741686827549711,3
1293,0.752208178333509,0.535943160657437,0.792823393543429,5
938,0.312186189009808,0.575520549085923,0.808725643018261,3
669,0.365823489781469,0.579989206860773,0.814625839516521,2
1408,0.756457808181013,0.476418348496656,0.788351655336757,6
1362,0.760558648054456,0.537344059919854,0.784319177229744,5
638,0.371341933603399,0.398994663031772,0.599600827717222,2
670,0.370336332242005,0.762624900555238,0.743431825935841,2
1533,0.755259939230429,0.482220526111661,0.79134885380587,6
1540,0.747271126177325,0.471931354203154,0.78582504633014,6
328,0.451444554841146,0.7861691089347,0.812410743208602,0
1084,0.752730313699852,0.501026618990016,0.798857708515285,4
217,0.92151446454227,0.871744587784633,0.125488087767735,0
795,0.373875437797979,0.318152052466758,0.531321858218871,2
1379,0.760495737485191,0.538000005859655,0.797170940225479,5
410,0.345196321681142,0.671524902922101,0.795806966302916,1
318,0.347281572408974,0.28059260500595,0.215060208458453,0
1468,0.762731234735907,0.470181322386581,0.802249308996526,6
1425,0.753419373023897,0.466960710727117,0.788919015841947,6
676,0.369936150014401,0.555556263425387,0.795831559970975,2
703,0.365976186196786,0.310360901639797,0.480409041442908,2
895,0.311662749508396,0.474251447943971,0.535260386462323,3
218,0.0941445117350668,0.464898022590205,0.506068150512874,0
1480,0.74756211478254,0.468159060868782,0.789526162552093,6
432,0.342555736722425,0.397065442288294,0.648501690058038,1
437,0.338485084949061,0.309703083825298,0.668736225389876,1
479,0.33748105857987,0.370293419575319,0.499771848483943,1
429,0.337270817933604,0.40281902893912,0.529870762303472,1
1331,0.765033581949093,0.540918563994751,0.790166121410272,5
1222,0.754297458732571,0.536357354000805,0.802350236530702,5
1401,0.761381872354861,0.462223832939798,0.783715413869682,6
803,0.309381894217804,0.771648447029293,0.849096494074911,3
1441,0.755495044594793,0.47302008359271,0.781424226499298,6
1513,0.751760967646157,0.471856720051502,0.79087158539629,6
735,0.366064313892275,0.608461945550516,0.827039824845269,2
1514,0.757012805690085,0.483710883856275,0.787189080748932,6
567,0.34544407672016,0.513297122204676,0.592786365468055,1
251,0.54900076566264,0.294754921924323,0.74264536681585,0
214,0.798991672927514,0.832676471443847,0.898324381327257,0
1414,0.755328005391539,0.471565350814932,0.790953142380924,6
17,0.0346113836858422,0.680874238023534,0.762274868786335,0
1450,0.751976269330435,0.475668342496775,0.786294365264458,6
596,0.340367318205535,0.425444984459318,0.78906097128056,1
518,0.337051544778515,0.657491671503522,0.454211951629259,1
1156,0.754768649838341,0.498553699090863,0.794813745023282,4
358,0.163079870631918,0.36167010711506,0.910780462436378,0
1198,0.760862743604226,0.509207753520096,0.795146315858071,4
988,0.312444955166429,0.347340740147047,0.470185514353216,3
440,0.336035285815597,0.562367834616452,0.724986272212118,1
651,0.368229963034391,0.463373712031171,0.732088555046357,2
495,0.342404853142798,0.343838372151367,0.842066777916625,1
1317,0.754222700693595,0.531888604739838,0.788579579160277,5
946,0.306080364491791,0.414060239563696,0.447114071971737,3
1270,0.761385340211166,0.540659373194746,0.785957529329856,5
439,0.342645253140945,0.725064761471003,0.438765995949507,1
1292,0.762552629320675,0.536984980276776,0.794333540709362,5
910,0.312020361472387,0.57571996608749,0.55893234948162,3
451,0.336677918955684,0.556929848506115,0.838086337712593,1
156,0.431582912104204,0.120761218480766,0.03435412584804,0
833,0.308821762651205,0.72133102058433,0.707905477657914,3
983,0.314150442893151,0.575454230885953,0.506008858256973,3
1103,0.757290284941614,0.495771138161744,0.789591228749731,4
1196,0.760249491338653,0.51453881485301,0.793999911756918,4
193,0.165513857966289,0.936078709084541,0.283075462095439,0
821,0.31389974456979,0.728175732772797,0.372407399630174,3
198,0.84864961868152,0.317313569830731,0.768049389356747,0
120,0.189597927732393,0.806399007327855,0.856073961826041,0
16,0.955719604156911,0.754817370325327,0.0353952967561781,0
1395,0.754044475303389,0.519658289421163,0.795317699725928,5
1278,0.762143135182766,0.527636493414483,0.793502575470172,5
49,0.6666231660638,0.579028458334506,0.726546211401001,0
85,0.577733821701258,0.0924150492064655,0.947390370303765,0
1570,0.764072265959615,0.478653366560675,0.797376525882802,6
430,0.338055587087292,0.48916966014076,0.690649417741224,1
158,0.208502223482355,0.214307660236955,0.664099765475839,0
734,0.366927940947935,0.484577049384825,0.667363951960579,2
197,0.530807826202363,0.471189426025376,0.408580927643925,0
945,0.305573554690927,0.785076038097031,0.365061635081656,3
83,0.703527543693781,0.201973364455625,0.558170065283775,0
624,0.366996052374598,0.701194409048185,0.386291122343391,2
1200,0.753810333585676,0.508946844669003,0.793078590111085,4
941,0.312348976405337,0.552879912778735,0.435566573799588,3
1361,0.755026892969044,0.535634535312751,0.798330952045775,5
1209,0.757136614163313,0.528463038145123,0.778329572402463,5
1348,0.754737510000914,0.534770741527294,0.796524874330636,5
1115,0.765328161556012,0.503431065845374,0.782746124484341,4
1104,0.748541231481566,0.494751006869682,0.792715044505013,4
505,0.343274583320599,0.424430734827183,0.624465750693344,1
335,0.0855577930342406,0.246558957966045,0.744496004423127,0
852,0.308314546400215,0.376452403143048,0.538958668522537,3
182,0.172396876849234,0.125509716104716,0.521759650437161,0
99,0.692299509420991,0.390765262302011,0.886934942565858,0
684,0.371144317754079,0.798163234838285,0.360223414655775,2
724,0.374940156170633,0.449937819386832,0.528604722861201,2
470,0.335830604541116,0.390218949178234,0.593609154736623,1
180,0.878759015118703,0.843317945254967,0.565137287368998,0
1493,0.754876135273961,0.474493174662917,0.801389943307579,6
875,0.305695775020868,0.373975380905904,0.501728133345023,3
433,0.335904134451412,0.440456903888844,0.468728276598267,1
1384,0.7575109003993,0.527894202530937,0.793532347916561,5
648,0.366027622364927,0.748464342439547,0.364087645243853,2
896,0.31225006823428,0.716198953683488,0.770057628094219,3
1469,0.76360873852731,0.473512083512403,0.789547745771194,6
1487,0.759856022769694,0.474752900526378,0.778041581588809,6
950,0.306672408611048,0.618063412141055,0.693668630719185,3
618,0.369515901231207,0.552990973927081,0.464353801729158,2
1258,0.756271259419352,0.533354532650819,0.790049014726869,5
1237,0.754097159518748,0.529376619364727,0.796226211042641,5
1122,0.763274472714218,0.499693901504291,0.781329885051422,4
1245,0.759400017121503,0.540822564754823,0.795077950425082,5
1405,0.755083060465105,0.475027016116792,0.795456117813875,6
965,0.308663733177818,0.441448115627281,0.536215797346085,3
580,0.34127077704994,0.669597562751733,0.414972694520839,1
359,0.604856368154287,0.0233689257875085,0.728499593446031,0
1443,0.762940755493926,0.469632085906484,0.791283968291479,6
1592,0.760692256456971,0.471010464987045,0.79624634284186,6
1374,0.76360725404028,0.535261921996457,0.785850610489401,5
554,0.33774610174587,0.729163784417324,0.798542807390913,1
1370,0.748995506744846,0.538500658210028,0.789716786813766,5
1448,0.755131202073138,0.474748633415583,0.796448254757147,6
992,0.309918332323432,0.750274480786175,0.556934582116082,3
1312,0.75958598947639,0.533059794916725,0.796137102291786,5
793,0.371311175117735,0.706944760982879,0.582471530931071,2
1347,0.757630453567965,0.531339605133062,0.791858585435132,5
138,0.319816724164411,0.355590950930491,0.871461438713595,0
1553,0.752166325683532,0.47139243401175,0.790418071141343,6
1565,0.75887606858835,0.473378821299449,0.79089359207834,6
497,0.335778798016254,0.384314576978795,0.616522911982611,1
1261,0.750237503412322,0.531566701621058,0.791368018133228,5
463,0.338043602833059,0.647848223685287,0.415856785769574,1
399,0.225688498467207,0.463258047821,0.626101990928873,0
742,0.371279781716876,0.519474887638353,0.532229258609004,2
1000,0.309303101028781,0.353447991656139,0.768768964381889,3
726,0.370606261317153,0.782951063127257,0.661470902664587,2
386,0.9252695646137,0.964049006113783,0.46041120775044,0
392,0.94733491842635,0.399355673929676,0.794798257295042,0
1426,0.753427242776186,0.478410479300235,0.790111495836542,6
1306,0.766497075118481,0.537665198779537,0.79085652353501,5
927,0.31081134238746,0.734657206921838,0.699583539552987,3
1547,0.755515199514896,0.47335947929554,0.785431731541425,6
1071,0.763872256156077,0.510073904113857,0.791562418366553,4
1301,0.75759599786313,0.532213062478842,0.785935829069245,5
1330,0.755265867746597,0.537459870637053,0.791527912774953,5
1488,0.75781413644111,0.475806706093297,0.790838024293337,6
223,0.131290676537901,0.987518345937133,0.750469486927614,0
800,0.369888803942595,0.436203571502119,0.780077803344466,2
102,0.888537009712309,0.185606408398598,0.371206680079922,0
1182,0.765412034778583,0.506788051082871,0.796471568529567,4
662,0.373241823799908,0.738263370585628,0.598606344591826,2
145,0.0528634409420192,0.119385511847213,0.247398531762883,0
8,0.281611988786608,0.071774743963033,0.366182059282437,0
113,0.247465728083625,0.205343942623585,0.371851881965995,0
307,0.0486856361385435,0.0358737614005804,0.635851667728275,0
1211,0.757296731214412,0.527927271469224,0.794532825663249,5
1508,0.757402005001858,0.472458452158175,0.78448176147293,6
1017,0.76110614325156,0.497786177277154,0.784741229200457,4
1313,0.751618351125925,0.534969909594105,0.798737958681764,5
368,0.134229614166543,0.426073512760922,0.454528541304171,0
956,0.306118906275369,0.564068302512169,0.564621346467175,3
688,0.36858273758553,0.369827308808453,0.63210422154516,2
234,0.361723937327042,0.901317764539272,0.0671200125943869,0
789,0.371294198869728,0.375749994884245,0.441623251466081,2
1387,0.759823713041708,0.537332134721822,0.786055424746304,5
1096,0.754953817797587,0.49540291399907,0.800169106839457,4
325,0.200342292198911,0.632187382318079,0.986846111016348,0
477,0.336667442284524,0.410783911473118,0.633478351566009,1
105,0.576490808976814,0.182206890778616,0.0967957100365311,0
1273,0.756499355361429,0.546925352498304,0.800110771074653,5
663,0.374427992394194,0.462664165301248,0.699214149545878,2
1249,0.757404152642438,0.542370896944006,0.790620153328147,5
532,0.339648093746509,0.478098919149488,0.726446488220245,1
720,0.367214749930427,0.359016970614903,0.793694244627841,2
755,0.369574954898562,0.60522346443031,0.583464297279716,2
1157,0.759632405771604,0.507373827606683,0.79564516641123,4
1357,0.76301404521893,0.534158877157513,0.791330750270261,5
466,0.340971781723201,0.779743189108558,0.646343241957948,1
254,0.109481490682811,0.949574110563844,0.27633527899161,0
798,0.367228631963953,0.388294214848429,0.657144453888759,2
313,0.63550934754312,0.879826457938179,0.423733603674918,0
902,0.314893558390904,0.548410459072329,0.798994440748356,3
1013,0.754912344580577,0.502492448655277,0.790294130977632,4
411,0.339704847799148,0.424633601214737,0.621158619807102,1
295,0.466270266100764,0.314004823798314,0.116152708884329,0
1288,0.763383047659155,0.536784456617987,0.789461183178686,5
730,0.373721172928345,0.495966623537242,0.789389175642282,2
916,0.311699004636612,0.446358827874064,0.4073142840527,3
419,0.340258131709415,0.598659673822112,0.549797609494999,1
610,0.370541731941048,0.392313457792625,0.605885927844793,2
1179,0.76245393516503,0.507860802554022,0.79705136391467,4
35,0.459681613603607,0.722496949601918,0.498044444480911,0
336,0.444923900067806,0.0306033848319203,0.0838652688544244,0
1141,0.750850980705324,0.499808532488196,0.797852511940057,4
41,0.202585580293089,0.253239428624511,0.920584546402097,0
343,0.716768017504364,0.709254757966846,0.2431697815191,0
255,0.491963288979605,0.309619513573125,0.06110705062747,0
264,0.0964986907783896,0.857906536664814,0.730657880427316,0
568,0.340950633210596,0.529798973235302,0.374240278429352,1
114,0.675967187387869,0.270618406822905,0.944817156763747,0
484,0.343811984155327,0.584870372083969,0.656012816051953,1
989,0.306245854117442,0.787848206004128,0.678034410974942,3
31,0.783530757995322,0.89252767758444,0.660287093371153,0
373,0.462910844711587,0.650735127273947,0.256434928625822,0
1039,0.755424811740552,0.4884969292487,0.790599435693186,4
839,0.313091915328987,0.582402640837245,0.716631844919175,3
1191,0.751514185366267,0.514104394018815,0.79715967826325,4
1564,0.753706806285668,0.470408434043457,0.796034534238077,6
337,0.787051105871797,0.719864469952881,0.548586846794933,0
77,0.428418831434101,0.555104747414589,0.205308704869822,0
849,0.311994905041065,0.391573890694417,0.570682740001939,3
1424,0.752330229399397,0.468296808346836,0.787340918645358,6
1517,0.751412582790642,0.472432000638088,0.788006051495007,6
1536,0.759988043214343,0.475421967386127,0.796054486768171,6
61,0.903801089152694,0.442734661744907,0.947021795669571,0
1116,0.749597816302105,0.511709764857385,0.803768957654839,4
1465,0.7562634371738,0.473479124188757,0.785256955660224,6
240,0.167788897873834,0.0476681641303003,0.504839631728828,0
717,0.368317837819923,0.588479573489167,0.789647189714015,2
62,0.753353176172823,0.27828829898499,0.990714149549603,0
1090,0.755810734573449,0.501500909033684,0.793249990763106,4
396,0.888949904125184,0.785554986447096,0.0511392480693758,0
421,0.341860046032816,0.691270613227971,0.503376758936793,1
1056,0.750398948483266,0.499171855089291,0.792265439883613,4
747,0.372891923910938,0.582129855756648,0.517968484712765,2
1154,0.756477739986218,0.506454284880631,0.787284389788524,4
215,0.346457634586841,0.728843997698277,0.675411641830578,0
767,0.374753902610391,0.665576035506092,0.5267369014211,2
955,0.312176282517612,0.554246975574642,0.581936337449588,3
1429,0.75996058221205,0.47467149294092,0.788919004389518,6
1393,0.746660678286866,0.544975184632607,0.793512875919659,5
1034,0.756078839682389,0.508523739267102,0.797949735853608,4
921,0.310592805147171,0.348770397133194,0.496416733413935,3
722,0.366451553343795,0.460513234953396,0.54671461104881,2
1437,0.751628696436306,0.478140405720241,0.792329104190086,6
619,0.369786328107584,0.431569263688289,0.643865278386511,2
1368,0.752661202440031,0.531231504810545,0.789100599399901,5
1452,0.761303764026755,0.468630830941186,0.781088291787367,6
287,0.683808990987018,0.613735782681033,0.232104101451114,0
1548,0.761846431734411,0.475513398888637,0.787163108757658,6
1391,0.757675645161209,0.541695913916826,0.795285858262957,5
796,0.374452500541229,0.357740577775985,0.733567188074812,2
657,0.366588220179547,0.758806537371129,0.554033050243743,2
820,0.305695365844294,0.453613335266709,0.822900548158214,3
710,0.371501353173517,0.47737647627946,0.659360417560674,2
1219,0.755177362782183,0.536220379557918,0.78720289555389,5
1238,0.750638460785931,0.527056142415452,0.783054072195666,5
711,0.372938634471502,0.630216891295277,0.658746151300147,2
299,0.0560151892714202,0.323241327423602,0.353675956139341,0
1168,0.771791621522023,0.510861474182465,0.793157138539248,4
1243,0.748443601811601,0.540054104426162,0.790954044022083,5
1525,0.750565146199525,0.475581674759137,0.792504310883757,6
1155,0.757547169735419,0.506310192161592,0.787290204678666,4
1320,0.758921155857742,0.536078011653122,0.795214940839389,5
848,0.308802651558071,0.518151617026888,0.612501092068851,3
1166,0.75313850338581,0.498924084961123,0.785759552479957,4
1585,0.752031832261535,0.480368029565208,0.788788978270098,6
933,0.306443057509605,0.462836176273413,0.738019737228751,3
1055,0.753074907962641,0.506949164320987,0.798527005950714,4
741,0.367117178402841,0.342222412582487,0.599088993784972,2
754,0.372120341116097,0.61026427464094,0.384963846229948,2
737,0.37180604551686,0.634374289540574,0.458808135404252,2
1281,0.759829931233594,0.530613206826247,0.78629909888971,5
26,0.617124663200229,0.556521087884903,0.459860715083778,0
1225,0.760590948102358,0.536446496824452,0.791566417567799,5
645,0.373894545277581,0.684181763092056,0.79954018460121,2
