1460,0.39027639794536,0.550947762031951,0.708624891577966,6
1323,0.387864163416803,0.611425431772463,0.697640383461728,5
1489,0.381480259396096,0.553768306137749,0.701155686291728,6
717,0.815541396853514,0.479034966230393,0.228338489122689,2
1197,0.38718717046299,0.586550006621502,0.708272923359689,4
554,0.782938152882271,0.862385976267979,0.316267027333379,1
1165,0.383089453913068,0.581918892188232,0.700686730469984,4
989,0.752584203812294,0.47717025494203,0.277132598613389,3
1211,0.391648026351985,0.618021148612461,0.696595587432951,5
462,0.779980798813049,0.407898647151888,0.397100340854377,1
144,0.12422854360193,0.0572914846707135,0.673685666639358,0
993,0.747437256418634,0.721307961177081,0.168367263209075,3
1087,0.384135363598756,0.580486767507498,0.694761200149595,4
1590,0.38142644197162,0.560178319885876,0.698684186982177,6
242,0.569694492267445,0.905529974494129,0.849926087306812,0
1193,0.38194724122345,0.593341223873882,0.69900742927489,4
173,0.919900387292728,0.759020318742841,0.408619260881096,0
1306,0.386786781966229,0.617680657015499,0.697660618680164,5
1283,0.39443412439475,0.61510392612375,0.706463850156167,5
842,0.754565362010617,0.525563466502354,0.54478417399805,3
1204,0.382331527445762,0.615732589259745,0.701689660201495,5
1007,0.387474207776196,0.592125631888588,0.706118085610819,4
1498,0.388935147420551,0.558977910842172,0.700858110875567,6
292,0.152150830021128,0.848074056906626,0.391346564050764,0
832,0.752136811881792,0.713059546798468,0.309556632232852,3
625,0.809239751349669,0.435129131795839,0.114265662082471,2
24,0.200383025687188,0.655439501395449,0.63650787086226,0
226,0.268301172181964,0.278597693424672,0.750380247132853,0
329,0.408809035317972,0.880309647880495,0.587757321540266,0
1171,0.378635028808054,0.570710304604963,0.706510707426132,4
916,0.755393420862965,0.783439777931199,0.325076478463598,3
533,0.784146084582899,0.404104903480038,0.1745832902845,1
318,0.314341502729803,0.775052831973881,0.165655832039192,0
558,0.786129773219582,0.710725688748062,0.545650016330183,1
403,0.785887836576439,0.846588559239172,0.405840715672821,1
834,0.753277717330493,0.719842082727701,0.581532949162647,3
250,0.974126967834309,0.233715651556849,0.83473841054365,0
794,0.806880779406056,0.6007971447194,0.48591954195872,2
229,0.00394070823676884,0.372338132467121,0.0103816627524793,0
215,0.616109214024618,0.850964377867058,0.186724675586447,0
644,0.811570539467502,0.547036532335915,0.428398413863033,2
425,0.778472610202152,0.872318569826894,0.30352757468354,1
1253,0.377878834792664,0.613218453120246,0.692671984880643,5
1593,0.383116201259296,0.555308934486191,0.709493183154267,6
1205,0.38046977831898,0.612556102920484,0.703389387284467,5
1499,0.378712959261806,0.55352046559359,0.706819021692991,6
610,0.814445568912197,0.40369468650315,0.59463639492169,2
110,0.877275271341205,0.262864222517237,0.119355363538489,0
414,0.781097438421566,0.455963534791954,0.278945398912765,1
1289,0.385045465073583,0.611958199860735,0.705112303842726,5
1129,0.384664276689282,0.592010183307502,0.699888306206493,4
1296,0.378016344150016,0.608404644588886,0.706653825089751,5
710,0.810139512328897,0.52955804662779,0.520207518874668,2
241,0.709059095242992,0.0475286801811308,0.701366663211957,0
338,0.746695545269176,0.407511822646484,0.242606035200879,3
1285,0.396590192406763,0.613271767566975,0.695078972334749,5
797,0.813053362567443,0.86575275475625,0.340362133970484,2
501,0.786148128348868,0.510726492875256,0.125860443036072,1
881,0.750952121666633,0.700283466046676,0.483110693679191,3
852,0.752989892668556,0.55306520385202,0.58059326633811,3
310,0.0620172522030771,0.400924848392606,0.962207482894883,0
658,0.813009992209263,0.521855021384545,0.390275087370537,2
1529,0.385519409099691,0.559704512268501,0.714274442568239,6
1514,0.380251804680976,0.559829631390488,0.70126800285951,6
1301,0.388690183798676,0.619830211144217,0.698881281095359,5
859,0.747973989739548,0.648219857853837,0.552435861248523,3
1021,0.386909431060958,0.583617197080543,0.703772654712198,4
897,0.754906151453033,0.619552104989998,0.489388155681081,3
592,0.78154273217544,0.505026016174816,0.250381954875775,1
1182,0.388614528381908,0.578267331186023,0.704800397533891,4
1553,0.386605042921767,0.556348667408385,0.697747420233795,6
640,0.81449039950734,0.512819470162504,0.482365405815654,2
61,0.703952168580145,0.840308867860585,0.0171230677515268,0
980,0.754774206769653,0.596596596203745,0.191473337518983,3
1340,0.379779213429396,0.617100177827731,0.701975565308831,5
1394,0.394847562791205,0.621112738003701,0.703589739357161,5
1387,0.381534076735849,0.615843174834997,0.705392184649001,5
48,0.562041589757428,0.644137441646308,0.773739132797346,0
131,0.0310864471830428,0.958454835461453,0.493206313578412,0
975,0.753555529096629,0.413868199009448,0.101946829981171,3
1187,0.387837315106848,0.585710810657918,0.698314839358917,4
845,0.7516138899629,0.789953394117765,0.36255436395295,3
306,0.72868932550773,0.0804016813635826,0.561748735141009,0
116,0.401638220064342,0.358735264511779,0.92475162865594,0
633,0.811176316307392,0.582028377940878,0.5216418675147,2
313,0.39672543713823,0.774359861155972,0.871456991648301,0
983,0.750851454548538,0.75629421628546,0.549522220203653,3
559,0.78422485117102,0.775347849261016,0.463975503388792,1
1263,0.387899052889021,0.611405977893518,0.713483992886098,5
733,0.81108279888751,0.60140337459743,0.205615036236122,2
1018,0.38501256437319,0.598177694398542,0.709275336014088,4
1151,0.385838844121202,0.586954741282602,0.699425234242021,4
1422,0.382101005336996,0.550585850840129,0.701674585933807,6
728,0.815909265659284,0.666795790800825,0.590707981656306,2
1511,0.383712395081559,0.562038798139225,0.706418541327446,6
517,0.781597681657877,0.742718253540807,0.273348120902665,1
1490,0.380315247217964,0.553385636086371,0.69997022758707,6
655,0.81379649050301,0.709974238555878,0.346623541251756,2
1596,0.389818591528447,0.555175687769975,0.696715278890312,6
429,0.782560318477918,0.579314888827503,0.317951951106079,1
1342,0.395049665074794,0.607508475666698,0.702509357804514,5
869,0.750924974710215,0.519443045509979,0.111042904015631,3
934,0.749972495331895,0.843380204308778,0.377192811621353,3
736,0.806557324088644,0.867541795386933,0.287647931766696,2
1114,0.384367898069724,0.581112724888461,0.707778645781828,4
485,0.781304957792163,0.607584555307403,0.10762196353171,1
557,0.782474390335847,0.648603584058583,0.129787931614555,1
171,0.297686812002212,0.733788578538224,0.647282430436462,0
38,0.340947251999751,0.722177383257076,0.346940200775862,0
831,0.752896787237842,0.763470783038065,0.335457180440426,3
18,0.464157927781343,0.435980443609878,0.72962823160924,0
1453,0.380428535610443,0.551308424072401,0.695805924420418,6
1060,0.391041894501113,0.580698157937679,0.7026547381718,4
307,0.299173592822626,0.0671360702253878,0.0329318102449179,0
365,0.680215178057551,0.24061378184706,0.596589412307367,0
62,0.660842226352543,0.62102992949076,0.63033442851156,0
937,0.751799459394533,0.392714028386399,0.382223885552958,3
274,0.59900073800236,0.675660145701841,0.159975510789081,0
1063,0.382519047835681,0.5926574781663,0.705140231741081,4
1009,0.385238663127159,0.583175088648397,0.703256980162611,4
1438,0.386263177252411,0.551782824332347,0.702000423909249,6
911,0.746545100312214,0.499107185192406,0.110149003844708,3
701,0.811636753843632,0.604806166514754,0.335705113294534,2
1059,0.381326160540216,0.575591855519814,0.704293575648726,4
999,0.753914605253376,0.584738611499779,0.274221673887223,3
1486,0.38836633752506,0.558487644758417,0.704510123359489,6
1061,0.381336737169996,0.573345464817834,0.701014149466564,4
1226,0.375774748441222,0.610685163865958,0.699684714095373,5
1093,0.389082673866545,0.586474709309363,0.700463206132947,4
1414,0.382299076268103,0.550567717388358,0.703203881613953,6
399,0.470700004370883,0.866899265907705,0.650099135003984,0
1395,0.377726105928488,0.619220135510476,0.705544055849336,5
453,0.779052864937112,0.661431256355718,0.213777398504317,1
508,0.785361109129153,0.607347833015956,0.129775305325165,1
1535,0.391716876336576,0.5526789725117,0.698342862088591,6
659,0.811712095176335,0.547253678226844,0.461239267885685,2
875,0.753899929074105,0.652545014768839,0.152029363368638,3
1546,0.383137357845439,0.556832483998658,0.711809850182074,6
1366,0.385867215230644,0.609713061098802,0.704704111443132,5
368,0.152538157301024,0.318664294201881,0.642153224907815,0
198,0.821267251390964,0.906415702309459,0.463570700259879,0
43,0.968291828641668,0.506312227342278,0.15122751169838,0
445,0.781058818458114,0.829272495140322,0.423496126942337,1
743,0.814063526804093,0.488032178860158,0.227492667315528,2
1075,0.37965261748501,0.586163848939907,0.707138115883941,4
478,0.777730984534137,0.648138623009436,0.310467207501642,1
243,0.271264924202114,0.13316417648457,0.441272982629016,0
392,0.828388878609985,0.73641345766373,0.196519223041832,0
1440,0.382202863897654,0.548336622681744,0.699550813252411,6
53,0.123416218208149,0.186931658769026,0.920764470705763,0
381,0.203483393648639,0.0797145541291684,0.203705054940656,0
711,0.812918816870078,0.780598365725018,0.173905806080438,2
1083,0.384253730131566,0.593682824992554,0.703030010699612,4
816,0.754185248126741,0.848260549618863,0.229573515173979,3
203,0.00156640168279409,0.375671205343679,0.379548902390525,0
946,0.753030698336661,0.719957065093331,0.345396926673129,3
1003,0.383106447248419,0.578498965984153,0.701206231048908,4
1428,0.385393424038826,0.55305223321746,0.695425597535494,6
771,0.81505215000594,0.454618288227357,0.464904606505297,2
1254,0.380928132193425,0.622126779307291,0.698972865008217,5
938,0.754260966125876,0.484434132138267,0.498216909170151,3
166,0.297976643079892,0.807007421506569,0.608581373468041,0
1401,0.379843004282516,0.541011020623176,0.696992151262469,6
787,0.815766878400464,0.378792595141567,0.580443009082228,2
1109,0.380983595112609,0.578724175130925,0.696813020984895,4
1474,0.387470812278373,0.549974869237119,0.712939061779069,6
960,0.750126700631809,0.718917859974317,0.4244439474307,3
309,0.0829578030388802,0.393081864574924,0.932131736073643,0
1579,0.392930455866232,0.55210600020916,0.704586344481049,6
683,0.810927904234268,0.706367808883078,0.174611665704288,2
50,0.567255242727697,0.457991812378168,0.272546139545739,0
439,0.78211906734854,0.420775320404209,0.356475113937631,1
970,0.749883069698699,0.585570692573674,0.17144139802549,3
676,0.814544266033918,0.466079252911732,0.380070196278393,2
602,0.81341412439011,0.68030641451478,0.50992369260639,2
1161,0.383268522389796,0.573623048945514,0.705064280248931,4
1415,0.386999204638527,0.556948470351884,0.706810427999372,6
563,0.777174989054911,0.572435280564241,0.377650147699751,1
1442,0.382782663902632,0.553295379419,0.698063231503446,6
432,0.783913203570992,0.699819423747249,0.143475737702102,1
992,0.748881101063453,0.414360201125965,0.506739174295217,3
862,0.755952606298961,0.795163224823773,0.381351482169703,3
1298,0.391335231662759,0.612642817559567,0.702182429430346,5
1352,0.385329475204606,0.61814007794077,0.705387207088574,5
564,0.781074673589319,0.423902586824261,0.496240665833466,1
1089,0.389058193143271,0.583893430556815,0.700840742284568,4
789,0.813023460272234,0.447141705220565,0.139103532582522,2
1512,0.394361727106154,0.550390334832332,0.706302142009253,6
1257,0.383292110857842,0.61148605642307,0.69893579239858,5
290,0.1407278731931,0.77536962623708,0.788734050700441,0
1516,0.399954496803339,0.547032068875639,0.701836851477839,6
450,0.784874195964076,0.374138495209627,0.221276019164361,1
278,0.840915000298992,0.557458801660687,0.607522779377177,0
1370,0.378760609257374,0.619910933007053,0.697142638150377,5
608,0.810378463165835,0.581803302653134,0.41559701138176,2
1056,0.382560902777639,0.584415752517252,0.696572447911886,4
1450,0.377379046687956,0.564077133557275,0.705532343974607,6
82,0.802809940185398,0.0289472327567637,0.589439312927425,0
995,0.754178091792855,0.635153083736077,0.513269203994423,3
850,0.752661655650009,0.63016659419518,0.231456127995625,3
227,0.121306919259951,0.397843218175694,0.972714857198298,0
543,0.77736402370967,0.863877718127333,0.3950359280454,1
962,0.752478034077212,0.7145801251987,0.27868093252182,3
265,0.39759559603408,0.926607008790597,0.600160960108042,0
532,0.785406726540532,0.392312711244449,0.220762910484336,1
112,0.39240140421316,0.183612325461581,0.371399634052068,0
1508,0.387700375361719,0.556406503177157,0.705623597874693,6
1279,0.396078739368208,0.606036757946377,0.710677501634866,5
1405,0.386780267839649,0.559580642191166,0.698012324696697,6
1026,0.386727959473426,0.583337761340309,0.70385878830548,4
209,0.0283473520539701,0.488713829778135,0.925531377084553,0
553,0.781594670757186,0.454513415484689,0.279368348233402,1
1580,0.387205697911471,0.553374894026629,0.703623692134056,6
750,0.81107956569409,0.470287962374278,0.178763618273661,2
1599,0.38793734234095,0.556359008746639,0.698589016050275,6
386,0.619928313186392,0.904284028336406,0.740237242076546,0
389,0.561803583754227,0.622264764737338,0.611388359451666,0
1186,0.382084539738173,0.581579665197141,0.700120809424989,4
382,0.945134718669578,0.257442076224834,0.59547977684997,0
968,0.753907542224042,0.648088628449477,0.432737642829306,3
46,0.247339893365279,0.36411417927593,0.188850278267637,0
955,0.747040742160752,0.55660491916351,0.134281188528985,3
851,0.755794794342946,0.795929179317318,0.532467530039139,3
1074,0.391453988383571,0.583446194001533,0.693044075540538,4
905,0.753902590745129,0.600972448382527,0.296009881119244,3
275,0.36258995695971,0.556907279184088,0.284904429223388,0
94,0.253646983765066,0.475351006258279,0.571994807338342,0
1082,0.386072585616779,0.580647459202193,0.704591170026448,4
1419,0.379302955256986,0.55644974920442,0.698684640521635,6
371,0.6595152055379,0.795956813031808,0.751975439954549,0
1085,0.385388958736853,0.588320848766308,0.696835080264769,4
207,0.681476563680917,0.691653973190114,0.327556567499414,0
396,0.124917835462838,0.892254898324609,0.725651561282575,0
424,0.776942497298587,0.516259078192525,0.396536202449352,1
31,0.588188558351249,0.707754632458091,0.953572924016044,0
1281,0.389663122514779,0.613411242721743,0.702337182004112,5
1315,0.385615401870227,0.62506147023628,0.689726633218963,5
949,0.753614568398334,0.59163474899251,0.134236773522571,3
299,0.107255783630535,0.698896313551813,0.804847372928634,0
1235,0.398263873947455,0.613739764802847,0.693462897807689,5
303,0.010802895296365,0.954611534718424,0.883839699672535,0
161,0.433091570157558,0.920248228125274,0.016093039419502,0
378,0.561832898762077,0.389079409185797,0.64875963376835,0
1038,0.379671369006675,0.591478349563377,0.704279006625914,4
823,0.755225972966291,0.839381490508095,0.174004921503365,3
60,0.0420580359641463,0.950188564136624,0.563886227784678,0
1410,0.395329151460793,0.544865369056513,0.710270010233841,6
377,0.924046995583922,0.195782694965601,0.86878627515398,0
1540,0.389126637694653,0.548655470956672,0.701646704089225,6
1520,0.381443694185816,0.552321883199489,0.706535547784017,6
961,0.750621937871911,0.684862799034454,0.367899799067527,3
561,0.779059743273538,0.575693371728994,0.236903998581693,1
721,0.810784954039846,0.584669471625239,0.446814520214684,2
335,0.206132511841133,0.17144407518208,0.741714739007875,0
487,0.777286839890294,0.64584417049773,0.164417918468826,1
705,0.814027425383683,0.807006372278556,0.350017066160217,2
1465,0.385453990821885,0.557102285644094,0.709971642652056,6
643,0.816044949961361,0.413642273540609,0.575126866973005,2
1461,0.395190872219878,0.548292735243872,0.701321351939671,6
753,0.808101010476239,0.410627657105215,0.362318906397559,2
933,0.75034031448653,0.860064042871818,0.228850503382273,3
436,0.779688019135501,0.561333765648306,0.169086270895787,1
556,0.784583158460446,0.752998511679471,0.154280877718702,1
595,0.785012507666834,0.709528882312588,0.452612081356347,1
421,0.784518547779881,0.787666460406035,0.265664646448568,1
635,0.814280459193979,0.496632045507431,0.574062452348881,2
1053,0.384249732559236,0.587195869690149,0.709026870224728,4
1582,0.378779805959481,0.559766819849633,0.704110454657931,6
302,0.419164734194055,0.485279831336811,0.707792608300224,0
189,0.841779172886163,0.871810278622434,0.971130162943155,0
1230,0.391273946274959,0.617426581121918,0.714611047628572,5
904,0.752958094277419,0.680449116998352,0.407923275884241,3
1293,0.381288935414977,0.618654012659423,0.704479687921998,5
708,0.812339482270181,0.504443465755321,0.403279013861902,2
158,0.168816812569275,0.845002606278285,0.321955767460167,0
1043,0.376774110623925,0.581503326199442,0.705119033081168,4
1288,0.387799637213636,0.622329153089284,0.703274209683302,5
1119,0.389710243755773,0.582669817181735,0.711370196969908,4
562,0.781697744480334,0.406392978061922,0.317788091767579,1
942,0.749927672892809,0.620751201547682,0.371740989666432,3
343,0.0273160841315985,0.256925618741661,0.683766943635419,0
1147,0.387117779906131,0.583922008061235,0.695479830163795,4
1375,0.381609978395419,0.625674986566344,0.716251713157127,5
1573,0.375917129635165,0.555482813632617,0.698041761016137,6
945,0.754626381744165,0.574962107138708,0.404441034351476,3
1284,0.377536425886257,0.617941281560223,0.702577645349785,5
259,0.545637618517503,0.552972584031522,0.370510601205751,0
574,0.778682714223396,0.454280646424741,0.277329335734248,1
140,0.836938933935016,0.502207024255767,0.239609323209152,0
182,0.0419865881558508,0.0357280317693949,0.777598287910223,0
509,0.785963927449193,0.440589724597521,0.547647614311427,1
1105,0.387096171017085,0.586702263245233,0.710367907128399,4
843,0.746757347935345,0.683408285281621,0.512796853599139,3
1158,0.391493761084462,0.588163369705207,0.694254925717684,4
901,0.748757574593183,0.740129944775254,0.553200784185901,3
524,0.784189555027988,0.456576286023483,0.546671706414782,1
1480,0.394389621326024,0.548152044402881,0.716942135292198,6
539,0.77830290324986,0.380307017499581,0.345048870937899,1
35,0.0725248323287815,0.343426716281101,0.260246148100123,0
1359,0.379182541619569,0.614059495865717,0.69519660500263,5
1162,0.379580126462341,0.57941212221714,0.706408251522137,4
579,0.782235156551469,0.420334643824026,0.117247914592736,1
137,0.0794849139638245,0.696650502504781,0.713979503139853,0
1341,0.380795690244561,0.612397311711956,0.707381505182844,5
792,0.813994847771246,0.579078453034163,0.411446122033522,2
1142,0.391974108614771,0.584202596182981,0.711791582104582,4
958,0.755998649981339,0.594565602508374,0.181237912201323,3
1492,0.384263538185936,0.547233963499549,0.708053037017961,6
488,0.78089748021448,0.50005675284192,0.141668541636318,1
257,0.728584442986175,0.927559583680704,0.7397266253829,0
202,0.384538216749206,0.950605449266732,0.645430414937437,0
1365,0.390288266496401,0.604596786608579,0.702832089146569,5
51,0.179225885076448,0.819374687504023,0.969996753381565,0
1592,0.385735899958891,0.548724998798906,0.704211920264727,6
848,0.752496756871697,0.837203966709785,0.123428749199957,3
535,0.78603758628713,0.863852505129762,0.239514060830697,1
1048,0.389058158560101,0.588043458025112,0.703834507238819,4
232,0.428322848398238,0.34383391099982,0.833527644397691,0
1531,0.387469131668881,0.547241638893356,0.701741205590007,6
422,0.782071218935307,0.844164836360142,0.338026269734837,1
1347,0.389537624455569,0.613010293823198,0.699644213081201,5
821,0.752570460515562,0.794716236903332,0.416673192917369,3
1391,0.383176231054617,0.612327105980032,0.696839805309473,5
528,0.776564166860189,0.861934934416786,0.167492044321261,1
336,0.140188788529485,0.908666882198304,0.405337874777615,0
1559,0.384949033568389,0.558780559606273,0.709690342569054,6
757,0.814084289979655,0.61221377204638,0.217030460527167,2
1533,0.396432935422908,0.562090476170536,0.705570118891393,6
650,0.810472650667653,0.846578409802169,0.208824189426377,2
782,0.808248107179534,0.63720794362016,0.560045612906106,2
795,0.814474693734665,0.467940771742724,0.315083323093131,2
482,0.778781771818176,0.672614259552211,0.355536828446202,1
715,0.811577631512191,0.404894186556339,0.202177450689487,2
769,0.815018492909148,0.478726952942088,0.13384353199508,2
538,0.78108372816816,0.813640250032768,0.525721993693151,1
773,0.814009821144864,0.514392183767632,0.270543623296544,2
1333,0.385838431349076,0.612966118046027,0.706160901302722,5
456,0.783011133065447,0.794593074964359,0.405589120509103,1
427,0.78391429410316,0.535720377252437,0.415629740734585,1
844,0.748991393772885,0.578689708164893,0.215251124510542,3
1072,0.387495087539368,0.58192732666203,0.699263536234916,4
1157,0.381478767010183,0.584334597918403,0.690236932833008,4
899,0.756300768498331,0.579251778568141,0.265413655247539,3
594,0.779763916581869,0.789191759447567,0.451250090543181,1
571,0.78211163794389,0.758691419172101,0.21637583039701,1
840,0.752869435416069,0.812831161916256,0.511482452787459,3
311,0.295593858929351,0.0136896867770702,0.750603580847383,0
1175,0.38900968168352,0.589031386039438,0.703642417822961,4
1270,0.374954047165024,0.607888000361218,0.705530016912017,5
169,0.425655197817832,0.530519626801834,0.630656254244968,0
261,0.841694474918768,0.023546397453174,0.666046400321648,0
801,0.74919025760144,0.407746644248255,0.149840162764303,3
1214,0.388016739433311,0.610842277951678,0.698205528240261,5
1550,0.375368337201098,0.556306579758192,0.697065666196636,6
1096,0.389285048191585,0.582101018698988,0.709092952910964,4
1561,0.382422213582086,0.561714393420624,0.699336785006062,6
13,0.195396009366959,0.141561537515372,0.723577413707972,0
1458,0.38125644290464,0.552595665524718,0.694374865843877,6
1345,0.385087337118169,0.605513084358967,0.706107885915371,5
696,0.81196242290549,0.490472391154617,0.360000463365577,2
913,0.749072752629872,0.651428757607937,0.565041874465533,3
1313,0.391566560333695,0.61303435779639,0.694920226062501,5
805,0.753678158437833,0.633637490938418,0.121776997856796,3
570,0.780851911001373,0.599002307537012,0.471288008545525,1
1287,0.384625788603311,0.618002325976533,0.705063993171682,5
464,0.781482574718539,0.404135532234795,0.332202583947219,1
1035,0.381425384440058,0.579520269306926,0.711724942324458,4
1155,0.390588087760328,0.589741102474208,0.696662409752511,4
566,0.779121326112654,0.583301134430803,0.437606223090552,1
47,0.0207907143048942,0.15424800501205,0.566258371807635,0
1196,0.381346301440914,0.584901343004558,0.702617555375956,4
1303,0.379796814127724,0.616050107197555,0.697105039489059,5
245,0.348572654882446,0.0703314647544175,0.222615379141644,0
59,0.482200233032927,0.07038838067092,0.236309939529747,0
637,0.80958952695597,0.764651899482124,0.481573368585669,2
1079,0.384001758044704,0.588487462243872,0.707129631003833,4
1130,0.376247333184768,0.59251265114889,0.708027175496796,4
1145,0.389974003030198,0.585825528881761,0.706576999275791,4
967,0.750950015727431,0.469725707685575,0.240367652196437,3
868,0.750486003975384,0.523524810466915,0.424202452343889,3
1356,0.383469184104668,0.610477779100333,0.70244637705914,5
537,0.784063671887852,0.830949312099256,0.516382423392497,1
849,0.750599624982569,0.416539795021527,0.354253270011395,3
1265,0.388366361411776,0.625954005477449,0.696326305184485,5
651,0.812290217385162,0.830267014238052,0.326168236951344,2
1269,0.389255715326246,0.614319351392893,0.710249543986872,5
632,0.814221883732826,0.52816037137527,0.375051674246788,2
1420,0.382763212346136,0.555163142367096,0.702338845943942,6
1248,0.383596762743536,0.616396672373131,0.699248631927174,5
1584,0.386035590546232,0.547932377640153,0.711152608114344,6
1090,0.386172021320984,0.590266172841136,0.695736835238594,4
342,0.555420871125534,0.562611539382488,0.93721759878099,0
457,0.779564570251387,0.48255618873518,0.17504039015621,1
208,0.227393922861665,0.400962187442929,0.79346609627828,0
77,0.293006096268073,0.276862603379413,0.242159807821736,0
1069,0.378195899874295,0.580074643237109,0.70306424339335,4
986,0.748109062435105,0.867468242323957,0.58233530765865,3
115,0.279041385045275,0.0733610112220049,0.519188825506717,0
88,0.168192066019401,0.258967566536739,0.249288181308657,0
779,0.815154580343515,0.626859399862588,0.447792191104963,2
601,0.812333821307402,0.537098793569021,0.214248057035729,2
1199,0.392774941608433,0.589052622756653,0.705781864790597,4
36,0.346930692670867,0.516225764527917,0.389904432697222,0
1472,0.375631792916241,0.5446841981648,0.700982148484852,6
160,0.601918570930138,0.993395941797644,0.12352238362655,0
649,0.808986218457576,0.485940158041194,0.557391239725985,2
546,0.780159241191577,0.523097382998094,0.439644149318338,1
545,0.786146704300772,0.818613035860472,0.431485597789288,1
952,0.751668270342052,0.449032837548293,0.534548794198781,3
560,0.77987177642528,0.850874994904734,0.307266666018404,1
196,0.240729452343658,0.266366370487958,0.560572771821171,0
928,0.74876137313433,0.636538250511512,0.375546594662592,3
1077,0.385641993082101,0.581651460476374,0.707830587506777,4
1076,0.39169490062382,0.578717555547892,0.705053886655935,4
362,0.744533626828343,0.0281165682245046,0.121039728168398,0
1408,0.381510913501423,0.555760054767061,0.709906905699373,6
56,0.0281705670058727,0.59654146945104,0.829104347620159,0
725,0.811785117355175,0.623099424666725,0.326183046842925,2
611,0.812735502857249,0.789584368490614,0.443049484328367,2
1316,0.396991631775684,0.618238539874332,0.705076690344392,5
972,0.750516012937296,0.744196677370928,0.134527711942792,3
1436,0.39022276603926,0.547298267748536,0.700061249085915,6
742,0.811321776644327,0.528603717591614,0.281245479988866,2
1227,0.387120561848357,0.617728363768005,0.706055462713384,5
164,0.582130213035271,0.446492014918476,0.81733680376783,0
1037,0.3922672759522,0.584360692508872,0.713073383209502,4
822,0.749985225126147,0.794597143679857,0.393994273431599,3
1569,0.389868496540386,0.554520370550957,0.696331525642134,6
494,0.777593527000863,0.549598941020668,0.292014052788727,1
1120,0.391919238752891,0.584463174252386,0.701008640558695,4
516,0.785196831433568,0.403795961779542,0.212324459501542,1
770,0.812790050355252,0.625009686127305,0.143373150774278,2
1292,0.386854969823184,0.612228904087898,0.702730806496931,5
1189,0.384686755669498,0.582343400747547,0.710965061794392,4
1322,0.385037669865149,0.612859467761775,0.700992110231113,5
1388,0.385766357247523,0.615574129029073,0.702867322694289,5
1047,0.391949112568195,0.579434613200462,0.699195472720696,4
64,0.523097416153178,0.538462441181764,0.359918440459296,0
732,0.816530450310093,0.800171116390266,0.286979162297212,2
2,0.62061832845211,0.210829542018473,0.467225997475907,0
670,0.815051487372257,0.422034599841572,0.537539545842446,2
87,0.082946014823392,0.711351497564465,0.262648670468479,0
15,0.0263048342894763,0.845159272197634,0.791908342856914,0
491,0.780245652154554,0.447992729279213,0.521539897006005,1
686,0.815428001522087,0.479020636435598,0.510430987854488,2
155,0.69972923072055,0.14103278471157,0.511507157003507,0
1295,0.391032519194032,0.619461385274095,0.705342125192175,5
1426,0.393677272307642,0.551030353708456,0.699470814509793,6
833,0.752001778187696,0.822332712262869,0.431239432585426,3
1470,0.382507636826485,0.549191077771072,0.698366683842656,6
1478,0.3826933907051,0.557064944573964,0.700469306287515,6
930,0.749562025673222,0.487973100994714,0.393459455738775,3
1244,0.387753364664448,0.607754831324215,0.706392576519972,5
288,0.582268360070884,0.456906790146604,0.466538721695542,0
1317,0.37202943111834,0.61063820385662,0.700679477696138,5
740,0.813979135123082,0.755451772268862,0.495118588488549,2
880,0.750273441637401,0.606842524162494,0.178835047455505,3
234,0.0489676306024194,0.811841710237786,0.880720918765292,0
495,0.781841297897045,0.643538481695578,0.419152473611757,1
1379,0.381376955169686,0.609913312122805,0.703379431200353,5
1190,0.385621347548267,0.591332977923778,0.696992028067037,4
1046,0.389044977523079,0.586045052061496,0.70193814303415,4
1304,0.38747769358778,0.604298538639339,0.698916565286578,5
153,0.164951493963599,0.130696118343621,0.996749785728753,0
1167,0.385250393047769,0.586205539473876,0.706282429195939,4
1255,0.393288567411424,0.609048204902253,0.702115825942702,5
1597,0.380953938176117,0.554618548343247,0.704458244438858,6
1243,0.387648097105914,0.617889806515055,0.701548597175004,5
486,0.777936378964223,0.534473227593117,0.33370734162163,1
768,0.811258735936135,0.590488584619016,0.347240278194659,2
1448,0.383529178961843,0.548839701924132,0.705551675924169,6
262,0.888091603526846,0.361195642966777,0.86749791353941,0
67,0.408011733321473,0.503771391231567,0.966693743364885,0
360,0.0274244621396065,0.918781853280962,0.16848858515732,0
1014,0.382775470384735,0.585512039907868,0.711564499782981,4
293,0.122288873186335,0.47768040234223,0.515824436908588,0
406,0.78461764824111,0.519498311821371,0.138760060118511,1
1328,0.38779721894271,0.612255795536762,0.699746314341565,5
93,0.923367138253525,0.317614539060742,0.913633804535493,0
1221,0.380744805513754,0.626099230582628,0.70421029742565,5
258,0.50933399843052,0.160355307394639,0.60521928826347,0
1581,0.387856730417777,0.553437816966727,0.700877480422229,6
349,0.312934473855421,0.111665939679369,0.116765946382657,0
695,0.811366008191835,0.647511694137938,0.207525738910772,2
25,0.535880076233298,0.522898845840245,0.793632364831865,0
864,0.756025512535125,0.398629764933139,0.586291649308987,3
506,0.782079937802628,0.379786308878101,0.510101982322522,1
222,0.352237024344504,0.70190514344722,0.363913762383163,0
387,0.837852306431159,0.978722466621548,0.924583735177293,0
576,0.784809532703366,0.377671935036779,0.345651299622841,1
1271,0.391484295695596,0.609947676959679,0.697079165196632,5
614,0.811226313300431,0.80545762067195,0.179080899734981,2
838,0.755880726396572,0.437115492438898,0.296088805585168,3
213,0.146033440250903,0.0932386135682464,0.227509394520894,0
730,0.813031277221162,0.723843181645498,0.588577011995949,2
268,0.886050462024286,0.450788377085701,0.64472240768373,0
1259,0.384040445356497,0.625368831436321,0.709233911775241,5
324,0.251256080809981,0.189904931932688,0.70711649232544,0
691,0.813817814681679,0.730602959892713,0.181924040010199,2
694,0.809749104164075,0.757142541487701,0.445855871238746,2
935,0.748381877858192,0.699638345651329,0.520753806154244,3
3,0.622973732417449,0.0564074791036546,0.238350888947025,0
27,0.0175069598481059,0.858500249218196,0.34600274078548,0
873,0.753138607696164,0.524091409309767,0.139794835750945,3
205,0.971787930466235,0.207190466346219,0.795626705745235,0
749,0.813736021209043,0.373422954487614,0.594292657962069,2
513,0.778924165749922,0.640634985198267,0.521507720509544,1
1132,0.395887422983316,0.591307732477403,0.703877978626871,4
596,0.781617853464559,0.597727232985199,0.498594670020975,1
1300,0.379737121127254,0.620465345481214,0.705947778415363,5
98,0.157779545290396,0.578891252400354,0.518366637639701,0
76,0.74331845715642,0.743539260001853,0.341438300907612,0
28,0.327301679877564,0.341286549111828,0.263430416584015,0
95,0.0482188819441944,0.233656149823219,0.988670444115996,0
9,0.687399700284004,0.982738801511005,0.634853536263108,0
1346,0.389122987489322,0.608373521345428,0.703035132192776,5
825,0.756161660493817,0.50229893301148,0.324179591308348,3
906,0.75457175005693,0.793829606752843,0.373042480135337,3
1439,0.389074387244051,0.550870621706147,0.708658903330859,6
893,0.752436501074117,0.831036081910133,0.388436581753194,3
796,0.814738408678677,0.463229941693135,0.401270876335912,2
1121,0.384292479360707,0.580934648240239,0.702142343222396,4
600,0.781347879092209,0.858955587283708,0.561353762564249,1
620,0.814957282012329,0.794770567002706,0.358107957453467,2
347,0.136333435075358,0.787402958143502,0.452283857390285,0
1032,0.38265700046275,0.583458944787073,0.698184757236189,4
323,0.561104526277632,0.993075882084668,0.695167374797165,0
735,0.810478469619993,0.656800477905199,0.120513703254983,2
698,0.80690707980888,0.594757879641838,0.195351295801811,2
534,0.782098638145253,0.639235823205672,0.251215765299276,1
68,0.934001223184168,0.110053286654875,0.971860538236797,0
83,0.883132430491969,0.778399945469573,0.333225985756144,0
809,0.751313609641511,0.870509230904281,0.189726517000236,3
139,0.159902306040749,0.0989717082120478,0.178833714919165,0
1123,0.382485480914867,0.588725488066116,0.694921510213679,4
1256,0.389772251908696,0.616302369150864,0.703026395340051,5
998,0.753145161820576,0.623219881695695,0.452416352042928,3
1457,0.392629622076608,0.548177917320355,0.708214439035756,6
184,0.926210416248068,0.33377699740231,0.157738939393312,0
925,0.748994933522772,0.375055876001716,0.223835247615352,3
496,0.77898842893308,0.659241089154966,0.37777035466861,1
1475,0.378529716679485,0.548881743997977,0.695855909823321,6
1310,0.389891226017358,0.611264806497475,0.708759749734511,5
1013,0.380975904799843,0.586916758244818,0.708647348996645,4
23,0.609999531880021,0.897136935731396,0.209244139725342,0
497,0.785427215057425,0.636116429721005,0.496158521086909,1
803,0.750943402061239,0.472057074215263,0.143505656556226,3
544,0.784992742976174,0.611579987942241,0.584621876757592,1
918,0.747093064992223,0.508302028547041,0.513865825999528,3
1209,0.373534420450042,0.61753453877406,0.704852271570339,5
1108,0.382493104797833,0.578467521920927,0.712418868241377,4
1088,0.387970436959598,0.583058369914509,0.711569313690138,4
1547,0.392886223135629,0.552073421397961,0.697595668254726,6
446,0.785657419450581,0.511638470948674,0.469876057514921,1
455,0.785780423716642,0.616444633016363,0.465676282695495,1
32,0.140598409343511,0.557171581313014,0.000980888726189733,0
1297,0.378665649082704,0.606451361416138,0.707697130497775,5
357,0.731067837448791,0.459013052517548,0.0779493250884116,0
1102,0.388778236185011,0.579220286347059,0.710674832636412,4
1138,0.37926134965347,0.582965174788757,0.695416390016734,4
677,0.809783769280184,0.496343347034417,0.36514860582538,2
667,0.814110370900016,0.654050037986599,0.514184349379502,2
14,0.311129726003855,0.0678342452738434,0.374884586548433,0
598,0.780280569351744,0.439067222317681,0.252816923474893,1
798,0.814318454125896,0.734611250483431,0.176746795000508,2
172,0.620409536641091,0.465293472865596,0.777977083344012,0
493,0.779785170233809,0.403586777881719,0.100868198368698,1
689,0.806763159483671,0.610427017696202,0.373862744937651,2
879,0.756107012010179,0.592723252973519,0.517491657682695,3
807,0.747177525586449,0.60301575649064,0.395367074105889,3
1427,0.388740293776429,0.551366133513107,0.701816593648306,6
857,0.748601438605692,0.728407420124859,0.137172310892493,3
1334,0.387727058270558,0.609066684212528,0.705661830052144,5
1247,0.379827035647498,0.607134108434649,0.695096207946359,5
44,0.476213610032573,0.711253410670906,0.0146910173352808,0
11,0.607645664829761,0.932203071191907,0.569073697319254,0
971,0.751572015725542,0.626196088758297,0.351065269485116,3
776,0.810525758450385,0.662012240057811,0.164098257245496,2
270,0.705755118979141,0.444619209505618,0.55581486155279,0
197,0.529997422359884,0.631969391833991,0.792234950931743,0
1515,0.378956461881994,0.559346069895996,0.706522448205483,6
277,0.276482139714062,0.702501905616373,0.0383923151530325,0
585,0.782871587986592,0.742313563381322,0.150299309799448,1
678,0.808476919156965,0.515946805733256,0.460845265933313,2
80,0.194457214791328,0.484724423149601,0.767648086417466,0
615,0.812654197611846,0.869244886003435,0.368199928011745,2
133,0.963505242485553,0.854327974608168,0.700172162847593,0
634,0.812526114373468,0.713795226323418,0.224143708636984,2
582,0.784957236207556,0.478226293250918,0.237003857665695,1
1374,0.385327323327592,0.622483318771373,0.702808520922657,5
344,0.882144495146349,0.451325236586854,0.267914397642016,0
780,0.811965835862793,0.495282874815166,0.541327955131419,2
134,0.685287659289315,0.667961463099346,0.435592533554882,0
37,0.0316965391393751,0.990538336802274,0.0516816689632833,0
878,0.753286397710908,0.722943892725743,0.314952540490776,3
1307,0.396980316818039,0.604877517784612,0.699310192636758,5
889,0.750611805613153,0.624342519231141,0.347471858421341,3
135,0.318905604304746,0.155767937889323,0.547390245599672,0
898,0.753806092177983,0.388996939896606,0.550390213658102,3
1240,0.392228656468596,0.613414868926348,0.70578311017332,5
337,0.0291679098736495,0.444359850604087,0.973073445027694,0
661,0.815947397195269,0.51099371702876,0.313445310620591,2
451,0.785076209669933,0.407064970838837,0.430858154827729,1
636,0.812742861502338,0.666057697986253,0.426555673987605,2
355,0.996035078074783,0.477992890635505,0.131070407573134,0
692,0.813655538293533,0.779383969400078,0.311386103089899,2
748,0.809163656581659,0.667159009166062,0.175169095094316,2
1332,0.379510109574172,0.610537707996209,0.705349056079219,5
542,0.786058580751997,0.858172976551578,0.478427049866878,1
321,0.703490606509149,0.757672063540667,0.288383218459785,0
1462,0.389512868248463,0.553315710028161,0.711267673059707,6
159,0.232314078137279,0.00870564533397555,0.692413962678984,0
519,0.783840051342268,0.82807598952204,0.244021670357324,1
157,0.827389206038788,0.730015855748206,0.166783701162785,0
438,0.780042463217396,0.763881973130629,0.484544072812423,1
16,0.700153714045882,0.6680249851197,0.259301126468927,0
384,0.372371351579204,0.31068839575164,0.269004607573152,0
588,0.780735512843821,0.490883120009676,0.506674138177186,1
1233,0.389354003476422,0.610045267389888,0.704842666347358,5
525,0.779160124952905,0.844052448659204,0.280909078125842,1
982,0.747323997924104,0.475958732445724,0.253242942551151,3
1005,0.381182680702448,0.587200825051506,0.701231987579755,4
871,0.748881191404071,0.564701736695133,0.31194863752462,3
256,0.515631756978109,0.365899147465825,0.410905564436689,0
449,0.784426228401717,0.42074021443259,0.229800858115777,1
504,0.77833211797988,0.743716053105891,0.119807033613324,1
947,0.74954713715706,0.432921658526175,0.419604966929182,3
1503,0.375697348494483,0.554859536994725,0.699773017992443,6
1390,0.382756043401327,0.614652044625141,0.707934589688584,5
829,0.746707689557225,0.527105935639702,0.523762208456174,3
416,0.784402392182965,0.385934294341132,0.595634457818233,1
125,0.269135826732963,0.930121221346781,0.419241422321647,0
921,0.748689213821199,0.733067890768871,0.247493954538368,3
1495,0.400491799278219,0.556763290510672,0.700179308472035,6
990,0.746924176195171,0.725720629584976,0.390613050013781,3
122,0.757653380744159,0.335139132104814,0.853411210002378,0
828,0.754761819799896,0.828160954546183,0.570488150860183,3
1065,0.397025983095329,0.5825187168333,0.706608177755789,4
471,0.785677859124262,0.844683222495951,0.39326723064296,1
1354,0.388269762851656,0.610273590001946,0.699357433361111,5
1111,0.384156793681654,0.57652424077825,0.701307795232314,4
1431,0.384108431242111,0.558144597132619,0.696834192849927,6
861,0.747688874779269,0.818257962609641,0.190599139244296,3
1570,0.382889686848983,0.552567554363278,0.706622747555625,6
956,0.751626491397619,0.471364733204246,0.410488427313976,3
1234,0.390566184766975,0.614013409054941,0.699689360066006,5
902,0.746701307678595,0.618144923727959,0.599936303962022,3
706,0.816323883028235,0.735438151075505,0.476843106374145,2
646,0.810866043071728,0.595425892877393,0.547807813668624,2
985,0.75469060330186,0.481924516521394,0.57947757600341,3
1417,0.385621640165294,0.557947808878429,0.706258798768309,6
1389,0.38528096631547,0.618490435823019,0.705701288621813,5
1250,0.387543698120661,0.614409631754954,0.713433285677715,5
1231,0.38094293122787,0.60973451432639,0.69358440786277,5
1274,0.390287209183436,0.616602177468853,0.690389563808595,5
944,0.755358462238219,0.506251556007192,0.191332311648876,3
162,0.841297321254387,0.170334945200011,0.995373397832736,0
294,0.852692610118538,0.193086072569713,0.0720030949451029,0
1523,0.382219375172662,0.560062227471367,0.701129396831093,6
410,0.777222852483392,0.549083116138354,0.383440390508622,1
263,0.857281535398215,0.456455812323838,0.382836354896426,0
1319,0.376972715874793,0.612705936163238,0.692467557618634,5
1502,0.383219633323102,0.560190055684724,0.693345812044688,6
1587,0.37371548261006,0.554423749592184,0.697904002676201,6
1362,0.382291826426172,0.620956809075675,0.710251409961168,5
1224,0.395767915906474,0.618615105877693,0.703217689187717,5
150,0.224283962277696,0.750769442180172,0.436038588872179,0
1,0.017178344540298,0.894217782188207,0.169592837803066,0
461,0.785831470405683,0.456626148452051,0.244283551978879,1
1201,0.381247322683176,0.615139476892189,0.703059180713514,5
663,0.810547751875129,0.458494590967894,0.477249086066149,2
1174,0.39146881272129,0.583536523659276,0.708580207439603,4
1086,0.384323016176008,0.596392851532175,0.699718177850958,4
397,0.206073303474113,0.0368163089733571,0.622180467005819,0
1344,0.388656648998458,0.606954712070275,0.700692376604398,5
1368,0.38831439493427,0.606353579285279,0.693681428110105,5
1116,0.386516895184202,0.590490693993772,0.701858811031834,4
568,0.786138151579071,0.72930045707617,0.203087638528086,1
720,0.806537999622524,0.831493547791615,0.189783971686848,2
1179,0.391857614014177,0.584787646659506,0.703261690902769,4
273,0.618071294156834,0.406875894172117,0.193478254601359,0
1277,0.387077267857379,0.602374217740772,0.71213931457143,5
1589,0.381288845518233,0.55918655774728,0.714253314937035,6
39,0.442285165889189,0.331338770221919,0.349844810785726,0
1054,0.389281571737447,0.58626192196599,0.699721493268155,4
408,0.783974841886666,0.496336273755878,0.387714703264646,1
1521,0.375746795701288,0.552163259696963,0.694629164450882,6
300,0.350807202979922,0.157515269704163,0.140968777472153,0
1051,0.378699457094506,0.584146026796712,0.702415016746376,4
777,0.814800757623743,0.840471289260313,0.528385579050519,2
1600,0.3849085168829,0.552731653373058,0.705160581999462,6
854,0.746784917870536,0.563005231460556,0.290132984914817,3
379,0.533225113293156,0.500590562820435,0.303246738621965,0
1477,0.387279221217604,0.544812203792332,0.695718632855066,6
530,0.778944070485886,0.496631432697177,0.272000347427093,1
1518,0.380279836293775,0.557103585249489,0.706552780162952,6
330,0.754053689772263,0.182712563779205,0.120825043413788,0
760,0.810325012651738,0.502613870799542,0.24619485209696,2
418,0.784768604030833,0.541842821077444,0.171433148835786,1
1548,0.398350039209387,0.555212142518958,0.702835847676032,6
1080,0.391615986550208,0.584889418609197,0.695718644929701,4
581,0.777286656647921,0.535363949043676,0.554747449746355,1
146,0.665822975104675,0.328611261909828,0.534505198709667,0
376,0.670770385302603,0.174525871407241,0.0431293484289199,0
1220,0.386473314864589,0.612788779853825,0.702204893653506,5
1338,0.379002015864855,0.611713643715135,0.707919905295358,5
138,0.0128609742969275,0.794231125153601,0.689467495307326,0
591,0.786314880549908,0.797023757267743,0.533796272054315,1
552,0.783210291897412,0.397437353641726,0.192754422011785,1
154,0.264594285050407,0.345348908798769,0.890126116108149,0
1488,0.388908787048796,0.552770819064289,0.702364196631625,6
473,0.781659914734773,0.554766116454266,0.184549898304977,1
466,0.777045966344886,0.760972138633952,0.431021637795493,1
675,0.808175099981017,0.565230938862078,0.268363589351066,2
1320,0.387228445835878,0.609843721804192,0.713541910462162,5
1071,0.386041277403275,0.577874232624923,0.707581965001979,4
325,0.492545428918675,0.348722286522388,0.472783821867779,0
400,0.671531147323549,0.375565695110708,0.110164403682575,0
1541,0.378554442763859,0.553552839608833,0.695887594794697,6
613,0.806860551177524,0.728731467761099,0.435317128477618,2
969,0.746586806469131,0.813888119556941,0.24886804218404,3
10,0.511472326470539,0.466773506719619,0.20753823290579,0
826,0.750948568214662,0.621818064386025,0.594206323544495,3
1568,0.383908614362525,0.555894212058878,0.693639166190508,6
907,0.748614319602493,0.863876569108106,0.598392357281409,3
221,0.992490296252072,0.248333232011646,0.0104926025960594,0
8,0.875925154425204,0.742543910630047,0.154773357091472,0
1251,0.378553062483441,0.616021990102854,0.693720916515417,5
316,0.466758706839755,0.0921700559556484,0.601279558613896,0
1441,0.383928635212914,0.5675431964113,0.701628594968792,6
856,0.750767403992359,0.41593531393446,0.154460455686785,3
1459,0.376808882712066,0.5493240133999,0.694158356224718,6
319,0.339791105827317,0.525149306748062,0.9078702297993,0
1225,0.388650080410336,0.618999727687753,0.699822998141298,5
662,0.810832244316116,0.561489890352823,0.58567422318738,2
1560,0.385543687801912,0.564727772400116,0.709058512712052,6
1484,0.389766051451041,0.555102796224501,0.693536613356236,6
1507,0.379013077523988,0.548633668443633,0.704938038389111,6
1371,0.385397722598895,0.613103463169115,0.689005975754421,5
1275,0.38624245606539,0.607674666726793,0.699395042995726,5
358,0.512907661497593,0.754449828527868,0.673284292686731,0
218,0.621642840560526,0.798197759315372,0.728971852222458,0
231,0.407336159609258,0.306811180664226,0.279017931316048,0
285,0.824712407076731,0.908467788714916,0.455659467028454,0
1207,0.400337808938433,0.61382716138089,0.703568378541119,5
1543,0.386907918732224,0.553714894221138,0.703736172264373,6
690,0.809688914623112,0.811388017749414,0.596440451382659,2
230,0.0466387867927551,0.371419968316332,0.735160145675763,0
974,0.74952892514877,0.72872297805734,0.574233431648463,3
1343,0.37883992508749,0.622002370007689,0.703846192111013,5
211,0.359076554188505,0.956397600704804,0.0499549044761807,0
1528,0.371493597569222,0.563210878379493,0.696999146644844,6
1144,0.379177359081582,0.586444003180124,0.700289484910963,4
477,0.783432777873241,0.765865811053664,0.332656898233108,1
815,0.750090701596346,0.563413140270859,0.122567929839715,3
808,0.752898756025825,0.453783901431598,0.243189506628551,3
1107,0.376104533612217,0.585463245029588,0.705516280686613,4
1101,0.385539797715254,0.59062122403634,0.703126801151823,4
168,0.663024477194995,0.634598820237443,0.396896919002756,0
1066,0.384548892105559,0.587420544003445,0.701458750088549,4
305,0.371604213025421,0.508103057276458,0.227150100050494,0
1497,0.386840404383154,0.545584914316749,0.701513657832206,6
1058,0.384995834462366,0.596924980638908,0.702298287227125,4
1052,0.378939998279631,0.573041033989759,0.696491808623292,4
72,0.365636355476454,0.551631568931043,0.862541416659951,0
583,0.781791762730572,0.504840095550753,0.54208658291027,1
641,0.806715666339733,0.714860321744345,0.241283078258857,2
1195,0.385443010938917,0.589321279463781,0.71074044901201,4
631,0.812370988412295,0.67040809688624,0.193384709581733,2
1476,0.383282187624226,0.547726574594404,0.699409357136937,6
1358,0.394228480195983,0.621504875713468,0.709029869518048,5
423,0.782875860328786,0.567600611736998,0.293750309664756,1
526,0.779323972729035,0.657554864324629,0.347386693046428,1
49,0.96764651290141,0.0929319525603205,0.226986964931712,0
7,0.6656943121925,0.0494013500865549,0.942333382787183,0
97,0.912926158169284,0.262814940419048,0.783558984519914,0
681,0.814121262172703,0.619507793476805,0.208834152133204,2
1229,0.386636616963597,0.603865652317379,0.700756546683093,5
612,0.809281454700977,0.474478655983694,0.340476155327633,2
6,0.407940196339041,0.84588235989213,0.53446278325282,0
1555,0.381700909806885,0.557869446041949,0.705914329655838,6
645,0.808154155458324,0.41679278658703,0.344645323045552,2
499,0.778487920372281,0.70697722423356,0.276972552691586,1
818,0.755150051487144,0.455042179464363,0.546418728469871,3
1019,0.384819275107969,0.580178910032499,0.707776659431746,4
195,0.713239635340869,0.882021754747257,0.62746649957262,0
1168,0.387495696939819,0.580643511405564,0.70983958241624,4
867,0.75465991735924,0.647506205970422,0.523876850772649,3
755,0.806747711028438,0.568900899984874,0.599491521180607,2
167,0.232793817296624,0.404771466273814,0.537597078830004,0
1537,0.3894984578592,0.56470700175608,0.707199256671059,6
1050,0.392396752056461,0.582760764478279,0.70089885623002,4
1112,0.378571838466201,0.583552651652848,0.706303698103982,4
402,0.784043507447932,0.408554973569699,0.592306958441623,1
800,0.808865402615629,0.825346796098165,0.189907881477848,2
206,0.904563961084932,0.831602198304608,0.321438008686528,0
40,0.290437146322802,0.692026769043878,0.422884190455079,0
1542,0.384055753672272,0.553759447741915,0.699848373429222,6
412,0.782123597620521,0.429748888034374,0.271542603312992,1
1576,0.38861209959317,0.553548400247494,0.710950439683257,6
1027,0.390361287363321,0.591686030778218,0.701418475826857,4
927,0.753250670693815,0.630691412743181,0.568586024036631,3
415,0.776600245488808,0.715820885868743,0.293869752134197,1
886,0.752119024530984,0.552962650917471,0.409516681847163,3
978,0.752086929492652,0.794348655175418,0.512082858406939,3
1545,0.39651726115439,0.556570530355668,0.706173251402406,6
1252,0.387431545504551,0.614519280799461,0.702820200440863,5
481,0.782054316767026,0.686067453492433,0.508944021468051,1
1421,0.38819655720425,0.56147018498186,0.69686702837161,6
283,0.647948655067012,0.673204205697402,0.854263338260353,0
363,0.779805669561028,0.834958956111223,0.433965126983821,1
1117,0.38276250059826,0.5866672739141,0.707492655297986,4
128,0.798265684163198,0.550438140518963,0.505093994550407,0
1266,0.379817585824903,0.614739084464987,0.704142803164481,5
96,0.537573589012027,0.361941631417722,0.706423626514152,0
1464,0.38307765319793,0.555174422717794,0.705216882116097,6
522,0.780206617289223,0.441346498928033,0.121835107845254,1
565,0.784006219611038,0.617034941352904,0.322965144109912,1
1008,0.386719983028289,0.583629494617976,0.711529174608807,4
1494,0.376082788461597,0.548749477682527,0.702096198998324,6
271,0.352495590224862,0.836525436490774,0.247476121876389,0
512,0.778123585442081,0.541998745198362,0.139541551284492,1
1280,0.382936671552357,0.617100655803165,0.698579510064534,5
1563,0.387398050327982,0.54881677491347,0.696402918775731,6
124,0.973245652625337,0.967807602602988,0.12813720642589,0
1140,0.380603832244345,0.586370624237961,0.70858794517269,4
1001,0.381726540373316,0.582415122096389,0.703293003197679,4
1309,0.397523228400753,0.620303392071964,0.697453615948457,5
783,0.807193122853059,0.68476717362646,0.246656499267556,2
1223,0.378739436341402,0.615240702607254,0.695343288118693,5
1443,0.389040327414951,0.553422158137492,0.701524974663615,6
352,0.00200443528592587,0.693122620228678,0.233019293751568,0
1237,0.385937434112173,0.608563628884457,0.705392251403953,5
964,0.747773871461395,0.787975370325148,0.131263999314979,3
922,0.748755324119702,0.454731740080752,0.406193313351832,3
1586,0.384261186683431,0.548674580295148,0.701482479673643,6
1393,0.382156317426372,0.611488259228609,0.705224583743138,5
73,0.220114653930068,0.881958541227505,0.305397922638804,0
238,0.102412518346682,0.4973486259114,0.776241186773404,0
1554,0.385510626982797,0.559569402608049,0.705181846960043,6
1246,0.376163073383928,0.62076368762025,0.695318030528758,5
170,0.213093292433769,0.125112101901323,0.199948713649064,0
22,0.0937677696347237,0.709887358592823,0.68740400322713,0
1384,0.38585079706493,0.611030702377453,0.693658249368586,5
1040,0.38776014142525,0.577766710404283,0.707330942932415,4
923,0.750446542818099,0.743960191635415,0.317719623842277,3
126,0.669008819852024,0.389591680839658,0.736162920482457,0
42,0.458829763811082,0.552525708219036,0.5741175734438,0
1397,0.377204351277731,0.614121126912518,0.703387111272369,5
1544,0.390749980937892,0.55325163012558,0.706031539048132,6
1416,0.38749339249717,0.545295134664908,0.706646066575123,6
388,0.388851111521944,0.132817364297807,0.0853766179643571,0
21,0.370918338187039,0.307184606557712,0.533672498771921,0
1386,0.382461081755651,0.613805834271989,0.705453615132904,5
1400,0.383387498762642,0.618035347328119,0.701753505605676,5
1588,0.390836288433356,0.557488325244579,0.699649407759493,6
345,0.285813970724121,0.389329573372379,0.668347007827833,0
1217,0.38469845722254,0.618674761223573,0.708878394716278,5
1222,0.391570437774415,0.606459639153443,0.700649508192386,5
1337,0.389583846466429,0.620674755814998,0.699902008642687,5
287,0.404480449389666,0.511508013354614,0.0965676379855722,0
618,0.81142291698372,0.502482759207487,0.380879644933157,2
372,0.127018906641752,0.506077940808609,0.350042943609878,0
225,0.276035664603114,0.490578745026141,0.991732915863395,0
1551,0.374634992607021,0.554962298730121,0.70679985562541,6
1572,0.384297051131089,0.558842530024402,0.704240538174216,6
1095,0.380858167782217,0.581359339596371,0.696596441953387,4
929,0.755869995262474,0.796180379251018,0.570841474155895,3
1181,0.385569977697532,0.590437345937886,0.705666373717293,4
712,0.815913121404592,0.486304520419799,0.465940048382618,2
1078,0.378500056573516,0.590168047242976,0.70610382853137,4
639,0.814856194350869,0.637278180243448,0.516356410621665,2
1349,0.385931610183747,0.618284519640638,0.709065924261978,5
567,0.779215437516104,0.869852601806633,0.225319592677988,1
1073,0.388618228810178,0.576750650868909,0.703789346283626,4
431,0.785317871689331,0.72586000864394,0.227293015620671,1
426,0.785050864908844,0.748412057897076,0.380860157008283,1
1068,0.383493938324791,0.5782953845688,0.704725855156042,4
824,0.748998219389468,0.79929076184053,0.135887824860402,3
606,0.808437707812991,0.579014884214848,0.356124040717259,2
79,0.546889690216631,0.165951286675408,0.221874877111986,0
361,0.446995000587776,0.1447676604148,0.613802857464179,0
714,0.810928112447728,0.777230458939448,0.474327045190148,2
573,0.776637290152721,0.458418882242404,0.546673769177869,1
331,0.0810243240557611,0.297669987427071,0.329066236969084,0
1564,0.389627439961232,0.548297796491192,0.697142368663699,6
1496,0.387063309054296,0.546490311767046,0.705295438116749,6
616,0.809479968580417,0.831197974644601,0.457509445189498,2
1100,0.390345086779204,0.586922698152982,0.705226916212541,4
1311,0.385759008842489,0.611007680025258,0.70087260713918,5
622,0.80922536379192,0.437777509586886,0.327901682048105,2
219,0.992839203681797,0.0459030263591558,0.187010008143261,0
1286,0.387357437748283,0.612367747135524,0.7001473212404,5
819,0.748474998699967,0.626468535186723,0.20183913204819,3
1011,0.371630853508294,0.580012187823631,0.715020185103791,4
1036,0.385477268500172,0.59201873107037,0.694858537040638,4
951,0.755102906122338,0.613391830842011,0.173427072516643,3
1092,0.386809232865153,0.58149038700459,0.714087818930036,4
1445,0.382532544396188,0.555984438369166,0.712154107207139,6
490,0.786452989950776,0.794513634196483,0.583718792465516,1
71,0.453064927831292,0.511205561691895,0.346106574172154,0
605,0.813614367756527,0.551352174393833,0.52633037888445,2
548,0.781349263435695,0.456498960638419,0.240473806904629,1
366,0.992214245721698,0.478399008745328,0.755884903715923,0
863,0.751440996192396,0.510592238302343,0.435026687616482,3
149,0.286341075086966,0.105351643869653,0.460896415403113,0
441,0.780684364133049,0.684149729460478,0.36516256518662,1
1118,0.382769030955092,0.592877704439735,0.703112208096925,4
584,0.784666343280114,0.85638062460348,0.277872663270682,1
884,0.754054856628645,0.383981276559644,0.404795683384873,3
322,0.604127533268183,0.688828458543867,0.690851870225742,0
802,0.747619547951035,0.715398880559951,0.187530400045216,3
1260,0.376799615096241,0.618993392362347,0.705560588483689,5
626,0.810969469188713,0.680541197676212,0.438938334397972,2
370,0.934251945698634,0.802961180452257,0.361562362406403,0
29,0.675982310203835,0.18093777843751,0.591487212106586,0
1369,0.388967168707669,0.619249675994678,0.707567972823384,5
472,0.781334295780398,0.869234275328927,0.38497838510666,1
699,0.807598785089795,0.471953146765009,0.137598033575341,2
687,0.812573858019896,0.819580641714856,0.423797048442066,2
269,0.793918556999415,0.433286190731451,0.669093688717112,0
1378,0.386417291788318,0.62061433707981,0.708031443110908,5
965,0.754952785435598,0.439678804506548,0.403332089004107,3
326,0.352739249821752,0.353326222393662,0.105298940325156,0
765,0.812439450612292,0.619311301177368,0.33472534250468,2
1583,0.378071218349784,0.568679075234467,0.694909373253205,6
237,0.882438789820299,0.0622531110420823,0.624431502539665,0
648,0.808303654755,0.836082143266685,0.354642420820892,2
1106,0.387963210985169,0.584609413544904,0.709078070553393,4
1212,0.383249548788385,0.623350920517186,0.698144285950982,5
1595,0.388975692007595,0.550604983291222,0.714810725442812,6
671,0.815228005677927,0.838175722304732,0.187543576979078,2
1006,0.3895694757941,0.59247458400476,0.705080294435469,4
1178,0.388217719794823,0.593348066349526,0.705535774243108,4
1099,0.391632528704273,0.584978117562903,0.700718421130044,4
264,0.896386274369434,0.353927915450186,0.603546391241252,0
555,0.77895492083393,0.40445082182996,0.495806014444679,1
872,0.748425709190778,0.711665863892995,0.169491383410059,3
1336,0.390579357451102,0.609550701888956,0.696137265530882,5
433,0.782141180203762,0.593394155753777,0.433897006721236,1
586,0.783832305527758,0.595206112740561,0.327269030199386,1
1481,0.39593910899522,0.557337595705018,0.702505768072791,6
354,0.378717450657859,0.271656609140337,0.770233165239915,0
1163,0.38465401413174,0.573871655969674,0.707579002899014,4
847,0.753850573878735,0.503054949012585,0.220856714923866,3
1468,0.389374354221423,0.55881598947695,0.708246680393141,6
1377,0.389554385365093,0.607187729202603,0.703827191583973,5
413,0.779913068409078,0.770081031625159,0.574465092900209,1
996,0.753262566139456,0.795926015265286,0.15575865986757,3
830,0.747607564649079,0.546949724573642,0.457887194398791,3
1010,0.3838706020968,0.576706797370731,0.696437165182534,4
981,0.750458410051651,0.685126769379713,0.571922228718177,3
1363,0.389852485546453,0.612165066015401,0.704490343044987,5
738,0.810533079563174,0.511892740754411,0.362798943230882,2
1399,0.393304083584807,0.61467292014653,0.703971750488469,5
483,0.777774647169281,0.623319054977037,0.163602376519702,1
428,0.779844469353557,0.588582866732031,0.396956414380111,1
941,0.752476853118278,0.606471900967881,0.159430135670118,3
1041,0.392175794077019,0.591101850938035,0.706673602171483,4
1264,0.379343526877349,0.616489384906591,0.696774314245901,5
251,0.909231017809361,0.62564241187647,0.106886197580025,0
298,0.115086023462936,0.623135974397883,0.375387235777453,0
1034,0.375421488309842,0.581856152671923,0.704293717834622,4
475,0.777717279929202,0.797455996181816,0.206011279067025,1
723,0.806855367545504,0.4340766094625,0.245365821220912,2
1045,0.388405050601045,0.584444971353173,0.709086273851775,4
987,0.751538398924749,0.828215970797464,0.440163777838461,3
973,0.755807933004107,0.826816544425674,0.298984378040768,3
756,0.814539244133048,0.797058179182932,0.4638351341011,2
281,0.908346858806908,0.969898942392319,0.315121070481837,0
86,0.511793934507295,0.440119011094794,0.613016915740445,0
630,0.816390400154051,0.519763260870241,0.25609987443313,2
1509,0.388708344060549,0.550207678095233,0.692417565361654,6
1172,0.38834605923559,0.582839615984296,0.710744066655789,4
458,0.77869874101365,0.661991200782359,0.181107194442302,1
1373,0.37989590152221,0.612500570672177,0.700133397259902,5
286,0.449256448540837,0.694895310560241,0.620146022643894,0
109,0.987370047718287,0.127034697216004,0.17576729063876,0
1208,0.382509560464343,0.614552537771669,0.693750340180529,5
69,0.459613959304988,0.194893518229946,0.911741812247783,0
1382,0.382553457444248,0.618234899257125,0.70771876734407,5
1098,0.38869491002996,0.585877105552407,0.707925239799272,4
607,0.810828734147362,0.484680348797701,0.103305944870226,2
1392,0.38619849656959,0.614656670269187,0.699543317914784,5
186,0.652555499691516,0.0305719515308738,0.739177474519238,0
417,0.778467802021187,0.581840177788399,0.136983972671442,1
1216,0.3793904746546,0.609840308025167,0.706268998218539,5
340,0.663862712448463,0.958219110965729,0.517002872889861,0
1057,0.382989146294436,0.584197053780931,0.707811974467603,4
763,0.811954688567203,0.833218751847744,0.372599918674678,2
119,0.519455427769572,0.467399686342105,0.32113662105985,0
754,0.813753737909719,0.675467859744094,0.475695702875964,2
1232,0.375441814876289,0.619829127398304,0.697068203004882,5
129,0.473357110284269,0.116570762358606,0.128324091201648,0
877,0.755047436200548,0.735476741939783,0.470346684148535,3
385,0.239731060341001,0.143540104385465,0.146894747158512,0
855,0.752126677217893,0.729285896546207,0.506811143760569,3
957,0.754803552448284,0.647411939129233,0.336733064311557,3
817,0.748403815815691,0.706641566962935,0.342050893395208,3
252,0.538602330721915,0.098969160579145,0.879284114111215,0
729,0.814113364906516,0.855250044050627,0.350001425878145,2
480,0.786226101357024,0.599566259095445,0.324794149422087,1
666,0.81629251106875,0.612396056205034,0.330564293591306,2
84,0.121978746261448,0.426615066593513,0.191396158421412,0
291,0.168840392259881,0.0528513772878796,0.173986340872943,0
653,0.808960649771616,0.702984766475856,0.144637561799027,2
142,0.0952320655342191,0.714310214854777,0.288149550091475,0
1308,0.376331175194788,0.615611535029543,0.69929350703596,5
63,0.359141609631479,0.38165431888774,0.0424409755505621,0
1156,0.386908936128616,0.590304548915296,0.697121089714235,4
489,0.780705616776831,0.626527755660936,0.103011145535857,1
500,0.78412645178847,0.648049673321657,0.34268009213265,1
1527,0.388163911183186,0.548771029245147,0.70619462605256,6
1519,0.377144874986191,0.556812359814903,0.70165653062509,6
549,0.777990579521284,0.798368132230826,0.449942834023386,1
810,0.750023563855793,0.586008185660467,0.566656262660399,3
858,0.74892118139891,0.659367892332375,0.250050219986588,3
684,0.809670166533906,0.468659302475862,0.16972950687632,2
518,0.781639327248558,0.822865381394513,0.352982880710624,1
759,0.80734094123356,0.549845298309811,0.485052947583608,2
572,0.780136954823975,0.522942142584361,0.485323952091858,1
939,0.749223191430792,0.586264804727398,0.277050167368725,3
1030,0.389829603889027,0.587918893229708,0.710024364160108,4
1166,0.383746304882402,0.587594259903871,0.697903249636688,4
350,0.355349006131291,0.253050066297874,0.642943498212844,0
190,0.723350518383086,0.738457093713805,0.0285618884954602,0
747,0.811502177696675,0.505734115513042,0.560283473157324,2
1504,0.384208132397902,0.551391978373856,0.698904795822978,6
1463,0.377319679705803,0.553350483286507,0.704151304401278,6
113,0.12023128173314,0.376824654871598,0.554215522250161,0
1376,0.388450112482313,0.611640790635007,0.704074168370021,5
1434,0.380653324784802,0.543761192471415,0.696955023456968,6
141,0.365338080562651,0.979887394700199,0.905530482996255,0
391,0.12661996181123,0.111378153786063,0.105148245813325,0
994,0.754627521461807,0.554353711917065,0.210265426710248,3
1585,0.383559195328836,0.550645524178557,0.705190344382076,6
346,0.866331668570638,0.162508040899411,0.360267101787031,0
1536,0.387311761775972,0.555317563829169,0.700713994800365,6
484,0.783316824720241,0.830323249124922,0.21626551989466,1
1017,0.382819164917938,0.584758334176312,0.706283102557446,4
1471,0.390257908904288,0.55033592828037,0.700766531109917,6
1565,0.389974781683101,0.556784025412538,0.691998034039259,6
502,0.786094921845943,0.580351180420257,0.311707212170586,1
356,0.999162106774747,0.265783726703376,0.470009459415451,0
1406,0.377166999995284,0.559798448552875,0.699115333908025,6
788,0.811365100096446,0.629619747423567,0.315030551096425,2
454,0.776591351183597,0.871255545667373,0.255413669208065,1
100,0.683255885727704,0.958284623920918,0.00559127540327609,0
682,0.811235393385869,0.721449889382348,0.186654428765178,2
127,0.523613110184669,0.242411510553211,0.382396150380373,0
1524,0.392280678179186,0.560347124531625,0.699406588737287,6
1198,0.383389184660669,0.589967754009293,0.692306191442777,4
772,0.815124562797137,0.410122276772745,0.583663654327393,2
882,0.753339326849673,0.711920925904997,0.305302467592992,3
627,0.809424257774372,0.616425393871032,0.251333403564058,2
932,0.752431169890333,0.788885148963891,0.300201571360231,3
540,0.781017566535156,0.685058747208677,0.223729122825898,1
92,0.823784582316875,0.357300458243117,0.541267627617344,0
656,0.814367145798169,0.589435260067694,0.294075472210534,2
657,0.808130300620105,0.688751986972056,0.394172360701487,2
578,0.786453270746861,0.647900095116347,0.305757483281195,1
1192,0.385869790653322,0.583713543613299,0.696372368938463,4
1324,0.390194237683752,0.61843140612736,0.702859389019165,5
1381,0.367940927505136,0.621714803215131,0.709028786688381,5
894,0.753199989777058,0.70263962217141,0.101094140484929,3
463,0.777226132894866,0.504295479413122,0.36557879105676,1
953,0.752819445065688,0.4787307968596,0.359668190637603,3
1330,0.38728169087643,0.620453925777732,0.698763744416194,5
1238,0.382367521711538,0.611675267555324,0.705883353095162,5
914,0.747082505594008,0.474336923705414,0.153148059197702,3
34,0.275632707867771,0.382372019579634,0.184173186775297,0
33,0.471523594344035,0.155525797978044,0.127759265247732,0
1591,0.383760760172084,0.552878263105757,0.702429395563774,6
660,0.809920135571156,0.390100038051605,0.311091377912089,2
1136,0.386937099988338,0.583228416550257,0.703645981406149,4
1215,0.384558102357928,0.606783422859055,0.703714010386496,5
685,0.806844181257766,0.609581221500412,0.351188700809144,2
1412,0.392886773537543,0.557485638563513,0.700108029861588,6
702,0.810746201628354,0.475353798386641,0.337394428020343,2
719,0.809724049470387,0.589816592657007,0.228669920749962,2
1357,0.384544761494612,0.6134510445731,0.705104167899157,5
936,0.751618611689191,0.721906083426438,0.37802422773093,3
1574,0.380744456293152,0.552303122800279,0.704063265962633,6
1133,0.396625045352013,0.580082282462223,0.704875865545151,4
1128,0.384137354547858,0.577280722001519,0.704672158546622,4
333,0.427377716172487,0.513191016158089,0.150095417397097,0
948,0.75003745114198,0.652928691380657,0.524912523501553,3
74,0.260594743071124,0.315970360767096,0.110665861750022,0
188,0.918989334953949,0.951452579116449,0.168574047274888,0
654,0.810029865826946,0.588363427924924,0.131035011424683,2
151,0.204860049998388,0.986024046782404,0.209907312877476,0
148,0.409243791596964,0.837905341992155,0.700672280043364,0
1149,0.388016953915228,0.579462849141812,0.703770304095779,4
1070,0.379392248974752,0.584531958409111,0.690172673706938,4
597,0.779840795455966,0.726306633232161,0.138148484914564,1
1367,0.380155665077991,0.614378657970297,0.69624750506355,5
1276,0.383037990496478,0.621988565643103,0.7011456807598,5
254,0.305758455768228,0.366287095937878,0.536613809643313,0
1455,0.379542318581746,0.547235004753433,0.70710861675378,6
1451,0.384481037009573,0.565691337073164,0.705341055503164,6
192,0.122135381447151,0.465390010969713,0.0899317648727447,0
806,0.755215895383153,0.497896510665305,0.586707340716384,3
194,0.0752494914922863,0.722848453326151,0.683985587442294,0
447,0.782439887330402,0.575701207411476,0.413091530837119,1
1188,0.383450567448492,0.592563438394985,0.707309117169284,4
707,0.816391959008761,0.712178342649713,0.181098348041996,2
1355,0.379368216008157,0.602269297529322,0.709315122385695,5
295,0.939463994232938,0.0319698895327747,0.821438125567511,0
940,0.749725765022449,0.49138110098429,0.47350345836021,3
435,0.780900281008799,0.387812183029018,0.302212334866636,1
550,0.785485990061425,0.373979794699699,0.241963658994064,1
30,0.711311595747247,0.739177229581401,0.903388194972649,0
731,0.80871603761334,0.836482157255523,0.335890575824305,2
1479,0.385524203341888,0.554717569188819,0.71005679802924,6
527,0.778235523859039,0.705746725574136,0.117633397388272,1
837,0.747690491885878,0.760655312356539,0.55482105659321,3
1446,0.389334281631238,0.555763322880775,0.713650798663617,6
1203,0.391039659455449,0.623207682085485,0.701096545398177,5
1562,0.388033736111697,0.556114690350553,0.701465646995031,6
1067,0.388120087753569,0.583540095102149,0.708556045202227,4
814,0.753164936476387,0.719566717068665,0.425185891613364,3
604,0.809706928618252,0.475319645740092,0.130537247098982,2
1530,0.392334185758123,0.556885755314599,0.696269441025856,6
373,0.275711485883221,0.812904733698815,0.348803192609921,0
722,0.813662528211717,0.455678033665754,0.192233595345169,2
799,0.81262096214341,0.493898932961747,0.165345064876601,2
223,0.507914387853816,0.391739533981308,0.939130191225559,0
328,0.140024273656309,0.416942085372284,0.225298132980242,0
587,0.786103258435614,0.42980459916871,0.185319653176703,1
224,0.27432465669699,0.0348589983768761,0.723157919244841,0
1314,0.382069543172693,0.625062463665148,0.703173117250383,5
12,0.780118999537081,0.984593386063352,0.998398241819814,0
1081,0.379121045573176,0.583016484452196,0.708816249257938,4
785,0.811451538263354,0.682768180291168,0.397373210219666,2
178,0.231686478015035,0.910068439785391,0.945976743474603,0
1318,0.388468933160567,0.619822293339608,0.696562516594922,5
984,0.748741840203293,0.829442865704186,0.555534609756433,3
312,0.0267371858935803,0.166831193026155,0.950243768747896,0
1015,0.39349775581623,0.590407738943475,0.70202508182125,4
766,0.814386041795369,0.558252279669978,0.536263336474076,2
120,0.275594745995477,0.935826026368886,0.00332569261081517,0
514,0.782082613206003,0.690749014052563,0.593654621089809,1
1104,0.384143022120734,0.573695580350721,0.708246533712633,4
668,0.815724112174939,0.57403915959876,0.354492440982722,2
751,0.807452721453738,0.76759725229349,0.153325509675779,2
123,0.881342233158648,0.545008027693257,0.29714646586217,0
790,0.809126288634725,0.596388065512292,0.177343559730798,2
272,0.431205627974123,0.87801195262,0.234444110188633,0
1110,0.390356725588693,0.578456995825473,0.703616999987996,4
926,0.747774185328744,0.412537831021473,0.389509895979427,3
900,0.756140223937109,0.561893173167482,0.547141053527594,3
642,0.807455456876196,0.808610258763656,0.182535808579996,2
348,0.69938033237122,0.598367588361725,0.0528049452695996,0
888,0.749779365665745,0.509841809188947,0.41797771868296,3
1012,0.390652450117309,0.573826600236286,0.703822536437437,4
1351,0.386619304273859,0.61633604749034,0.69865791653124,5
419,0.784543039689306,0.412158241518773,0.483598224050365,1
724,0.808072831965983,0.630465809395537,0.425128435064107,2
624,0.808700882161502,0.577641479927115,0.440708440658636,2
609,0.814263329776004,0.488296782970429,0.533272780990228,2
638,0.810213527032174,0.548649807600305,0.237729045376182,2
874,0.755541361686774,0.858394921082072,0.52942069193814,3
440,0.779398706618231,0.813253520894796,0.211615187162533,1
75,0.335749282501638,0.266822199104354,0.905825617024675,0
279,0.769157551229,0.62767225317657,0.344322907971218,0
1094,0.381906035671388,0.59132725308671,0.699694954852101,4
931,0.749300877212081,0.464962604478933,0.204238342866302,3
276,0.786753774853423,0.0224888210650533,0.19741883338429,0
1361,0.398088682659586,0.609513234545522,0.704542690279589,5
351,0.662084970623255,0.878241632599384,0.937138768145815,0
104,0.721611752873287,0.0671168791595846,0.475813246099278,0
1042,0.390286738681493,0.589147387795422,0.704066101098193,4
1594,0.387628405030581,0.556845960253131,0.706353938860387,6
334,0.368845473974943,0.970265396870673,0.660380248213187,0
364,0.646725628757849,0.627198282396421,0.426748426863924,0
924,0.751184477210045,0.626156813022681,0.583788260049187,3
1206,0.382490974771711,0.6248253582503,0.702588047005155,5
1491,0.396913891752207,0.562668042247681,0.698011163402628,6
244,0.855193385854363,0.473006889922544,0.293259477941319,0
180,0.44683187874034,0.332571939332411,0.576129506574944,0
177,0.107267156941816,0.0104835752863437,0.615523152286187,0
1135,0.381593713860742,0.586739059208289,0.701812400856348,4
1578,0.388605838159481,0.558824576324141,0.698407764931698,6
420,0.786369061772712,0.69155091305729,0.284507844643667,1
5,0.162991342134774,0.84614284010604,0.0415370028931648,0
1183,0.381875609536843,0.579886552739535,0.700472333403945,4
179,0.648529179627076,0.164194672834128,0.368902214802802,0
1126,0.38176628874523,0.586168266718271,0.706220346402029,4
1505,0.383840933603411,0.55646977785333,0.704405589009354,6
1000,0.75065963535104,0.87131567185279,0.169099288457073,3
541,0.778359365230426,0.611850115144625,0.301141510414891,1
266,0.290576638886705,0.545433678431436,0.612687250366434,0
1169,0.383102172916526,0.587522643606025,0.699000949103467,4
1143,0.386618063258153,0.583300180044085,0.71007101353006,4
1029,0.386426567402041,0.589388810981259,0.71041624901851,4
741,0.80703514009947,0.663982407329604,0.533700143266469,2
1360,0.396904453959662,0.611457931782675,0.701688805034175,5
813,0.747931112837978,0.414758360036649,0.286849202518351,3
114,0.158261399250478,0.705114139709622,0.507386333076283,0
1407,0.377176233975182,0.543903886193979,0.698308014208209,6
1312,0.380595070350945,0.615289297719429,0.697935831411133,5
174,0.400916717015207,0.0773204525467008,0.011096534319222,0
102,0.287647826597095,0.592728745192289,0.0950766750611365,0
220,0.842068244470283,0.289110406301916,0.354769242927432,0
369,0.382312754169106,0.270095727173612,0.409703713376075,0
629,0.813010631778743,0.851014542765915,0.148519850382581,2
147,0.200415568659082,0.523871816229075,0.901870834873989,0
1139,0.381320419182448,0.582456594018212,0.704603219550116,4
1152,0.389999283175401,0.582085183886496,0.707479090833779,4
1353,0.393198405545073,0.618313730702261,0.693168525583635,5
57,0.209052402758971,0.688955931924284,0.873892678646371,0
1539,0.379582393466289,0.55202503515847,0.697344270719504,6
317,0.987557884538546,0.521309783449396,0.672941864235327,0
405,0.78207495597424,0.683728763391264,0.27400071923621,1
1122,0.389188188663979,0.577045863616011,0.69239820618736,4
375,0.940490714507177,0.418142695678398,0.227139034774154,0
216,0.162181595573202,0.94557945872657,0.506857115076855,0
599,0.781673111345153,0.647239237697795,0.262876207288355,1
890,0.750159229156561,0.465903482423164,0.531429696409032,3
304,0.949268832802773,0.61523077217862,0.0755346433725208,0
870,0.75150909681106,0.388550223223865,0.497774853999727,3
1567,0.389764182317897,0.548886898011175,0.701260368366641,6
253,0.460647021885961,0.184434949886054,0.378004086902365,0
774,0.807742539267056,0.471128707192838,0.540847906074487,2
860,0.746873504030518,0.74149299368728,0.546094017499127,3
398,0.0596502020489424,0.595004106173292,0.504493708955124,0
762,0.812671029383782,0.625775190442801,0.177267465670593,2
1164,0.396831128133493,0.58559032985476,0.692398973944607,4
511,0.780498522305861,0.847239455813542,0.154534340882674,1
1522,0.381347323431379,0.549935071454594,0.701419830641631,6
430,0.785011644857004,0.602034199773334,0.506099312962033,1
1236,0.388748596140856,0.620949437439106,0.69700214384799,5
672,0.807480375086889,0.372995490464382,0.234590987837873,2
282,0.666768688941374,0.133024090202525,0.583659442607313,0
865,0.747769565209746,0.620118715241551,0.290899316826835,3
744,0.808697619978339,0.572697622608394,0.36391214937903,2
1153,0.378482365704774,0.57695153284763,0.7036395847642,4
101,0.590195273747668,0.31059016706422,0.00507728499360383,0
469,0.782508007923607,0.677433822094463,0.332683420786634,1
1482,0.390866586886435,0.547630606430347,0.702856843306482,6
521,0.784100947228726,0.581276147067547,0.376476221997291,1
353,0.988432338926941,0.91915707453154,0.605826987652108,0
503,0.776712997336872,0.547608259506524,0.565661048912443,1
260,0.129558031447232,0.974268189398572,0.180234537692741,0
1348,0.383906180613024,0.608042454197223,0.702538651522812,5
236,0.648525887867436,0.300400971900672,0.760209207888693,0
1409,0.381010061773739,0.553195835748652,0.707701316751965,6
1268,0.386046043081732,0.622522098063962,0.703603548107702,5
1242,0.392609813045128,0.614854471928579,0.702239247514762,5
664,0.810174211114645,0.474340029316954,0.35434502332937,2
775,0.812711516830605,0.714410129142925,0.381265185237862,2
1290,0.381321684393725,0.605062515308884,0.70006876839505,5
1033,0.387648981292722,0.58423432107385,0.710059413971292,4
883,0.749189804352354,0.382139842282049,0.455739388987422,3
1278,0.386512770790919,0.622084144660266,0.700411434173309,5
647,0.80694931557402,0.811033261264674,0.400898986775428,2
767,0.807960822298192,0.519514787266962,0.373806176055223,2
199,0.236955384956673,0.200604233890772,0.298616185551509,0
713,0.811999733324628,0.678665667911992,0.117627526097931,2
1249,0.380925316432754,0.620850367837378,0.693633347753676,5
459,0.781562868542969,0.74111426146701,0.517859894479625,1
1091,0.380360452087796,0.581982551593855,0.708557630979028,4
1031,0.38295054465334,0.587909973368913,0.692911167050902,4
90,0.487729511223733,0.956332831876352,0.442801652941853,0
301,0.910299089504406,0.215391615638509,0.932263149414212,0
1558,0.387897353266939,0.548886856807783,0.701471011875034,6
359,0.00109483092091978,0.483524887589738,0.178373120725155,0
1176,0.384482509634727,0.597208526750256,0.703395426394854,4
1385,0.384998931198361,0.613312627905275,0.70539915045082,5
688,0.813728235657327,0.576826564408839,0.440989994490519,2
752,0.812323535522446,0.577614224539138,0.531076027359814,2
1424,0.391854996411659,0.553593119572244,0.702658139004145,6
1571,0.386126375182421,0.555415132259406,0.715629302091409,6
1282,0.382723685211178,0.603491880700299,0.705989163334106,5
1364,0.384801835858899,0.615455027138941,0.698033957783673,5
745,0.807580072148703,0.591110051982105,0.518540460546501,2
505,0.782336566897575,0.479354627570137,0.348150726919994,1
255,0.0348685598000884,0.116104608634487,0.660288035636768,0
758,0.816255080183037,0.667299812333658,0.192446182994172,2
367,0.191178389126435,0.654676289530471,0.790658832062036,0
339,0.456247137160972,0.199099353980273,0.872243228601292,0
1372,0.386974099805427,0.619555950671232,0.690845831381368,5
1510,0.38939872034907,0.551959669295815,0.705271703769021,6
1194,0.388282793287425,0.578786917870491,0.69997542431563,4
895,0.748605005212594,0.824765392951667,0.419350313767791,3
963,0.749941842779517,0.512044265656732,0.557611755141988,3
1002,0.39313135584758,0.583104201168886,0.697970453870625,4
374,0.869379464304075,0.452353852335364,0.813945044530556,0
1538,0.385880922034025,0.549879411850705,0.697063771097263,6
442,0.77756066772854,0.69174741327297,0.113381672697142,1
105,0.251170214964077,0.500863813795149,0.61255258996971,0
1191,0.388543991803671,0.591230501960734,0.70541155104403,4
1467,0.385089568648764,0.551472964121331,0.7033920250824,6
235,0.484234809409827,0.825166335795075,0.382446179399267,0
267,0.580465913750231,0.0575868936721236,0.72108138166368,0
1258,0.385573268313762,0.60081137559414,0.705194617357915,5
976,0.753984104678966,0.549080354068428,0.339399903942831,3
443,0.785610317122191,0.820608219970018,0.152443814487197,1
1557,0.376916390635499,0.550911629248492,0.697591927108119,6
193,0.533272904343903,0.124447872163728,0.395319710951298,0
20,0.622669185511768,0.665941661922261,0.667203512508422,0
1131,0.38537282730062,0.574464140996397,0.698738251199028,4
1239,0.389757731292015,0.619203612918299,0.698210620777517,5
1500,0.381994428441772,0.561142893395112,0.702928214374993,6
1437,0.394048647341432,0.555295706615227,0.691614507319203,6
1159,0.388554069523452,0.579385648136434,0.697679904319397,4
404,0.783041889681481,0.677297037467361,0.533143856958486,1
529,0.785748449461535,0.426049109338783,0.345558890420944,1
709,0.813543153619394,0.784804204385728,0.49903617198579,2
111,0.360757407266647,0.491757920943201,0.172992161009461,0
704,0.81537675105501,0.54948909827508,0.161013746331446,2
761,0.812556300624274,0.496204815944657,0.123911242047325,2
827,0.754993422313128,0.585538069042377,0.134229058912024,3
1506,0.382794471523046,0.560140788252289,0.702352444448424,6
950,0.749532276208047,0.61342642470263,0.246518770977855,3
1028,0.387278749393361,0.587965893607861,0.694434061566064,4
1202,0.38907185487279,0.616068210985894,0.698873043852007,5
210,0.250107364496216,0.937212677672505,0.99369298433885,0
70,0.352191665908322,0.64451963827014,0.0609228147659451,0
1049,0.380078657435719,0.578653747255477,0.707495481197348,4
617,0.807941844370216,0.680790169653483,0.241231234907173,2
183,0.510095132514834,0.82587325735949,0.0905358078889549,0
697,0.815256932766642,0.751976076886058,0.595626280456781,2
145,0.928441010182723,0.808095861459151,0.070478112436831,0
919,0.746838126252405,0.626155990781263,0.570611073216423,3
1413,0.386771274643569,0.547976119038383,0.700953425281796,6
81,0.951271073427051,0.15647811209783,0.217025632970035,0
66,0.849206135375425,0.731545261805877,0.010431025410071,0
217,0.970177479786798,0.159431582782418,0.132076991256326,0
452,0.776629526992328,0.421007833001204,0.206135016446933,1
791,0.812198201995343,0.611128806043416,0.241822659200989,2
55,0.848187043098733,0.602826933842152,0.939189375145361,0
1020,0.381455746108469,0.584648164245214,0.700382842549509,4
460,0.78503089268459,0.463506811554544,0.500532682682388,1
836,0.756090659664478,0.504227148159407,0.19736390390899,3
734,0.807904383947607,0.399695387715474,0.388452475820668,2
536,0.78443570998963,0.865531047480181,0.282545374752954,1
1294,0.388773083487066,0.617285252941319,0.701364141448842,5
1433,0.384186639942481,0.554791677763347,0.706574208600171,6
1577,0.388646741307955,0.551641881868706,0.706911758455881,6
523,0.782901500582229,0.586380274873227,0.282958625862375,1
977,0.7535411949642,0.783879373944365,0.527743221190758,3
1137,0.384528162203968,0.588322426092092,0.702070796499213,4
136,0.108615163248032,0.464020368643105,0.845176693750545,0
812,0.751225271772128,0.530308733251877,0.128704822203144,3
85,0.328781983116642,0.166664190357551,0.0773444729857147,0
1305,0.39191006184283,0.610295032178898,0.702898960161776,5
1335,0.382406989604524,0.616125708194655,0.702462893033461,5
628,0.808864850192331,0.590873315604404,0.463517481507734,2
1517,0.388576640691869,0.554066101529428,0.710827108789954,6
163,0.594875767128542,0.141209209105,0.213120161322877,0
479,0.781382822960149,0.817998252948746,0.401642779749818,1
1452,0.397915326889222,0.556149466516847,0.708031247496095,6
187,0.0553596401587129,0.959506085840985,0.00258504110388458,0
866,0.755468653573189,0.466998838959262,0.483288696198724,3
233,0.616584693081677,0.938568690558895,0.517475588712841,0
212,0.786150992847979,0.522623496362939,0.338584058219567,1
1435,0.385299137577013,0.554566308115079,0.693714699717392,6
1154,0.403192511242192,0.590028213649799,0.701566602399491,4
1487,0.381871004034216,0.561085001276876,0.703233328724467,6
434,0.783888976811431,0.374325949256308,0.213929019682109,1
959,0.755653080020566,0.714775991649367,0.227992721414194,3
1160,0.382940313292852,0.572902086699188,0.703322866089464,4
1350,0.387255568204624,0.618421064848702,0.718452174198415,5
680,0.807294731701259,0.859776903432794,0.398684362927452,2
246,0.478236556751654,0.43606171826832,0.607646913733333,0
1454,0.384315503769385,0.556861615338957,0.702339507049701,6
1184,0.383685868016957,0.58804786900377,0.707957878230259,4
132,0.00574921770021319,0.0472034204285592,0.939852104987949,0
590,0.781585778628942,0.631791946385056,0.125845252582803,1
1146,0.386634060895635,0.578508676598976,0.704571574231385,4
191,0.060578027041629,0.88713962608017,0.19329040357843,0
1449,0.384548047635064,0.552316370308224,0.696643905696177,6
515,0.778053415631875,0.663087081420235,0.357456994638778,1
1549,0.386076429787024,0.554303235484618,0.699773864049901,6
1228,0.393376435604587,0.605870085172162,0.704995946615158,5
1513,0.380264304578573,0.555235231186754,0.702957820020688,6
943,0.752895039625,0.488967986335047,0.570316314743832,3
474,0.783635670093354,0.536712772469036,0.419330603256822,1
693,0.808828258407302,0.751591704809107,0.287558766943403,2
121,0.299727258039638,0.809315271908417,0.803158606402576,0
289,0.244844587519765,0.484819364035502,0.869262868305668,0
1177,0.389571919699809,0.585035150650266,0.705663408792035,4
903,0.753733075547498,0.845938427164219,0.394728969479911,3
1023,0.390290210246934,0.573949482732326,0.700000807082752,4
510,0.780406272534747,0.658781738742255,0.554941771947779,1
1267,0.38818777211736,0.615135756021268,0.708340146736778,5
204,0.993286138633266,0.270838144468144,0.961669518379495,0
1261,0.3892503057253,0.616067470142086,0.701372462088319,5
1325,0.386538169316033,0.615706387004042,0.701701398020026,5
492,0.785807733018883,0.634529647324234,0.25039138905704,1
991,0.75624983250862,0.807400582963601,0.218107505165972,3
1432,0.376592758461286,0.550854746463281,0.699204969990809,6
909,0.750154032800347,0.390637339348905,0.142831959342584,3
1213,0.387154822612753,0.611492090783673,0.697301681162842,5
1125,0.381535811940062,0.57717179577794,0.695511284508347,4
726,0.812031219427008,0.799200674658641,0.395421390351839,2
1180,0.388579336194512,0.579244412131237,0.712636057178227,4
467,0.780530841504224,0.611983082746156,0.170773479668424,1
314,0.501540931407362,0.487365181557834,0.438308816635981,0
1115,0.380906187571802,0.576875898885484,0.701490570791854,4
240,0.138103746576235,0.944397736806422,0.633455317700282,0
401,0.78633882037364,0.402748822723515,0.589791798195802,1
1219,0.391742732094642,0.613503949870297,0.697220519881795,5
201,0.363182950066403,0.650492319604382,0.23198620416224,0
200,0.561673172749579,0.0462327850982547,0.626130508026108,0
393,0.8910405873321,0.690962837310508,0.0163632908370346,0
786,0.815274854437448,0.455761388665997,0.58126266899053,2
917,0.747470282264985,0.817542167170905,0.152448155148886,3
1430,0.38131793548455,0.551802516534743,0.703904553841015,6
1200,0.384366361626303,0.574513773149907,0.698019242073812,4
885,0.754618501968216,0.666857748199254,0.425094250869006,3
593,0.77772361605661,0.680743658589199,0.21487911620643,1
91,0.840370035264641,0.608327387832105,0.58977339649573,0
175,0.167004272807389,0.367880390724167,0.842912644613534,0
652,0.813330499192234,0.42589341676794,0.18444035788998,2
912,0.747884852581192,0.68092261699494,0.393930705776438,3
1425,0.396073231656139,0.55363988681541,0.706096022206414,6
665,0.811375973122194,0.575596891948953,0.470397281972691,2
669,0.812329500247724,0.602528963377699,0.433137111528777,2
395,0.0616543097421527,0.319747369037941,0.128651301376522,0
1262,0.382906488006544,0.608076710229665,0.699039740325061,5
108,0.270502260420471,0.32253681612201,0.185463411500677,0
248,0.0619186584372073,0.836207604501396,0.577791085233912,0
764,0.814138689383399,0.717589518544264,0.453591467160732,2
78,0.359422046225518,0.154423373518512,0.566497793886811,0
1291,0.387938286955013,0.621692817970644,0.696682414316298,5
1124,0.385716396716951,0.581224096540876,0.707706918325973,4
908,0.746849964826834,0.768113138759509,0.384256764012389,3
1525,0.384367021151682,0.549710090105712,0.700322388372794,6
551,0.783342647550162,0.4515714709647,0.198682134901173,1
1575,0.381025317527798,0.558026268424254,0.706896332711071,6
117,0.654702408472076,0.054075988708064,0.128472644835711,0
65,0.674326976761222,0.541697214590386,0.447269116062671,0
1173,0.38300791850125,0.585749242481062,0.706771941609225,4
1185,0.383623458444431,0.588850053422629,0.700059214943901,4
470,0.781066980729811,0.729423362435773,0.278931079129689,1
1273,0.387681075376273,0.621415010364105,0.697725006134813,5
621,0.808054572336841,0.387138042156585,0.137571368762292,2
1493,0.391917304133068,0.559306194825229,0.694769261613128,6
547,0.783856507271994,0.711473412951455,0.344865835784003,1
1141,0.392008366234445,0.584678229632001,0.704037093503794,4
1423,0.380536804143666,0.55024079490591,0.701230271630463,6
1429,0.386772252127759,0.551488666138325,0.709208997015651,6
327,0.79517514584586,0.60614202870056,0.0432309515308589,0
679,0.810538004005794,0.785370113933459,0.457760260021314,2
103,0.962770920945331,0.115444144699723,0.140956591349095,0
507,0.7827989366767,0.82278794250451,0.567531464318745,1
1396,0.383887731942402,0.60674293294385,0.707940567088635,5
603,0.809377037151717,0.849218833982013,0.403742817975581,2
781,0.810356815508567,0.413603012822569,0.39108200725168,2
1473,0.380804170841499,0.55622001675091,0.70315612166653,6
1022,0.385750763085685,0.583031190759607,0.700550184937691,4
619,0.810568823439535,0.5211883317912,0.492271808953956,2
577,0.779126743171364,0.587904342357069,0.411498708114959,1
239,0.227459706598893,0.107300033327192,0.879234001040459,0
1025,0.390379398626447,0.589625825118778,0.701890365438279,4
1245,0.387847007333992,0.616304159337682,0.700324501420439,5
1501,0.391478326047179,0.562607868384063,0.7077549732219,6
448,0.78620253847912,0.452386311045848,0.141660382668488,1
1444,0.383507254355772,0.553882890631901,0.705477046091658,6
1556,0.38994298792511,0.549194735958589,0.708748415172678,6
1327,0.381040829170197,0.619512904736198,0.694428621959286,5
1466,0.391649000162745,0.561224546707741,0.702090962301285,6
1004,0.39057822297001,0.57814669285369,0.700211952947589,4
320,0.509750383673236,0.691975679947063,0.285319147398695,0
804,0.755737871171441,0.787778917490505,0.184297487186268,3
332,0.220928360242397,0.726519870571792,0.0504719326272607,0
876,0.748431774955243,0.602160177915357,0.427812533848919,3
979,0.747618433998432,0.563481535553001,0.366885007522069,3
498,0.784074207074009,0.793794608232565,0.362184101413004,1
165,0.112216428853571,0.0861711353063583,0.157479267334566,0
746,0.814062307437416,0.841033123107627,0.212017795816064,2
520,0.780690945920069,0.731440924131312,0.183990180306137,1
185,0.150952987838537,0.977092206245288,0.353156745433807,0
954,0.751337160437833,0.488172448263504,0.467751562525518,3
835,0.749334946721792,0.536219974304549,0.363852587807924,3
727,0.813482635915279,0.787750973156653,0.522739160736092,2
966,0.756323751441669,0.530717024137266,0.206188295781612,3
1113,0.377964342566925,0.590594421009311,0.709026325776353,4
846,0.748917483910918,0.426701903482899,0.451469608047046,3
737,0.809481869281735,0.437224683724344,0.540732506127097,2
296,0.975923854624853,0.484599922550842,0.418762478744611,0
1552,0.386331340399716,0.547439779181534,0.708408624447524,6
1272,0.385275326235802,0.621151884440043,0.6947373677785,5
214,0.322052742121741,0.370575339533389,0.231088110944256,0
1380,0.383779861147872,0.619347483142593,0.699407698990477,5
589,0.779927864405327,0.561155960569158,0.387569922418334,1
26,0.255434696562588,0.972286545671523,0.408188682515174,0
41,0.301146487006918,0.0584320218767971,0.748179357033223,0
703,0.81435205147136,0.753837633202784,0.42269090951886,2
249,0.0812251491006464,0.861534978961572,0.0340996398590505,0
1016,0.386713866654023,0.584408660470862,0.704356601521564,4
152,0.557997201569378,0.336897823261097,0.207619777647778,0
1084,0.38310375921643,0.584273833505046,0.69923686060152,4
315,0.59027301101014,0.873475913889706,0.995614706305787,0
1469,0.38605241597543,0.549340092725897,0.70511093889715,6
920,0.754078699974343,0.409751362074167,0.122788917901926,3
575,0.777165838270448,0.606578412023373,0.138999254023656,1
1411,0.394975439110984,0.556813780371748,0.706218499939612,6
910,0.75468084633816,0.638064774940722,0.2206353883259,3
444,0.78119294869015,0.494092989386991,0.515412829280831,1
1064,0.381966117308469,0.57966785915093,0.692184663889541,4
531,0.779041088847443,0.635877789370716,0.57122155551333,1
58,0.414133776677772,0.0137306360993534,0.0804474181495607,0
1456,0.37783940585784,0.561456397271154,0.699079144150542,6
1534,0.389379878101775,0.554600550777655,0.705847263198755,6
896,0.747301815508399,0.377434294228442,0.45237663066946,3
45,0.858065101550892,0.964827571297064,0.0763918347656727,0
176,0.348275212571025,0.60484922491014,0.26606353954412,0
891,0.756285288522486,0.519720435980707,0.26903964933008,3
308,0.242201489396393,0.928790751146153,0.171068619471043,0
1398,0.392793119046696,0.621431241027266,0.69367611917998,5
1170,0.385790028014745,0.580150501465235,0.697787019904718,4
411,0.781157212592661,0.517969931615517,0.473903887136839,1
52,0.0702869496308267,0.651047410210595,0.859580565942451,0
465,0.785577436753083,0.496935068070889,0.486359820631333,1
297,0.696786935674027,0.44083830784075,0.541349161416292,0
1485,0.388824152785842,0.551968483659003,0.701246942691211,6
4,0.481588652124628,0.708141971146688,0.248015232151374,0
1150,0.390487363910478,0.588799162049257,0.703456515197984,4
1532,0.388958159919876,0.55367520231862,0.695499017807892,6
1103,0.384500783013748,0.583283012520521,0.700295827501559,4
1526,0.383233604055676,0.554055910446176,0.702177232139102,6
383,0.54354462842457,0.741728320484981,0.247192723676562,0
1210,0.388882305542673,0.60960731667557,0.702591172594063,5
130,0.817955836188048,0.356729163555428,0.719387165503576,0
1062,0.396397887509757,0.584834600624804,0.69811608330758,4
997,0.755778188232798,0.594126271340065,0.443124430649914,3
99,0.24553798045963,0.553761640796438,0.113345068180934,0
143,0.728993435390294,0.674889576854184,0.840253932867199,0
1024,0.384289066436375,0.585855907290654,0.703972406397829,4
915,0.752048331534024,0.545000093663111,0.38767947354354,3
1403,0.3827832239419,0.55610633777569,0.706491223820478,6
1148,0.385803642793694,0.582643541327784,0.700968041397876,4
89,0.828387757996097,0.0356789932120591,0.0738612704444677,0
1339,0.394045645004785,0.61431669206723,0.702238889534993,5
468,0.777688431586139,0.674733364162967,0.294643015996553,1
1044,0.375868630669835,0.592303641952491,0.705226604648014,4
280,0.67786373430863,0.818742398172617,0.981699445517734,0
341,0.179129677591845,0.392444900237024,0.887046386254951,0
1383,0.383103567390379,0.618832628341282,0.69729521052611,5
1326,0.383195767114708,0.616095530023417,0.701983244528255,5
1302,0.383336802022809,0.608287816334158,0.699288813015071,5
476,0.779199456009083,0.79393370684702,0.375319080124609,1
228,0.532209943514317,0.796576360007748,0.76792286708951,0
988,0.748947077915072,0.560243519977667,0.115899077663198,3
1241,0.390892002638411,0.605001576397883,0.702475723500985,5
409,0.779838618331123,0.789601702149958,0.543911750824191,1
1447,0.382467149359316,0.549977666998979,0.718313495780762,6
793,0.807741149370559,0.643585618259385,0.425181152578443,2
1127,0.390116509101935,0.587831436939935,0.704595164885826,4
181,0.339104745071381,0.188399541657418,0.190740137128159,0
569,0.777916753378231,0.742684271209873,0.561274671624415,1
1402,0.376127580096009,0.548842986198655,0.711634123307762,6
718,0.812817541025579,0.620527832792141,0.226653312146664,2
1566,0.38495630449437,0.554992289354261,0.702100741590667,6
778,0.814969768021256,0.439831948513165,0.444116487796418,2
839,0.750829387202393,0.485711761657149,0.580022299825214,3
841,0.747960619006772,0.683073722315021,0.59600397401955,3
380,0.806578335817903,0.946775765856728,0.03322962555103,0
390,0.881737749790773,0.748190487502143,0.698820560006425,0
1097,0.389885072657084,0.583241463096125,0.701151926447996,4
853,0.755623201797716,0.845446362649091,0.450244550523348,3
820,0.747633981085382,0.708010016265325,0.371125975670293,3
156,0.256016221828759,0.25578639912419,0.663237732835114,0
54,0.126352532766759,0.156943574082106,0.139714852673933,0
892,0.755202214817982,0.564926288463175,0.272050990187563,3
1418,0.387167858925927,0.558033553393996,0.695506219621622,6
106,0.32761450461112,0.926024441141635,0.958380830008537,0
1299,0.375401482087048,0.620335797344437,0.697824488715991,5
1483,0.387556770102711,0.561779382899003,0.701262873709807,6
1331,0.389315389473755,0.612056392154834,0.69760219157469,5
107,0.579560032347217,0.770671178819612,0.396333209471777,0
1598,0.392893818844377,0.555992705245467,0.710376648142637,6
394,0.470731003209949,0.819835331756622,0.470464031444862,0
437,0.77697738558054,0.402732692682184,0.481370641663671,1
1218,0.383687480495165,0.606338073609641,0.705332133109102,5
811,0.752989324310329,0.476525279949419,0.172867653006688,3
1321,0.376030204624042,0.613794701006053,0.696174782702683,5
700,0.811280250945129,0.524776844563894,0.201999013940804,2
716,0.810829681612086,0.51237336746417,0.345403847214766,2
623,0.814807021354791,0.779038285743445,0.400078603345901,2
887,0.74844173372956,0.444477391219698,0.523172616073862,3
17,0.958118403097615,0.925709360511974,0.0958188970107585,0
1134,0.39674658793515,0.58561416304112,0.705806540060489,4
1055,0.3831074879882,0.58593077583146,0.709018121013776,4
247,0.714471623767167,0.49022877891548,0.00274368352256715,0
19,0.40080438554287,0.160155386896804,0.101327001815662,0
784,0.811919976938516,0.593377960985527,0.583671483607031,2
674,0.811473446097225,0.521739452169277,0.484659332130104,2
1404,0.389793552274456,0.557445518627424,0.704514171089565,6
284,0.648141538491473,0.50484823435545,0.0393772143870592,0
739,0.807227304261178,0.868106463714503,0.554347219574265,2
407,0.779310088409111,0.695742163830437,0.505986797320657,1
673,0.812684812927619,0.484410687722266,0.347863227059133,2
1329,0.386429200722187,0.614607254275896,0.70001977441058,5
1039,0.388709846576882,0.592253875911443,0.713517110264011,4
118,0.0361328364815563,0.360929541755468,0.491116466699168,0
580,0.782335818919819,0.470690157054924,0.523570105596446,1
