3,0.0846706733573228,0.419834847794846,0.662719654385,0
550,0.493902533231303,0.722031256672926,0.175956487865187,3
1075,0.609120704314563,0.210622048071529,0.514149604930649,6
325,0.545042596503627,0.494917472731322,0.323888544435613,2
814,0.610523713167832,0.228480999939985,0.506367200206296,4
1262,0.609517318698827,0.208262582247584,0.510622603926469,6
644,0.488174035768025,0.640322541026399,0.230664759152569,3
443,0.552386456814129,0.394699928024784,0.456630724575371,2
847,0.604186198922799,0.239174448269881,0.516514476432878,4
671,0.601398092544141,0.239007646466272,0.509618076741773,4
481,0.486867459141649,0.410975676053204,0.0717339354800061,3
718,0.612746796854632,0.231180256877129,0.509364560997481,4
218,0.515613802869339,0.879248087550514,0.0504419692791999,1
1158,0.607811821064569,0.200475349775931,0.504627962012006,6
410,0.545907547334209,0.547700295131654,0.277571041230112,2
283,0.546046200096607,0.589811077248305,0.461133643961512,2
363,0.550308089968748,0.824233368760906,0.0494777299230919,2
1049,0.615675078531009,0.266192009660971,0.516033206798303,5
836,0.607417715005288,0.242455991126275,0.50895323970513,4
542,0.490248432545923,0.593244439829141,0.0927166460081935,3
1256,0.609085079457455,0.206735191998859,0.51563942243434,6
510,0.48508792957291,0.821336159738712,0.488202598621137,3
756,0.606075194030981,0.231451883569652,0.511908958911791,4
833,0.608940426443469,0.238758853445497,0.511923977557113,4
1151,0.59709499941954,0.205448710970134,0.506773321668544,6
560,0.492972793651279,0.452158127352595,0.397194891562685,3
1155,0.597867068281608,0.208256830031642,0.512577774497005,6
901,0.611071977895024,0.254817402605515,0.500809043537508,5
896,0.60746590887633,0.261253276802803,0.500429785477316,5
1207,0.615968815582918,0.207254274913467,0.503664836067277,6
1150,0.610706382842866,0.205260861036554,0.511784461651015,6
1203,0.601479170198756,0.206049859835975,0.507755626485495,6
708,0.600933270397375,0.238736373594956,0.50219147699762,4
10,0.706034096656367,0.326905061490834,0.181415279163048,0
570,0.487751737723593,0.642373397969641,0.37838779061567,3
1260,0.607358614469018,0.198059047343042,0.520374831204856,6
631,0.491194284241647,0.609955034358427,0.170817210548557,3
314,0.545029909748118,0.569427024829201,0.395605306699872,2
34,0.623528375057504,0.578999577788636,0.682802501833066,0
980,0.603574769353929,0.268274564379587,0.514721545587293,5
251,0.514859582472127,0.408813600568101,0.284705230477266,1
351,0.551825709443074,0.63577556530945,0.235453004925512,2
5,0.794628648087382,0.281862425152212,0.632701397174969,0
360,0.548471663154196,0.875567691074684,0.239725857018493,2
1072,0.602799505256439,0.210819754944801,0.511390087204672,6
932,0.604883002452376,0.271975016676717,0.510763003564586,5
66,0.518439305867068,0.647082169214264,0.017387410835363,1
1164,0.598570072080535,0.209646409106129,0.510058620202309,6
535,0.493721188071649,0.751006876374595,0.216917423740961,3
318,0.550700801918283,0.397856972902082,0.220764283300377,2
103,0.515607768646441,0.46751107708551,0.202005689940415,1
639,0.48738384911092,0.673508980683982,0.0575562932994217,3
473,0.493814561816398,0.597119544772431,0.251862426032312,3
622,0.485651142455172,0.539622431877069,0.170677690161392,3
126,0.521179203276988,0.818391429982148,0.368709106906317,1
1193,0.604081722478576,0.205951147027733,0.509779613541513,6
534,0.488246790026315,0.538454747083597,0.126022128830664,3
729,0.608568112092989,0.23235500142622,0.511389150434803,4
1083,0.611114932639227,0.203679026225058,0.512944811646717,6
489,0.486257752964739,0.607642479962669,0.182356543699279,3
703,0.603773110534253,0.232848804904046,0.511858338196594,4
555,0.493234746777452,0.860027792654,0.477979146153666,3
1229,0.604169191503514,0.205449974519199,0.510586213132963,6
1258,0.605184266485924,0.210574666622186,0.505916625660364,6
199,0.514162615048699,0.857104171789251,0.0415832125348971,1
1223,0.612093909702545,0.209305811330896,0.508585637483659,6
616,0.490127219962887,0.482511006784625,0.467280055722222,3
1159,0.609029622937849,0.204728658047037,0.517308883295022,6
1237,0.605703955554435,0.214262135135602,0.516481518939799,6
77,0.523057871991768,0.568891337164678,0.390510417148471,1
772,0.605121025827304,0.225383261425206,0.509225514113921,4
458,0.546847268240526,0.45885492968373,0.394325398467481,2
954,0.60657584584932,0.261293600387836,0.516829466124789,5
69,0.520574655360542,0.415364031703211,0.105528142978437,1
930,0.604117846506067,0.262252996038097,0.502038420721713,5
401,0.544953485797159,0.812949574692175,0.487447966332547,2
1170,0.604753546209682,0.203329289623631,0.512706832934671,6
977,0.605299949134699,0.269323426128243,0.517640740378364,5
577,0.491032084999606,0.574610902369022,0.0581703481497243,3
796,0.603596019099244,0.239015126084997,0.508730531077788,4
1189,0.592958815048546,0.202874921846395,0.518344757171692,6
1213,0.59458802204166,0.205716262528088,0.511615356126355,6
529,0.487387739797123,0.509337072167546,0.065938695659861,3
1071,0.607501101440884,0.203652177204921,0.516930457451227,6
302,0.545665684216656,0.503994858963415,0.297378490888514,2
1235,0.602195136791138,0.212123240478739,0.510438061413371,6
1197,0.603973807653559,0.216074436898735,0.520519730396728,6
84,0.518572900299914,0.473950113425963,0.463814512570389,1
1219,0.607279522817807,0.201791760989227,0.507989229578769,6
934,0.609138783944561,0.271484035709962,0.509882497785995,5
94,0.515680768550374,0.836645453609526,0.0653911347966641,1
590,0.486012537581846,0.88132963355165,0.236907893186435,3
198,0.520573890125379,0.464859884604812,0.0218199532013387,1
687,0.605473916140886,0.249658486222432,0.516037256408627,4
1073,0.615532436328934,0.195857620753745,0.501462887338564,6
841,0.606029016662623,0.238757918813232,0.513136886508207,4
1230,0.611237655964374,0.201387136919907,0.51071751896823,6
705,0.612776221543076,0.238164327480595,0.509345814704898,4
906,0.598624625909839,0.269086824973837,0.505597188537602,5
182,0.521601461211685,0.613868386042304,0.474024143046699,1
475,0.493326253963169,0.737956716585904,0.10057629281655,3
888,0.606562581857312,0.25748489354287,0.502291894290012,5
187,0.516857657269575,0.607572543341667,0.461469060368836,1
553,0.487058906524908,0.526282628788613,0.273030267772265,3
335,0.550199268797878,0.87798133622855,0.311342668230645,2
1208,0.609723774330177,0.198006760123929,0.517424116131666,6
98,0.515550734174903,0.390529368794523,0.216967142978683,1
227,0.522571984750684,0.528346740431152,0.180260169995017,1
301,0.545446486019064,0.384572547418065,0.462372595537454,2
323,0.550491423732601,0.507865157932974,0.321699634869583,2
22,0.559911831747741,0.298519744770601,0.833710383623838,0
827,0.60712122740695,0.236588947713651,0.502414261221934,4
606,0.491297040947247,0.39969936341513,0.0227120886323974,3
461,0.545710726329126,0.542754127085209,0.0679669554578141,2
158,0.521213708491996,0.499497596663423,0.363970793643966,1
70,0.521688084336929,0.414391694613732,0.0290128558175639,1
605,0.487711293443572,0.860675704339519,0.0454279505414888,3
147,0.520014238350559,0.596035062242299,0.337438257737085,1
1261,0.604882416055038,0.209376766635111,0.511340707745621,6
662,0.493907482132781,0.713507780130021,0.114607651811093,3
858,0.603402214317321,0.235046391711943,0.510270733695945,4
388,0.545989811609033,0.675073786894791,0.146935451868922,2
738,0.608256302486464,0.240770647202923,0.51613533166681,4
623,0.486434184717946,0.620148346200585,0.415681103221141,3
407,0.550849603794049,0.550187162612565,0.162973501929082,2
899,0.606987839346217,0.268490958922081,0.502902669070916,5
266,0.546300502046943,0.496239559631795,0.382622128212824,2
927,0.613410463582123,0.268523444194129,0.507758811875932,5
1109,0.612044679337482,0.211275120120712,0.506060616555853,6
538,0.493071521434467,0.645412631006911,0.172068667807616,3
621,0.484958055110183,0.694169184099883,0.335525339795277,3
715,0.598659212231177,0.231824004665468,0.50662052101408,4
1061,0.601380322620727,0.260018827414448,0.49750341317831,5
910,0.609982288585967,0.272092943025121,0.508543626240751,5
279,0.545538905779831,0.863760567642748,0.0596477780258283,2
170,0.514257663127501,0.586379194189794,0.46643204332795,1
1,0.931733125122264,0.448189528658986,0.37759285303764,0
1131,0.606675153151093,0.212720470602999,0.509487087790557,6
235,0.517085017811041,0.880547645525076,0.489901981176808,1
125,0.516635256640147,0.784952521347441,0.482180838682689,1
1023,0.604731218051576,0.268336908246655,0.506184232322191,5
988,0.615572175122694,0.269017659063148,0.510118256220868,5
1205,0.609599872733445,0.203860256447992,0.512950825022391,6
102,0.517731252226513,0.78872884940356,0.244817490433343,1
1239,0.60233046305677,0.218908131173035,0.507646898432326,6
431,0.545049559657928,0.735380916879512,0.394887839769945,2
262,0.523570477098692,0.428829807811417,0.283005005307496,1
875,0.612460429342579,0.267848911328657,0.510108189351096,5
941,0.604497536541477,0.269005308208837,0.51788326865135,5
1163,0.608238959557717,0.199138402288938,0.515312464592724,6
328,0.550595341201406,0.406072948500514,0.387569335266016,2
1092,0.606864720436248,0.209484326462383,0.506012765344065,6
161,0.518755267967936,0.832075633015484,0.162951087439433,1
955,0.602956224006252,0.267346578440414,0.510040358900441,5
755,0.608239674684902,0.24482504606992,0.512304752667134,4
162,0.51885486864252,0.713815666991286,0.396248449198902,1
412,0.547306713452563,0.58317238711752,0.0765061813639477,2
890,0.603959882239179,0.267007508620888,0.5052523921989,5
306,0.547859007148072,0.702936643757857,0.202748158224858,2
1209,0.603335704009946,0.20784430119076,0.512814385541859,6
508,0.486175939650275,0.717275025113486,0.147857282869518,3
936,0.601361561525346,0.270710152862925,0.512666018563315,5
139,0.514669134491123,0.635740208579227,0.0326451685745269,1
1029,0.605355830715451,0.265590941177565,0.517367161939916,5
1157,0.609372752195835,0.199985747291554,0.509380014785586,6
265,0.551064408386592,0.832247076695785,0.304109383584,2
336,0.546222305756528,0.724434475437738,0.0189904194325209,2
181,0.517862481684424,0.761080983700231,0.114765797602013,1
417,0.54685698710382,0.460768918530084,0.174901827215217,2
1110,0.602922323499703,0.202055290037019,0.513114623587138,6
981,0.600050227794521,0.272402299945757,0.515603008863003,5
713,0.608626862973612,0.229574482248562,0.505649930918294,4
476,0.492123532132246,0.433141089999117,0.023160153045319,3
248,0.522232423373498,0.645653798384592,0.449807196599431,1
383,0.544870991404168,0.732288858294487,0.347237606742419,2
557,0.49284251031233,0.827101500146091,0.286280626640655,3
569,0.484915755421389,0.471075547300279,0.288825341244228,3
32,0.0793830300681293,0.983713438967243,0.429923880845308,0
828,0.611225448901293,0.237452261893644,0.506211929068857,4
1160,0.606550839094773,0.20210778626339,0.50297529592427,6
334,0.547682818670291,0.700085481768474,0.030997083731927,2
364,0.550524450573139,0.799668919085525,0.118303146655671,2
619,0.488410133540165,0.789029562636279,0.282167107542045,3
246,0.518404607214034,0.474404456233606,0.467716399556957,1
64,0.515682975826785,0.627148974011652,0.300209382059984,1
1182,0.609666874779305,0.207763986933527,0.50837649501714,6
765,0.599947072488778,0.232988023997347,0.511774547535221,4
291,0.549146611432079,0.559905495285057,0.41602597348392,2
394,0.547887389985845,0.573412395804189,0.409676617803052,2
236,0.519465831895359,0.634930923255161,0.155313105997629,1
173,0.522470889757387,0.775108917756006,0.465695711644366,1
89,0.520470661681611,0.480946757853963,0.318803007341921,1
821,0.61497900887776,0.240390494549055,0.510161134634388,4
465,0.487930017372128,0.824012579303235,0.28804453634657,3
607,0.493151555662043,0.627769222855568,0.482096130819991,3
1178,0.601192716830474,0.204645852571041,0.504651237973374,6
950,0.605792246729781,0.264463379670399,0.510367865239431,5
1013,0.601844830082557,0.268321630350493,0.505150953256813,5
609,0.489500967802014,0.832695736573078,0.188146005477756,3
790,0.603819433223482,0.245854681553686,0.507955017432046,4
454,0.545153222505469,0.538269492122345,0.214615768496878,2
234,0.517065377540421,0.461840381636284,0.453190978011116,1
968,0.601593041920906,0.261102123183071,0.506079880224187,5
1046,0.61466077822544,0.270751116089367,0.506304553708855,5
945,0.601471781565444,0.2725850602291,0.514618445860122,5
1106,0.602926006596044,0.211303380156732,0.514015951056111,6
441,0.553407497683074,0.728160105552524,0.493201706535183,2
766,0.610666888901006,0.245814005345878,0.521668137935895,4
579,0.489606859325431,0.728704906441271,0.116514723026194,3
511,0.492803299163934,0.503550991788507,0.1231987840496,3
829,0.603724074721216,0.225046627867149,0.517967581548962,4
268,0.551227591778152,0.482741269422695,0.0166390638099984,2
952,0.601821120639792,0.262141036067903,0.506699195144054,5
673,0.60390983105828,0.236551660063226,0.506233094023461,4
742,0.61633730286119,0.228108058278442,0.51856096446209,4
416,0.5509923328273,0.612069119024091,0.0823744378052652,2
985,0.601658867380101,0.263026414252561,0.510821052327212,5
231,0.516956764992792,0.535319999465719,0.35306936907582,1
339,0.553682701543439,0.57160351020284,0.452413853816688,2
1008,0.602918013162242,0.265556916769517,0.518099322770374,5
887,0.616389903485066,0.273132970315244,0.507306268041061,5
292,0.553485624042805,0.782425703620538,0.162114889221266,2
794,0.609642733461488,0.240978727858364,0.503809995842503,4
75,0.522712503818329,0.543514046724886,0.444523081742227,1
1005,0.605292769211116,0.260888303537205,0.515206935544219,5
25,0.132278893142939,0.192839729599655,0.615612766006961,0
819,0.605547100740603,0.226182617721682,0.512373405167154,4
219,0.514691816456616,0.676304387417622,0.312813574657775,1
702,0.602258030786021,0.23220295874093,0.509048251843657,4
348,0.550584985977039,0.691261710156687,0.0743849150370807,2
1132,0.607554637664161,0.20625016489503,0.507142138447119,6
618,0.485388348510023,0.737738764868118,0.417106952262111,3
249,0.521515950371977,0.435659489152022,0.352444168739021,1
299,0.549410819122568,0.583553980709985,0.0728375412058085,2
1140,0.596794817170377,0.209111693403097,0.508174714816491,6
786,0.60323488555694,0.232842254510267,0.508424224442074,4
610,0.484164582334924,0.516916432441212,0.456022018194199,3
155,0.516229205604177,0.456774808373302,0.0714994793292135,1
20,0.572538495762274,0.109726093010977,0.00515671516768634,0
818,0.596001314313131,0.234103254479779,0.517571508257367,4
137,0.518410586090758,0.627748176828027,0.438341979961842,1
260,0.516381926126778,0.74662650518585,0.115207551140338,1
342,0.544664497091435,0.512830932415091,0.323217261675745,2
505,0.49402730054222,0.640305934147909,0.28486492796801,3
384,0.549927762814332,0.871740728523582,0.0302874858956784,2
340,0.549075803123415,0.805575526226312,0.4925951031968,2
324,0.552682970869355,0.547066065506078,0.314769879658707,2
386,0.550793248857372,0.561993027245626,0.00531542927492412,2
487,0.488563109147362,0.552224351116456,0.0458569046808407,3
273,0.549544404933695,0.674404573999345,0.173179488955066,2
60,0.390307114226744,0.825172682292759,0.89929867349565,0
1062,0.604909462289516,0.267358084156205,0.50100262075022,5
1063,0.604027717036237,0.273474453443082,0.508584587252885,5
115,0.523322619351093,0.771988013898954,0.479916636110283,1
866,0.611372721021256,0.266568388247709,0.510882447296308,5
675,0.602436657412414,0.239911376201748,0.508888150559805,4
1070,0.61060304363045,0.21241603139456,0.51366703602829,6
346,0.553570939793717,0.680113529809751,0.34659092486836,2
405,0.553075288766995,0.882624076120555,0.0569633103208617,2
1104,0.621651412262412,0.21107508929084,0.515617967569873,6
996,0.613514675066142,0.270977097111204,0.503942937544979,5
373,0.55311220696196,0.712178736249916,0.384459939412773,2
409,0.549150612088852,0.828293216787279,-0.00221006609499452,2
710,0.613193118579588,0.24157878307576,0.503131705703827,4
496,0.491500510831829,0.389914515684359,0.455303357308731,3
85,0.515689882093575,0.4695072933333,0.451742432406172,1
859,0.597973769073396,0.238339735251715,0.509650518307209,4
1166,0.607896424642755,0.194942599907461,0.511618892101087,6
114,0.518716020297725,0.555777464201674,0.379178121895529,1
878,0.605323393395491,0.270502403406885,0.50576447188141,5
362,0.551520487051457,0.724500862439163,0.0410049236146733,2
200,0.523031132631004,0.730169074283913,0.0153304966865108,1
867,0.596554666009247,0.267950404349096,0.512554983451682,5
96,0.522807305373717,0.674450350017287,0.454066132870503,1
643,0.488398753094953,0.822108047571965,0.323954861122184,3
1087,0.606862778859869,0.20169257451149,0.511458592745652,6
376,0.550673164622858,0.860389456874691,0.199052996793762,2
195,0.523676470515784,0.735480353608728,0.319839688809589,1
1174,0.607676212610259,0.204086587457448,0.508164976573662,6
519,0.489346274246927,0.577431718609296,0.124464647704735,3
1066,0.607964146213004,0.205055059528313,0.505167930344201,6
280,0.548102593256626,0.862147255474702,0.38253650101833,2
740,0.599944787043275,0.234569158431739,0.509195831581562,4
1192,0.596341055971764,0.205236811345567,0.509323059377101,6
81,0.520291511532851,0.7328661396401,0.177242887066677,1
1116,0.591421005327398,0.212266394998453,0.514371968494632,6
615,0.49145634438144,0.882516307779588,0.11772118890658,3
233,0.519111270459835,0.469255887810141,0.391877976455726,1
889,0.605518759654416,0.268517653781888,0.510111983890897,5
216,0.517939104679972,0.409963057166897,0.139118028315716,1
701,0.603374087095546,0.230718624652629,0.519197275016373,4
578,0.48464406487532,0.595799050317146,0.134229480382055,3
1086,0.61471167754017,0.201717301448368,0.508106765638791,6
803,0.614629871432321,0.230627978077199,0.511782677121516,4
26,0.420780759537593,0.189811173127964,0.37200061744079,0
1121,0.615578544070336,0.198682980918511,0.508409180988374,6
176,0.523943067761138,0.435708825616166,0.303480304521509,1
640,0.486099959735293,0.558224514964968,0.237695326306857,3
157,0.521067997948267,0.491042261035182,0.368420226476155,1
805,0.597387924539661,0.237464265727014,0.50989068747899,4
1248,0.600785363139578,0.208472423599879,0.516869141325357,6
895,0.604983311848629,0.264787291179385,0.515988630399504,5
647,0.48566828627605,0.643478373787366,0.341447189659812,3
1152,0.601434720753079,0.212827090951267,0.504907499963384,6
437,0.544400912064593,0.804862052924,0.0475267278729007,2
91,0.522143753841519,0.707289910549298,0.166734855365939,1
514,0.485743562057614,0.789920856500976,0.203726061829366,3
599,0.49104012619704,0.862814631685615,0.462379930634052,3
329,0.553865611068904,0.773230097047053,0.0786043769679964,2
1100,0.603798467858346,0.209597519611076,0.511263493312708,6
789,0.605534318164298,0.230648760445603,0.506389332341802,4
850,0.604722632518579,0.24301946577087,0.513904745785737,4
53,0.0253624699544162,0.366750056156889,0.116764590376988,0
964,0.603619116586999,0.260427588074353,0.51401991731145,5
862,0.609808706343058,0.237438352419412,0.507523486185689,4
366,0.550809372507501,0.733030970580876,0.483444371004589,2
928,0.610504591194459,0.27395864338446,0.510023910465086,5
1206,0.609879545639541,0.211708602004219,0.520542648888078,6
969,0.606731535931374,0.266673436212722,0.519592564160209,5
243,0.520205192940775,0.412546354834922,0.33092653376516,1
700,0.605667186958978,0.234947828228827,0.515994244527335,4
626,0.489123844557907,0.631009940430522,0.478362333006226,3
1145,0.598838576052449,0.205820432439291,0.51514703718565,6
237,0.52283257099567,0.427096821041778,0.0372296194313094,1
963,0.614689867174779,0.271936791475495,0.500034541147397,5
177,0.520429333052598,0.661182979959995,0.288733516447246,1
449,0.545155819850042,0.861694999411702,0.332299710693769,2
261,0.517477347014938,0.760376852494665,0.287288476922549,1
853,0.599377871487936,0.237858135024587,0.504755139516195,4
900,0.606199336073417,0.262040592413705,0.505733931016913,5
128,0.514993581883609,0.827931078756228,0.156054514553398,1
1051,0.612575606389907,0.263738578085472,0.510064202562747,5
206,0.522203336746898,0.517190648848191,0.141292191436514,1
1010,0.598116268950993,0.269521809790896,0.514948869396579,5
313,0.549943081422243,0.612665265356191,0.170833962946199,2
651,0.48683551965747,0.531404354050756,0.0275727847823873,3
699,0.609515318134845,0.231167764591752,0.509330187660703,4
680,0.603248771538677,0.238211405923246,0.507128047373177,4
99,0.52161215928616,0.711301046912558,0.0657638633623719,1
997,0.605688071579199,0.267400676570016,0.51619746802747,5
485,0.491269770092331,0.807761243800633,0.154724214668386,3
33,0.0267782886512578,0.624497615266591,0.050309777026996,0
141,0.515714561189525,0.735334120132029,0.434767634817399,1
598,0.490336772592273,0.734940291522071,0.422355948574841,3
225,0.515988417218905,0.721961336582899,0.00886254685465249,1
154,0.523640604270622,0.508806926105172,0.260052114119753,1
568,0.488927140985616,0.51522860119585,0.242428068397567,3
845,0.605606752977492,0.243271223608564,0.514196939417731,4
711,0.600083611653351,0.238167034545271,0.503974903095036,4
918,0.614477964206295,0.270903755125311,0.516832845710526,5
426,0.553220654143952,0.60596359919291,0.0328000485664234,2
692,0.604885727455191,0.237140578244029,0.515204188776308,4
1214,0.608818196455634,0.210876999037771,0.503186530815811,6
962,0.602326776484039,0.257447359544647,0.5094593004204,5
1245,0.602916632405245,0.201648298485352,0.512051886748978,6
629,0.486289380702656,0.735738769662567,0.0998621831880883,3
365,0.547177357266191,0.59566739005968,0.327479010191746,2
165,0.516743394150399,0.807301613991149,0.225359655893408,1
1218,0.61094764502997,0.206223615007057,0.515466010067617,6
603,0.485466555275489,0.422151467786171,0.206106139323674,3
907,0.610670328849958,0.258462600423362,0.506318566498393,5
1254,0.6142205929928,0.211787928393646,0.503244928333969,6
391,0.544094555899501,0.807251043524593,0.105564766074531,2
905,0.604228972431905,0.263716947812367,0.506734066936337,5
881,0.603934281573275,0.255371963702805,0.51257991937033,5
271,0.548153949286789,0.40402662337292,0.250857804645784,2
420,0.549215930453502,0.775722052808851,0.23736769715324,2
1058,0.603608325762779,0.264158816617384,0.51191388174062,5
97,0.517872384882066,0.699735466181301,0.415204798895866,1
180,0.516375831994228,0.595359393185936,0.406550030433573,1
133,0.514844454883132,0.44230908122845,0.124064106470905,1
726,0.610085036919238,0.227318787166096,0.505379453769074,4
1173,0.612763485389685,0.208118390176592,0.516346892349959,6
308,0.552099036979489,0.841713893832639,0.0919399907346815,2
31,0.61329519469291,0.589923696126789,0.303010040894151,0
871,0.600509351151309,0.26000637863062,0.517514475193459,5
825,0.602932431247613,0.239766270581441,0.505260583133884,4
491,0.485911135715432,0.71958043964114,0.488661518762819,3
186,0.521468271908816,0.8206760130357,0.132386798714288,1
83,0.522661689091474,0.649776349915192,0.111019829148427,1
1241,0.613758797477173,0.203523111684109,0.512682293854827,6
951,0.60722945862923,0.266366600905924,0.514769352588374,5
1200,0.604572849569277,0.215087909528388,0.519270840683568,6
341,0.545170888281427,0.829407393955626,0.415965684200637,2
393,0.545164368024562,0.499596653413028,0.16261851284653,2
8,0.439393728272989,0.564492770005018,0.879529732745141,0
800,0.61090113575077,0.227440050959449,0.513375471631034,4
637,0.485748143147211,0.872607328137383,0.255125209665857,3
549,0.491720866546966,0.47345159763936,1.05249695480092e-05,3
757,0.60843341744412,0.231569551960937,0.510677993380518,4
848,0.604634000321277,0.236187472320411,0.509988794722524,4
1016,0.614891467666216,0.259366797543877,0.511634712079495,5
2,0.307259685592726,0.522791779832914,0.624288990162313,0
289,0.549960367525928,0.388608459872194,0.261313180066645,2
1143,0.604594258996446,0.202153105061556,0.506971827920629,6
746,0.600248278741427,0.23854325380338,0.509489321506086,4
898,0.609574387765948,0.269496349081468,0.507319573278323,5
586,0.487057687621564,0.590532106603496,0.287411339324899,3
379,0.544939325840678,0.69948835906107,0.335656766407192,2
163,0.521894002989866,0.866713250661269,0.297041387739591,1
124,0.514984234857839,0.670683204685338,0.111389189003967,1
442,0.544898458279204,0.732116430206224,0.422589762695134,2
127,0.514260551619809,0.649367914907634,0.426152959559113,1
1003,0.616120617301962,0.272777207108261,0.505617791089265,5
524,0.48593490346102,0.569672826002352,0.456237885029987,3
546,0.485485395484138,0.468474198854528,0.393794278008863,3
834,0.614228385070637,0.237222537732218,0.516802437430445,4
326,0.549743312206119,0.407388522080146,0.235158271947876,2
9,0.129283339716494,0.890670827357098,0.900602371897548,0
1054,0.603864012535798,0.27227654720765,0.512590287065043,5
566,0.487464396380819,0.812204321403988,0.177049421914853,3
672,0.604607840890243,0.243204449363307,0.509216460586765,4
567,0.489558533020318,0.481893231999129,0.0946687573799864,3
288,0.54489367287606,0.801794060179964,0.40768085825257,2
307,0.545363910202868,0.552753539197147,0.141829288657755,2
1216,0.607117744922197,0.209315183301709,0.513095380465839,6
107,0.519354295267258,0.828215567069128,0.329178334539756,1
1025,0.601592835193103,0.264688545722582,0.511022634056316,5
686,0.601780292178314,0.239554705238304,0.499453865864461,4
953,0.612621209833339,0.274117760867088,0.511098670491383,5
544,0.485519379363395,0.428487760387361,0.194269279111177,3
844,0.605767214023725,0.241424783015913,0.511724451810728,4
670,0.615611644909902,0.232627369499831,0.510383268200481,4
352,0.547846524030902,0.790279345028102,0.3875254817307,2
597,0.492663969714195,0.878060191427358,0.42172362676356,3
1060,0.601653940768202,0.267392710567604,0.511282913116085,5
1040,0.613274574461366,0.270866379767834,0.502034901515012,5
584,0.489701753992122,0.419195856805891,0.184971509943716,3
1031,0.608531007850123,0.27063323548808,0.516096458275556,5
518,0.490015332340263,0.437433224427514,0.430454796506092,3
232,0.515162358374801,0.835909768030979,0.415399999101646,1
192,0.517880029599182,0.484839918115176,0.181867827055976,1
215,0.517766908039339,0.593091508280486,0.301271308539435,1
573,0.486480559010524,0.786386294197291,0.125430272519588,3
151,0.520802167158108,0.478379707690328,0.49291718446184,1
691,0.610190363451454,0.237580882519877,0.51364010248134,4
761,0.599650171755518,0.239685311350145,0.506720946149133,4
665,0.614192570760963,0.235018677014217,0.524313311012144,4
282,0.545392347187735,0.855682938499376,0.334378907782957,2
310,0.55208637092961,0.830076991952956,0.40434645137284,2
773,0.612934072376538,0.244846016075562,0.51037748842604,4
1195,0.608310458829171,0.212291669837796,0.505049649859521,6
378,0.551364240185358,0.493589140032418,0.419600961357355,2
835,0.616050492752904,0.241491435896259,0.510827170174553,4
832,0.60773620920539,0.234248832796118,0.508701931451056,4
189,0.521549429562874,0.453929277625866,0.338014201587066,1
676,0.604461403443291,0.235922301612953,0.509726422859946,4
92,0.515316581567749,0.388859719643369,0.059063431667164,1
649,0.485974263593089,0.793276790785603,0.219919108296745,3
1252,0.601353022017438,0.209961409291196,0.507588248580537,6
1125,0.611618814334883,0.193135584038919,0.503705964109121,6
600,0.489213746224996,0.40628688109573,0.359080013912171,3
240,0.519938348035794,0.805098045058549,0.26422393808607,1
104,0.521048901807517,0.76763361019548,0.486897221277468,1
380,0.552504239557311,0.67722966640722,0.0360619117040187,2
1153,0.604847106174139,0.207379247047881,0.509811176224254,6
350,0.54493368268013,0.78528558081016,0.351326218200848,2
745,0.604199219653641,0.242409775455931,0.515156491891582,4
1114,0.598591275110079,0.205713235336575,0.508692586916387,6
1078,0.606497658750463,0.206556358902356,0.507228478653523,6
293,0.548066357090138,0.562503839051351,0.0422241429099813,2
924,0.609731455653601,0.265418362261536,0.511949997358136,5
698,0.606684989623632,0.230870400405591,0.511313250973367,4
849,0.611370044481316,0.23493979304438,0.517034123304353,4
149,0.514166357659269,0.573226290778257,0.396529734460637,1
1098,0.601116784749631,0.211963729418349,0.515563416541751,6
277,0.545027372404002,0.428160124015994,0.200431380514056,2
1220,0.606491695844121,0.207342256496386,0.514930988410203,6
831,0.60919610563645,0.239216779684321,0.514039282820109,4
958,0.605984857056944,0.269648346532556,0.508499108208603,5
474,0.486830942239612,0.460361517523415,0.346630601887591,3
771,0.600606431440135,0.226403414886415,0.522187422950498,4
885,0.610219697939542,0.265004912108449,0.510991331010525,5
349,0.545671422714368,0.804617815092206,0.0449054313125089,2
595,0.489038163223304,0.439295904501341,0.296021203370765,3
263,0.514336730358191,0.655212852777913,0.396823734603822,1
419,0.544740450019017,0.640219678543508,0.306408621347509,2
558,0.493475997236092,0.786907332390547,0.127893802104518,3
685,0.615827496884882,0.241109399646414,0.506547461178308,4
143,0.52001501601655,0.786963083921,0.00505594988353553,1
922,0.607144877721551,0.266979226632345,0.506395465924306,5
221,0.514423143423628,0.384461843199097,0.143587889708579,1
690,0.604786389171637,0.235232427101588,0.507310168814332,4
1191,0.614244363098784,0.211762396253135,0.509485335299313,6
528,0.489547808475327,0.789142119372264,0.29005150529556,3
59,0.295800218358636,0.402303687529638,0.290985760046169,0
855,0.602382147688841,0.23271731854586,0.507374205104956,4
633,0.490456222244538,0.867619810299948,0.311290802177973,3
974,0.605451597900291,0.273696476928732,0.506676439123764,5
79,0.515067407868337,0.463345953053795,0.0151346552651376,1
1030,0.598705687900221,0.264663487108395,0.511550271752261,5
468,0.48616171374917,0.860347094852477,0.245495958114043,3
228,0.521466085179709,0.524025550717488,0.44828334634658,1
241,0.519614937859587,0.83952353419736,0.0765505712246523,1
552,0.48511294384487,0.626109617436305,0.343612104514614,3
311,0.550077710736077,0.727807494834997,0.415867852605879,2
1165,0.60586598352561,0.209837367393255,0.515065051951611,6
976,0.604380884930462,0.272281078482191,0.519740589246966,5
842,0.607020273112238,0.2370112790932,0.513547776433146,4
613,0.484439442104194,0.50784848772455,0.00141021525487306,3
1243,0.610794100500791,0.203990156896454,0.515344468359048,6
1215,0.604731631050421,0.210868958120044,0.513468546984091,6
915,0.595201321220723,0.269955452553246,0.512185678889562,5
1007,0.614797073620614,0.26436388317647,0.510338920352454,5
374,0.55007062581135,0.86328955986537,0.147640680870973,2
172,0.515957461122889,0.787623423757032,0.236901205475442,1
333,0.552527522062883,0.819078186783008,0.24633082873188,2
1224,0.612637006512419,0.214012144822629,0.510319032692433,6
145,0.522464815953281,0.447866088151932,0.251214496418834,1
515,0.487758469702676,0.694917201320641,0.0854796536499635,3
960,0.609203685340006,0.265108383510217,0.504224916525502,5
82,0.514742726623081,0.805630747368559,0.321369943302125,1
902,0.609290415504035,0.26700584201751,0.508331327576894,5
453,0.552591370253358,0.501849430403672,0.207890413911082,2
1149,0.609252717372304,0.209760214343212,0.505442935211465,6
424,0.553482404565439,0.809753586445004,0.442802704731002,2
1122,0.609102520369963,0.207584142672896,0.506050345352561,6
917,0.602925163225503,0.274606204609627,0.510040182313161,5
254,0.522919986892957,0.716238245973364,0.106159622757696,1
949,0.606316511054862,0.271201508490623,0.509679050636937,5
854,0.602431704860907,0.241924702125417,0.522274960377936,4
733,0.605512523733923,0.241666962913406,0.508054640341547,4
321,0.544761676357593,0.824946358590387,0.0812967570731417,2
882,0.608344877220175,0.265414076809969,0.508188790281955,5
1129,0.604576209677782,0.201472165760521,0.513987679436827,6
667,0.611751272078741,0.236870377775049,0.512030173604897,4
320,0.551030460332986,0.620539713907056,0.0351365806767717,2
562,0.484267717662733,0.409136978117749,0.436955247051083,3
1201,0.596373734917614,0.208867022248991,0.511604508759745,6
704,0.611251956078408,0.231483276024896,0.515680108543342,4
620,0.493622798561119,0.764966803160496,0.280893142311834,3
717,0.599879937271639,0.240185221349384,0.501424289433088,4
612,0.489742999908049,0.666399093018845,0.297644047974609,3
873,0.608715911622689,0.267623307047892,0.51381876530067,5
808,0.607620129490868,0.230294361217949,0.50401673870931,4
294,0.545979335340671,0.626721276110038,0.0113166770664975,2
226,0.517010951305274,0.59290884390939,0.478190275700763,1
480,0.485988042883109,0.855750857293606,0.416839379211888,3
764,0.607754368184556,0.237086591834305,0.515570834896827,4
430,0.553536634151824,0.675083648087457,0.122608319018036,2
1064,0.599369634598189,0.204339955120121,0.518914972289807,6
222,0.523190708407201,0.717005064501427,0.23082038431894,1
611,0.485394450942986,0.407758714072406,0.0306899465853349,3
783,0.613404805858177,0.247963578534493,0.509219140368735,4
111,0.51752179097617,0.504126376030035,0.318098860653117,1
229,0.516425406420603,0.495488413865678,0.155990291829221,1
1242,0.61241321459068,0.206446279676187,0.515103283682867,6
1126,0.607038864514291,0.213655949042865,0.499717656974742,6
593,0.486718640259933,0.68376598788891,-0.00296213980764148,3
810,0.599263198423548,0.240208326833905,0.513590203340996,4
1210,0.605372323956188,0.210217334454646,0.501185415041143,6
1186,0.611260378807394,0.208915655739191,0.508756528093081,6
140,0.518514173666481,0.405666356813163,0.0891503853257746,1
400,0.549928285069764,0.670917553384788,0.137805198179558,2
1074,0.60465264200232,0.207139019667928,0.50176813523989,6
392,0.547451233407483,0.639459764258936,0.160808563907631,2
921,0.602811940587072,0.264291702591807,0.506765681180578,5
171,0.514083955541719,0.386248115124181,0.373203087924048,1
624,0.48702910813503,0.657929403265007,0.0544680511578918,3
27,0.0659859841689467,0.657262507593259,0.61419661832042,0
1202,0.605667466973242,0.203855918226234,0.517043692409488,6
1041,0.611638693673847,0.260486853701761,0.510505851436605,5
460,0.552064282819629,0.592164791212417,0.131117090326734,2
823,0.611799955826839,0.243238251601035,0.50523136193873,4
148,0.521192191024311,0.712911944859661,0.230500774551183,1
345,0.547961553111672,0.728119989414699,0.0593068725196645,2
146,0.514522042400204,0.499673032923602,0.113267057202756,1
450,0.547034715656191,0.767660493170843,0.438650133297779,2
256,0.517821062225848,0.852269056392834,0.494287659972906,1
1037,0.604409255439026,0.268074616310041,0.503760072138096,5
118,0.523065259419382,0.465499718231149,0.126097072474659,1
1017,0.61536562560237,0.265566006329099,0.510947623627864,5
1221,0.599689071931316,0.205918367625306,0.510748384922454,6
527,0.489430361643899,0.751363667682745,0.465724106971175,3
744,0.607132464796272,0.240905195195185,0.521522079416628,4
982,0.611520976813309,0.276002940057182,0.511645981893207,5
188,0.519867890283931,0.751297240052372,0.392649687454104,1
957,0.609850771126657,0.275286765770517,0.508008410708084,5
501,0.485312798840459,0.845089913601987,0.450475111114793,3
541,0.489361240470316,0.741151032992639,0.432253853860311,3
415,0.551659044697881,0.775098666339181,0.0908400561660528,2
893,0.610962306527944,0.276765241925749,0.508890379838621,5
1068,0.596950965672261,0.217914415086186,0.503975640755656,6
522,0.48963124662172,0.520812293421477,0.211091977870092,3
196,0.52378717065556,0.445785747747868,0.443022715253755,1
1055,0.606587545327175,0.265449923189595,0.508620437382477,5
315,0.545609566618223,0.445716919517145,0.108328672219068,2
1231,0.608879669203184,0.212768303465733,0.507041818473626,6
781,0.606113032356281,0.236984348017709,0.5097599052728,4
276,0.550397758837789,0.560555053548887,0.26980558000505,2
1088,0.610997818111013,0.201724257940208,0.508508612033539,6
530,0.489856343003921,0.701938305888325,0.140859193378128,3
1184,0.606426574360585,0.210857085368741,0.506412503970379,6
1102,0.608881704206217,0.212380978719988,0.505072378359147,6
1255,0.616797520018246,0.209769756501182,0.517576803480069,6
484,0.49055690015899,0.531025393307209,0.097736723930575,3
870,0.604054435717366,0.271633182000454,0.513279198719884,5
432,0.546522397326771,0.734751916280948,0.411775647872128,2
1001,0.610746341232446,0.264255023042655,0.50431312147501,5
877,0.614361889759158,0.268893570572237,0.513395399419209,5
153,0.521621417389251,0.784642826789059,0.199846235779114,1
90,0.522523958431557,0.655749170132913,0.338010132405907,1
802,0.606709884761394,0.235691941148119,0.508303569505305,4
494,0.487383820575196,0.743953135469928,0.272465374413878,3
1020,0.607035740387958,0.25816658708316,0.506084595611181,5
43,0.672368323430419,0.941343877231702,0.0898089583497494,0
688,0.604237618945407,0.239040221426121,0.505739161746616,4
174,0.519116651611403,0.672890451992862,0.0133804494747892,1
1111,0.61677531684888,0.205411852751403,0.515829293267689,6
1002,0.607950336699683,0.264606908380932,0.508988056920035,5
369,0.551547847567126,0.676101367012598,0.236862556985579,2
1052,0.602192834068884,0.261001051562737,0.50684745227756,5
110,0.518424957983661,0.652986315917224,0.170026234444231,1
414,0.552445823373273,0.688293111650273,0.157046918617561,2
706,0.60107815882387,0.228602614442554,0.504690190823058,4
999,0.604068923626671,0.268667252847208,0.514330751225712,5
169,0.515957102293614,0.396477189054713,0.0476472321664915,1
156,0.523203739509918,0.69380979067646,0.400470739090815,1
42,0.917688098503277,0.237209235085174,0.775126763153821,0
456,0.553986920593306,0.475313973752782,0.390796544239856,2
1225,0.608072518363107,0.206251481548169,0.516122132422725,6
1112,0.604006954790945,0.196021071109426,0.513552048024468,6
984,0.602824148498361,0.260156312437355,0.517078185306873,5
948,0.600504653968507,0.261261208131292,0.507426927847225,5
1047,0.601870633641779,0.272353345937613,0.512490122225976,5
521,0.487862514969893,0.753600501129404,0.26143710417673,3
920,0.606001698073723,0.261086375029755,0.509785868162337,5
784,0.600575818263685,0.239535142913992,0.513824233475346,4
201,0.521713201436214,0.831313666794449,0.252207164978609,1
212,0.52081246813992,0.862927979580127,0.412525151134469,1
144,0.517603215584531,0.853648572484963,0.484518662653863,1
36,0.770693640224636,0.995975119061768,0.842959421453997,0
1067,0.60190639723193,0.209086882396381,0.506092796934745,6
37,0.0619128968100995,0.230003640986979,0.887802850222215,0
421,0.546625907819252,0.856425785832107,0.20776147544384,2
1147,0.607153743931581,0.212663445806534,0.502887801927658,6
1244,0.613719178070723,0.204276129443115,0.514574076751275,6
220,0.520024565744679,0.523737083678134,0.314186109206639,1
989,0.605418002838316,0.273279649453301,0.515622356414358,5
230,0.515460041123442,0.387551150307991,0.300588878546841,1
204,0.517696928498335,0.43869830542244,0.465233245491982,1
747,0.605219365646856,0.233229520954303,0.502177610374845,4
121,0.516951012825593,0.546853848407045,0.237965485872701,1
492,0.490056561473757,0.568500038492493,0.398269585659727,3
1240,0.602869369204642,0.203676618179352,0.504510501686523,6
846,0.60785363246991,0.235601444622027,0.503347269569117,4
305,0.546390096989926,0.443737848452292,0.0525762956589461,2
652,0.486611202473286,0.82315670340322,0.361585123091936,3
727,0.602565072259702,0.233165228690387,0.509593306534612,4
16,0.911732089472935,0.109861126169562,0.854850977426395,0
967,0.615419943430877,0.258352733984041,0.513183346469569,5
694,0.614565773412783,0.233089509648698,0.509441885765423,4
1084,0.608431970409581,0.19976836630825,0.501870159030721,6
693,0.606680696127622,0.241594798158319,0.511641895008735,4
1251,0.602944975289821,0.207612551369211,0.515293631656912,6
1136,0.596546129661818,0.205526963358324,0.513762643622808,6
532,0.485342166284099,0.870342754898593,0.078167941630818,3
1179,0.605511416780674,0.210616246532388,0.498044783423991,6
1059,0.610309116393021,0.271218445746874,0.508983631987698,5
1108,0.599483105694964,0.203308811537009,0.506583727553682,6
425,0.544565090711694,0.846949286665768,0.474057570658624,2
495,0.488845520124305,0.657555420673452,0.23982257579919,3
11,0.58473163167946,0.887494028778747,0.0795619441196322,0
1000,0.609507020375473,0.2553776979926,0.519537816078758,5
205,0.517004432238173,0.437332699564286,0.210957997920923,1
548,0.489625731233973,0.574365548114292,0.229196353908628,3
1233,0.606397388419291,0.211917805107715,0.506723490949066,6
551,0.490389618666377,0.703602044167928,0.102226511668414,3
136,0.518019844994415,0.700449115619995,0.0737600836204365,1
754,0.605144247180862,0.234994230178215,0.510772133550336,4
1167,0.611333051794698,0.202338156274435,0.501453657093334,6
54,0.468332311837003,0.149663101416081,0.58100356371142,0
57,0.457507704850286,0.518749443814158,0.215024373726919,0
904,0.612742292282372,0.270787867057925,0.505766342507978,5
1133,0.608804175188745,0.193102849813836,0.505436431722093,6
721,0.59729997468099,0.242065526568148,0.507564864577599,4
1027,0.600430331826617,0.257244811710256,0.509172597683022,5
50,0.237561935791746,0.113048833794892,0.197215443244204,0
359,0.548177564868238,0.771976311947219,0.160977081139572,2
1217,0.599569790757966,0.203984522237324,0.518678185387106,6
724,0.609291874720195,0.239564465832566,0.506177020080382,4
925,0.606040582687701,0.278215616148337,0.508266728773689,5
1187,0.597324847795258,0.20893523361809,0.51001906769757,6
367,0.544587579793297,0.55653669803869,0.42013515564613,2
728,0.603880684822687,0.228600813799502,0.521306236397566,4
666,0.600434838518004,0.241246569528794,0.515068230802473,4
580,0.489536054418422,0.701622778107412,0.423011547978967,3
903,0.600951466924031,0.268359915471647,0.509179925050312,5
914,0.598518275080648,0.254817367318141,0.52071406511944,5
1238,0.603658295416738,0.197106950669122,0.512166466277971,6
13,0.518342949217185,0.819206507410854,0.31199001474306,1
787,0.601546998799135,0.24056827182178,0.51464020380183,4
95,0.521420159947593,0.441421516728588,0.279300375236198,1
507,0.492305981658865,0.636204315372743,0.160665037785657,3
482,0.492230691728182,0.478893952001818,0.0270192263182253,3
58,0.335581159917638,0.794712501112372,0.625826318515465,0
1139,0.607293308841419,0.20055579013032,0.511827361612222,6
19,0.0228386032395065,0.0594516878481954,0.856287591392174,0
759,0.607290145341695,0.235103114505244,0.510938272396481,4
940,0.603147417367564,0.261778809837535,0.50810027173943,5
167,0.523415960089769,0.455187316774391,0.478315347316675,1
1169,0.59941088607103,0.205103878353121,0.514611820620793,6
891,0.601160506490082,0.264634697212647,0.515856523384198,5
74,0.522316174560692,0.555091456300579,0.0776529639028013,1
565,0.490577108296566,0.828092987905257,0.430566065106541,3
864,0.610080007839834,0.260716852280074,0.520777116245072,5
799,0.603310827118905,0.241475677786106,0.519754309298051,4
361,0.553123122155666,0.776700049545616,0.379509553872049,2
152,0.518549526336137,0.403309727576561,0.432246411894448,1
777,0.608655760020971,0.243368725617786,0.505784896930937,4
224,0.514265041577164,0.746882044500671,0.320092142070644,1
720,0.607759063306152,0.24243487673293,0.507749356302552,4
1069,0.617366165772446,0.213741872690252,0.505440951903999,6
959,0.597517742236334,0.263903262861688,0.506932941095557,5
916,0.611131579260098,0.267669153079509,0.511998823007529,5
839,0.604651265500729,0.236552509198682,0.507738490046197,4
1094,0.605881669321339,0.212331308485398,0.504853265525584,6
88,0.516577520589344,0.488687773724087,0.403655904089101,1
731,0.604066826957731,0.240763970843753,0.509061845869066,4
317,0.551979996946175,0.850652447575703,0.251376051781699,2
129,0.51958814161364,0.681177113112062,0.217582252318971,1
239,0.519857546568383,0.829174096719362,0.217593219340779,1
961,0.6030891909987,0.261349033275595,0.520512317414093,5
18,0.928301518084481,0.653545850189403,0.967051930725574,0
811,0.603059013129584,0.241762606132058,0.51601206789216,4
56,0.457258337642998,0.128227300941944,0.449555409373716,0
472,0.490649905533064,0.571156914252788,0.356700923386961,3
459,0.54621913071489,0.39006878240034,0.157900760741904,2
29,0.039602123433724,0.883615663973615,0.349476942326874,0
377,0.549563023152296,0.841881721187383,0.492989307944663,2
857,0.605818921828794,0.227625137596569,0.510246891036162,4
696,0.602613660365485,0.230981783280796,0.519452964971285,4
1120,0.607684524553392,0.212967024255966,0.509509885775815,6
919,0.607052850277002,0.265658527208478,0.504712896991445,5
1188,0.604731232604924,0.204426970738499,0.501903202066542,6
824,0.616566362402432,0.228251959965522,0.521890400703653,4
1117,0.604872248178819,0.201514432958187,0.511035970843476,6
1057,0.602781570746265,0.267034013940204,0.509860917471364,5
1253,0.612201571848166,0.207580883981587,0.500650901557544,6
1093,0.60610690177424,0.200540000504977,0.515768626177598,6
1123,0.599427892436618,0.204903321877893,0.509849063205019,6
1015,0.60433359278376,0.276969536904398,0.518786815404603,5
709,0.598023168821884,0.237868661032917,0.505879088502606,4
1045,0.608153158554267,0.262527465712108,0.504878480272688,5
868,0.598091945110273,0.266643823345064,0.50741625281195,5
327,0.550494996465277,0.457318978989497,0.203302661050111,2
439,0.547110933889635,0.488850228278898,0.489554355596192,2
1019,0.606505183018516,0.270192045415432,0.506123717935526,5
990,0.601615013389113,0.267906003422474,0.502940390094715,5
695,0.610736863776728,0.238143812224515,0.505976350349447,4
791,0.603624538694847,0.229972231147737,0.518706449789527,4
1035,0.613566746919763,0.263463820713843,0.503648102428004,5
658,0.493029338393826,0.783620038675144,0.469382878253236,3
354,0.546183942859061,0.601068626181223,0.0195097104646266,2
1024,0.602163354869002,0.270412148511435,0.516906543988394,5
1081,0.596593545834754,0.208878912975776,0.503993698554908,6
422,0.549363105986267,0.581794821564108,0.396102318284102,2
1107,0.608818356236084,0.207150309242877,0.509122011185674,6
1172,0.602092515046387,0.221488396198559,0.513966348072624,6
47,0.246067099273205,0.81833105487749,0.00860857940278947,0
203,0.523195508711506,0.726432372722775,0.202707783062942,1
879,0.602484504013634,0.274699499172565,0.496594581013684,5
970,0.601928572659361,0.262721911502495,0.513033960901924,5
1080,0.612944511465842,0.198652037590527,0.507011694233942,6
411,0.548690165418666,0.543729507504031,0.139445711951703,2
471,0.487896909113042,0.42817086414434,0.103091025701724,3
1144,0.605830613927929,0.203864372283466,0.506187297468052,6
795,0.598779099951609,0.24310509409034,0.514864957342814,4
735,0.613126258783071,0.239193552123004,0.514380478202619,4
1036,0.600695651224646,0.272479695367884,0.511700196393873,5
30,0.21492788894102,0.827431780053303,0.575841256882995,0
865,0.600106777998316,0.257889265436443,0.515944540085062,5
653,0.488373011550866,0.720353643549606,0.22348989287857,3
894,0.605803757921391,0.265461384441137,0.509545516357942,5
1048,0.608871244397295,0.264979270933301,0.512784219709683,5
750,0.604902637500025,0.238491691262447,0.511298422384524,4
965,0.607819431468086,0.270967229098782,0.515692572922691,5
1065,0.604228592480696,0.20934351004938,0.508786911124712,6
1042,0.604482882339688,0.260585299187999,0.509882397747716,5
768,0.610817599017662,0.244799877028456,0.506975198201828,4
86,0.523535027289763,0.451068045478314,0.123291581729427,1
371,0.551858941686805,0.775123829743825,0.174188339826651,2
1021,0.61507038522467,0.257049552711067,0.526676394376252,5
73,0.518977801916189,0.515463525452651,0.00539829498156907,1
861,0.614381811830164,0.243420836417017,0.51099745759507,4
389,0.545897796405479,0.540357908722945,0.0600802430184558,2
681,0.605903503452454,0.249004261780533,0.509733791053783,4
1194,0.605588315342716,0.20861719827202,0.508470430499548,6
972,0.612915785322426,0.260595759457483,0.507296390249535,5
197,0.51845755408518,0.484832971147262,0.428624940547161,1
120,0.516853892812505,0.822485229256563,0.00686552897095682,1
655,0.488341764425859,0.785942857642658,0.208965253876522,3
876,0.599815181350652,0.264901214850194,0.509300176630354,5
1198,0.606619033708611,0.205923654235726,0.512074649366824,6
331,0.546292628524825,0.545450963219628,0.0597108528949321,2
122,0.523625904028304,0.569786302070133,0.0384193892590702,1
397,0.544609090823215,0.49087201631628,0.15947998277843,2
926,0.598792872645936,0.259643220731431,0.514756457182618,5
509,0.489189603342675,0.432191643770784,0.208956720633432,3
434,0.552115006989334,0.596060199220665,0.420425151567906,2
477,0.492687137650792,0.815214405790903,0.130634306790307,3
973,0.603125856213354,0.267495339196666,0.509850014861651,5
166,0.523224068966229,0.584967588912696,0.0197070881025866,1
592,0.491706873574294,0.744765134900808,0.435063280723989,3
40,0.905899245291948,0.976549016078934,0.913974639261141,0
1161,0.606466054209902,0.203310490519743,0.509305984783544,6
322,0.54865904415492,0.720644098729827,0.465445775864646,2
309,0.547540155211464,0.786213317676447,0.0568730665603653,2
627,0.486158456509002,0.457913402258419,0.08463299353607,3
1154,0.608920806469289,0.203665267448226,0.505090485774418,6
398,0.544136861008592,0.537805510009639,0.233389421342872,2
931,0.602923861617428,0.274352185977669,0.501190140398029,5
739,0.60406303077559,0.226161893151448,0.503592298514571,4
101,0.521456452943385,0.392213814565912,0.226666146982461,1
93,0.517000475809909,0.541836442565546,0.413099281932227,1
123,0.517776129210833,0.413061546301469,0.143284628959373,1
743,0.605986140436538,0.234891654275394,0.515433526447011,4
987,0.606307014493816,0.262462586477778,0.513619061257772,5
1032,0.605308852053667,0.261645139470369,0.504217645062876,5
332,0.548013457588386,0.626058032060973,0.0263056067982689,2
911,0.605689925989822,0.276686248422122,0.506591546823271,5
1076,0.606585084324319,0.191800461630532,0.510671869912127,6
130,0.514634751977865,0.722826704522595,0.00515721247065815,1
1211,0.609004498301443,0.208285451662137,0.515261909899608,6
105,0.523960896781646,0.716750064073131,0.472566616814584,1
444,0.551492163902149,0.455924941482954,0.159755245177075,2
457,0.550995770965237,0.458554235077463,0.112134418427013,2
438,0.549146664564032,0.544587784470059,0.155507279653102,2
650,0.49106885308167,0.859012513444759,0.333314675698057,3
272,0.550859070643783,0.570982811879367,0.401968428841792,2
132,0.517176142418757,0.532114547700621,0.270804616832174,1
1130,0.617618489678541,0.19747308652739,0.512835529296832,6
404,0.551799731606152,0.424495178414509,0.355707033863291,2
1050,0.603477778240503,0.262898810047961,0.512344263761455,5
944,0.610068366038494,0.27062544087571,0.514235756134545,5
935,0.605687595260233,0.266279491369041,0.512513122600117,5
635,0.485024064707104,0.387158949882723,0.146978516341187,3
193,0.523989411082584,0.739777779811993,0.36367826347705,1
1134,0.605758625697759,0.201579546728062,0.515098427650196,6
608,0.494071023748256,0.677737301820889,0.275830312259495,3
1018,0.612211103074893,0.262558519497569,0.516223397938188,5
1028,0.599978123445433,0.270442648042595,0.500907386667385,5
815,0.609841056014235,0.235447947185153,0.509924203327345,4
837,0.6043723676326,0.231644362403211,0.515675670809315,4
752,0.607766765648884,0.237584028081181,0.511361366180867,4
357,0.549509331672452,0.471419128729031,0.354324345570058,2
113,0.520195662209298,0.528503290633671,0.0794522587442771,1
946,0.604700082111788,0.266914410391264,0.512590469236403,5
440,0.546886591457296,0.566361065860838,0.185018503665924,2
807,0.605929529465968,0.240580104573619,0.500410644763601,4
1099,0.601018262595446,0.202456894930942,0.508444609779673,6
490,0.490854148520157,0.595079638552852,0.186887833615765,3
986,0.612515965903749,0.27318141411563,0.511337467738117,5
258,0.51778939378215,0.830634732637554,0.100075379107147,1
782,0.607400160208414,0.229443100293427,0.503799020997671,4
190,0.514248051331379,0.431024173647165,0.184138457849622,1
274,0.544273572408129,0.769697968522087,0.262769564148039,2
575,0.484151224328671,0.637854796042666,0.418524794722907,3
448,0.5476581861265,0.454510722099803,0.387951438757591,2
164,0.518011552491225,0.495544634084217,0.20558835354168,1
63,0.546377262100577,0.333108242601156,0.757831573486328,0
1204,0.60675055517946,0.208918025572676,0.514737943158969,6
659,0.490850233098026,0.46595084995497,0.195344034559093,3
1077,0.604480491331461,0.208471186663175,0.513486965604285,6
732,0.607746799107185,0.232522761188888,0.518067871256418,4
775,0.600873525517838,0.232853903061007,0.505613034367017,4
506,0.492085783001967,0.753638569521718,0.412379283318296,3
812,0.612362594260319,0.240474634578196,0.514468309043719,4
46,0.915913821896538,0.524581948295236,0.451859077904373,0
1177,0.602163810463151,0.215425255205709,0.505160356167235,6
387,0.553488787515089,0.859794771904126,0.484217055700719,2
207,0.514699226999655,0.399728671321645,0.147014796361327,1
992,0.608800117337556,0.259331417345851,0.508640222053815,5
674,0.608233180774142,0.239823291544624,0.516703097576608,4
642,0.48747978356434,0.796279109106399,0.313030773983337,3
184,0.514405428601895,0.56989077643957,0.20244276416488,1
1259,0.608637283479404,0.206342176566835,0.520356083278052,6
48,0.862005513161421,0.570389280328527,0.985600200248882,0
285,0.544093243235257,0.83944078758359,0.331596597773023,2
683,0.60474957152417,0.237361942897342,0.507843919852877,4
942,0.608614248659672,0.269906455565438,0.509103462202587,5
543,0.48449584931368,0.403224222152494,0.38856120032724,3
646,0.488011537189595,0.735785850463435,0.0405284334905446,3
1247,0.609561306609276,0.216121576761933,0.509163606516531,6
39,0.566233975579962,0.219601112185046,0.108676687115803,0
1026,0.607700205928981,0.264890066403514,0.513089825753928,5
645,0.490342470251489,0.397191311023198,0.24294404683169,3
469,0.486569386685733,0.765742640732788,0.115606027515605,3
571,0.490854680638295,0.671987359318882,0.114464895194396,3
654,0.488634026348591,0.793756009801291,0.192252382496372,3
1162,0.60577870943733,0.210198238630482,0.505696861367065,6
35,0.226160222198814,0.262979554012418,0.801134880399331,0
760,0.60498707754942,0.240289565763097,0.511631287681166,4
1034,0.606420672551285,0.270455577110548,0.502134902922196,5
467,0.491079553465825,0.431047377549112,0.0136745543917641,3
991,0.606081126549354,0.264772642732466,0.505713853636584,5
1257,0.602465534143412,0.202347653912265,0.512752664877937,6
41,0.347709766589105,0.035707974806428,0.667432895163074,0
537,0.488179791602306,0.869904381129891,0.299698207736947,3
883,0.610954224318359,0.259455820972443,0.50860695252306,5
776,0.606529856572524,0.231689583115558,0.514499866468267,4
564,0.484396390963811,0.396105169807561,0.242359510133974,3
238,0.518842323876452,0.782552414946258,0.174654207401909,1
716,0.613601855648694,0.243073655846371,0.501295895947848,4
486,0.487183527834713,0.721498668449931,0.315847368305549,3
798,0.607981994152165,0.238028569647066,0.503604814579489,4
479,0.489356993623078,0.47656398199033,0.335565867228434,3
722,0.59572335385094,0.232837630645604,0.50737664772414,4
583,0.491074374951422,0.563851798907854,0.219335831678472,3
725,0.602545065550653,0.226858160769601,0.516000278458233,4
433,0.549257436739281,0.535266296146438,0.187375179934315,2
175,0.521799988360144,0.430164501792751,0.430182225513272,1
209,0.519353866609745,0.571338067320176,0.305485332245007,1
971,0.610405408802043,0.269812977149569,0.497594088320096,5
1148,0.604009198523771,0.214651833515755,0.507901823803844,6
338,0.550705361613072,0.553980054706335,0.298106237640604,2
741,0.59103500250219,0.229327286238863,0.508247242829919,4
678,0.611359542155255,0.232364656875944,0.51099393499367,4
493,0.490749439678621,0.400184222171083,0.322760467976332,3
778,0.603156676121045,0.240354043270543,0.507419871610919,4
244,0.522142003492918,0.780325094377622,0.320431314734742,1
250,0.523823320255615,0.402939731045626,0.157166116381995,1
65,0.520661505206954,0.417687149392441,0.0115611779969186,1
545,0.490397803732194,0.530259805871174,0.383765285811387,3
138,0.518627515127882,0.695837294938974,0.35040841284208,1
601,0.489464971711859,0.532620048406534,0.440840563247912,3
395,0.546778146841098,0.46059500859119,0.203846271592192,2
938,0.616085403163779,0.263644073745282,0.519685488837556,5
464,0.485760444612242,0.618257302464917,0.262518459907733,3
1096,0.609197827006722,0.210168248244344,0.523723308563652,6
1142,0.606685056652251,0.207099997526928,0.50600257602615,6
1246,0.601491155702336,0.209793346618894,0.514782111785209,6
1082,0.613806439725935,0.209754087030686,0.509211081276934,6
714,0.607286684073189,0.236207629628156,0.509759701469397,4
634,0.492911944112275,0.734582500788383,0.392458479828201,3
978,0.612372756583699,0.271941594975466,0.513086154050053,5
303,0.549627203571144,0.606218910217285,0.146264457469806,2
1103,0.606804376101115,0.204965518094162,0.514462215743052,6
1095,0.604621201393927,0.204993339829962,0.523052723466477,6
353,0.553067070546094,0.792679698811844,0.0550019558053464,2
809,0.606985466469719,0.232873658390512,0.512532212812037,4
792,0.586047191526266,0.234648510586742,0.508702795190721,4
677,0.603048714901309,0.240033907786478,0.501229423938419,4
49,0.225483172107488,0.480993371456861,0.794977027922869,0
1043,0.600987896061321,0.264807282156289,0.511769048294669,5
684,0.599785634797532,0.235184790331337,0.507472228580516,4
512,0.492642826037481,0.422048267349601,0.187688107579015,3
12,0.399361028568819,0.280690992251039,0.13793984008953,0
210,0.52403883832274,0.748441487457603,0.191222566040233,1
178,0.51773578379536,0.773136663273908,0.261738451407291,1
1234,0.614940902869683,0.199442740106916,0.513191269474985,6
312,0.545062487749383,0.734266588138416,0.326043768180534,2
975,0.608423104665437,0.264423208203975,0.510150460394963,5
780,0.615402494988716,0.23763643446119,0.509862138422852,4
856,0.60709060330817,0.242005033927053,0.504703302295629,4
993,0.61004605268889,0.269134669570006,0.512653249735893,5
252,0.524045517975465,0.405892771924846,0.367327005811967,1
697,0.606090798966623,0.236689361696096,0.510839627547123,4
632,0.488830949901603,0.492435940681025,0.0130718177882955,3
793,0.614062852586956,0.240819782556045,0.505120707852529,4
636,0.493731013853103,0.410946230427362,0.218589108181186,3
71,0.521089120833203,0.465295823430643,0.0396717880852521,1
1199,0.607769109994159,0.199444565223234,0.514939722577537,6
297,0.551995371845551,0.783144823182374,0.0926980831194669,2
880,0.604778977938709,0.262244130757794,0.511435795622642,5
730,0.611985966262358,0.240598797836717,0.51304913034307,4
884,0.596305668419624,0.25971402695494,0.518397688919211,5
994,0.609563561972165,0.267649485590565,0.508066200936962,5
390,0.546855032553431,0.494651523907669,0.0106188972480595,2
470,0.487792459987104,0.781586496764794,0.125915607414208,3
707,0.609443276718693,0.235257257571078,0.517372397562523,4
1236,0.604747067761171,0.215002930874178,0.503956206162466,6
661,0.488975863198284,0.583216012478806,0.305702769989148,3
563,0.489171156561933,0.46804612504784,0.256572440010496,3
17,0.36871071276255,0.0679115492384881,0.765051656868309,0
418,0.553578058478888,0.447172881360166,0.174422349757515,2
372,0.546319488827139,0.681672033644281,0.170187277812511,2
1105,0.609224042130134,0.206127182497698,0.508738959566867,6
298,0.547200077981688,0.741669011791237,0.408195163100027,2
1053,0.608717087390727,0.272445999202705,0.515512236690429,5
939,0.61462179680592,0.261298367729655,0.5069514739289,5
648,0.491854179166257,0.464581735571846,0.366943000326864,3
396,0.546011730011087,0.87237581810914,0.224328914633952,2
923,0.609850702440855,0.266879911321743,0.514439606384354,5
513,0.489482675981708,0.744757508882322,0.0336716744117439,3
1009,0.612734133632927,0.261599358075158,0.5115382312875,5
1156,0.609756184848825,0.20038064329594,0.509683991569636,6
463,0.545834781739395,0.395523751992732,0.311803782335483,2
561,0.4844881735323,0.693874559504911,0.35020264131017,3
909,0.608432546124709,0.263881085381349,0.518781527586859,5
668,0.603138271719617,0.237247559581135,0.509240896676237,4
908,0.605568426960016,0.272403059520335,0.510740367017302,5
45,0.771638779202476,0.0505925759207457,0.892434526933357,0
108,0.520227211022284,0.635430271876976,0.113706314796582,1
100,0.515859245217871,0.732019091979601,0.256660798774101,1
734,0.616478223783134,0.231340655443674,0.504057023365223,4
589,0.486970253936015,0.641663233190775,0.0500998162664473,3
245,0.51919229925843,0.399084113328718,0.372327180556022,1
1101,0.601495555166007,0.211891090213367,0.502342783900288,6
872,0.60733116830274,0.269920093811947,0.506091141682326,5
296,0.545043101473711,0.874338203598745,0.0586666840594262,2
21,0.806757050333545,0.0368436938151717,0.813818370224908,0
1249,0.600247663108476,0.204811351723,0.512600257453175,6
185,0.514352366630919,0.780077793658711,0.300663560256362,1
488,0.490584100731648,0.403879384184256,0.417063944833353,3
656,0.489763627315406,0.629647592804395,0.281551077356562,3
286,0.545075047041755,0.504875773121603,0.177968341833912,2
937,0.612822993288132,0.272678790491005,0.510707850097777,5
316,0.550475722749252,0.799728199280799,0.169104351988062,2
1185,0.607041977462378,0.205555259781587,0.501416434374969,6
1135,0.607741986191091,0.205930270850738,0.51021299412598,6
806,0.604271796817147,0.233622777178147,0.513790401391841,4
462,0.548935481659137,0.707008926803246,0.441641721152701,2
355,0.553420965091791,0.869210294005461,0.194316155719571,2
1263,0.616551500695524,0.215870809768376,0.513060190392296,6
682,0.605319333156229,0.233485250858793,0.503654337875206,4
1119,0.599224077710926,0.204761237360203,0.509030330480318,6
582,0.486611865856685,0.724381015077233,0.0770727450493723,3
785,0.607823119101252,0.23297056407363,0.520148456474628,4
774,0.601629324477425,0.235312587418537,0.509157636194229,4
554,0.490628204301465,0.776349389716052,0.226494364649989,3
817,0.600004786234369,0.23933431687539,0.503961541887901,4
860,0.605789038289701,0.23449118875454,0.505183218602249,4
6,0.659531931625679,0.298969853669405,0.803534374572337,0
1222,0.600219698216894,0.203317523709777,0.507264831411683,6
52,0.63477257383056,0.152541550341994,0.220242925919592,0
804,0.607586115554946,0.241242301885424,0.508399521209332,4
625,0.489897743931506,0.440702620218508,0.395740563375875,3
358,0.553115326799452,0.769947476242669,0.474432622874156,2
822,0.616670357431231,0.237391354471127,0.518433937890808,4
604,0.489248333428986,0.596720628929325,-0.00381822385825215,3
1039,0.609454974005376,0.263963538476658,0.509136317985632,5
61,0.444270929088816,0.575338120106608,0.308824223000556,0
1127,0.608097575625665,0.209552972255337,0.51515015835298,6
344,0.553744716446381,0.852815397456288,0.418540900317021,2
1212,0.612904612166125,0.204204838714025,0.514437267315045,6
929,0.599373193211662,0.259963477501645,0.509031464977094,5
912,0.60371183075091,0.26455681622984,0.518238506478054,5
402,0.547147174242418,0.544349366705865,0.103566678566858,2
330,0.551323694577441,0.842802144144662,0.0756936034653336,2
406,0.546013528343756,0.689492296101526,0.152430069376715,2
523,0.492073641754687,0.688039955124259,0.226242550509051,3
531,0.484168128632009,0.641793904267252,0.161124499957077,3
838,0.615163796024881,0.247610340438404,0.504710394062881,4
886,0.604224313203832,0.26091853001764,0.512998277859355,5
723,0.610203388973817,0.245814534461063,0.518344733411144,4
80,0.516099498763215,0.809058511420153,0.240951972291805,1
520,0.487802008392755,0.425989907607436,0.34536896480713,3
1146,0.603882479213329,0.206399956089659,0.509843872441346,6
852,0.603049375398418,0.24077425773395,0.514054545414226,4
87,0.51527781724697,0.433024781779386,0.331469202740118,1
995,0.604807410067968,0.283085768024889,0.516029533771005,5
1232,0.609196497709095,0.217031170525922,0.522087163647076,6
998,0.608951155962576,0.261192200563786,0.5109849389928,5
669,0.604947047758294,0.243838983665668,0.514568889325125,4
76,0.514181225162465,0.470830941246823,0.0796766311163083,1
399,0.553474062529858,0.639441826520488,0.0633237234782428,2
788,0.608893850752531,0.242212897572934,0.518051358607127,4
588,0.48878485430032,0.400782134640031,0.0827455597231165,3
641,0.487021579055581,0.730034100962803,0.404495561122894,3
574,0.492233369632158,0.537786305206828,0.199171557766385,3
347,0.551801536870189,0.571775096375495,0.253524202830158,2
572,0.488847405503038,0.611523927329108,0.471880548726767,3
498,0.493979243289214,0.753024081257172,0.195385316945612,3
72,0.518605232355185,0.44457869688049,0.479836822114885,1
591,0.489096588902175,0.623078866186552,0.332263351744041,3
281,0.546818852913566,0.69749566228129,0.340873216488399,2
585,0.486887519415468,0.855837102304213,0.12771332343109,3
576,0.487833343253005,0.541291359136812,0.05692971739918,3
7,0.877075061202049,0.0985158351249993,0.00541563821025193,0
1228,0.602953332908297,0.209023444534438,0.512464809279416,6
748,0.611295410549435,0.236564871902003,0.504904348996156,4
816,0.613738715408276,0.235932151400762,0.50112941121281,4
1038,0.614125870744756,0.259818263264609,0.505446459242289,5
1044,0.610350331000431,0.265431984225261,0.517011292821489,5
275,0.549384410958737,0.62983000932727,0.331262120953761,2
594,0.491973933444824,0.517706129606813,0.267636828683317,3
337,0.553900999128819,0.684585621138103,0.49106784989126,2
423,0.546566816221457,0.639528576890007,0.194830467784777,2
67,0.520612535283435,0.696267630346119,0.342759631434456,1
270,0.546988497162238,0.622885009413585,0.276504800515249,2
134,0.514887228070293,0.843327540112659,0.172682965616696,1
737,0.612011917349506,0.247364121522907,0.505861819519591,4
1004,0.598795696126985,0.271207789683716,0.514248575332073,5
15,0.552842204691842,0.343753516906872,0.509078333852813,0
284,0.548275220245123,0.517982485261746,0.44573026963044,2
763,0.601194396710732,0.234564197293945,0.509327741958407,4
343,0.547758761134464,0.799566278373823,0.332807367411442,2
770,0.596979744524779,0.22962487042526,0.510848210199675,4
1168,0.599573185930951,0.206906795724656,0.501461267086505,6
28,0.273416194599122,0.839220472611487,0.608820066554472,0
797,0.606339560974205,0.234910682054143,0.514012861010175,4
408,0.548945609764196,0.722011816478334,0.383370465342887,2
679,0.611747149779985,0.233353910885855,0.523957128894093,4
753,0.61111809242356,0.240607438665353,0.512238980623177,4
446,0.545846549554262,0.717374837398529,0.0537393766921014,2
106,0.522798894234002,0.791559842322022,0.0813190665561706,1
767,0.605937127491782,0.225827987940024,0.514872295559911,4
202,0.51971670363564,0.750039844447747,0.0140645254636184,1
956,0.609914515548681,0.269392950402119,0.515416703777585,5
540,0.485470400277991,0.680313474987634,0.0824487469857559,3
863,0.607923283460705,0.235109155235148,0.510860843773986,4
1118,0.610131615334171,0.209888460540295,0.501486454491083,6
664,0.610501069952998,0.246298187041536,0.509802014236636,4
1227,0.609173605590395,0.210816820557391,0.500564139069717,6
478,0.48963193239877,0.830537223513238,0.344811745779589,3
109,0.516086620336864,0.583105236431584,0.191115143452771,1
499,0.486293509402312,0.772118027228862,0.484296333836392,3
213,0.523158328200225,0.471508607291617,0.183188772620633,1
617,0.488373079923913,0.50696804469917,0.0451185455080122,3
500,0.487197062454652,0.425707262381911,0.455040052859113,3
1176,0.602850273059112,0.208745023581913,0.505384024352093,6
183,0.517017915560864,0.522445014235564,0.175758136762306,1
436,0.548709716070443,0.791808881005272,0.131210316647775,2
24,0.417219822527841,0.669146230211481,0.753375119762495,0
214,0.522953649326228,0.63432564844843,0.127906167623587,1
517,0.487598783462308,0.877449629502371,0.459370967093855,3
966,0.606287254834914,0.266573571852214,0.50455939536943,5
628,0.487452030526474,0.618886557081714,0.000910771521739684,3
319,0.547998349766713,0.6107809380861,0.14016509775538,2
525,0.486402264824137,0.787230850104243,0.179806620324962,3
304,0.553694193814881,0.581502487906255,0.215014858613722,2
1171,0.599798985145778,0.202980535195678,0.51038105346612,6
874,0.606204866442498,0.26341628337612,0.508395609413689,5
1124,0.602961252453021,0.214488436878899,0.511840572182219,6
1138,0.60661336383742,0.205053409351226,0.515251542650902,6
368,0.544214897372294,0.862066776049323,0.346869419072755,2
869,0.608754941628752,0.259904943372171,0.514749757468745,5
381,0.544151268976275,0.701283679832704,0.229491893411614,2
62,0.244332624133676,0.0901443124748766,0.358250588877127,0
1006,0.600086053136134,0.263078278403528,0.506203818546671,5
1012,0.61080284583197,0.26500178665836,0.521527818104465,5
23,0.553154577966779,0.578088974347338,0.425061685265973,2
1011,0.612049429244807,0.264694680083417,0.510578238640272,5
689,0.608032927887781,0.223487645073874,0.507637936901609,4
38,0.275326090864837,0.0554711278527975,0.187213268363848,0
1090,0.61345362117566,0.213480227872144,0.515097628618397,6
150,0.52073603019584,0.558485994837247,0.38979617212899,1
257,0.521713987474795,0.647372899949551,0.213043771893717,1
547,0.489250329860952,0.627975733508356,0.423709512315691,3
1089,0.607166528586471,0.214152724251952,0.517449724989378,6
223,0.514260783537757,0.817145704897121,0.114190533384681,1
913,0.603703097458242,0.267329331797875,0.504304137591401,5
179,0.519333461760543,0.588981274305843,0.450588879967108,1
385,0.550395060807932,0.688702205684967,0.478042857116088,2
983,0.605793901282306,0.262761070259771,0.509813130311844,5
78,0.515903045604937,0.697851573606022,0.0356527529424057,1
503,0.484190282090567,0.587131492467597,0.356261306884699,3
1014,0.605084461260904,0.263949871458957,0.496549882273172,5
455,0.547359001967125,0.528105088532902,0.396840361971408,2
483,0.484472907844465,0.621960481535643,0.00314326721709224,3
295,0.548547924614977,0.591345561225899,0.0261090181069449,2
813,0.605767724380227,0.234988036516761,0.499444930146724,4
427,0.548572992531117,0.443747307430022,0.351314663165249,2
539,0.487767321185675,0.778076844546013,0.082646053028293,3
556,0.493724624924362,0.58267661780119,0.0137165944091976,3
801,0.599547564386769,0.242707084488552,0.508175022731471,4
116,0.523149809041061,0.771844933298417,0.148257319326513,1
779,0.612250693659983,0.242154000120205,0.50198456047012,4
51,0.456025777617469,0.0515795601531863,0.533338810317218,0
663,0.489567273203284,0.665948178758845,0.397011341969483,3
14,0.62169164349325,0.153668453218415,0.602593219140545,0
194,0.515766323390417,0.696618596930057,0.352440431457944,1
253,0.515738814745564,0.490905673266389,0.0615234079072252,1
290,0.551566534785088,0.738942016637884,0.226575658051297,2
602,0.487827878536191,0.647024870640598,0.26400048120413,3
269,0.553683156240731,0.814239424094558,0.220153635111637,2
933,0.60567678658322,0.272469500935061,0.512004973858739,5
435,0.544338455321267,0.671891037281603,0.171597434300929,2
559,0.493112682458013,0.871527051343583,0.341030267043971,3
502,0.48963487212779,0.831152370921336,0.234077211795375,3
1022,0.606721881298029,0.257911768741809,0.508006946314266,5
300,0.550287867288571,0.855825925501995,0.280245198030025,2
191,0.517729385350831,0.845572169544175,0.238504752144218,1
247,0.522160525107756,0.397033695504069,0.338344319001772,1
1180,0.607860531223393,0.209148267632232,0.510334456099191,6
638,0.493090914217755,0.628438164386898,0.326067076390609,3
370,0.549956139747519,0.612669820222072,0.114808799675666,2
44,0.776626007864252,0.311895671067759,0.205293536419049,0
1250,0.61004912024497,0.209755229900823,0.514908529647273,6
840,0.600479744156445,0.236388401322028,0.502112292094313,4
451,0.547574114617892,0.783764725225046,0.32900412902236,2
979,0.60572189618163,0.264438644004424,0.50330407063235,5
1128,0.604314070586669,0.207212651308621,0.510131573905313,6
375,0.549903492995072,0.859807398193516,0.110157934692688,2
497,0.485997781686019,0.704518586071208,0.239842195971869,3
1091,0.598561471989994,0.211874559388161,0.512424274901394,6
466,0.488590099355206,0.632985137193464,0.1656523414189,3
660,0.486686159821693,0.518054481269792,0.11916258148849,3
211,0.523213683948852,0.827672494365834,0.0487281556474045,1
1056,0.607109526360906,0.270291036031447,0.507710784366762,5
820,0.616524665413395,0.235151361264736,0.510963062331322,4
1079,0.602873731629772,0.211461626654122,0.512060183351692,6
447,0.548965405363124,0.552587868203409,0.0937520164065063,2
719,0.602761576210621,0.230973228618091,0.516964101225169,4
526,0.487172206267714,0.653062071674503,0.359175925818272,3
160,0.523454914910253,0.542587686004117,0.223605069541372,1
403,0.547499964497983,0.440543394791894,0.176475287042558,2
119,0.51943816764513,0.403617549245246,0.399581597512588,1
428,0.553496704217978,0.469185923947953,0.321413027914241,2
587,0.491479038503021,0.435597951314412,0.318567211250775,3
943,0.613965400465071,0.268385001170842,0.523417103866594,5
830,0.614384639694172,0.242621200299846,0.514634379546617,4
1183,0.601658923071958,0.207104992464886,0.509604291861513,6
749,0.604852204643904,0.244327585042306,0.499688749295946,4
159,0.518199281617999,0.59834664480295,0.375061507197097,1
596,0.485140592637472,0.387156204460189,0.316399070178159,3
892,0.603541691569682,0.258760154397068,0.509871271034847,5
1115,0.607649564539008,0.221433744069497,0.515860394202157,6
712,0.604147545738709,0.235455986080015,0.515614934339983,4
1033,0.605440346665034,0.26967049567827,0.51123713929947,5
947,0.612425773369773,0.273310756187222,0.519704294104995,5
1190,0.605390431989769,0.202250494354948,0.507510917165727,6
758,0.610752322989951,0.233779863703917,0.511751652453386,4
1196,0.601903786854301,0.201118202408568,0.509817714686417,6
4,0.804298840463161,0.722136009484529,0.224892983213067,0
614,0.484895508380141,0.637723178509623,0.423872988997027,3
1085,0.606989955670763,0.199516644899343,0.511039013330216,6
630,0.490825105058029,0.465801869542338,0.200207658088766,3
516,0.485825845652726,0.402937124040909,0.236288372403942,3
581,0.484849719665945,0.875589999626391,0.4315056652762,3
536,0.493648285563104,0.801296814717352,0.0266977502964437,3
843,0.60550603900243,0.238552314547399,0.508841423854428,4
445,0.551765163347591,0.434236730006524,0.00995753167662772,2
135,0.514901627565268,0.547921977727674,0.443062990880571,1
217,0.517675413098186,0.497327690268867,0.0864782087504864,1
769,0.609734731344145,0.234892030765497,0.512738038617061,4
751,0.615864391816966,0.230641810125058,0.508694966983134,4
168,0.519449513149448,0.836161903478205,0.25507598798722,1
208,0.516782213551924,0.686503379745409,0.303973306994885,1
382,0.549255370732863,0.636585011985153,0.168696895218454,2
1113,0.6094823772756,0.203562311245972,0.514119470229483,6
762,0.619303473473131,0.240315885486688,0.505149994958955,4
1137,0.605983420083546,0.205427056844279,0.511190359932834,6
429,0.550471485645976,0.701568255922757,0.237634782074019,2
278,0.546594647616148,0.69253077278845,0.368580317217857,2
533,0.485942062335089,0.560725890123285,0.372747261985205,3
736,0.610106756061837,0.235692822249475,0.51020475281916,4
264,0.54694884063676,0.510362270078622,0.0905683511868119,2
851,0.600526284174744,0.234701482449038,0.507342756902028,4
131,0.515382614224218,0.556887903390452,0.252170098223723,1
68,0.520537739254069,0.850870854011737,0.264656636724249,1
897,0.614220062267183,0.272996740659145,0.514832143956093,5
1097,0.606746396003054,0.200926794699253,0.505594038006312,6
356,0.551551521266811,0.609843776701018,0.437265345687047,2
1181,0.609522571490014,0.201521525233495,0.508466868707345,6
55,0.116689733928069,0.500057365512475,0.671713309362531,0
826,0.606485550584692,0.227681288372842,0.511850105745316,4
1175,0.602367546025175,0.211302998824889,0.505124981076655,6
267,0.553713867238257,0.722234540642239,0.0731742097763345,2
504,0.486612573494203,0.742413383466192,0.00614063835237177,3
452,0.547093335355166,0.390104638435878,0.0340711314696819,2
117,0.521668319148011,0.441043083230034,0.243897765967995,1
142,0.514805704168975,0.691730033862405,0.482795086898841,1
242,0.52242137795547,0.531024262332358,0.422236221120693,1
413,0.549218224650249,0.83545121983625,0.288696441776119,2
1226,0.604019378091571,0.212809318064372,0.503466197552864,6
255,0.519006379037164,0.477177684684284,0.32333949659951,1
657,0.4886618476687,0.768902240344323,0.386100523499772,3
287,0.547658966965973,0.535633632703684,0.391868722136132,2
259,0.521296383633744,0.87559695742093,0.480562357441522,1
1141,0.607778658521544,0.204428673809058,0.51368227289183,6
112,0.520999220069498,0.561835323716514,0.32528505413793,1
