286,0.609770277556963,0.221757644461468,0.513243708270602,1
428,0.639046764182858,0.195060187974013,0.230035112448968,2
1173,0.7397361957107,0.401599657927086,0.366055275255933,5
316,0.608334232813213,0.348994661262259,0.52115312286187,1
219,0.603162764105946,0.339917394355871,0.462753613339737,1
509,0.637016617232002,0.186076489533298,0.568458190280944,2
272,0.607380315281916,0.344935993570834,0.584759414289147,1
1051,0.7381695480975,0.408723879878279,0.366077782324849,5
247,0.60481607376365,0.294366497336887,0.427655097888783,1
299,0.612290541294497,0.282492479565553,0.678962973039597,1
1287,0.733766973600871,0.34768241590799,0.366792410324234,6
1010,0.736331241468614,0.381669511042929,0.374081273574671,4
319,0.603430054585915,0.4730518235825,0.386549555207603,1
1139,0.738694460631402,0.403410184472138,0.357710504209184,5
773,0.579157446809113,0.199500659736805,0.505891994317062,3
1197,0.73766366925457,0.410461624467493,0.371840164394118,5
556,0.635566251925193,0.163186531071551,0.255695641948842,2
1178,0.73702330503262,0.410558276668428,0.37261592143666,5
590,0.636582121264655,0.308394781453535,0.622469867556356,2
1,0.769038077443838,0.0415408844128251,0.550460919039324,0
238,0.607395706390962,0.522041210229509,0.252444693213329,1
1133,0.73533709352846,0.413750922717013,0.358561902435124,5
826,0.733997693021562,0.385654612593673,0.367262711403089,4
920,0.747384587761656,0.373935162413646,0.363184496645264,4
123,0.167275258339942,0.723863082705066,0.697087262757123,0
576,0.641422139999922,0.47964463850949,0.413366712257266,2
1377,0.734446716185597,0.353625426933282,0.373209119672288,6
783,0.580238180845045,0.253659356059507,0.674104785756208,3
130,0.476277786772698,0.584470305358991,0.192213183036074,0
785,0.573441314559896,0.477533026156016,0.528301547607407,3
1376,0.740170870712856,0.34544964817205,0.36238812946587,6
750,0.574384793343488,0.455876449495554,0.33987135309726,3
571,0.632476991487201,0.473058282071725,0.234033678052947,2
466,0.639866274292581,0.400177369383164,0.618670088564977,2
414,0.635831604199484,0.610987119283527,0.44113081889227,2
419,0.63351856665453,0.48683773111552,0.328381194244139,2
89,0.892452940810472,0.0536058098077774,0.456747561693192,0
1265,0.739821982713868,0.354954288298976,0.359757168209182,6
616,0.572913146109786,0.61752041419968,0.674890297441743,3
979,0.740388814902741,0.38799238220791,0.366517759583186,4
644,0.575545504745096,0.264949502213858,0.677844438795,3
724,0.582238314647693,0.354075429053046,0.509052892774344,3
1179,0.73747095504188,0.407309111889627,0.370037528517381,5
256,0.608145804442465,0.230732739809901,0.271217007981613,1
1239,0.72670073691697,0.347289940941923,0.364155815147789,6
434,0.634442612812854,0.494012172706425,0.591167126526125,2
990,0.746994486522744,0.37283150449731,0.371636517020767,4
54,0.779023949988186,0.0117935847956687,0.129533505532891,0
1357,0.745400022642377,0.35481844900114,0.374163604483057,6
1314,0.743642571694726,0.356697344218662,0.37037213932373,6
255,0.611521438953932,0.581995539041236,0.267351122084074,1
1140,0.739435708904868,0.415772829570951,0.371460052765917,5
432,0.634939900967293,0.269821866438724,0.460421544243582,2
28,0.722710018977523,0.661547883180901,0.708730169339105,0
1254,0.742514078822386,0.346205871381317,0.374590782793575,6
638,0.581366618757602,0.423795656906441,0.584615522623062,3
696,0.578461586337071,0.52938666488044,0.6406428885879,3
832,0.741432002650707,0.380573049932688,0.371728287060695,4
1114,0.741345601227044,0.420250262011447,0.365026745195236,5
1222,0.728407843719474,0.356551197416998,0.376586715201917,6
485,0.635225451209117,0.270789658324793,0.313987786392681,2
677,0.578072416228242,0.527729903487489,0.475895691290498,3
474,0.639626262099482,0.255721702612937,0.223548843385652,2
369,0.606644505872391,0.483875619038008,0.283192233042792,1
684,0.581443549070973,0.247447717608884,0.300130504276603,3
412,0.603145173212979,0.473787974822335,0.574666507053189,1
139,0.891077491221949,0.0993818989954889,0.821462014922872,0
214,0.604722572399769,0.503962327050977,0.659085990488529,1
241,0.604919996652752,0.426291033066809,0.187162401364185,1
660,0.575724637832027,0.623188039427623,0.480751519883052,3
634,0.574918762587477,0.47508666573558,0.604221195890568,3
553,0.64101015157532,0.287347239698283,0.568107197969221,2
967,0.738847928130838,0.382117459431325,0.364974508675197,4
1370,0.728713329818808,0.35387937918325,0.36903714207356,6
632,0.577550606557634,0.427432311140001,0.230177033320069,3
780,0.576721398206428,0.374780648760498,0.639845409756526,3
464,0.640334052019753,0.416847900743596,0.619844560953788,2
699,0.575434213744011,0.296705934358761,0.549439113796689,3
405,0.612023671213538,0.453005454177037,0.561951406742446,1
70,0.55032039876096,0.650193244917318,0.784831833094358,0
386,0.6042813210655,0.296446199901402,0.325863300915808,1
1338,0.748899350935323,0.346935834779277,0.37126778232554,6
67,0.242648992920294,0.756611353252083,0.0103449083399028,0
1252,0.736378475707269,0.337404466569234,0.370381176128599,6
772,0.578808668612037,0.303101760940626,0.511148954834789,3
843,0.736067415953907,0.381592738581611,0.363299167591323,4
446,0.633480529927183,0.311465874454007,0.198594451393001,2
1326,0.744534441699087,0.345124039491566,0.368799680430483,6
71,0.429011594504118,0.163085476029664,0.0141997351311147,0
1232,0.733905203748074,0.355648502020248,0.361427527796479,6
444,0.635761572809424,0.485548294871114,0.18833735990338,2
1286,0.72804580599001,0.354824750902161,0.369955476662466,6
370,0.607436103536747,0.365985749196261,0.617850983608514,1
802,0.578177186017856,0.229945881664753,0.559360922407359,3
829,0.736837505700399,0.37822643622653,0.367349097657344,4
310,0.603353732191026,0.386997935152613,0.556923056812957,1
1145,0.730272774350859,0.406985413695612,0.374761740600108,5
983,0.732586355682398,0.377546230855652,0.374603076347999,4
789,0.576134482722264,0.213350135507062,0.582614741381258,3
372,0.605957890339196,0.591023858659901,0.625924258935265,1
1210,0.742895474422621,0.41191489841315,0.36764454174763,5
992,0.735018661678654,0.385582283548256,0.366443116377011,4
1294,0.735078099487098,0.351108299264014,0.366179412585724,6
1030,0.742308327547729,0.40313398901291,0.367592176098722,5
1283,0.736067663144304,0.344500550880027,0.36270760269749,6
515,0.642015714554582,0.319222615472972,0.253581041214056,2
1238,0.73847537182216,0.343226325608144,0.372251457400501,6
949,0.739470613670297,0.38896835844582,0.370077898152448,4
1055,0.739621077319626,0.414947804725806,0.372422328741249,5
962,0.737025152627592,0.388329076550915,0.370899572880441,4
1240,0.744358040371552,0.353466549029449,0.371249508595054,6
240,0.610523823364638,0.409945353539661,0.477392424107529,1
622,0.573316013370641,0.312302902364172,0.565405963198282,3
601,0.633605209109373,0.300419804430567,0.655753315752372,2
250,0.607690316133667,0.502765504433774,0.417509288620204,1
1382,0.729850553819201,0.351058035682565,0.372886001984456,6
1074,0.74220504309011,0.408619710693029,0.362592616349972,5
525,0.639533522452694,0.310820842767134,0.55595819381997,2
708,0.580740711155813,0.21785145860631,0.27230763991829,3
165,0.961747224442661,0.942946667782962,0.263269933406264,0
796,0.577430337921251,0.587385300104506,0.201528791896999,3
1034,0.734988454841276,0.414287273922595,0.368199464900785,5
268,0.602486919143703,0.245126050221734,0.400017772428691,1
1351,0.738990261772752,0.352011387335069,0.360420767175178,6
155,0.495198150165379,0.948282118188217,0.664885573321953,0
863,0.733528487691757,0.382342752840603,0.368296712524407,4
880,0.737226999860875,0.377177049282867,0.372041056744042,4
1126,0.738859335065512,0.40975903432131,0.366428987831876,5
1146,0.736634249633766,0.405875231844732,0.367629025628129,5
1281,0.736594333958341,0.349140505289201,0.372329924128702,6
1344,0.7370902688026,0.346921296108788,0.371950456028185,6
886,0.74354639065073,0.383634490867176,0.365719358535686,4
489,0.635184502536431,0.528980624419637,0.362453654967248,2
981,0.735267830087078,0.383353815461744,0.368160533728715,4
55,0.825086880009621,0.0401936888229102,0.995444362983108,0
1071,0.738128873003309,0.415433603461171,0.372380657500028,5
384,0.606840622776654,0.344201511144638,0.4398323450936,1
186,0.661193166160956,0.769593968754634,0.209778020856902,0
232,0.60579759510234,0.126508800918236,0.381797900400125,1
987,0.747781377186366,0.378081368426213,0.36722726537154,4
161,0.0763272123876959,0.459364015609026,0.0867809730116278,0
18,0.0723549004178494,0.164405392250046,0.0947669143788517,0
972,0.740582100459932,0.372139120233216,0.361460967249703,4
539,0.633453242140822,0.134919936559163,0.26903092591092,2
368,0.611034431660082,0.582443723478355,0.362581091327593,1
921,0.7425121003534,0.390852000250183,0.359238189694656,4
73,0.292226824443787,0.439540462568402,0.503233519382775,0
799,0.576422264168505,0.44408061648719,0.279248475888744,3
311,0.606136434553191,0.585732779023238,0.403582334844396,1
996,0.740768887781286,0.385476640995006,0.375463845139924,4
720,0.573749246650841,0.557586422446184,0.251544797653332,3
1304,0.733970059320052,0.356860457529522,0.366694196885367,6
98,0.393352711573243,0.344807146349922,0.418967136647552,0
52,0.642739196307957,0.903086905833334,0.870902603026479,0
51,0.339478368405253,0.0266627720557153,0.829123023664579,0
1167,0.745997719214973,0.411397782157686,0.364078542975896,5
900,0.735107834124625,0.388591258006918,0.369278298758083,4
1191,0.727552613631588,0.408623777455977,0.366628693098622,5
113,0.763887418666855,0.291339130140841,0.311001984402537,0
687,0.574329085375648,0.137526343367063,0.402937579643913,3
355,0.606953352889977,0.5109545199899,0.234951712749898,1
835,0.738714971896233,0.387650193856103,0.363362044730521,4
610,0.634082420356572,0.366650796169415,0.593496061605401,2
222,0.607502509905025,0.413320364220999,0.189327355567366,1
1226,0.743568588179623,0.346302066023111,0.367906394005376,6
564,0.638394527572673,0.143169240816496,0.507307040598243,2
204,0.883995939511806,0.331047147978097,0.490271231159568,0
994,0.735529814009494,0.381432724685302,0.369127796502776,4
917,0.746003691736607,0.379022203377694,0.359582815549123,4
216,0.608101897293236,0.387916925852187,0.388027477171272,1
450,0.63690799620701,0.347512764064595,0.594252005429007,2
619,0.579508138988167,0.392636055615731,0.266322667454369,3
916,0.736265365068835,0.373233543094657,0.368772360716585,4
1392,0.740282899514973,0.354945508464217,0.360957808531835,6
828,0.737127611944057,0.387676134149937,0.36592657112353,4
22,0.890910536982119,0.386932382825762,0.531439910642803,0
1385,0.734286090615076,0.360485195624581,0.375111760625743,6
340,0.605946478964761,0.233784610778093,0.410216094204225,1
765,0.576001216515433,0.389235987467691,0.282973056286573,3
80,0.0407453142106533,0.512758743483573,0.927491890266538,0
830,0.734541886368612,0.371943750977551,0.368111842741257,4
878,0.744601140029268,0.381951977318081,0.37571306000905,4
300,0.603435527049005,0.401272782264277,0.297348719881848,1
336,0.606257031443529,0.603305093967356,0.382273547910154,1
1327,0.743605584989894,0.353185250058521,0.36453859099933,6
864,0.732051492668153,0.387021330209805,0.366412877498608,4
574,0.637565575593617,0.375436198804528,0.435860585398041,2
754,0.573947155743372,0.506532062334009,0.428418319649063,3
1042,0.734996125284362,0.41213495743515,0.374479798299725,5
538,0.638488073949702,0.486386669939384,0.452561253891327,2
804,0.581148322939407,0.196746162278578,0.382215384254232,3
439,0.634334145113826,0.515986292297021,0.196264933655038,2
488,0.632741038640961,0.332216410222463,0.490883220080286,2
326,0.606473565322813,0.201767905289307,0.272941180132329,1
1109,0.741275034856849,0.413584381996998,0.367151919949049,5
764,0.575661353240721,0.548457302292809,0.286237457161769,3
260,0.602456698247697,0.483777643088251,0.477807163936086,1
694,0.578280621527229,0.42832456624601,0.499749257788062,3
1033,0.739374230919965,0.413477005433933,0.36982065963982,5
3,0.0126776844263077,0.408114821650088,0.412000487791374,0
1308,0.743170006994892,0.3554849275438,0.367101436150253,6
1292,0.736708700814401,0.342985669332381,0.37190716857847,6
541,0.635731653284747,0.16583534181118,0.539596872963011,2
270,0.606363176915329,0.467216189973988,0.274674306483939,1
884,0.732417021831033,0.387407070158452,0.373744186758182,4
1111,0.736848780691035,0.408706298385615,0.366499137744862,5
462,0.632626745176967,0.530567755363882,0.224304961715825,2
1364,0.736149458588085,0.347637172785068,0.371530200386421,6
569,0.637263289743569,0.563780550984666,0.261012933077291,2
718,0.575791748038027,0.617783284885809,0.426413894374855,3
1391,0.730810009285912,0.352247241977595,0.366814244222373,6
966,0.740089269295078,0.385686920359055,0.363296010529829,4
932,0.735310790179186,0.375377612281096,0.368582100036791,4
519,0.637627473580651,0.460835688421503,0.582664446998388,2
558,0.641851855183486,0.270599231962115,0.429885449446738,2
1043,0.738974282888156,0.414426591482653,0.377457294307368,5
257,0.607421388521325,0.159703689767048,0.441060782736167,1
583,0.638150217903312,0.304718127846718,0.676738573447801,2
294,0.602521268599667,0.382421054667793,0.295015258807689,1
935,0.729968190971962,0.382111185195086,0.374090424611684,4
366,0.606756152205635,0.370462249172851,0.634162770677358,1
478,0.639917035510298,0.551062538311817,0.605775320413522,2
954,0.742674858179404,0.37517385501472,0.369155908294021,4
1399,0.729625790646396,0.350308915941479,0.376999248389202,6
911,0.746414364351884,0.386918428462741,0.368607411805579,4
433,0.632773659590166,0.3276898851851,0.310750041250139,2
1151,0.736025848438846,0.413889283802716,0.372521788093003,5
354,0.608870640008245,0.525178997335024,0.426887481566519,1
420,0.637334139212035,0.32000611491967,0.512112179398537,2
1214,0.748677040817324,0.361101294712318,0.37282798300411,6
636,0.57840594217414,0.159492108528502,0.271516934479587,3
593,0.635773714382667,0.534449187829159,0.57936816427391,2
690,0.58001510522794,0.178369684517384,0.537944119167514,3
267,0.603452090912033,0.509311928087846,0.559161211806349,1
628,0.576870920294896,0.281636266643181,0.674997928761877,3
131,0.107588002691045,0.763359724776819,0.345473012886941,0
1189,0.732747591513746,0.411965901797013,0.37222993050879,5
422,0.633676058251876,0.451733113289811,0.655754457321018,2
274,0.603370789908804,0.164932504319586,0.308609982463531,1
430,0.63869146238314,0.577417299291119,0.468293233402073,2
1325,0.745233012069441,0.355992792103948,0.363567438350151,6
166,0.570627507288009,0.871468330966309,0.522306174738333,0
521,0.63508818252245,0.368935160944238,0.459501930489205,2
246,0.607481620204635,0.530986735969782,0.540877762925811,1
673,0.578349012027029,0.30971767406445,0.445030891080387,3
890,0.737884987238243,0.380868046613961,0.363825258028619,4
227,0.606710387899075,0.350489464495331,0.289992983196862,1
132,0.98532087309286,0.842370925238356,0.587863863212988,0
985,0.735694660413429,0.379713635627175,0.369568639952897,4
44,0.508560324786231,0.0723316774237901,0.180897191632539,0
939,0.738578033289114,0.392024788034303,0.359540991401767,4
998,0.742926873208356,0.375390993127514,0.373915822639692,4
31,0.0709748966619372,0.690289433579892,0.281137189129367,0
1276,0.744215106092359,0.349973587269596,0.377085252497035,6
705,0.573000535853207,0.356011279881932,0.387913224613294,3
978,0.729284396936297,0.377477511754253,0.363199740900755,4
408,0.603364431632217,0.398549727769569,0.413611637637951,1
95,0.616683725034818,0.696208087261766,0.412142534740269,0
127,0.543220794759691,0.185095867607743,0.16983317444101,0
25,0.74710465897806,0.0124544140417129,0.296683419728652,0
851,0.732161942409149,0.386073321929523,0.374999369747557,4
138,0.314525626366958,0.377112647285685,0.517966268118471,0
1300,0.738621483317897,0.351476377577713,0.36833551257812,6
956,0.733895988536297,0.383721876947797,0.372150985687621,4
993,0.739721525596911,0.375288429723058,0.37694945656189,4
1094,0.740625492902355,0.409126868510189,0.366352970077011,5
824,0.737420301881213,0.386513992435221,0.373893540448731,4
211,0.700953883584589,0.247821799712256,0.380712861893699,0
296,0.607507082456723,0.334407836454921,0.508588239643723,1
543,0.640754275340587,0.483371502859518,0.211035550897941,2
418,0.637648135477211,0.23991296524182,0.320925391372293,2
840,0.74446889584078,0.379785470642363,0.376700152920355,4
960,0.730383620934241,0.388291132313357,0.364807390096289,4
747,0.57494303846499,0.197200746182352,0.526583440112881,3
1329,0.735158191902355,0.362548241314071,0.363612392480361,6
566,0.637529993492644,0.420896117715165,0.193032287037931,2
1402,0.733564457047431,0.34665489550773,0.373322010100294,6
1194,0.742965483330009,0.411179741345359,0.364369809040664,5
904,0.737313693839438,0.378935487405554,0.371432361793594,4
118,0.920678327325732,0.539494591997936,0.882543572690338,0
995,0.743851672088923,0.382168837856626,0.370878285915017,4
661,0.578598692435771,0.194652765546925,0.470943890954368,3
681,0.572454039400909,0.385919921356253,0.215810519387014,3
263,0.609957923803013,0.540236010006629,0.394915175368078,1
1047,0.735278823002331,0.406845922433336,0.367778750600544,5
682,0.581182907959446,0.313793472386897,0.399164126580581,3
43,0.572888866066933,0.560178190469742,0.380594597896561,3
275,0.608580116801895,0.403623327519745,0.450355565967038,1
283,0.611515821286012,0.46772833566647,0.553969435486943,1
6,0.953033086145297,0.538597247563303,0.873753240332007,0
1406,0.734018534228496,0.346269164528634,0.366719251292157,6
1193,0.743311323662004,0.407868522296779,0.369059841547019,5
550,0.638334289861377,0.468155181291513,0.489971481938846,2
91,0.0257605297956616,0.242059899726883,0.23075581016019,0
45,0.838391089113429,0.547427346697077,0.932074698619545,0
1246,0.734985619666589,0.354364745146572,0.368089670498117,6
1335,0.72146125646793,0.355713919089726,0.375240323614148,6
156,0.297872885596007,0.345167493447661,0.249832705128938,0
35,0.691638479242101,0.543380471412092,0.584433282027021,0
1090,0.736395826716998,0.405451896076725,0.376822728803843,5
726,0.578212144018617,0.609499572799541,0.563701713783667,3
453,0.634696266469546,0.362899888330139,0.232858721842058,2
814,0.741034540429626,0.381699308325939,0.36762002046642,4
1131,0.740552136678149,0.412835145089877,0.371918423313814,5
513,0.638201147122309,0.484555547963828,0.590597312408499,2
172,0.512762369588017,0.494689213111997,0.00514809717424214,0
617,0.577445289699826,0.463653507898562,0.564000662858598,3
951,0.738715828371004,0.385778622083856,0.365715490104132,4
1255,0.733292477748397,0.353058950024813,0.370989718919699,6
190,0.969994738930836,0.264155083335936,0.251572857843712,0
567,0.63970260899514,0.355444809095934,0.628478930192068,2
1165,0.732571552555987,0.40536095186873,0.370951301791846,5
359,0.607239683284424,0.446471208729781,0.586520526069216,1
950,0.739039482403253,0.381591571348415,0.372745954798832,4
733,0.57821190463379,0.319240282080136,0.407205714471638,3
253,0.602593356217258,0.358469072636217,0.424817409808747,1
648,0.575861269356683,0.402965632639825,0.303797440463677,3
746,0.574787425429095,0.198049264983274,0.50777477407828,3
679,0.579663892136887,0.128559713158757,0.330506153032184,3
105,0.951914872741327,0.740975578781217,0.46209375327453,0
141,0.674104847246781,0.088477109791711,0.629457617877051,0
470,0.636581522137858,0.249364809738472,0.266061052191071,2
2,0.749840000178665,0.507267554057762,0.976086738985032,0
1303,0.741552859686116,0.347126652102721,0.363354185548187,6
264,0.611291507326532,0.436130805080757,0.444567764853127,1
1184,0.737671992654481,0.405453895952686,0.37580791239373,5
106,0.514409494353458,0.888926133979112,0.424290549010038,0
1163,0.746233945185187,0.416166886073596,0.363811442006942,5
410,0.605834905221127,0.419277656381018,0.603868790064007,1
1360,0.744263209774185,0.354921226723269,0.379561472074604,6
953,0.737434803557385,0.380691682900874,0.362294101051403,4
861,0.739373280362066,0.373617471141592,0.375676036415674,4
361,0.609802238042466,0.492871126998216,0.685521170939319,1
1025,0.735703241711925,0.402006289271553,0.370529577999505,5
441,0.636381682555657,0.609247935027815,0.643243672768585,2
350,0.61071827406995,0.334215918346308,0.292914343159646,1
1322,0.748549403234994,0.356165243220678,0.366202089853785,6
177,0.350185381714255,0.572935555363074,0.447812869446352,0
395,0.610622629870195,0.599638592242263,0.268518915609457,1
964,0.739674173692991,0.386556275327723,0.372549319968488,4
906,0.738674066354447,0.38056239098746,0.36765685646885,4
741,0.573392346196342,0.283044948615134,0.358769943681546,3
527,0.638995254284237,0.344996773311868,0.395926077710465,2
1263,0.73885669059502,0.35775652206851,0.372783782778947,6
1389,0.734940527466848,0.351759841169741,0.371082974688032,6
1305,0.732192931040036,0.357222738634449,0.363216747626535,6
808,0.576663240124472,0.204593465803191,0.340026195487008,3
633,0.578984284272883,0.432588373799808,0.296115302108228,3
1124,0.736897694362184,0.412568221989807,0.366569693554252,5
1053,0.732078351447098,0.405543444927796,0.360035384516425,5
1059,0.733195071433876,0.424002105430147,0.376428150470179,5
171,0.570762033574283,0.289618261856958,0.671386709902436,0
1024,0.742790807463286,0.406158157894463,0.368697942879484,5
469,0.641961845019832,0.519826303375885,0.390197210805491,2
56,0.28515052748844,0.787858151365072,0.113298073410988,0
14,0.0388650079257786,0.679924723925069,0.640270610107109,0
683,0.577025649342686,0.182269612583332,0.344554895861074,3
665,0.578477539161686,0.451324955467135,0.337187854549848,3
1102,0.737972773261343,0.411526807699531,0.372123713894239,5
1244,0.730583919117239,0.350124334599832,0.35833122279737,6
24,0.574868310941383,0.327642464078963,0.804599709110335,0
220,0.611764342261013,0.541675792098977,0.532369733648375,1
59,0.361762178596109,0.75887744827196,0.583800314227119,0
1404,0.736523500506399,0.35268257738802,0.363319484301214,6
1044,0.735667617585297,0.414373604194721,0.363765462846107,5
736,0.578221832220443,0.492603591550142,0.438055101642385,3
30,0.691917587304488,0.549613818293437,0.636854977812618,0
551,0.635221967017278,0.191713308007456,0.454566620965488,2
152,0.0138376341201365,0.481789184268564,0.770442636683583,0
381,0.609199373109732,0.428535131411627,0.674232488824055,1
388,0.605362798273563,0.622610141779296,0.583948176098056,1
1046,0.741959309713447,0.401310895581384,0.372740158955222,5
1216,0.734286592327317,0.346404128127288,0.370990519632328,6
401,0.606717468979769,0.431277249148116,0.471180582977831,1
282,0.603661491498351,0.241875298926607,0.362103520403616,1
642,0.575879133031704,0.247893728688359,0.379837784543633,3
1081,0.738861929622149,0.407975962384581,0.373528840881896,5
862,0.734316404883052,0.384962764001511,0.365667350742837,4
327,0.604728209236637,0.290499107236974,0.39851908092387,1
637,0.573560969836544,0.384498026943766,0.251424010586925,3
81,0.626832457259297,0.76499594701454,0.17318795947358,0
1078,0.741210298331221,0.414970416512713,0.368144916966699,5
5,0.196328432997689,0.618474551010877,0.0346583956852555,0
1229,0.743807440007359,0.349917582135622,0.370634424438957,6
577,0.637200357492548,0.42192429958377,0.33019624974113,2
991,0.740116308223406,0.378620933518931,0.361084840258389,4
517,0.639963536723517,0.270609429711476,0.456690568453632,2
254,0.609708651117981,0.445284413080663,0.633437054674141,1
1088,0.744277411229466,0.415638591065604,0.376036218943723,5
522,0.634418601910584,0.530047636269592,0.625213402183726,2
1217,0.733985851333586,0.352181143857154,0.37018450765084,6
663,0.581969684162177,0.132184079638682,0.596106516057625,3
933,0.73340047984046,0.382989754277961,0.369529786018391,4
544,0.636077158164699,0.313589989463799,0.309075108473189,2
1349,0.740173173379597,0.353296111679859,0.369966551502183,6
612,0.632654400407337,0.616663105692715,0.225022616656497,2
1359,0.742186996817937,0.34738345871628,0.373873446507389,6
413,0.634055865867995,0.560854909033515,0.547700998699293,2
1297,0.735635462573438,0.353601442707131,0.371568000154611,6
1082,0.73804564251511,0.415228668174425,0.367574353922775,5
144,0.204929164377972,0.198901117546484,0.730712323449552,0
116,0.802268911385909,0.711398561485112,0.619189866818488,0
324,0.6045874538715,0.603224954707548,0.504474565130658,1
845,0.742520623004952,0.389257170657229,0.370347323528429,4
753,0.572503955785651,0.38903226100374,0.318321566889063,3
341,0.604257275343407,0.325194446393289,0.320710381469689,1
969,0.735345292252869,0.384072051495187,0.368046237657115,4
898,0.737588469328898,0.387583703837545,0.363267432670897,4
581,0.638389472060371,0.348271719552577,0.554828369501047,2
918,0.733795093965466,0.375722530834936,0.369719662988029,4
836,0.732229176624871,0.376763426228361,0.372370811813393,4
988,0.739614753762203,0.382450877728995,0.378636812300384,4
719,0.58205776946852,0.173049598140642,0.317443551821634,3
330,0.609318502391689,0.310597784956917,0.594500526529737,1
77,0.808229378424585,0.232295414898545,0.553620733553544,0
16,0.111459996085614,0.383884174749255,0.333437152672559,0
452,0.632501340878662,0.6054285711376,0.216393883549608,2
1261,0.734155914576941,0.350501216798538,0.362522838682101,6
180,0.76040931371972,0.825448369141668,0.406498003518209,0
846,0.731542268122507,0.374150005762433,0.370472747438572,4
329,0.608109791281167,0.15750073119998,0.614157837443054,1
604,0.638994408510626,0.521662773238495,0.583630149345845,2
205,0.511193689424545,0.592245218809694,0.597688616253436,0
120,0.322580590378493,0.328520778333768,0.22076165350154,0
653,0.576846972808708,0.37975830831565,0.623639934556559,3
291,0.606034424630925,0.474095630948432,0.450388414761983,1
1141,0.741249083608168,0.408262728234338,0.373583808172397,5
75,0.797636126633734,0.721300606848672,0.97112780995667,0
404,0.607868066939991,0.129520495212637,0.289856188092381,1
1312,0.735454069022962,0.350872973898616,0.3629994363927,6
1313,0.740893007720291,0.35736520377119,0.376530083363516,6
606,0.63260258654831,0.466478291340172,0.497823174553923,2
53,0.0673805961851031,0.697886154055595,0.854405609657988,0
688,0.581346416298766,0.239175735879689,0.588683813204989,3
194,0.917752399574965,0.466563028516248,0.122084027621895,0
236,0.607881197556853,0.546574677946046,0.303979843831621,1
770,0.57393449658528,0.182661548862234,0.640121135953814,3
32,0.620121780550107,0.0771151147782803,0.284765775082633,0
579,0.636354502462782,0.137389672128484,0.466095673595555,2
125,0.32980343978852,0.193482832983136,0.872258234070614,0
1407,0.727605546614781,0.348712973927534,0.370069035350846,6
312,0.608141935174353,0.298298269417137,0.550256288819946,1
1205,0.745271610881134,0.411483085954071,0.360692129625441,5
760,0.577409021107014,0.281025819387287,0.481307498388924,3
729,0.580921910253819,0.573777334089391,0.399562700861134,3
258,0.607907409204636,0.596661877376027,0.428112140251324,1
199,0.351047339616343,0.564241628162563,0.243202961515635,0
129,0.197524739662185,0.106915633426979,0.114676718367264,0
498,0.637575604957529,0.350164485536516,0.659351049200632,2
578,0.636281461622566,0.229861951107159,0.578681737859733,2
626,0.577552634931635,0.511305407178588,0.288764526811428,3
10,0.361424419796094,0.0516732232645154,0.991269077872857,0
842,0.729655291633027,0.381731920031146,0.360904679385268,4
206,0.462621920276433,0.0949387468863279,0.904796010116115,0
599,0.634538732629735,0.315302257682197,0.474256953084841,2
526,0.6329043771117,0.164069163054228,0.244628302729689,2
540,0.640508542272728,0.565644501149654,0.60006268878933,2
1022,0.740101615731767,0.414365584515404,0.368591746230587,5
398,0.61132325489074,0.532939343736507,0.559471400314942,1
752,0.577825407909695,0.544281011354178,0.53731795491185,3
528,0.636739343970548,0.164080965821631,0.537092538177967,2
1409,0.73870261487094,0.352350168562067,0.36943788679947,6
491,0.639777141737286,0.164326435094699,0.357455675001256,2
1168,0.740331488591749,0.413034520318345,0.381469998228901,5
1290,0.737088124977335,0.344070706616524,0.369358433871146,6
712,0.573212377063464,0.475576269463636,0.247352813580073,3
322,0.608158820515964,0.587469635438174,0.51916644196026,1
46,0.559347573434934,0.762089903466403,0.713468336034566,0
795,0.576007513788063,0.420056909578852,0.639144002669491,3
1233,0.735570574699899,0.352466087053213,0.378790082847086,6
853,0.738276752012854,0.381905772137853,0.364281434836838,4
64,0.25679749622941,0.381755977403373,0.520462179323658,0
1037,0.737214608601088,0.411056304457322,0.370705656876995,5
776,0.581546807419509,0.537406976358034,0.209365685214289,3
758,0.572804446404334,0.462385247950442,0.31494292311836,3
1069,0.736861044275061,0.403317276596142,0.36377433166112,5
1397,0.728151311263225,0.351673797302787,0.371912362275594,6
1324,0.74335813495386,0.346494774431719,0.375414820382944,6
100,0.167312910780311,0.884341906057671,0.0208337784279138,0
1123,0.736642358207596,0.415153145892858,0.371823438346935,5
963,0.736467816293766,0.379486692796888,0.378768158335772,4
1306,0.737300469501808,0.351377139501707,0.372082781959766,6
837,0.735929755954174,0.384449764391486,0.374010207891324,4
1231,0.730396014905532,0.343964474965455,0.366018977230875,6
223,0.610031413028482,0.484123525698669,0.264557227236219,1
209,0.877686739433557,0.38099398673512,0.362558575812727,0
115,0.645026645623147,0.533485221210867,0.0938586371485144,0
175,0.603808339685202,0.373692778637633,0.933867817977443,0
786,0.57820790858008,0.342300392827019,0.492181069310755,3
655,0.576148895090446,0.212182452925481,0.479461052082479,3
849,0.739533561524644,0.389546048479462,0.363455309984038,4
207,0.454993303399533,0.21482021920383,0.951534285675734,0
86,0.670018933480605,0.866468627937138,0.442114957608283,0
749,0.578070104182698,0.212536420696415,0.292342160339467,3
573,0.638414579820819,0.553276681131683,0.555754505190998,2
809,0.573978520459495,0.584873574227095,0.456156987673603,3
278,0.611633622217924,0.290343187656254,0.258180228038691,1
552,0.634360456941649,0.57397292451933,0.378001264622435,2
565,0.639991820571013,0.38558368969243,0.367979392269626,2
1213,0.735690304409087,0.349931746466831,0.369875885580429,6
1320,0.738258187913297,0.354809322176304,0.366503402915999,6
838,0.749296528433396,0.380045343481809,0.370454303418426,4
108,0.822738380171359,0.432349488837644,0.337711407104507,0
1365,0.733413999707955,0.351392306560842,0.367174221110151,6
162,0.857503297971562,0.428133967565373,0.513910660985857,0
500,0.634977138291579,0.587287323689088,0.567753750574775,2
1036,0.737243589682463,0.416100260543392,0.36517191028452,5
1000,0.740044990471006,0.378810552150509,0.36778845843814,4
1371,0.73595807054038,0.341097644448742,0.372126485382758,6
477,0.63602563158609,0.250630557793193,0.541197412041947,2
1056,0.738084467759649,0.411616553329529,0.365086085600462,5
279,0.61123069076566,0.234648221428506,0.497187702311203,1
1190,0.744106619065616,0.409756802891322,0.364718439541984,5
281,0.611118349269964,0.297300388012081,0.454977542371489,1
387,0.608201428451575,0.604703818587586,0.565530810714699,1
1212,0.747974606137728,0.419748532340575,0.368157499998405,5
1310,0.739539083423881,0.34836503391002,0.372206852919029,6
262,0.611550389027689,0.406147454539314,0.496185684553348,1
822,0.72579933803273,0.373395774951279,0.365015126312803,4
624,0.578105421101209,0.573451319499873,0.286263202410191,3
961,0.725950497709521,0.387231034074455,0.372505422375571,4
1208,0.732982419448065,0.418084900181435,0.36496780758709,5
147,0.905401087366045,0.915750795742497,0.905494167003781,0
1152,0.735438508640736,0.41156551663026,0.372372412937958,5
775,0.578192586868536,0.26063942713663,0.346978862979449,3
1375,0.739970422419209,0.344459458704145,0.373525673189597,6
8,0.0284269950352609,0.889274693327025,0.495553993852809,0
447,0.640271494209301,0.198662871867418,0.257896636705846,2
761,0.578979029171169,0.503855904005468,0.430176873668097,3
479,0.639002491007559,0.527826526225545,0.61065962058492,2
1091,0.734977840895644,0.407231502930572,0.373084431067546,5
289,0.612236757162027,0.276378732547164,0.217380890017375,1
925,0.742563992304528,0.376611937868993,0.374091351743697,4
716,0.577103479888756,0.188034935877658,0.541231762361713,3
1014,0.734103795757905,0.403165637449513,0.361060266840568,5
19,0.588541022734717,0.935726195573807,0.799210676457733,0
794,0.576640855460428,0.156946176569909,0.341461143433116,3
153,0.165855846833438,0.498954694252461,0.795481862267479,0
288,0.608628074342851,0.338281811820343,0.193665796634741,1
280,0.608362610132899,0.437518573622219,0.191104501811788,1
1039,0.732918898675557,0.404832829386047,0.378711284313911,5
1388,0.743451794110468,0.349193261391056,0.367513585434893,6
689,0.574732381280046,0.162804563203827,0.221153471362777,3
1075,0.734871863845186,0.414741083924008,0.370986652554537,5
344,0.610149973635562,0.347758018434979,0.666843642108142,1
1076,0.737520028265301,0.415308814913578,0.361718254229151,5
68,0.259713118663058,0.00233716540969908,0.29931425047107,0
1153,0.740244110841353,0.413311348105666,0.36663172722448,5
974,0.736188839799968,0.379028064343848,0.371214575682433,4
1182,0.731220163484838,0.409228984278062,0.369153524331414,5
810,0.580668015172705,0.138584508700296,0.444665923924185,3
1345,0.736957958246502,0.346434834058683,0.370470148210995,6
345,0.605649118558504,0.161735386378132,0.635331110889092,1
151,0.836487443419173,0.995127247646451,0.90359376068227,0
362,0.610131296946201,0.355219285609201,0.44474098153878,1
143,0.903278988786042,0.947844063863158,0.35200268542394,0
1401,0.737519966973939,0.354660976585224,0.373320980621504,6
218,0.602635293977801,0.260760377300903,0.457939235237427,1
1198,0.736115514012615,0.415906509299779,0.38273645558251,5
891,0.73402574850575,0.380988445168497,0.370187547888857,4
1356,0.734909954878027,0.354644235795678,0.364932757885194,6
74,0.116641206433997,0.109679786255583,0.417033843230456,0
529,0.634901048575994,0.44498433326371,0.481101561663672,2
508,0.633442759891041,0.571683349926025,0.654598201834597,2
198,0.893626291304827,0.614524580072612,0.973914561793208,0
791,0.579900228516199,0.357175109116361,0.619937300891615,3
1159,0.734801972421681,0.410971722901962,0.366590887497076,5
226,0.607515185719822,0.605666181794368,0.279305526148528,1
1116,0.737401559800015,0.410497323809708,0.365386526592961,5
867,0.727390983653995,0.384038650650066,0.370964355409646,4
691,0.575409675678238,0.565637969202362,0.621447601215914,3
21,0.7946343482472,0.51997662265785,0.984644716838375,0
1339,0.744893342286608,0.3432345566192,0.360244839788273,6
331,0.603924543564208,0.203842682670802,0.238068895158358,1
1272,0.730783676228809,0.357228947125276,0.367411189554474,6
445,0.636819922456052,0.563884751661681,0.542420402495191,2
1200,0.735910774801999,0.40868708846289,0.376590024586075,5
393,0.606599374457728,0.459862864599563,0.511832479480654,1
325,0.60853516462259,0.164777179271914,0.242820684774779,1
1021,0.742503141068176,0.407894515674709,0.36667231669148,5
57,0.952663748757914,0.732866524253041,0.271236480679363,0
1061,0.738096785066325,0.40552878079669,0.368666207607204,5
816,0.745771908990548,0.381227251842108,0.378975053323501,4
377,0.606576853976585,0.385532010020688,0.512624067929573,1
403,0.61041225865949,0.327792846504599,0.311561686894856,1
383,0.606755971873645,0.563731990777887,0.5188564930344,1
1204,0.736002507644835,0.416274428637628,0.375192208340163,5
1387,0.733619568956803,0.353483005293979,0.367298387153235,6
63,0.330076326150447,0.535216277698055,0.496920452686027,0
818,0.728170167400557,0.379950046566569,0.369293822515396,4
549,0.632519819184672,0.195622523920611,0.478773358720355,2
1166,0.740993499493464,0.415492096656729,0.368431539065101,5
614,0.575715014557354,0.424689849279821,0.502349951979704,3
305,0.610433360934258,0.490741080627777,0.675880377623253,1
501,0.640631759702228,0.223347157845274,0.545651764236391,2
931,0.736149876942244,0.376164500567568,0.370691426374014,4
1183,0.736211160495937,0.413111699553139,0.376510282796458,5
459,0.639365310592111,0.129361322405748,0.603224852448329,2
182,0.0386368350591511,0.953363743843511,0.372937001520768,0
1132,0.739780026231513,0.422284196888502,0.370662265592752,5
1298,0.73791127013231,0.351803268779961,0.359959378859832,6
703,0.580151014591102,0.434812431246974,0.287416558456607,3
273,0.606542606484145,0.336100099049509,0.61772632538341,1
1093,0.741704016277211,0.401743919435164,0.367692136846025,5
402,0.611260855777655,0.520225029229187,0.466079439362511,1
1149,0.739481999831171,0.414782262732642,0.371804837659092,5
304,0.607383275935426,0.577642182842828,0.416520856297575,1
928,0.739721071490752,0.39061724750249,0.370591642425834,4
364,0.603230258463882,0.560344724124298,0.203534494130872,1
1342,0.73218715273543,0.357117431549634,0.375714231664554,6
83,0.854343245970085,0.206355190137401,0.721091087209061,0
779,0.577791649939027,0.261777518806048,0.276816592994146,3
675,0.580474225725047,0.218998464546166,0.31548624902498,3
174,0.11099224188365,0.0109404283575714,0.897149421507493,0
784,0.579964038031176,0.620653769490309,0.479627917497419,3
888,0.735941245317698,0.394121669660832,0.378124266642078,4
142,0.333507017232478,0.510071258759126,0.909403899451718,0
868,0.733525270254842,0.386867492809546,0.376205816565942,4
23,0.790917056845501,0.304878528229892,0.332520355470479,0
200,0.180623340420425,0.904693096410483,0.668218297418207,0
1358,0.730008994831956,0.355418579724642,0.369042372424171,6
1086,0.730612781051747,0.413995436316579,0.370746891675462,5
1346,0.734705455398914,0.346711266097411,0.36533829588313,6
1236,0.730792995821093,0.350627011634777,0.366939799289122,6
7,0.858017157530412,0.802066836506128,0.84540365007706,0
937,0.733032644734187,0.37571604381654,0.364083436543771,4
666,0.576265982922632,0.357021819241345,0.452460593986325,3
114,0.537541376892477,0.333140301750973,0.0701664509251714,0
451,0.635992222253699,0.155494806729257,0.422329433471896,2
1248,0.736682490119386,0.350194698126296,0.371068341138854,6
759,0.576993930428289,0.375729452609085,0.583702829643153,3
1318,0.740158555863607,0.350543006729351,0.360434157455058,6
145,0.323278956813738,0.265693716937676,0.317309036850929,0
813,0.742216311882302,0.388071685543651,0.383158872809185,4
348,0.608227867539972,0.178182986238971,0.409247096604668,1
502,0.640506247091107,0.393105286196806,0.487951413355768,2
472,0.633756660220679,0.269748225831427,0.215109772724099,2
1251,0.739520482947104,0.349061427542003,0.378395185349819,6
1110,0.725911023548407,0.417080035485468,0.368406083968038,5
767,0.574941025120206,0.502917636092752,0.39828380276449,3
1260,0.742460896105218,0.353703320242521,0.380598516404765,6
191,0.681838172720745,0.262048787903041,0.494698832510039,0
555,0.642189842918888,0.324806052981876,0.3026268980233,2
892,0.735931800257822,0.375729898139116,0.369625375583001,4
1122,0.73728156333315,0.414657346788444,0.365888090969828,5
189,0.203727065818384,0.0459563308395445,0.809181731659919,0
908,0.732660578162148,0.383207220851277,0.364664886017962,4
390,0.610747920037247,0.172997771087103,0.471984378271736,1
484,0.635317631182261,0.360044003953226,0.275679552322254,2
425,0.63662263300037,0.26763495747,0.610428542923182,2
827,0.734508708664524,0.381541573208182,0.371183175703448,4
506,0.635261283386499,0.143527216417715,0.215039520384744,2
338,0.60742279864382,0.493384886090644,0.670387403899804,1
1315,0.742585149936916,0.351453436956573,0.371560174642453,6
463,0.639948654475156,0.276660577650182,0.650460299081169,2
1311,0.742008041121591,0.356093414357254,0.372063929276591,6
337,0.608833828119095,0.439807497337461,0.414011940802448,1
476,0.637839529416524,0.237358657782897,0.203843392408453,2
160,0.324662334285676,0.383596408646554,0.0164692485705018,0
34,0.447934705298394,0.969737527659163,0.573073624633253,0
630,0.574228927604854,0.518387378333137,0.281896560895257,3
924,0.73146769209956,0.381859986727249,0.368977392710422,4
233,0.602310532920528,0.604882268724032,0.428911115252413,1
1195,0.744744957724503,0.412096185772415,0.369487168599987,5
1282,0.7370424368842,0.353285142194628,0.372046971587029,6
523,0.641099617127329,0.134030987066217,0.631800988083705,2
1243,0.74537504686426,0.354420981393647,0.364244085141091,6
109,0.0383852510713041,0.977331120288,0.000494065228849649,0
1085,0.740673902021163,0.415785252175227,0.365763860232906,5
293,0.604111254927702,0.427101750648581,0.483429604303092,1
176,0.561383276013657,0.589469415834174,0.0337134650908411,0
745,0.582081788210198,0.261773148574866,0.34845123111736,3
449,0.640111575901974,0.615847718692385,0.375600050762296,2
320,0.605523206945509,0.568990247580223,0.270334513718262,1
907,0.742277279363389,0.372203811231004,0.363577345502471,4
437,0.637084999205545,0.386416936665773,0.665660454053432,2
639,0.574482007820625,0.132451677136123,0.560084101138636,3
934,0.738719121002541,0.384291746792255,0.365603887188753,4
170,0.546625090064481,0.461902249138802,0.914264287101105,0
999,0.735639637270509,0.387187172415999,0.368096799651322,4
1125,0.741026412353445,0.406849381145822,0.361943625397158,5
643,0.5784938873793,0.131929072341882,0.525843447982334,3
261,0.612074710666202,0.560132945794612,0.423177586263046,1
328,0.603889965026174,0.547468522703275,0.442920224834234,1
620,0.580349508819636,0.608332444005646,0.583808084926568,3
128,0.866282765055075,0.645772712770849,0.519419076386839,0
499,0.642269442153629,0.600541916931979,0.550818050373346,2
1001,0.730832900170923,0.387319398822195,0.36668279850088,4
563,0.637536510534119,0.291609401954338,0.538641870347783,2
800,0.573423169637099,0.510180161474273,0.563698231335729,3
50,0.272131694713607,0.514678237726912,0.665046179899946,0
546,0.634160551719833,0.216282130940817,0.45335961014498,2
37,0.722300922265276,0.516305054770783,0.826752575812861,0
1241,0.739781392616632,0.357722779631979,0.363541477530075,6
79,0.401017470983788,0.353582749608904,0.962062687147409,0
1045,0.736013919260607,0.419212018041196,0.365033207486012,5
1266,0.737856040892959,0.348724212252576,0.366105277011374,6
946,0.731827330567969,0.381715666286819,0.378786464652485,4
1285,0.73425484336915,0.358153521002276,0.360553999420746,6
1368,0.734511107386021,0.346658116419482,0.372587228281318,6
1378,0.732546027276455,0.347473319261616,0.368142109627654,6
575,0.634733172380366,0.293648964748718,0.303274090029299,2
536,0.634598687042017,0.327050559711643,0.480419116071425,2
382,0.606617372031324,0.475678292824887,0.464409608603455,1
1275,0.741337758180469,0.352681383272111,0.366074197429319,6
93,0.390604811953381,0.930787613149732,0.0329424757510424,0
582,0.63852134708548,0.516464419802651,0.253049790603109,2
259,0.607166980348993,0.588967224024236,0.678160444460809,1
1279,0.740197743908697,0.345692628032392,0.367679156750056,6
62,0.856558533385396,0.697818219661713,0.0872968202456832,0
1393,0.737689058426296,0.350419987304664,0.369911594035529,6
448,0.640359890460968,0.486681739124469,0.326571889314801,2
859,0.734733845180605,0.388390858274892,0.367469313007806,4
1372,0.739687380441006,0.3563993753171,0.367536879082656,6
1405,0.739943761828663,0.347747149400991,0.371012673562549,6
490,0.633889389385004,0.25955315285828,0.605407474772073,2
301,0.604209160194732,0.501269926805981,0.228009833348915,1
986,0.744277579065131,0.37547129549385,0.361997476296055,4
657,0.5759753160947,0.33810845380649,0.211624768306501,3
228,0.610196502532344,0.384401428187266,0.607907164120115,1
649,0.582081545176916,0.59394413176924,0.625535053992644,3
866,0.738490567191798,0.387958626304124,0.373920729758787,4
1113,0.733598433965164,0.41348155457384,0.375502612758541,5
871,0.730197449771706,0.388977089480149,0.364916721742129,4
1120,0.727164563775223,0.408796359805929,0.364198569857313,5
686,0.572542648208328,0.348275027610362,0.279353520926088,3
559,0.641670098036993,0.421205058367923,0.482911606878042,2
1147,0.739713667965457,0.413306246207277,0.37527094833336,5
605,0.640607049716637,0.43478697843384,0.304716443270445,2
1154,0.738020518874723,0.411898630330703,0.369007951664635,5
505,0.638571508352179,0.43932470344007,0.468082039128058,2
85,0.154391273390502,0.353961128974333,0.578763174591586,0
154,0.803928439272568,0.9789459311869,0.330424839165062,0
881,0.742210135309576,0.384289513066858,0.375208044190945,4
1135,0.737194026568057,0.411618469598182,0.368138796011605,5
915,0.746246650972149,0.382919538400569,0.36077504814539,4
497,0.637087024548091,0.30158337673638,0.410454691015184,2
1029,0.748128158228846,0.423395513302652,0.379907914223186,5
1005,0.732264549047641,0.381926618764973,0.368404225653068,4
945,0.740633247763833,0.385819436050418,0.367022471650278,4
1228,0.735916415291036,0.353125908042143,0.37174048061311,6
702,0.575126941991039,0.320361042302102,0.299206054164097,3
33,0.398331412347034,0.42124433349818,0.0127908606082201,0
1098,0.736708295768614,0.414223220371428,0.371602904792629,5
1249,0.738192780474085,0.354011681307777,0.370308012651817,6
598,0.633449689499103,0.221694424189627,0.220410682470538,2
1118,0.739167290809387,0.411103105856623,0.370101340444155,5
1262,0.731105214831356,0.356848114457764,0.370741911889377,6
588,0.632809743722901,0.343472030153498,0.421846432937309,2
1103,0.743527513822211,0.417728956380659,0.364201979098405,5
1160,0.733996832412473,0.406586004649034,0.367270694053655,5
92,0.361851727357134,0.346941025229171,0.229074076283723,0
1004,0.736236642005076,0.381032716330057,0.361539787902031,4
512,0.632345321099274,0.380248527415097,0.189746831753291,2
869,0.733815797798418,0.374924126680862,0.371064077187262,4
1362,0.730226679321595,0.348963214575965,0.370185645350187,6
11,0.0559116192162037,0.649149776436388,0.566393720917404,0
876,0.739120795727676,0.384851927618058,0.369004012281499,4
1340,0.736104645297947,0.351652543763321,0.362329260484882,6
1366,0.741192930471443,0.357801205609161,0.380897825897432,6
927,0.742546395971496,0.384632942294331,0.370280208546531,4
1083,0.741330143309265,0.410373985786053,0.361588490249013,5
669,0.57382336468203,0.584364311676473,0.561716926842928,3
1070,0.745827741925184,0.422212184964631,0.361724966671688,5
882,0.735609956174722,0.386566325203424,0.374396893863742,4
938,0.750920675524145,0.373100762019329,0.380518849965136,4
586,0.636514517895412,0.142074165539816,0.394867529254407,2
221,0.603435111993458,0.447297369269654,0.343781932350248,1
197,0.591985748149455,0.798083900008351,0.575516392476857,0
1188,0.737425506929821,0.412264801018501,0.371246395037052,5
1187,0.733372815150172,0.422162170081728,0.366679234662574,5
15,0.13176304474473,0.584076748695225,0.522589707747102,0
872,0.735442504471131,0.383354180838331,0.38069839797753,4
899,0.747138197244566,0.383000815081007,0.369768223359994,4
570,0.637164022822399,0.171615303168073,0.621736136940308,2
1119,0.743233146474891,0.41791186439023,0.367651449900444,5
912,0.727334275164652,0.382684882684515,0.369097214897151,4
1373,0.743759066457424,0.358137920752345,0.375648723794515,6
914,0.743706042343524,0.382087776202783,0.373490520529739,4
96,0.32628081459552,0.142120958305895,0.407872551353648,0
1284,0.734947477596298,0.354088318185294,0.358687200340899,6
217,0.605778659947682,0.527432486205362,0.320989400008693,1
1096,0.725443274074137,0.399376835935573,0.363678825171788,5
315,0.606709216888994,0.4138641390251,0.591406098660082,1
730,0.57482008029474,0.144408407062292,0.210163215384819,3
1049,0.740018552559754,0.404823221626672,0.37692539035224,5
1162,0.74162473865412,0.416700179831467,0.364712213739223,5
847,0.743911746324971,0.381362311638346,0.363154339336094,4
1381,0.737982020595748,0.348017754349013,0.370518304160683,6
722,0.572918337711599,0.582950569014065,0.586938751023263,3
97,0.271532014943659,0.852995245018974,0.111455840291455,0
487,0.634337047860026,0.393032666668296,0.333886285522021,2
1155,0.751190486899707,0.418243557690288,0.36358316322678,5
1192,0.738516534164457,0.405934709435992,0.374248418257342,5
701,0.578835193268023,0.446586670610122,0.54951155660674,3
534,0.636111322166398,0.536264460673556,0.346280799689703,2
887,0.737264506986399,0.38263831804176,0.365788750827095,4
769,0.576889412850142,0.300711330515333,0.28466130127199,3
1175,0.738455661769259,0.40644811193978,0.372726064003819,5
667,0.574724727079738,0.370813553594053,0.245651960582472,3
318,0.609131701989099,0.343163275532424,0.312175957346335,1
321,0.607691186910961,0.62337275177706,0.603167087282054,1
704,0.581835245408583,0.552716716914438,0.242835951247253,3
629,0.581378875968512,0.252549978229217,0.467061195964925,3
297,0.609886768471915,0.353851134330034,0.230515820300207,1
1127,0.732654396353516,0.418024417120557,0.372293777985788,5
371,0.608300198107027,0.445343287335709,0.60418634195812,1
774,0.57747139547253,0.579604989639483,0.621552834147587,3
1084,0.725867482779693,0.410828589431046,0.376854871379429,5
781,0.576454746224918,0.42603578385897,0.636850029439665,3
110,0.334510937100276,0.991857375716791,0.373604433611035,0
442,0.637763893385418,0.384976099268533,0.505046349111944,2
1293,0.737783277077503,0.339231190869992,0.367174066933656,6
265,0.607249305923469,0.269461196288466,0.281368158850819,1
1319,0.739662035948489,0.340541216416593,0.361860235271629,6
168,0.623779646353796,0.452109117759392,0.391538943164051,0
889,0.743767737889365,0.388901271929768,0.366155789993329,4
901,0.732851674131867,0.387041114634896,0.372390709136358,4
309,0.61184425448766,0.263994047325105,0.246286604064517,1
423,0.635219442418311,0.138271361845546,0.528071283805184,2
379,0.607387132886797,0.432690669456497,0.390571032860316,1
1309,0.733773798536235,0.351989706015313,0.365599290486575,6
107,0.374822383979335,0.951069579692557,0.766156296711415,0
392,0.611859686239623,0.359724220260978,0.401617829082534,1
1369,0.731971131438958,0.349630270859858,0.368287810469063,6
58,0.822714337147772,0.220152279827744,0.0202108940575272,0
971,0.74145081350444,0.387146217371825,0.378367369990879,4
339,0.611068832383026,0.207532302150503,0.640870424546301,1
857,0.732194741036436,0.381123703788428,0.369210606692665,4
287,0.605934545935597,0.331106951017864,0.627967329090461,1
1337,0.732616405572144,0.356261610615557,0.380022227214034,6
9,0.687978017143905,0.964467274490744,0.776777709601447,0
1374,0.741605313281552,0.35357094103317,0.371615438172879,6
269,0.61107095768908,0.604557216539979,0.494897351926193,1
84,0.670266096480191,0.664616236230358,0.502703668083996,0
1112,0.741041635563917,0.40945419750939,0.365002058569725,5
1274,0.741143167760343,0.354697776769312,0.366911913736019,6
1383,0.729819877576116,0.35099984439202,0.364395805716773,6
903,0.732743840908435,0.377252545250894,0.369682031393377,4
1035,0.739142230739544,0.403075814957925,0.367831569456414,5
958,0.748208437043005,0.375621248853249,0.366458828046534,4
27,0.0795734252315015,0.291533247102052,0.400815058732405,0
252,0.604104159895796,0.497089411970228,0.215915687242523,1
158,0.740790789015591,0.259268992813304,0.785211596172303,0
923,0.734296185540224,0.381439214785099,0.369778543057541,4
941,0.739877666184429,0.38164879728914,0.37474706094213,4
101,0.0852681512478739,0.314512081211433,0.381418345496058,0
224,0.602673662479501,0.224540084740147,0.189806352229789,1
685,0.579512431935873,0.293194445688278,0.230013289232738,3
1148,0.737493159710264,0.418183718457087,0.36658559181868,5
806,0.574053453924134,0.383013518783264,0.565232651517727,3
119,0.611717919120565,0.862082043429837,0.333925833925605,0
276,0.608676761784591,0.273109546652995,0.268918336927891,1
650,0.57839072546456,0.530883072083816,0.523744780081324,3
307,0.611296539406758,0.158041865006089,0.283110853843391,1
308,0.609194204299711,0.503290674905293,0.318894272996113,1
284,0.612072931798175,0.31350580221042,0.320240267063491,1
193,0.340609951643273,0.756979518570006,0.517763077514246,0
1390,0.741583659969783,0.347361892838128,0.367758560327195,6
698,0.573645630811807,0.338278420525603,0.248524125758559,3
169,0.938242709031329,0.635619816603139,0.844986948184669,0
1072,0.738641222383016,0.407020590442544,0.365793115604988,5
768,0.579033276948612,0.250919494451955,0.3660537710879,3
492,0.637890409773681,0.324566716467962,0.236685081478208,2
373,0.610888947721105,0.339246365614235,0.354292234964669,1
1012,0.732440559205087,0.376742052233875,0.377349491357047,4
856,0.726313729965899,0.38092488315129,0.369447041628297,4
609,0.632546605968382,0.160781934065744,0.26606457515154,2
793,0.576808838632423,0.346691907173954,0.308203366096132,3
60,0.185689662583172,0.477843837346882,0.224284232361242,0
1170,0.744908546951864,0.415258660243749,0.377335988572317,5
647,0.572850482482463,0.45255273047369,0.568499674648047,3
692,0.577916521385778,0.461755157471634,0.532553559378721,3
591,0.63685879280325,0.348887582216412,0.598212122544646,2
99,0.103106282884255,0.839821165427566,0.0786851693410426,0
266,0.602591991238296,0.366912258812226,0.663448317185976,1
1106,0.735703221738285,0.414620039003155,0.375399801034812,5
623,0.5750086998404,0.600764365773648,0.56417594673112,3
285,0.605370694159065,0.126242043124512,0.237079392746091,1
1330,0.728395648500025,0.34849166430288,0.368705497164332,6
625,0.582280665717553,0.542158363410272,0.516901312023401,3
103,0.33898064121604,0.469343670411035,0.814839112339541,0
1380,0.732619614883905,0.352931395736592,0.376052585439405,6
763,0.573316083836835,0.573689167643897,0.484660722292028,3
1224,0.735772852964504,0.349809841252268,0.372871027018161,6
1186,0.733744697875884,0.407251045184926,0.36815777776939,5
347,0.609767008465715,0.249784036097117,0.600031452230178,1
819,0.738112067632834,0.378152225589199,0.374283543915869,4
608,0.641363270173315,0.311955921491608,0.285502458899282,2
820,0.733747109406357,0.387872183448543,0.366247239718079,4
36,0.993660911219195,0.865055648377165,0.0644703102298081,0
1054,0.737106087782159,0.406860031310272,0.36926611655424,5
465,0.639383848949801,0.573960973438807,0.296142237703316,2
159,0.634221271378919,0.781451653689146,0.318316040560603,0
1136,0.738562866789995,0.413541954979369,0.36512449465253,5
406,0.604814788151998,0.592237755679526,0.61141105517745,1
676,0.575318696117029,0.309740359336138,0.301361143682152,3
157,0.0688644365873188,0.148386222077534,0.092477043857798,0
744,0.579189814173151,0.203226820239797,0.553140640002675,3
812,0.577678034808487,0.561653745966032,0.284147467208095,3
700,0.574433448696509,0.611939285323024,0.502110002771951,3
72,0.470433195121586,0.735554426442832,0.120085070841014,0
965,0.739046127864626,0.376870704250041,0.375128035867498,4
225,0.605725450469181,0.465195493446663,0.189522110368125,1
1164,0.737156456061351,0.413596899365152,0.375440575231204,5
913,0.739657976390201,0.375116629574017,0.371002574579023,4
394,0.609903851773124,0.19850653144531,0.227007058425806,1
1295,0.740098208664242,0.352070803902788,0.365809858984138,6
66,0.349255855195224,0.163467596517876,0.899345746729523,0
417,0.641046480617952,0.438012578431517,0.473632221901789,2
1410,0.732631459844404,0.353863436750962,0.358719291818803,6
670,0.575008026156575,0.289150657271966,0.456514009600505,3
358,0.610023752718698,0.197624568850733,0.570313464128412,1
1332,0.739088256441613,0.349389141166604,0.364423064871427,6
1150,0.741502934694109,0.410944405361898,0.370329282790445,5
181,0.820931224618107,0.932073215255514,0.148069086950272,0
1196,0.740342179280943,0.410032234629607,0.365975245943742,5
245,0.6070395082701,0.328574608918279,0.612717287009582,1
518,0.640866225219797,0.500342919863761,0.199376788781956,2
801,0.573802881285083,0.283680405956693,0.391469251108356,3
877,0.729893717964054,0.386165681858224,0.371119334629112,4
1020,0.737711380845542,0.412636618923857,0.358510243059551,5
215,0.60354534447426,0.517634466546588,0.194440081808716,1
483,0.635593713938724,0.570690584159456,0.270809744228609,2
635,0.577215661355294,0.219363087811507,0.34576354441233,3
1258,0.742060426811075,0.348156558590306,0.364703782437666,6
731,0.577733481067699,0.173722516419366,0.397107841190882,3
870,0.742203926234215,0.381766534989655,0.372242873694407,4
646,0.582254098176491,0.526100266049616,0.425987438973971,3
627,0.574862609636039,0.162405493459664,0.254324844782241,3
486,0.640980711467564,0.351173219992779,0.348370428523049,2
1038,0.740831567883607,0.414976462971392,0.363209383012614,5
48,0.934448889223859,0.764088542899117,0.744580847211182,0
885,0.739964794559707,0.378816556414778,0.3725645477206,4
421,0.636054838628043,0.136637105513364,0.666486222739331,2
717,0.573832047162578,0.612571725761518,0.214926928840578,3
879,0.745497344897769,0.383294799479145,0.364794359052667,4
65,0.624936885433272,0.221725811483338,0.402610479155555,0
734,0.58091973915929,0.490171478036791,0.417466077348217,3
585,0.63525210989872,0.532745336205699,0.483123365300708,2
668,0.575214800694957,0.548409432312474,0.487174946093,3
1206,0.738663001276797,0.405827842635887,0.372886447709203,5
173,0.973103860858828,0.603269809158519,0.0770623530261219,0
656,0.576065702510532,0.38909431444481,0.224616468744352,3
313,0.610412442432717,0.507277723192237,0.561894774180837,1
1052,0.737348845757631,0.422857444759765,0.375291581016756,5
40,0.728429114911705,0.789863616926596,0.00212168670259416,0
1032,0.736638732271704,0.414405576923633,0.364508107469597,5
456,0.634621258236002,0.212227520090528,0.220051732123829,2
1180,0.742766708626433,0.411767677754454,0.372518235903973,5
1026,0.735755569268433,0.41291117938184,0.367313852308879,5
1227,0.742325216983031,0.349818552279583,0.364381328357498,6
618,0.575413904944435,0.591443824954331,0.528098185290583,3
47,0.766208120621741,0.982793862232938,0.863486057380214,0
26,0.442093725083396,0.920831625815481,0.141395882004872,0
208,0.762637663399801,0.00680531491525471,0.0103055429644883,0
640,0.582172914671246,0.446723977243528,0.377795530692674,3
1107,0.741724242382364,0.414738973396614,0.361775584636299,5
1019,0.737088849463764,0.40211721321792,0.368076229386026,5
695,0.579653198362794,0.586812942428514,0.646261565480381,3
1117,0.724691350030107,0.407240825846699,0.365030912696305,5
740,0.581737372779753,0.338042151671834,0.449625233514234,3
1144,0.740062045969253,0.401192719242187,0.371064745759086,5
715,0.581538153910078,0.226969307777472,0.34780406774953,3
1299,0.728527667837833,0.351968388761393,0.366652441549711,6
659,0.576702018913347,0.556804136862047,0.474192630359903,3
547,0.635849049224053,0.346447257697582,0.348845820385031,2
1264,0.736624561798564,0.353844269039807,0.369940600107113,6
1268,0.741737904864031,0.360670410553433,0.365214760540756,6
467,0.638654740909115,0.598415549518541,0.511816193675622,2
533,0.637210237432737,0.589121686550789,0.678341228258796,2
332,0.611334648199845,0.318984638922848,0.379014288051985,1
562,0.638410674277693,0.19258634375874,0.508375567710027,2
957,0.738382923058258,0.384759127761173,0.365061385693144,4
1207,0.734135935485457,0.408926249658049,0.371826552247937,5
1271,0.740566244594941,0.344891469794621,0.369322786814412,6
1288,0.74775352612925,0.347724568321967,0.37074535978306,6
833,0.734489845012795,0.385026418129723,0.368275508020344,4
817,0.72893688855597,0.381985554765923,0.380457105861889,4
693,0.580693694381043,0.445124832238071,0.551899957563728,3
496,0.63900027532829,0.184568042657338,0.444577685883269,2
146,0.11268081702292,0.21374212554656,0.814930917695165,0
943,0.730924197962598,0.377658729993849,0.374060703894174,4
706,0.578875185870566,0.405996083305217,0.674332607048564,3
455,0.634624076869804,0.263186673540622,0.448968644230627,2
1245,0.733779866840584,0.356177481856105,0.370505604481512,6
825,0.733169864870902,0.383274138559723,0.367218081082268,4
184,0.848325788509101,0.154710274189711,0.551757155917585,0
1041,0.736503576492577,0.412810256846591,0.37036049108511,5
855,0.738339767142797,0.386476376644047,0.364142418664651,4
1354,0.749626854713761,0.346201622282868,0.369394234662004,6
766,0.572668944143225,0.610459551704116,0.314396356791258,3
88,0.393980994354934,0.128868992673233,0.15174368978478,0
183,0.27862439956516,0.146381082013249,0.294231537729502,0
1202,0.729101249944956,0.407347799100664,0.374008525096381,5
1273,0.738257923478613,0.349416698587507,0.373476672568567,6
290,0.611660827142187,0.501993653038517,0.299381175753661,1
1130,0.745339952414165,0.405046833296213,0.362027205511621,5
790,0.576529402409215,0.201791206980124,0.265475055295974,3
976,0.740827670266778,0.371789627596433,0.362226812469725,4
343,0.6043176739919,0.246262506372295,0.480759130883962,1
42,0.809731085319072,0.432662159902975,0.814658879768103,0
1237,0.7354218914319,0.343761373376386,0.36977186709235,6
1403,0.739349631401645,0.348383607626159,0.36924074992032,6
148,0.213003010256216,0.394548218697309,0.233348361682147,0
1267,0.741761083920609,0.355587452097739,0.368290384792446,6
1104,0.73424442158597,0.41212031519694,0.361601732996843,5
1095,0.743775527926945,0.414857037937296,0.368404600562992,5
248,0.611019836519845,0.496986188367009,0.565991727728397,1
1408,0.730146456952229,0.352339261872236,0.367313136910481,6
461,0.641752956593409,0.26784897830803,0.21009068491403,2
909,0.740951588727171,0.387414405350435,0.371148076099899,4
179,0.659259568201378,0.394306098576635,0.690622562775388,0
936,0.73488535944438,0.391147688194956,0.379752404910636,4
90,0.798359051346779,0.32853735354729,0.151123853167519,0
982,0.743482440562274,0.379185365763693,0.36400181260442,4
303,0.608500980744138,0.608519045775756,0.503700404870324,1
1400,0.739023014122674,0.346621796449715,0.375387248218515,6
603,0.638933519045822,0.313461694540456,0.516060723201372,2
333,0.61202393562533,0.416565707558766,0.446275867032819,1
494,0.637730327271856,0.353465872257948,0.629827693547122,2
1040,0.728644732070307,0.408981536593626,0.365024691545124,5
1099,0.731504247833456,0.407065124647978,0.37856273551534,5
858,0.728866684364369,0.380923416442617,0.37899985947026,4
1063,0.7388536782047,0.419581771705586,0.363625679456058,5
454,0.636429949041922,0.500473049841821,0.425367400725372,2
1328,0.73728904832252,0.355684573649461,0.367251173670032,6
651,0.572465539267287,0.57702816023957,0.580207566008903,3
672,0.576881289088633,0.180091313109733,0.271027987566777,3
292,0.606722104323562,0.237553712818772,0.662916312320158,1
602,0.634734756213147,0.394081137981266,0.317114034527913,2
755,0.574939885993954,0.326931442739442,0.233113252650946,3
1101,0.734750680481294,0.408782583800384,0.368693704259761,5
192,0.523329864023253,0.266729787690565,0.0154386789072305,0
82,0.872662130510435,0.782574165612459,0.883056160528213,0
1323,0.735640958915064,0.354515344524326,0.369632322556531,6
1201,0.744165523117274,0.412130411979547,0.380036495005848,5
1060,0.729834722996582,0.41201936846991,0.362093926689041,5
980,0.736861773077875,0.385491184331791,0.369193842194236,4
1007,0.744579043482899,0.366538585562738,0.367217552352249,4
426,0.639414209472016,0.579309580987319,0.425865344912745,2
29,0.101586655247957,0.377114013768733,0.793221670435742,0
1016,0.735291164849027,0.410191780085235,0.370958330697015,5
926,0.72978302056898,0.375637340910987,0.363337763215747,4
777,0.578197137436364,0.552276383293793,0.60622614887543,3
1215,0.731100140569567,0.353753009245227,0.36874766746896,6
748,0.574922249815427,0.249284077109769,0.24783850912936,3
737,0.575782385119237,0.510819051205181,0.576117315073498,3
295,0.604210158470087,0.224346280586906,0.380158031918108,1
1142,0.733960992292668,0.409660595593486,0.359460147379247,5
1017,0.736445815879074,0.411388997998154,0.371537295204178,5
493,0.632476896678563,0.277629366284236,0.267508211871609,2
697,0.581984642746393,0.413678495353088,0.190628868155181,3
424,0.636277957186103,0.22479406548664,0.546733102039434,2
948,0.736615441318253,0.378122387225988,0.376465340930718,4
952,0.732775580229236,0.383366670558486,0.369800393238367,4
572,0.638633450032212,0.15037048633676,0.492871411587112,2
959,0.73281258871509,0.372841460337397,0.365580986458106,4
973,0.737140474841629,0.383769384911497,0.369326567836856,4
1257,0.730606708096344,0.357077069939436,0.362446796069747,6
1250,0.740377175232455,0.350122793759842,0.371011055304116,6
803,0.574277066707146,0.306503032008186,0.50121857537888,3
38,0.0344590537715703,0.33317808015272,0.524977732915431,0
1092,0.739029711260224,0.408632337762442,0.367261693752172,5
1211,0.736691124981506,0.406754913579768,0.362090292109705,5
1331,0.731575598858969,0.346830007867457,0.368860602224943,6
1350,0.738248495063961,0.355693072983983,0.37219426703339,6
897,0.730187385704639,0.379823163299481,0.364079322726694,4
997,0.749200438433142,0.382986152611037,0.365581733082419,4
1073,0.744587254588627,0.417641079736057,0.37103072736639,5
711,0.574839410097338,0.539833279699087,0.550811194675043,3
69,0.250788937322795,0.489295381586999,0.70491308812052,0
1015,0.739762725673346,0.407977832164729,0.376345418462865,5
460,0.637872442719527,0.26640934406314,0.522183404862881,2
17,0.224977652076632,0.8958777601365,0.459666746668518,0
873,0.743880825924098,0.380078950187276,0.367495298530058,4
1296,0.74684370153381,0.350914032859287,0.363610811666566,6
396,0.609202216062695,0.498633272852749,0.672788038477302,1
277,0.612193937266711,0.414411429921165,0.228965254710056,1
400,0.605103152177762,0.428844764851965,0.472946229251102,1
989,0.733543139202421,0.373678000850629,0.369744027938486,4
910,0.736380451837289,0.382464834469649,0.3712876962151,4
1169,0.734061672123802,0.408516658199033,0.370011432586596,5
411,0.603555452486035,0.528733463748358,0.470209584780969,1
302,0.612142688664608,0.484361485717818,0.374995828117244,1
1177,0.7397919233666,0.401128215826695,0.366203448627726,5
844,0.73084219065522,0.379205864661343,0.361246130264964,4
317,0.603178817490116,0.18839962433558,0.588718914869241,1
1108,0.746026800668708,0.414460321019678,0.363844383076926,5
895,0.731768179789153,0.385188397392193,0.373369277447501,4
535,0.638608458088711,0.541613093717024,0.568552472838201,2
902,0.743176709980703,0.37898972535002,0.362774470667661,4
376,0.605159025851172,0.547136318078265,0.427911631972529,1
471,0.63440632508602,0.27939247819595,0.598735506273806,2
743,0.580741641479544,0.396521783224307,0.429404421453364,3
1089,0.738710826585059,0.400836223958575,0.37064319669249,5
1316,0.736209040738368,0.357472212044213,0.369489924012211,6
49,0.903077404713258,0.475069717271253,0.743023808347061,0
594,0.637441761128139,0.602887505223043,0.305305616208352,2
164,0.888181256363168,0.713072043843567,0.599218754796311,0
1185,0.738714261100143,0.412639291558325,0.359797519032281,5
1221,0.738189583136396,0.351000702822021,0.370226961765598,6
342,0.602584931999445,0.211738320207223,0.645671833632514,1
645,0.582051836545579,0.437233007419854,0.352197148348205,3
707,0.574834412497003,0.432267299760133,0.613218441233039,3
532,0.640312724423129,0.31553142205812,0.207343916385435,2
1277,0.73674540231416,0.346125607409497,0.373690059849298,6
1301,0.743425847072634,0.344093191008867,0.363661538606492,6
797,0.580712668492924,0.269074229896069,0.215943909925409,3
1062,0.736879065493619,0.413030237207645,0.364302092707839,5
1302,0.72593353764539,0.353280211352882,0.371988246151535,6
1291,0.733014896151971,0.355061930831406,0.371093363942987,6
195,0.424810745753348,0.938569136662409,0.889070037519559,0
587,0.637049743889365,0.379843723750673,0.526873841159977,2
235,0.606802423875779,0.17318543700967,0.227558161690831,1
1009,0.731825838653423,0.379216334748225,0.368962229128725,4
823,0.739197422697479,0.389659914126171,0.369482482621613,4
524,0.634022408204619,0.621164888050407,0.685142419743352,2
306,0.605641030101106,0.610512007283978,0.341897476324812,1
1156,0.74319605294342,0.407680215863481,0.370595894572028,5
1174,0.74642831547945,0.418352564915062,0.370318107834791,5
852,0.740787867022724,0.375463835053071,0.368679475104184,4
482,0.641186154256575,0.590004352061078,0.339681170508266,2
440,0.640304845925421,0.399524327041581,0.348766417917796,2
475,0.635419055004604,0.256490889494307,0.399601752497256,2
678,0.581416973399464,0.241555968788452,0.669355729571544,3
751,0.575446330225095,0.534182123164646,0.349429993517697,3
1386,0.73529368177039,0.362639045992581,0.370996129908268,6
133,0.453294161474332,0.616968788206577,0.0489867085125297,0
561,0.633258030847646,0.248545859963633,0.376709754555486,2
1321,0.733044955361564,0.35618010873407,0.371218001866545,6
41,0.207928427495062,0.788279716856778,0.775227464502677,0
516,0.632483852123842,0.597053307131864,0.404631949122995,2
792,0.577836628768127,0.342174096172676,0.525027853646316,3
242,0.609052711953409,0.560567638394423,0.317534236214124,1
112,0.660206164233387,0.418363304343075,0.686660289065912,0
568,0.640843371010851,0.519974564108998,0.453980260505341,2
1172,0.742440071818207,0.417079930548026,0.371885495030679,5
136,0.386196777923033,0.901645840611309,0.692135435994714,0
443,0.63480347226141,0.161788161401637,0.412336973915808,2
102,0.457314037717879,0.989780510077253,0.934181743068621,0
20,0.808067658217624,0.0451931385323405,0.640888028778136,0
1225,0.743617781614994,0.353897619670156,0.368321583266764,6
4,0.576488108374178,0.483399104094133,0.0183315714821219,0
1121,0.732958977034191,0.406498791020285,0.371707424105524,5
607,0.639301470348146,0.257215068233199,0.586231086612679,2
664,0.572307116803713,0.515015908190981,0.351259617810138,3
203,0.596826049732044,0.510132018709555,0.532192033715546,0
1379,0.74427929305437,0.34820607209511,0.38754819344582,6
149,0.224125792970881,0.75140300905332,0.419896075269207,0
1341,0.745029138302624,0.348288167987064,0.37453666959351,6
212,0.570674737682566,0.241032348014414,0.544385097920895,0
1209,0.734337135971636,0.409973375383585,0.363735887189706,5
349,0.612133358765859,0.175968714314513,0.488566371006891,1
1143,0.731551290617677,0.41099408233064,0.369456222418455,5
1223,0.732480149273022,0.351359285665487,0.373555308006012,6
613,0.574086512448266,0.270017590164207,0.231972516491078,3
135,0.832738782977685,0.0430186013691127,0.674847922986373,0
201,0.328148779459298,0.263504756148905,0.449692136840895,0
1138,0.738379822738994,0.412890645686142,0.374377282468689,5
714,0.576756601731759,0.132275035628118,0.474475016328506,3
1105,0.73162239038837,0.404035380655932,0.372640461412619,5
1158,0.738182746253648,0.412139264445468,0.369087674630998,5
1199,0.731825869128607,0.406061886444829,0.371615629618022,5
13,0.221416682936251,0.162991945166141,0.814515841426328,0
514,0.641950648599304,0.400019171205349,0.361612539831549,2
771,0.578009024804924,0.21111425969284,0.683112449455075,3
415,0.63397771313088,0.249309271131642,0.197125335317105,2
841,0.745273096743789,0.389082391677286,0.366673693082449,4
674,0.580255671353079,0.336418318469077,0.51603560380172,3
1181,0.738972804859374,0.412186033524651,0.367502959010292,5
1087,0.738867859769931,0.414602769805563,0.372649810881981,5
243,0.608280524637084,0.438283298071474,0.360561160580255,1
1242,0.742136334172719,0.34674989172689,0.366368233286002,6
905,0.747810374331031,0.383538538875912,0.370661951662471,4
1289,0.734133944391631,0.355836326241526,0.372068754909597,6
1006,0.740659968180316,0.384122633178357,0.366180623434087,4
865,0.740981352218863,0.378806269670345,0.375105368727701,4
735,0.573180774545763,0.187882984196767,0.489167539263144,3
399,0.609065004582517,0.545918605662882,0.349140298413113,1
1220,0.735446643499419,0.350878625923918,0.367459460824781,6
251,0.604356645746157,0.47200842180755,0.54725073997397,1
1129,0.737651411243123,0.415325290403813,0.371905437316781,5
365,0.607224488186184,0.279760938626714,0.205819446337409,1
202,0.665467414539307,0.920780264073983,0.692705711815506,0
739,0.57719201003667,0.186669519310817,0.38360122658778,3
94,0.480913357343525,0.48028928716667,0.74285157956183,0
929,0.734456084631754,0.382759110984705,0.363051332171092,4
360,0.604536365515087,0.223702512937598,0.381088717933744,1
1234,0.74098872586941,0.362259158015781,0.36761493154682,6
1137,0.742574962332245,0.410379489177047,0.374869728138488,5
429,0.636534644705243,0.533924759621732,0.225629276805557,2
468,0.63595953039825,0.285805224929936,0.301892704889178,2
323,0.610397433906328,0.42783371116966,0.221627768222243,1
560,0.64204886039719,0.208866854454391,0.493034665682353,2
1411,0.737060040030382,0.352382134552555,0.372623598428999,6
728,0.580661949929781,0.363619281700812,0.319685949804261,3
589,0.640067016030662,0.316872815042734,0.543917569075711,2
1363,0.741505654618519,0.365614500541923,0.370421076285338,6
787,0.572671339085791,0.345625531417318,0.430838170205243,3
548,0.634182584581431,0.190620177565143,0.48527422870975,2
397,0.603892147822771,0.202530942298472,0.561781876697205,1
727,0.580851759023499,0.183368156687357,0.399563152668998,3
511,0.633938961653039,0.162837219797075,0.669197038142011,2
1355,0.734143079210056,0.351736757456036,0.36625905780479,6
874,0.732243538822469,0.377801032581743,0.370074787935148,4
542,0.634345384812914,0.518835281278007,0.46893766426947,2
725,0.573593817572109,0.373210034240037,0.643012549239211,3
968,0.730825276813211,0.378477276466195,0.376547314283234,4
531,0.637230002041906,0.51205195907969,0.465254016080871,2
380,0.609920928934589,0.340499739767984,0.390441071800888,1
615,0.580327578498982,0.570752788125537,0.258171686180867,3
1064,0.74140689191844,0.414229091629152,0.365000047835038,5
244,0.611258276049048,0.310701552219689,0.196818618429825,1
596,0.64169874291867,0.516542902588844,0.58874291901011,2
1058,0.752687687356717,0.416549203742754,0.371293988295515,5
249,0.612127507487312,0.353832965856418,0.494114982173778,1
436,0.639330309524667,0.261675495910458,0.578991263499483,2
821,0.747741267056018,0.378300342276855,0.358875913233676,4
357,0.60928816589294,0.550219954946078,0.2847447312437,1
805,0.57351216440089,0.525969698000699,0.620423646853305,3
409,0.604317454220727,0.536548538622446,0.521561702806503,1
213,0.610508831695188,0.215649549290538,0.238757562334649,1
1412,0.737418453139647,0.346284010219684,0.367349174063295,6
334,0.608039011931978,0.425485901674256,0.376886826567352,1
600,0.639828008960467,0.616445748042315,0.307427039463073,2
1161,0.744868453552148,0.410259232843478,0.36100245884382,5
1128,0.742841170290667,0.422916780845441,0.359547401618745,5
178,0.769241085508838,0.116817395668477,0.925821350887418,0
732,0.573343873089179,0.582643697294407,0.356476148799993,3
78,0.167671395931393,0.664339653216302,0.371490572812036,0
1066,0.742722210850493,0.417197976678513,0.374834498488145,5
834,0.733587280752994,0.38002163580642,0.368596010417009,4
1003,0.738231237320592,0.385986381194652,0.375986712321131,4
930,0.730790835763807,0.377127876814548,0.368635732080439,4
1347,0.736388618937136,0.35473912260531,0.372543271307063,6
738,0.576620798970107,0.345371917379089,0.287676568469033,3
374,0.606818085031118,0.47482278898824,0.364343400090002,1
721,0.581594248982146,0.422290666750632,0.281158797186799,3
850,0.731870313808581,0.380440170513178,0.368633992347277,4
76,0.187359793577343,0.886416599852964,0.258106918539852,0
1353,0.741190706126935,0.351863727203614,0.369085933793411,6
944,0.729229859756642,0.382036660843331,0.362744346374649,4
621,0.582033143658191,0.42108112948481,0.488796485681087,3
815,0.742991782494755,0.379541970741649,0.368169585276577,4
557,0.636414784884546,0.615585270826705,0.347407535975799,2
955,0.732287177480455,0.386048804217875,0.370817742120295,4
134,0.564319392899051,0.139380067121238,0.650040815584362,0
1218,0.734000649962046,0.354601642593308,0.370740184558661,6
1396,0.739120940334275,0.350753157263069,0.371354254598551,6
352,0.610030873198994,0.483195177651942,0.421496449364349,1
495,0.638599936126266,0.243700954387896,0.376788161206059,2
480,0.641299901059829,0.29994849851355,0.57136602755636,2
1317,0.742735344105177,0.352472119761088,0.37066972077799,6
457,0.637245416301303,0.223171792365611,0.330899557773955,2
662,0.575344023555517,0.176653159223497,0.420127451512963,3
1259,0.727404538878588,0.347614609769881,0.373995288089783,6
378,0.607938464684412,0.339947428111918,0.337403309158981,1
1256,0.749408451443348,0.347386736038084,0.372094045712549,6
210,0.0534526198171079,0.887366441776976,0.0420354998204857,0
831,0.734284836363951,0.384487666114057,0.369706719838846,4
1269,0.72823575926967,0.348613614127809,0.369171272394459,6
111,0.976068795658648,0.829130176687613,0.751271878834814,0
124,0.720050673233345,0.586010317318141,0.485698225907981,0
1203,0.733609425673872,0.412417574678257,0.373826302929897,5
427,0.636050110845827,0.254092103010044,0.575238451454788,2
117,0.561482407385483,0.025796132395044,0.816692455206066,0
363,0.604271545519587,0.432671555806883,0.551324590551667,1
1343,0.737067849924188,0.340695341154137,0.367760389479208,6
1115,0.738384998686736,0.406735357210819,0.368360644128618,5
894,0.738066464441202,0.384739870248928,0.377451331387539,4
231,0.611248323039618,0.231305443472229,0.451443225005642,1
1352,0.737433732797844,0.355453419068679,0.363621728352841,6
1361,0.74872541859807,0.35535906608763,0.365212496090376,6
504,0.63381953475764,0.35851170741953,0.566294329683296,2
1307,0.747588912159131,0.347791816671274,0.377674741555749,6
1395,0.736301594287909,0.346747500704586,0.374450893196401,6
942,0.737465232361319,0.369939238032669,0.36906020141424,4
713,0.578198902574368,0.261761072231457,0.543261689692736,3
1079,0.735130021191581,0.401845904996328,0.365655646191033,5
431,0.640739286392927,0.237254124740139,0.525033513875678,2
503,0.640685599297285,0.131134624849074,0.25799023124855,2
1278,0.741250002396751,0.353807013369016,0.363979902281516,6
520,0.641772708364297,0.225532292993739,0.424550639791414,2
87,0.912406029412523,0.163425519131124,0.0366812411230057,0
896,0.74375535819018,0.384295983080521,0.364137561048903,4
947,0.73728918488164,0.383289227857424,0.372676536019487,4
860,0.739447251372865,0.375639305524201,0.37335873100958,4
1171,0.733066431753051,0.408412786037047,0.369139599345628,5
230,0.605920643750578,0.251417169254273,0.607789860782214,1
1023,0.744329610401067,0.406161906384996,0.369195615432367,5
346,0.608794076275081,0.345839038165286,0.499414713331498,1
798,0.576244789124467,0.366813602647744,0.433716698177159,3
239,0.605567326357123,0.554095783061348,0.42411955955904,1
658,0.574231166555546,0.539767448464409,0.644294492295012,3
1080,0.728551694450047,0.411844529205881,0.364811660096893,5
271,0.603441220065579,0.359071759064682,0.590281697083265,1
709,0.581509085604921,0.57550068446435,0.595259117754176,3
537,0.641663901240099,0.498941377876326,0.509998598461971,2
1336,0.733415018096224,0.354638895973456,0.360313692280289,6
970,0.740481410133408,0.38067019279671,0.372732337700115,4
12,0.856433130567893,0.834479897748679,0.816105118952692,0
196,0.0482227264437824,0.646202222676948,0.0572871502954513,0
984,0.748129045297464,0.381864046713457,0.36577961288839,4
854,0.731073115538235,0.385341664959131,0.365316230750409,4
922,0.73801630669028,0.382227475261741,0.364647083062049,4
229,0.605965860479046,0.474299245537259,0.321662550535984,1
1367,0.740879174630326,0.349349435013894,0.371057029656251,6
104,0.0545667428523302,0.317210050299764,0.0399359716102481,0
367,0.611479181488976,0.522725298441947,0.353771831351332,1
1018,0.733499544700788,0.424516810053634,0.371974477395356,5
1219,0.729730881442088,0.345611188810742,0.366652770603251,6
298,0.607133175996132,0.568115139403381,0.353249743324704,1
1011,0.745985577970832,0.3811199823161,0.37402194597692,4
1028,0.730989179314115,0.418278872905249,0.366961516073844,5
848,0.736674924607636,0.383000200618429,0.366852042754148,4
39,0.734225562075153,0.478294372558594,0.956212376710027,0
351,0.611709865415469,0.372076140390709,0.218824147689156,1
458,0.63889928703662,0.4856444490375,0.378808136191219,2
150,0.743085252353922,0.252185870427638,0.348565224092454,0
1013,0.727397906347702,0.408665372800079,0.366533728812082,5
356,0.607865125869867,0.333532045269385,0.231143484101631,1
167,0.618307990953326,0.840777594596148,0.623983624624088,0
1065,0.736728005666747,0.407286285900272,0.367182553552374,5
641,0.574122106996365,0.596194215491414,0.381611691764556,3
893,0.731497305351254,0.385472279763906,0.372980512749288,4
507,0.639635786288418,0.214376013516448,0.431721253413707,2
883,0.746084939880262,0.385419560712962,0.378286273735233,4
335,0.603510886563454,0.557798574701883,0.196097687329166,1
435,0.640590484992135,0.198555748001672,0.304608530108817,2
977,0.738899697669045,0.380107537190682,0.361344821673841,4
611,0.641529653829057,0.468105455650948,0.55642040327657,2
940,0.739727247452469,0.380766919228697,0.370456076692293,4
597,0.639336566166021,0.237375697493553,0.221538081741892,2
1333,0.741997117175394,0.347623800062428,0.372936008563134,6
1068,0.7359957702455,0.407431786383672,0.362562419189133,5
595,0.641618416518904,0.439872030890547,0.415012145391665,2
631,0.574126620942261,0.385877837566659,0.293294821726158,3
1334,0.735378572034259,0.356778858568021,0.366711898887967,6
1348,0.73485864870071,0.350081585047312,0.370239041015988,6
1027,0.73603025502569,0.405886999935908,0.371399351744281,5
1097,0.737474927957604,0.415136029975098,0.368204730278077,5
1270,0.73768654432797,0.353771325729479,0.372871617808678,6
654,0.57263645982137,0.301808513142169,0.309888157970272,3
185,0.985577972605824,0.256786331068724,0.0220370341558009,0
545,0.637131040121894,0.332458886224777,0.351754332985729,2
389,0.611338319466449,0.33451928421855,0.492601163312793,1
1394,0.73925187858395,0.34732160844949,0.378944256024357,6
1077,0.735788438638507,0.410530128718577,0.370401559121638,5
1002,0.740810260384216,0.37744997350839,0.376026828156406,4
375,0.606267139385454,0.410212378273718,0.622833664272912,1
788,0.578652589458507,0.552391343540512,0.329671305930242,3
592,0.63588968479773,0.43914738916792,0.447153065097518,2
1031,0.740872751488257,0.422447713363823,0.370745895437991,5
61,0.772365889977664,0.331280997022986,0.729231812059879,0
481,0.634275817703456,0.325862244376913,0.39588494875934,2
757,0.572381779013667,0.557878552260809,0.510634725424461,3
510,0.638957782662474,0.321942535368726,0.466506850416772,2
1048,0.740720073389907,0.414872053113564,0.371977017147989,5
811,0.580476796450093,0.621770791849122,0.219330190774053,3
554,0.640776438605972,0.5710360908648,0.261237139208242,2
584,0.635472054653801,0.316430388973095,0.531863209535368,2
126,0.181799202226102,0.992620458593592,0.643646034179255,0
1247,0.741825108810169,0.355309895710371,0.373063088214309,6
1134,0.731751117179005,0.407518195770345,0.368976101200337,5
762,0.576511130146682,0.56439109928906,0.675213035056368,3
875,0.73838358028521,0.376286197011847,0.368591722558279,4
680,0.573044981914572,0.271551863430068,0.484489736123942,3
530,0.63737938698614,0.509604638931342,0.536612836853601,2
1235,0.74152418394471,0.353081537871319,0.365475140971679,6
438,0.637060627581086,0.42003942632582,0.596642174618319,2
188,0.888338906224817,0.913293017074466,0.116094279102981,0
1280,0.736887070469377,0.352805973088504,0.362485979983948,6
1100,0.73157399854323,0.403287133984902,0.36898337922132,5
1057,0.740759845369048,0.394354594827726,0.375623324280519,5
1398,0.738010788388063,0.346802633330108,0.361202433244314,6
652,0.580309077808633,0.508985807211138,0.515606858045794,3
385,0.604243671705481,0.443797720968723,0.561243412992917,1
1384,0.744419724247686,0.3529038102331,0.367689969224967,6
237,0.605040542089846,0.205133072705939,0.333083694428206,1
742,0.573610786960926,0.474235990457237,0.461054094694555,3
710,0.574615753833205,0.274859110731632,0.482193539361469,3
1253,0.734440236485135,0.342497134313713,0.376623908803729,6
407,0.61078693899326,0.188464190252125,0.379965800070204,1
353,0.608846535598859,0.303337441198528,0.618505393015221,1
473,0.635876004707534,0.286199802206829,0.647639438370243,2
782,0.576698070019484,0.180196948023513,0.390090957842767,3
756,0.574854050525464,0.288540599658154,0.204092087317258,3
778,0.579194523785263,0.485606728144921,0.473322955751792,3
163,0.115364792058244,0.0778185070957989,0.0321004379075021,0
391,0.607018847421277,0.58392688925378,0.19483620962128,1
975,0.729249748560706,0.386232426426137,0.36604106365501,4
234,0.606984415582847,0.601113293459639,0.41435784320347,1
140,0.181176962330937,0.0366261918097734,0.723878454649821,0
1176,0.724833510489585,0.406362096464524,0.368879870381666,5
919,0.738577827637824,0.385890371408016,0.373379781585237,4
671,0.576624040976167,0.211161577282473,0.509430216019973,3
121,0.235489524900913,0.34466941584833,0.453589507145807,0
723,0.580815539432224,0.233101438055746,0.476399061828852,3
1067,0.737428457858032,0.411081284594609,0.365101925019376,5
187,0.936941790161654,0.560769923496991,0.599272222723812,0
314,0.611839941327926,0.252462868019939,0.4262590078637,1
580,0.636065469770692,0.461252186936326,0.440480097057298,2
416,0.634749578663614,0.412039052252658,0.402421576995403,2
1008,0.742684641944881,0.381131909425816,0.368121391637556,4
1050,0.73495526472266,0.4125126944662,0.36737590569555,5
122,0.139392938930541,0.169518319424242,0.739534660475329,0
839,0.745455597444554,0.375315677225954,0.371652759044363,4
807,0.575041018628981,0.454644024511799,0.290747501514852,3
1157,0.738556747510857,0.404143317172981,0.366746312589184,5
1230,0.741832123940022,0.348820537769061,0.372166802875522,6
137,0.864891374250874,0.561592567712069,0.862294188002124,0
