1105,0.695516378106451,0.363560879397771,0.571678930808833,5
523,0.481740784647409,0.28586937179789,0.19825180277694,2
400,0.454030837947503,0.530035045649856,0.406913082650863,1
665,0.41700208399212,0.631429261481389,0.298346301843412,3
102,0.645920594921336,0.62747024348937,0.476228206418455,0
1367,0.699552798550273,0.306700954052717,0.585416004825373,6
781,0.418237168332562,0.357685573701747,0.191556122340262,3
288,0.452721675604116,0.672646380914375,0.541037262254395,1
123,0.67833987576887,0.882924578618258,0.994429683312774,0
646,0.423838087681215,0.381674754736014,0.249010831303895,3
327,0.450881992208306,0.693358931178227,0.075891003315337,1
1221,0.69296220224043,0.301107829549977,0.576705526011775,6
1228,0.693013554879058,0.303199095438844,0.583547501522445,6
1215,0.692509401733304,0.307981768596784,0.58900719091164,6
1057,0.691523179284542,0.353633622249147,0.573944903427825,5
494,0.47822638736805,0.635033875075169,0.529494470986538,2
741,0.419822966670618,0.326535526965745,0.14573121718131,3
748,0.418021298837848,0.72703966377303,0.259445038577542,3
69,0.399917630944401,0.527905414579436,0.0257540529128164,0
663,0.422110774866305,0.608298687450588,0.11079868983943,3
414,0.480483138493728,0.23646000593435,0.21066998091992,2
131,0.380514859687537,0.0190301123075187,0.046659471699968,0
1236,0.692382935528012,0.294467781655225,0.585180650591578,6
362,0.450308384208474,0.292529385839589,0.173856514226645,1
655,0.421900254923385,0.358474043849856,0.487282488448545,3
1339,0.692878440134089,0.30419178885631,0.570536284274137,6
515,0.48332592549501,0.452454354800284,0.197272617439739,2
798,0.422544256835245,0.46739902086556,0.191574964509346,3
820,0.680469157145786,0.330546519383926,0.577407234234764,4
1255,0.697745873152118,0.307623087678439,0.573759888442023,6
731,0.417126068081707,0.387618013145402,0.176293349312618,3
434,0.478638599412516,0.6114775136346,0.147155470983125,2
300,0.453614439212252,0.254046460799873,0.275308135617524,1
1303,0.691756490274955,0.307902689879594,0.577584374965473,6
224,0.451631218541879,0.688006516848691,0.231469770031981,1
406,0.454175012409687,0.604166373098269,0.151319798734039,1
470,0.479592922327574,0.362713474733755,0.511878976901062,2
419,0.48247074626619,0.272415392752737,0.236076405341737,2
1024,0.689226450161975,0.361855075930351,0.577293966929639,5
939,0.683552435585123,0.326587112211014,0.577562828737306,4
2,0.358199521200731,0.0774550593923777,0.548079058993608,0
827,0.69370319943617,0.330065635918787,0.581162452546237,4
802,0.42408237133408,0.569009079085663,0.231358254281804,3
692,0.421309227561578,0.524243836128153,0.3091323122615,3
145,0.051449041813612,0.219327289378271,0.751970273442566,0
223,0.45162211606279,0.455782170710154,0.299510270892642,1
529,0.48103253735695,0.470848056557588,0.297492656228133,2
617,0.416917760681827,0.602548947744072,0.100589779391885,3
952,0.682979831002093,0.336980922204976,0.573547646361669,4
179,0.416628421284258,0.278157022316009,0.145727296359837,3
1213,0.692383190452552,0.307598256685359,0.588986700091286,6
325,0.45286350667011,0.497777210734785,0.48577240803279,1
1250,0.690077306559646,0.308624656480693,0.583503094585269,6
1214,0.683822160843019,0.303459413555944,0.575124752120738,6
573,0.477031888752244,0.597274979879148,0.222947256010957,2
1107,0.694517683597624,0.366837572244182,0.590401114240576,5
973,0.687394808047491,0.330611468061378,0.577025039427957,4
1376,0.69489979444547,0.296711850801468,0.583146659358307,6
1251,0.697057899836706,0.299702771770472,0.588668093290336,6
472,0.484119847256225,0.293069315096363,0.228962823236361,2
526,0.477031522726174,0.606100649526343,0.280233589769341,2
475,0.478341646045446,0.494355694460683,0.21569743398577,2
437,0.482686126483604,0.257265752833337,0.217995129828341,2
710,0.419781591815408,0.590017543244176,0.418246729602106,3
1084,0.692405059756779,0.371829630649077,0.580271382720076,5
173,0.193055834621191,0.75325696147047,0.193863780470565,0
199,0.363782143685967,0.913116139359772,0.404387632384896,0
796,0.421520217556972,0.712082677823491,0.250644664582796,3
1015,0.690170207933175,0.362462843784671,0.586889136954198,5
524,0.483513231831603,0.362798410188407,0.10421831831336,2
670,0.420043212526944,0.307168075069785,0.484891875833273,3
1298,0.687241435888448,0.298385869574715,0.576271531637532,6
627,0.422267354640644,0.353519194712862,0.472106251004152,3
592,0.482193823102862,0.57109489182476,0.376167144114152,2
479,0.480539527183864,0.517516990378499,0.141678880620748,2
685,0.420402023727074,0.428870426211506,0.100708455615677,3
527,0.47890349944355,0.268582288711332,0.416874086670578,2
1364,0.683746597486035,0.302981504286284,0.588337008102362,6
728,0.417353693889454,0.568405674491078,0.459630832378753,3
387,0.45227920874022,0.623183316271752,0.345134664513171,1
195,0.86145796906203,0.127164061646909,0.220123269129544,0
870,0.695545224743625,0.337687344427546,0.580932467419668,4
706,0.419383163480088,0.337933680578135,0.217845307616517,3
1140,0.689423733377174,0.362057036739549,0.579085352878683,5
1100,0.691370843692536,0.35877821678352,0.582876194992218,5
929,0.690167362312684,0.334070296394433,0.593376713400678,4
1177,0.686639679967397,0.359777367867323,0.585657728973029,5
865,0.696530263664622,0.331001999634502,0.581604621384507,4
1104,0.68824702167402,0.365711685919546,0.569025511466001,5
831,0.686994929396491,0.332955442101447,0.574363536365744,4
1343,0.689853259258984,0.302733396825173,0.576324106022206,6
981,0.698496435266126,0.3296028748136,0.580287453356612,4
607,0.47637042534072,0.585753075615503,0.287017123610713,2
1368,0.699882565997407,0.306269489951232,0.584437878872389,6
79,0.663323405897245,0.821886386489496,0.4256644572597,0
654,0.421521310370881,0.417242480511777,0.271226018038578,3
1358,0.686649917279256,0.302142817972806,0.585441957432783,6
916,0.697414065352457,0.330433575049584,0.576884963453066,4
222,0.448742316281423,0.523159105633386,0.281238212203607,1
459,0.480064961768221,0.485557651449926,0.533463545329869,2
151,0.688671173993498,0.523976920638233,0.356530896620825,0
580,0.482131634161342,0.627860509278253,0.503589461860247,2
217,0.455703243473545,0.2533094674116,0.475812884815969,1
1267,0.693339374198738,0.306836166458248,0.581475924384441,6
160,0.761000449769199,0.255349089857191,0.11193253681995,0
1170,0.688483999921681,0.359781183172852,0.585367300466687,5
836,0.691860812874889,0.329809266848101,0.572085193741737,4
571,0.478458343327511,0.464325645426288,0.384427046473138,2
181,0.0945171148050576,0.60751221422106,0.239091080147773,0
596,0.478714946173131,0.69856239175424,0.37342069700826,2
644,0.418887831100728,0.651506081875414,0.500230526388623,3
1387,0.703608592837625,0.300430469862353,0.577866556728819,6
408,0.453515807082877,0.605310584953986,0.095556660857983,1
565,0.479896427292842,0.602592893596739,0.464256609044969,2
155,0.0567081689368933,0.543353237677366,0.264196472242475,0
86,0.590120060369372,0.366344265872613,0.647746399743482,0
1287,0.698702214412027,0.299690494624715,0.585727901063767,6
22,0.711374897975475,0.618456201162189,0.0572119040880352,0
304,0.454515088002663,0.557008577580564,0.255036880681291,1
687,0.417102190151345,0.274294287269004,0.42347037368454,3
982,0.690791483596394,0.333381980447608,0.576738522455648,4
1184,0.690488548148195,0.363257933529304,0.578829234515498,5
707,0.424575257143006,0.434833382675424,0.498622759548016,3
746,0.418969596214593,0.442480181879364,0.157867960003205,3
1313,0.691434804115319,0.302113315131991,0.582639518754432,6
94,0.845333153381944,0.981341089587659,0.533939945744351,0
32,0.15172059671022,0.284240134060383,0.704665378434584,0
133,0.771053929813206,0.934095036238432,0.0749614511150867,0
986,0.686973941130723,0.339951398564261,0.583218140964343,4
111,0.22960063861683,0.654974206350744,0.492974457563832,0
28,0.717143829446286,0.727021708153188,0.693991508102044,0
996,0.689967613837613,0.326741983673495,0.588062558988919,4
331,0.451667581603397,0.422605801094323,0.233005056809634,1
36,0.245552799664438,0.14008828648366,0.288512548664585,0
717,0.419469822230749,0.267008817591704,0.345755638740957,3
971,0.693192668306998,0.338641066180385,0.572121522823412,4
512,0.481098279652651,0.299708393123001,0.491709417733364,2
373,0.455725202995818,0.663232881296426,0.251396962977015,1
1159,0.690859784039351,0.352276917522002,0.58243391974882,5
1253,0.692896902342696,0.311456089608112,0.570483945089522,6
409,0.447743350153323,0.334372347174212,0.479330844897777,1
376,0.446833412724082,0.626378255733289,0.455204310431145,1
343,0.447091730947141,0.386149709764868,0.266189504950307,1
250,0.454355389580596,0.37814296009019,0.573502426920459,1
1199,0.688573765567008,0.363751904682358,0.580323647197893,5
632,0.421010996322148,0.543079269770533,0.498754027951509,3
845,0.689641655156918,0.327931357848092,0.577403600995869,4
765,0.423054084209725,0.392361729824916,0.390370238525793,3
744,0.423275918464642,0.374559973669238,0.283835611026734,3
46,0.0661997206043452,0.134052586508915,0.434057278791443,0
1070,0.694879739345943,0.359757632943947,0.5754807499206,5
154,0.342104256851599,0.997620338108391,0.0472089610993862,0
26,0.64205485349521,0.018541383324191,0.253224804997444,0
1149,0.687081137691344,0.36631241352285,0.582930035087381,5
1356,0.689035899249227,0.305153806024571,0.581220757172167,6
48,0.178542510140687,0.624184168176726,0.640591063536704,0
1027,0.699432701481841,0.361824363295805,0.587966328049565,5
1113,0.692378282719075,0.366934074684134,0.575293044341401,5
1231,0.690898349752319,0.299819433273869,0.577066302053742,6
1299,0.684742844861965,0.300983263524399,0.575563157339851,6
1288,0.697753199016964,0.301829134138836,0.583100702915655,6
1005,0.698107160391444,0.322687487779478,0.583458574643118,4
305,0.4550267332769,0.29178643792402,0.434181672241539,1
835,0.699705728149032,0.333723404390109,0.584651120321276,4
1247,0.698245723339668,0.30413259975651,0.568614360141714,6
1044,0.696645297516739,0.376182365656641,0.574802341128543,5
1248,0.685932601644821,0.30148214081465,0.583923053807282,6
103,0.302435572259128,0.226795793045312,0.467487515415996,0
795,0.416078094483819,0.682854221039452,0.523448842996731,3
354,0.44586603948148,0.482520822156221,0.310162379825488,1
924,0.697134789457561,0.334099614624245,0.578954803993661,4
1320,0.690680573252986,0.304205228306128,0.574282736865481,6
940,0.683175316025468,0.33193860826383,0.583052096857084,4
608,0.484191667207051,0.414665061235428,0.431283726776019,2
264,0.44658129492309,0.47990525404457,0.105172256543301,1
779,0.423072344567627,0.625306689599529,0.465903198998421,3
1360,0.694247573534211,0.296748991772343,0.581053038209851,6
187,0.496213547885418,0.85343419527635,0.641515993513167,0
1357,0.685000233022589,0.306171309319535,0.577597668103222,6
1335,0.69212284367753,0.307657103784695,0.58914852023304,6
1326,0.687068871023301,0.298030171492084,0.565968172889401,6
719,0.425616355561651,0.654674473172054,0.349668625346385,3
962,0.69076012291674,0.333075342818251,0.580671810857865,4
842,0.690275890040694,0.339165911592279,0.571289322789859,4
1406,0.691653550408191,0.295550321459709,0.584715744369563,6
815,0.685185581936711,0.330897088489437,0.588001897542015,4
1349,0.694135558168723,0.303815201790217,0.581867803568828,6
251,0.448246776685119,0.332996273832396,0.294616617332213,1
7,0.323189079528674,0.852702300064266,0.55144491721876,0
1219,0.693663942525308,0.306567470257662,0.583564740067196,6
1019,0.690834994855522,0.368472420638911,0.585177133280246,5
1209,0.693362795963817,0.367719666526789,0.587267270985008,5
1256,0.685611556022753,0.291481903155696,0.579459133545902,6
745,0.419575893483125,0.247402857011184,0.402812761790119,3
267,0.449394064338412,0.285803812043741,0.126392957824282,1
946,0.691114845967582,0.336439363117092,0.581624048325104,4
438,0.476876644028816,0.663039692281745,0.331936535844579,2
247,0.449006727219094,0.285163022065535,0.416662132088095,1
643,0.416582609098405,0.704041395988315,0.270843913964927,3
59,0.744861599756405,0.452254491858184,0.139240756398067,0
1048,0.694690603127882,0.358174021365801,0.577246275612398,5
319,0.454413553900085,0.407379926252179,0.112162340735085,1
1114,0.68204875150265,0.358477403620187,0.572186177191347,5
773,0.423691607741639,0.30459540321026,0.297535565402359,3
297,0.453214260530658,0.467004159186035,0.306860268185847,1
491,0.479548120517284,0.539365424029529,0.527414086926729,2
519,0.484158416280989,0.490494402078912,0.160195011366159,2
740,0.42234782028012,0.509169340087101,0.13720783109311,3
562,0.480974236885086,0.542695000837557,0.1878457932733,2
1089,0.692066793395762,0.36028635257856,0.58413015679558,5
4,0.365020834375173,0.508911487646401,0.449883599765599,0
17,0.0828326654154807,0.632916473085061,0.980744998669252,0
67,0.667622410925105,0.2054156831,0.0457519050687551,0
384,0.44860849722987,0.72556882253848,0.494596490939148,1
932,0.685593621413342,0.330232387230758,0.572774575217801,4
861,0.688027724080896,0.343312938834993,0.581742945561087,4
164,0.310233254916966,0.201568625867367,0.218994276365265,0
1381,0.68753525028693,0.306153925115031,0.580506701952299,6
1217,0.690347714026208,0.290497676037161,0.579385605181535,6
999,0.690303411437761,0.327702873658016,0.588043000590184,4
572,0.481447171133477,0.345707102515735,0.275532887852751,2
612,0.485372421890497,0.428190890420228,0.404846835019998,2
1125,0.685945779816177,0.357751308858586,0.587532418280393,5
76,0.237945290049538,0.547220329986885,0.28071856754832,0
456,0.476333012573887,0.288555966527201,0.108563023456372,2
1032,0.697491064308493,0.360262266387668,0.582340587651988,5
313,0.450652392329648,0.478340340964496,0.332356521114707,1
750,0.420892706916202,0.283987677958794,0.320975359482691,3
1028,0.694522853870678,0.363810001154049,0.578132850870355,5
768,0.416552758985199,0.498577576200478,0.489449093304575,3
299,0.455283846794628,0.26856340370141,0.0832570256432519,1
1271,0.689198002737761,0.303859414491451,0.577078172357043,6
401,0.451299552153796,0.331331375706941,0.481127868709154,1
440,0.479775901136454,0.241618061624467,0.481078598019667,2
1041,0.700253201948751,0.353369468855201,0.576083323300334,5
926,0.697618043425315,0.33461902210757,0.597596744657128,4
620,0.420450402295683,0.353973131696694,0.412079464364797,3
851,0.690073212795382,0.334993591146114,0.588656494428705,4
959,0.694469230436981,0.333661874262154,0.570133365048984,4
1300,0.692550324937,0.314275345828297,0.583387970658462,6
333,0.452699384267908,0.249657657998614,0.138683094014414,1
415,0.477220029183663,0.274388282978907,0.430250159301795,2
1123,0.698735027654469,0.371305305907749,0.587438876685013,5
150,0.0880807905923575,0.811632056022063,0.182305664289743,0
126,0.455619408050552,0.769219709327444,0.625256315339357,0
366,0.450149959605187,0.687201736564748,0.106047178455628,1
112,0.569704598980024,0.760807877406478,0.560057706665248,0
24,0.614669199101627,0.932299975072965,0.615638795308769,0
225,0.452592852124944,0.684292126749642,0.495687488652766,1
753,0.41704947700724,0.588859115447849,0.477875280263834,3
778,0.423025272921659,0.642166662798263,0.132468662643805,3
1108,0.698686928127213,0.371421459987406,0.589819291789199,5
1206,0.691018415425624,0.358736220609023,0.574279485960343,5
172,0.0393013115972281,0.888316381722689,0.577154092956334,0
1166,0.692445143672435,0.367519299243083,0.581466180504095,5
1154,0.682577061701638,0.367972921263833,0.579693721615165,5
680,0.419171870094724,0.34970199347008,0.313420522795059,3
1350,0.694548011214424,0.298972410504629,0.576957229948067,6
878,0.685772266433387,0.339931045764512,0.58384290127167,4
579,0.484098508027382,0.577643750538118,0.406237696600147,2
208,0.837937474483624,0.406131067080423,0.327128716977313,0
500,0.483475114447065,0.261129714152776,0.219192448724061,2
70,0.459502596408129,0.594632290070876,0.642391205066815,0
1193,0.687660440863205,0.372465300883129,0.577948791014083,5
1115,0.694500009897449,0.358549386318582,0.583222383230991,5
838,0.695876080430763,0.331422136014356,0.5839767954134,4
350,0.454779764064588,0.418253109976649,0.499750568601303,1
760,0.423026388396975,0.56983101957012,0.312568544014357,3
810,0.425255493775476,0.258768244250678,0.112172180507332,3
1155,0.701304154850497,0.36196746158722,0.579347406344056,5
281,0.451293344933074,0.295902654714882,0.405793399736285,1
19,0.727128780912608,0.814737486187369,0.619400683790445,0
1079,0.688290856143557,0.371370256096121,0.579997207290541,5
1143,0.684416365607094,0.349901365778183,0.584181344087476,5
791,0.424233247889206,0.677650868380442,0.54772983440198,3
591,0.477961938953958,0.398560427199118,0.533469567610882,2
1006,0.691573596008849,0.333890671365472,0.583307881376906,4
379,0.45381721931044,0.68369055709336,0.563952300068922,1
396,0.446186224692501,0.427167139668018,0.106815021089278,1
783,0.422113597560674,0.268418563483283,0.277202653884888,3
984,0.686714757954336,0.327082626107172,0.573528897817041,4
171,0.271092728013173,0.114330615848303,0.183048760984093,0
1262,0.689962534249982,0.312806267907087,0.581672730023101,6
963,0.695703349766226,0.333674925265949,0.574903248976737,4
1395,0.681205300284082,0.294925910144354,0.577364180238426,6
611,0.485288627115078,0.30779510254506,0.543968992959708,2
276,0.44749096887419,0.44874729339499,0.0915684015024454,1
1012,0.685626764081306,0.332029395041046,0.577778319102962,4
146,0.956407336285338,0.418030181434005,0.986995214596391,0
919,0.695623131768203,0.330701052957267,0.585107485196696,4
677,0.421310042634141,0.615745789092034,0.474200272886083,3
75,0.147212567739189,0.822619411628693,0.627797829918563,0
1136,0.701610445000303,0.364334141478014,0.581215881153654,5
1180,0.682196393474267,0.367846741976779,0.585301260045767,5
689,0.415914058228955,0.519227679772303,0.246400288376026,3
1384,0.697913774888638,0.318383612980296,0.581777185253615,6
1132,0.691397136509141,0.355363291565837,0.576301072885502,5
484,0.482212433519308,0.238764289603569,0.421657785610296,2
1226,0.693288868222688,0.303979114708805,0.58168931185954,6
1284,0.690100588956722,0.284875838335343,0.581991840151122,6
124,0.854727926431224,0.580176403746009,0.581234530545771,0
196,0.102839245693758,0.414230200229213,0.362189572770149,0
1230,0.684591988718389,0.309251078930753,0.584516936608855,6
1307,0.686339198903155,0.303334999570954,0.571326018801496,6
1281,0.697529971807772,0.308012092313339,0.582288578422723,6
403,0.447917128771078,0.58096065891441,0.278758219978772,1
705,0.420513755013235,0.702583505609073,0.271055848523974,3
1317,0.697247166088095,0.299162965411388,0.580024203065056,6
478,0.484003346315585,0.726277697086334,0.197668808000162,2
219,0.455404593369458,0.464102132781409,0.352708615316078,1
804,0.421290133537259,0.656955656432547,0.144721253844909,3
6,0.676584656583145,0.076687318040058,0.358949742745608,0
1080,0.688377057644012,0.364543259345314,0.570540646300142,5
1347,0.693977045867721,0.305381109556314,0.587535029550314,6
576,0.478978138938546,0.279625479434617,0.357988986140117,2
793,0.416828245788347,0.364970983657986,0.187247970327735,3
320,0.452785388943739,0.231119804969057,0.191011329949833,1
931,0.69109907672753,0.335949792023084,0.586924521680472,4
201,0.852182586677372,0.580565901473165,0.511100043309852,0
1152,0.687499091146218,0.357732456578979,0.57693908489874,5
761,0.416182202193886,0.336363904830068,0.468048406136222,3
170,0.0909423620905727,0.556569051463157,0.948391581419855,0
197,0.972256883513182,0.36809975351207,0.321424365276471,0
586,0.485097999630962,0.433464845246635,0.368663343787193,2
458,0.479503963927273,0.566744506196119,0.386428769049235,2
329,0.452610931727104,0.668787524988875,0.265119754779153,1
282,0.453706527277827,0.668711323710159,0.360847030603327,1
1093,0.687551383605789,0.371700734778388,0.580809009909928,5
735,0.422780295927078,0.252926409314387,0.415811385330744,3
906,0.673109002098574,0.327993441407609,0.575744362949089,4
1017,0.689117165754585,0.366913968628326,0.581336810752496,5
49,0.315311047015712,0.0380421199370176,0.755967399803922,0
1210,0.684322685547946,0.36724963165079,0.578218543708346,5
271,0.447414600204211,0.405157526908442,0.184576634387486,1
54,0.216379253659397,0.137400573119521,0.621333000715822,0
395,0.454131371234544,0.452289408375509,0.466789080249146,1
1111,0.686126188385884,0.355453847434597,0.583589296376658,5
521,0.477176202922128,0.721538278809749,0.482326083420776,2
1338,0.695317591672226,0.299324757969741,0.573765617393135,6
681,0.418317601676099,0.663169796299189,0.12887808571104,3
1254,0.688403263589907,0.298220696066406,0.585637879642551,6
16,0.371291074901819,0.858728841412812,0.969961178023368,0
784,0.417188373932149,0.327168716886081,0.44606431662105,3
1187,0.689928150292212,0.344662904181989,0.579268712493317,5
1224,0.687956638424638,0.303842158677844,0.575692089335972,6
1374,0.686689004161225,0.301795032308761,0.585446077413193,6
221,0.448154070170131,0.716490537929349,0.294223684421741,1
1065,0.691931676493126,0.3579953819706,0.580648804570434,5
920,0.690769551537159,0.330037676374614,0.582096478071572,4
1083,0.686545990143569,0.366723618332581,0.581903779065121,5
368,0.446603727580514,0.442027041292749,0.122101039928384,1
286,0.449039576801006,0.48643852090463,0.217538963607512,1
1264,0.69064412329098,0.30128303547938,0.580564556067074,6
367,0.452026931606233,0.686341039207764,0.218213206226938,1
699,0.425245418145787,0.297934378683567,0.1585346841719,3
61,0.732307279715315,0.135883258655667,0.934398129815236,0
777,0.423703656538855,0.447655915701762,0.0971001454861835,3
729,0.420913830106147,0.520227490877733,0.125074526132084,3
402,0.452739644288085,0.291020854795352,0.30972542911768,1
953,0.687317123139705,0.329748152712599,0.577949189694706,4
328,0.453734996495768,0.283020178857259,0.444763754913583,1
213,0.449702200449538,0.507028286997229,0.246405373397283,1
156,0.491256661713123,0.766648966120556,0.56290372996591,0
548,0.478010299101006,0.252240637270734,0.261529895663261,2
269,0.447009770078585,0.344168203137815,0.283894354430959,1
1353,0.69489804638972,0.294216258326553,0.587317257901601,6
1327,0.689509979836141,0.302848833480969,0.579519804788525,6
980,0.69036800043446,0.334587175353631,0.591413848364782,4
1293,0.690785883094482,0.30095983135246,0.586082940344003,6
1096,0.691913810595666,0.36289671480021,0.585641711178461,5
1412,0.711505129669456,0.30323167510781,0.582870005900044,6
638,0.415908834745642,0.296543501620181,0.572506747976877,3
1055,0.696877183966787,0.358713139109966,0.586426601313446,5
716,0.422948089172132,0.586340485326946,0.296706395410001,3
974,0.683718101283683,0.328545498075723,0.579604700484806,4
495,0.479870972507633,0.314361208537594,0.528521889657714,2
283,0.453162046242505,0.531088922475465,0.329103298438713,1
204,0.259269704343751,0.786695634014904,0.0130101263057441,0
813,0.683246613578456,0.331342025023611,0.579857121000748,4
316,0.45376838399563,0.301034616027027,0.469813442393206,1
1272,0.69172665408223,0.305560452087216,0.587506449077565,6
1385,0.687052909278262,0.29917909073818,0.583227519281962,6
715,0.417090606316924,0.312546343612485,0.432649772800505,3
1092,0.697493253503177,0.354687159769599,0.579730692952917,5
900,0.690723736357055,0.334548965143975,0.576176041388208,4
1344,0.691287338125105,0.30955877646544,0.584667572408741,6
486,0.475845432637725,0.333478766097687,0.211115114926361,2
989,0.68930661917161,0.328701072746447,0.577908465272364,4
1182,0.683019126525958,0.36554756458516,0.581061146410235,5
1379,0.692638959985908,0.298225371594,0.576243676841918,6
626,0.422282037336845,0.351980281597935,0.0817617944674567,3
1023,0.686106564584134,0.364121640456278,0.580467669582634,5
540,0.477609780055936,0.513219372439198,0.292315231240355,2
987,0.699021283732639,0.32616676126995,0.57848685379091,4
361,0.448315097582527,0.462435156758875,0.101760640810244,1
15,0.97213484835811,0.619165629614145,0.983681907877326,0
671,0.42466577389976,0.595949102845043,0.453213053010404,3
639,0.420662655176129,0.336552166449837,0.1885037668515,3
913,0.696252405168644,0.334919770151331,0.578287641982089,4
895,0.685112236265564,0.329022276376774,0.58298443820618,4
423,0.482766605003271,0.322403238108382,0.300640249461867,2
958,0.690926000581764,0.331282129762218,0.574692097477701,4
442,0.479308460396715,0.720754563529044,0.11378434645012,2
202,0.612888292176649,0.0719800202641636,0.277328202268109,0
882,0.691258657226141,0.325076754469688,0.5766317760027,4
1109,0.694632856440144,0.371179129176397,0.57887479867164,5
881,0.69093044339676,0.325984605237784,0.577586769237419,4
634,0.425637101470493,0.423809976037592,0.0921267441706732,3
949,0.698566225305274,0.327102376719686,0.589420509817407,4
847,0.693593084238554,0.329013151832631,0.579357310106653,4
764,0.42211913834326,0.554504209966399,0.248481949511915,3
1402,0.687440739582059,0.296117430964696,0.573997144913547,6
1033,0.68860026893017,0.368707364973613,0.582405558935341,5
659,0.41991242234828,0.257600019755773,0.278472066693939,3
890,0.693103816119391,0.336254012849232,0.582731300566052,4
45,0.243889482691884,0.54252621694468,0.736561806872487,0
754,0.423561606851872,0.50056258502882,0.342196223046631,3
290,0.446070978802163,0.641393080772832,0.118110239692032,1
1035,0.691725593839888,0.359174313222125,0.578258264789026,5
501,0.485410638782196,0.328057825635187,0.306000298191793,2
3,0.935720670968294,0.366304056253284,0.0653965675737709,0
884,0.698272827879863,0.330093275700812,0.577430308061993,4
1329,0.695733416321188,0.304420915816314,0.578879377751939,6
1156,0.689647221332739,0.361605100508907,0.578584424444621,5
119,0.419179624179378,0.83820174750872,0.470926936017349,0
1348,0.686892059780682,0.299320355772647,0.579288050484178,6
1341,0.690128792952514,0.300396730615634,0.584597170701271,6
1372,0.690471022197534,0.307683770009675,0.581337046454481,6
1205,0.682939563252893,0.359844780349101,0.584901945133303,5
241,0.452121105599217,0.28611511150375,0.0932379078119994,1
81,0.748329141177237,0.455993103329092,0.636348864994943,0
471,0.480827210000716,0.548253391357139,0.446983286016621,2
1240,0.693441751426336,0.301707821875648,0.56778708434273,6
35,0.204532511299476,0.0115261413156986,0.0961874132044613,0
1067,0.691443114150056,0.356268338761582,0.583576066412875,5
80,0.10669973352924,0.256158172152936,0.419442277401686,0
285,0.454799204801675,0.233186235255562,0.413631559419446,1
720,0.417372710306663,0.317469461192377,0.186481743422337,3
1042,0.693905888764445,0.361164056702228,0.586209388611635,5
87,0.600577316014096,0.243469711625949,0.174735644832253,0
209,0.7018497439567,0.931594010908157,0.318233377765864,0
239,0.446459594115149,0.539876741892658,0.376994119910523,1
988,0.693563397213083,0.322130234586684,0.58081078179074,4
64,0.559711433481425,0.714168888283893,0.0962250449229032,0
825,0.693724653697947,0.349827830639383,0.571606709473655,4
388,0.448698918009177,0.46704131080769,0.104622326628305,1
260,0.452207662360743,0.297500255820341,0.183860995410942,1
739,0.416307829055004,0.46501980565954,0.257802411285229,3
1169,0.688988641499005,0.362069353532757,0.571532427122932,5
364,0.454982105926611,0.581640265602619,0.271809028065763,1
308,0.451110128539149,0.393741729622707,0.113125040498562,1
743,0.422461996376514,0.61615139648784,0.564736687531695,3
558,0.485202278012876,0.232257613399997,0.429364888300188,2
928,0.694067972067234,0.330950961273283,0.588601229875116,4
578,0.476440476607531,0.600289787934162,0.530819269316271,2
649,0.416812352952547,0.413659914582968,0.106222304119729,3
1244,0.685031723280382,0.301505293830629,0.580257693431784,6
841,0.68785328038907,0.333662430420509,0.582925951712892,4
684,0.42264769427944,0.622710387408733,0.220885176514275,3
287,0.447177671759855,0.62457081892062,0.398965114913881,1
877,0.688791816536241,0.328123762641843,0.57788770928259,4
749,0.422808069104795,0.370213570375927,0.186434797663242,3
679,0.419139925886411,0.255388358212076,0.371561980061233,3
597,0.480136142475531,0.694506272510625,0.403406046633609,2
975,0.693953148039664,0.330885169563054,0.577876196283796,4
12,0.641444155247882,0.867471840465441,0.614232077961788,0
451,0.478943552905694,0.633063637139276,0.395404357532971,2
56,0.704712600447237,0.677826583618298,0.0280215707607567,0
583,0.481561898803338,0.481248256587423,0.506429160549305,2
1197,0.697176337200754,0.359792195626507,0.583294078030588,5
691,0.422815782057587,0.587769826245494,0.333738075057045,3
1162,0.688460471265896,0.35825618220168,0.569172012086365,5
809,0.421827015003655,0.318816227093339,0.335890964791179,3
934,0.696286056322208,0.330979071997224,0.583891928959487,4
1391,0.69688415373798,0.299697492827493,0.574542972698337,6
889,0.693025062507721,0.324690278642579,0.583847519608265,4
127,0.759347766172141,0.469567417865619,0.0857655631843954,0
1277,0.70037138327414,0.298985667730945,0.581438696797463,6
883,0.697577121401937,0.322064801795468,0.58516675053179,4
393,0.449445598276798,0.653009529761039,0.282893368112855,1
1103,0.683971355045894,0.360356853452014,0.581368392137702,5
871,0.691224627210869,0.327159720013895,0.581742071829929,4
908,0.689118167948349,0.33216138034436,0.586983187728498,4
1234,0.699914055567499,0.295645677342044,0.569049702616646,6
1121,0.694561928296331,0.363392128755213,0.578231515153089,5
507,0.478063013846986,0.361247645295225,0.190011052717455,2
1394,0.690755255407914,0.292759239601484,0.578492129341851,6
905,0.69230024463529,0.325608866206911,0.570611872161994,4
774,0.419525991622359,0.577590720797889,0.404514456470497,3
1195,0.692979524197196,0.360294942385489,0.588020746868379,5
1290,0.692928564830813,0.295855808415974,0.578265477108566,6
766,0.423257061208133,0.325402407394722,0.211023962311447,3
140,0.319662952097133,0.406740631209686,0.912058955058455,0
50,0.22787841851823,0.161539675900713,0.671467091888189,0
1237,0.694568661157644,0.306806074480026,0.578171065734725,6
1328,0.690998844612301,0.309512821279326,0.579697612487543,6
117,0.458161548012868,0.34088074369356,0.442843149648979,0
635,0.421635773461312,0.691642512055114,0.161685986630619,3
568,0.48032861090498,0.496808406850323,0.258155996748246,2
532,0.484628508391324,0.413869165303186,0.268331429874525,2
363,0.454597791866399,0.574822450475767,0.228302520653233,1
272,0.454595993387047,0.487053385772742,0.400010596215725,1
555,0.483926748633385,0.726349273649976,0.265182921034284,2
1375,0.690748430399519,0.297865756728207,0.578789969448362,6
695,0.421171188193839,0.307856964366511,0.360768140479922,3
465,0.477799691802356,0.2942721365951,0.299116579303518,2
1090,0.696646791724699,0.364992531835098,0.586524314035892,5
574,0.480184400819708,0.405770668480545,0.421028348919936,2
1000,0.683663627483363,0.333327015762643,0.585323242941351,4
324,0.455728779176716,0.498054667096585,0.537155224662274,1
723,0.419437039052136,0.499327471666038,0.102189497509971,3
860,0.691681476797792,0.336748473668165,0.577527216453251,4
674,0.416930314034689,0.414144628983922,0.298811824712902,3
129,0.562953250715509,0.707736426731572,0.591698835603893,0
1361,0.695890160218337,0.303355188157342,0.577516441449611,6
935,0.6904967725523,0.335823338047696,0.583724352465702,4
1064,0.694200785147998,0.368376074871043,0.579879274563756,5
737,0.417139622552786,0.619117374485359,0.227514350507408,3
334,0.455306259195786,0.567532790312544,0.106459904764779,1
830,0.694790677153972,0.329861121258616,0.575562534613418,4
1117,0.683109953259124,0.355663361791796,0.578322909917859,5
859,0.685215050383232,0.325736724877944,0.580382108163082,4
970,0.690888366474232,0.325482681001672,0.586513993282146,4
983,0.686706656471673,0.338468566842076,0.575999533444582,4
1133,0.690034252947267,0.368469742952685,0.582163466435443,5
657,0.423014738927595,0.590240511996672,0.22735365673434,3
714,0.421054760450497,0.392375303152949,0.35353307723999,3
488,0.480040930577088,0.679543125163764,0.574299192940816,2
550,0.48146009797696,0.580542852706276,0.079484847560525,2
601,0.479290557687637,0.54803839053493,0.27174482664559,2
95,0.908419158542529,0.775820541661233,0.140986019279808,0
991,0.696264519939486,0.335775500336082,0.586631446584196,4
1201,0.684061476528968,0.360335544323244,0.577860578946868,5
332,0.45567154458724,0.31238247717265,0.54626930616796,1
90,0.390290057985112,0.12940857722424,0.882881594821811,0
432,0.477819536712486,0.271873933915049,0.424238088261336,2
960,0.701800051328851,0.341629016418922,0.585785708304089,4
666,0.425718063556124,0.694213415216655,0.299799187411554,3
852,0.681584931595869,0.3405240844944,0.585642593144981,4
1274,0.686185484515615,0.307919407997755,0.587745169588878,6
1266,0.694545962188939,0.294504666208428,0.572454069024363,6
109,0.662086651893333,0.153635517926887,0.309901723405346,0
661,0.421318311528303,0.3519449331332,0.409021646087058,3
839,0.687626676149972,0.332853489913946,0.581496626161404,4
854,0.691144034179734,0.333938298421113,0.586716594695193,4
492,0.48428348523099,0.276473917718977,0.204377326602116,2
292,0.451395685528405,0.410712946509011,0.463359574042261,1
656,0.417244269440416,0.325493724620901,0.538905517500825,3
205,0.332820476032794,0.317469622241333,0.47167814290151,0
410,0.453326200668234,0.230507679702714,0.388021198986098,1
1190,0.692686880558449,0.362902899953144,0.581537301164033,5
339,0.446193411489949,0.391639516642317,0.120416430011392,1
688,0.425475566282403,0.286520559992641,0.077654824196361,3
552,0.479767490429804,0.395037392224185,0.488219989067875,2
248,0.455652368578594,0.472211062512361,0.475130760995671,1
1263,0.689722403174505,0.301769112844206,0.584619562735303,6
345,0.453759653558955,0.521185554051772,0.189297757647,1
256,0.452634969975334,0.291816947353073,0.385447143064812,1
957,0.692688266069695,0.334495522480606,0.584240136235031,4
1388,0.693669710863123,0.30124562090618,0.587910194726561,6
823,0.699455860439527,0.332264697585294,0.587176146895072,4
1179,0.687265649964712,0.371949410546694,0.57757991749625,5
756,0.424576335668098,0.503396036871709,0.303940853057429,3
1112,0.694769895340671,0.359761408321135,0.578175256242393,5
927,0.693084119225827,0.339255762437622,0.581972547838615,4
338,0.446094922143966,0.459839926403947,0.25684862928465,1
1208,0.69514904636248,0.374122075229739,0.585870533554949,5
1163,0.691615017445712,0.361658758129301,0.581803311153544,5
1072,0.690106537309016,0.360951348435234,0.579102918041855,5
910,0.686048960602845,0.333336323199449,0.580938139172762,4
273,0.448407118513715,0.460143273067661,0.362468723044731,1
564,0.482699255773332,0.43038347417023,0.540832470590249,2
738,0.423140350561589,0.719740926241502,0.558025612682104,3
431,0.483993948500138,0.55197480560746,0.133216830855236,2
1337,0.693772720014393,0.304029561963441,0.578008681526811,6
1330,0.688135131655228,0.300477828577024,0.571387531638746,6
159,0.99210124835372,0.645105748903006,0.395817617652938,0
1176,0.699001260504115,0.360283977501545,0.585130368596008,5
769,0.418405051908922,0.433144645369612,0.255464880797081,3
1142,0.690064610412275,0.362029081587017,0.572912680932666,5
1146,0.689766542159612,0.3507701887451,0.580646977075586,5
1039,0.688872876725919,0.365451276664226,0.579931069446368,5
352,0.45391921172617,0.583723978674971,0.478707428043708,1
785,0.417558571568225,0.265451955329627,0.419693683227524,3
701,0.424757460739929,0.665237166523002,0.19001003256999,3
1229,0.691333674084136,0.310329632672759,0.577206045494696,6
309,0.454610094632953,0.465171331609599,0.434100572904572,1
1258,0.696144024959939,0.299019905852757,0.576163087421224,6
263,0.451143762492575,0.379579806304537,0.139503844617866,1
447,0.482990861597937,0.344863459421322,0.130022938898765,2
538,0.481887258477509,0.543689006310888,0.097312285983935,2
625,0.425617148184683,0.265885468991473,0.304124527331442,3
1119,0.691868839964511,0.364226316726794,0.57629654279975,5
867,0.694093070679584,0.33003708552463,0.572884608087275,4
1295,0.697847799970153,0.302342187641657,0.584739457466619,6
253,0.446159930659924,0.526294905412942,0.399250158295035,1
702,0.421627725234721,0.657855619979091,0.0820821102941409,3
711,0.42422817626968,0.548955848393962,0.275803470006213,3
42,0.660164952976629,0.411672908579931,0.498550482327119,0
382,0.447966397581622,0.390359192807227,0.564272506698035,1
603,0.480999373018276,0.394853142625652,0.314654854196124,2
559,0.484129237039015,0.72121600615792,0.374682003702037,2
1241,0.697452351767873,0.296419596286642,0.582581093783263,6
787,0.416733052681666,0.658927269349806,0.225649535609409,3
1026,0.696305004159215,0.356822830938809,0.573307470372231,5
605,0.48157290806761,0.651387572474778,0.345656802132726,2
912,0.693028743136299,0.331661702598925,0.579106210783303,4
968,0.684277149110798,0.33590276040592,0.573625851661137,4
1332,0.693829090103555,0.302502894335617,0.577027182088041,6
531,0.476958544857334,0.681055026547983,0.449516475503333,2
853,0.685929767625659,0.325834006948408,0.580425106490362,4
101,0.465888523962349,0.527195474598557,0.299334172857925,0
1292,0.683840345044374,0.297800537295634,0.584373223863643,6
1342,0.697629854382261,0.297783119558811,0.578984448958207,6
863,0.691109186524559,0.339069088733162,0.577669988363719,4
514,0.481451070688199,0.624774513137527,0.500537161901593,2
337,0.450980571727268,0.322597786737606,0.460896831192076,1
230,0.453559840496164,0.386580959730782,0.565072014997713,1
1309,0.689419741730344,0.299971133129203,0.583887152383301,6
546,0.479101322700735,0.273998248344287,0.360497862752527,2
389,0.446350502348505,0.546115924790502,0.399279824527912,1
188,0.00419214065186679,0.902853209525347,0.246978709707037,0
110,0.523185060592368,0.871545480098575,0.638103322358802,0
1175,0.691021763777608,0.367349406353482,0.576402091865816,5
411,0.451209458210506,0.326643445249647,0.421235284488648,1
1331,0.69026621864197,0.305520739086685,0.585830722331228,6
29,0.532196360873058,0.494118793401867,0.299618014367297,0
1141,0.697344940081524,0.3653681709646,0.580424477190861,5
544,0.485328301789705,0.534601447358727,0.514445676421747,2
914,0.69658469659558,0.329435122370217,0.581712999770172,4
799,0.423124157688581,0.474060112447478,0.569089279812761,3
886,0.697361111320943,0.328373693473646,0.580519979901842,4
275,0.453133037297521,0.539873110433109,0.565515372972004,1
349,0.453560264494736,0.693203424871899,0.569030494149774,1
180,0.644165753154084,0.838930538389832,0.368112650234252,0
185,0.676389731699601,0.125535340281203,0.245258490322158,0
755,0.424735788013786,0.320195254124701,0.434020774043165,3
306,0.454423186874483,0.564652600395493,0.527679702104069,1
169,0.278702419716865,0.742106328019872,0.290492816129699,0
648,0.425794441932812,0.635089246975258,0.397681953222491,3
683,0.420901328232139,0.415653598913923,0.537549239071086,3
770,0.421383833331056,0.687316625914536,0.393857335974462,3
1189,0.691216723180695,0.368330736873345,0.576616762324618,5
1051,0.696008809012713,0.355913798526659,0.581813154531067,5
1167,0.695467959531774,0.368320047418983,0.577937473150379,5
696,0.416051018326543,0.240366331487894,0.436220411164686,3
207,0.29627600684762,0.118798704817891,0.144729648716748,0
542,0.483739309359808,0.414679603138939,0.0815404161810875,2
483,0.477296963681001,0.420558968163095,0.141832759091631,2
712,0.424293376991991,0.723307694029063,0.480519490502775,3
120,0.365643181838095,0.355047770543024,0.865111765451729,0
1318,0.678218966074758,0.301262417637689,0.574306034037905,6
937,0.695535057757781,0.329069524609715,0.58057301484195,4
489,0.483325995651539,0.307860450074077,0.560079083265737,2
1147,0.693245307731686,0.364525078658463,0.588373150273505,5
1306,0.690550002755622,0.294573831442583,0.581274047440594,6
725,0.421390061208513,0.529566585272551,0.226756974775344,3
547,0.475982533763163,0.384087858907878,0.119500846322626,2
141,0.430024948436767,0.49663966963999,0.417270966339856,0
1011,0.686169570386897,0.333453358127098,0.582265117232576,4
992,0.697537801343563,0.335187628913194,0.586450422867709,4
1157,0.695116478364441,0.358990160901045,0.582708830933674,5
351,0.455822719822172,0.229240710567683,0.201539357961156,1
200,0.158598541282117,0.669926773523912,0.306197433499619,0
615,0.423194268548396,0.537979779834859,0.564393290271983,3
1280,0.689372395122744,0.305308988049175,0.58160753731476,6
894,0.688996942217926,0.323989490412115,0.582660138981101,4
1202,0.69850989762329,0.365925715584164,0.57713152897156,5
377,0.454363414701074,0.421267944574356,0.316872547217645,1
758,0.416512862129603,0.618377431482077,0.270239742542617,3
1345,0.689896533177297,0.311359953139875,0.580036217026495,6
1148,0.690347338831029,0.368941977323546,0.59200712367698,5
976,0.690031693227326,0.33803650387159,0.587095097421357,4
1139,0.688731653306956,0.355343298231719,0.585166570334685,5
872,0.699733465089419,0.330176282312858,0.586129316659359,4
613,0.42087122608209,0.269732350087725,0.563981920434162,3
480,0.484482456261758,0.389691639645025,0.222958657378331,2
439,0.478622137918137,0.629864365630783,0.478038940299302,2
614,0.418322124369443,0.354428399307653,0.230901761283167,3
517,0.47976686608512,0.457486442127265,0.276533363224007,2
1212,0.695039041925356,0.368729706146503,0.574152258897811,5
33,0.656890996731818,0.116051422432065,0.85279933991842,0
371,0.455227528444957,0.427944638254121,0.0967920765513555,1
323,0.450733801790048,0.583768884139136,0.287523891497403,1
1003,0.703694939444413,0.341973737475466,0.576906215101988,4
1038,0.685913455979418,0.361008705348096,0.579441963263433,5
789,0.423243298940361,0.541993644624017,0.466799498838373,3
158,0.870607008924708,0.82415797538124,0.666352930944413,0
99,0.717647779965773,0.290201664436609,0.213497817283496,0
1091,0.692913662417287,0.369102215925317,0.588812228602352,5
1181,0.683135618824613,0.357947075777654,0.589393720585364,5
420,0.485499170196708,0.667986431345344,0.505109003349207,2
1296,0.687544271295078,0.305136333767244,0.580685042585742,6
600,0.478937522869092,0.296917970827781,0.189449021196924,2
1081,0.696570268100907,0.359401079033285,0.575597473166034,5
818,0.691442993975728,0.333221524023303,0.579427151211193,4
1359,0.68498999836081,0.30910202084751,0.582315532440413,6
1116,0.692831403870062,0.36093816716125,0.573201900617387,5
1269,0.688310204242436,0.298971066661582,0.573242493993075,6
1365,0.692195677360575,0.301194711834075,0.575912994204848,6
1151,0.683928150598548,0.362652323635253,0.581298693457396,5
945,0.692512592736734,0.329495490009902,0.582284615100798,4
244,0.452463995965663,0.698478921852075,0.160916541307233,1
467,0.485682664911728,0.535338500351645,0.125554027222097,2
51,0.238379053073004,0.29232399025932,0.896364163374528,0
869,0.691578646798717,0.336831574850362,0.582116300351914,4
821,0.691704408597282,0.330281022791726,0.579898281988941,4
1110,0.68801243554791,0.365620075012771,0.582974703803725,5
1168,0.691984100995321,0.371825323843584,0.578268800556677,5
788,0.417014852706343,0.663401154521853,0.320690888981335,3
380,0.448021196268965,0.508974338602275,0.115208465210162,1
938,0.690459480435251,0.331512374628745,0.572661221052749,4
136,0.29222722700797,0.634104237891734,0.113993543200195,0
58,0.60399783635512,0.0994541582185775,0.681723573477939,0
647,0.425139244752936,0.703176605235785,0.397548816120252,3
814,0.694982919977761,0.334597269535419,0.578919268742087,4
956,0.686738735141351,0.333447503746555,0.58163840344529,4
1186,0.701175371672628,0.369296885501715,0.585146746470538,5
206,0.835875220131129,0.822829173412174,0.636509718606248,0
412,0.450934499220457,0.651751409238204,0.32651781286113,1
385,0.453139875174966,0.416211511893198,0.360058707837015,1
344,0.455253394306637,0.563462281553075,0.165875239484012,1
641,0.424738984024152,0.387261577602476,0.487171087833121,3
57,0.409242757130414,0.976793869165704,0.660160612780601,0
53,0.22445822134614,0.470843734452501,0.202094550943002,0
1062,0.692407802707925,0.361340006458762,0.581443866192831,5
533,0.485620336630382,0.45373661974445,0.550589791336097,2
1405,0.680535884813783,0.301352463300166,0.571593455996902,6
115,0.431856677401811,0.308038551127538,0.857829501153901,0
1088,0.693403873455364,0.360561916252438,0.586436282480828,5
104,0.648771432461217,0.973746415926144,0.831748365890235,0
1249,0.686727568712769,0.301133540805183,0.57885497873882,6
554,0.477201467752457,0.300830483972095,0.233878716663457,2
1086,0.693291908924035,0.366848328617882,0.570460395624222,5
152,0.368957146303728,0.720583585323766,0.0777996927499771,0
876,0.693314790171923,0.335495177663091,0.576209773797051,4
106,0.765135367400944,0.277178031159565,0.269536583917215,0
44,0.543329420499504,0.37571429903619,0.338929459452629,0
1054,0.69692299765522,0.359369740706221,0.594000702327144,5
1314,0.70298367916395,0.313776884464639,0.578579077938381,6
1076,0.693789479645843,0.361508886825271,0.579046359059807,5
582,0.478107352457009,0.645103387604468,0.313103949604556,2
1211,0.695118482840383,0.366369795439483,0.580198118044133,5
8,0.775362727232277,0.173065620474517,0.421329749282449,0
633,0.423459915956482,0.320900861243717,0.481713755941019,3
530,0.482827709082048,0.67964510533493,0.27109755827114,2
1246,0.693117008468306,0.299700313477082,0.581598245528248,6
520,0.478015854696278,0.448691131849773,0.0919729030691088,2
1268,0.693636752730093,0.302536365581865,0.565929835528512,6
1334,0.704655010272881,0.299664188283881,0.587712670090208,6
1068,0.69151529609761,0.366063931461378,0.586617678409513,5
1232,0.688472067633105,0.298280507480499,0.590097547632875,6
856,0.696033507043499,0.33165104929388,0.585228337162906,4
832,0.698084511419826,0.333725072353281,0.583850429526511,4
594,0.481504152005073,0.479190051276237,0.335273624351248,2
623,0.421613472050522,0.394465601141565,0.299136552563869,3
610,0.483734618301969,0.420472143986262,0.11157873745542,2
857,0.685866768031207,0.335510193926361,0.582574433830164,4
108,0.851635382976383,0.221557052573189,0.73701971070841,0
977,0.689036804394037,0.329124105488991,0.576145357495719,4
1322,0.697496105904344,0.295448860976884,0.587825794144546,6
1029,0.68699936106847,0.359663574355171,0.575414523368011,5
1243,0.692812602033121,0.297895132763156,0.572359239502007,6
511,0.476677930259611,0.644560350989923,0.197067977697589,2
782,0.420398587556556,0.323992301430553,0.351338737364858,3
231,0.447345831079874,0.299459471320733,0.560256851557642,1
1191,0.691755287620887,0.362056575436595,0.583654049817888,5
121,0.197565493406728,0.862667954992503,0.459766258252785,0
1252,0.689837170299705,0.304647146020029,0.577873762745235,6
616,0.424905037037097,0.324186189519241,0.437458687298931,3
88,0.162395363207906,0.624701715540141,0.799378904048353,0
911,0.692924320793664,0.335508750379258,0.581768106084788,4
801,0.418246218950953,0.416816143039614,0.298582969419658,3
593,0.479794523150194,0.724325187457725,0.238898791675456,2
1128,0.690644215703549,0.360906365953058,0.577995675143669,5
237,0.451043147416785,0.68992423505988,0.446116068819538,1
462,0.482775347738061,0.54518348206766,0.210108509706333,2
922,0.686500461665396,0.331777913586162,0.581914389303317,4
868,0.691563111561794,0.323741511050322,0.584056235265352,4
1207,0.702621038986603,0.36689419143457,0.577664236060137,5
587,0.483835246837698,0.270557187334634,0.263891871157102,2
342,0.451951290557627,0.699069796898402,0.344698593323119,1
844,0.691781074883975,0.342778595982953,0.573910068107669,4
534,0.485799581545871,0.723372510937043,0.420131456758827,2
113,0.347617545863613,0.398546271258965,0.595850857673213,0
114,0.135009169112891,0.0241415938362479,0.283355358755216,0
730,0.420065261954442,0.46024885699153,0.237272267066874,3
311,0.449545964738354,0.341095655411482,0.468188715819269,1
1008,0.691639509922035,0.332370632467904,0.580924745860306,4
375,0.452853652969934,0.590447235805914,0.45208994189743,1
1134,0.695443998590577,0.367719832175994,0.584453267475644,5
215,0.447739133867435,0.374375464464538,0.520064217573963,1
220,0.450775444363244,0.435871461941861,0.216104108211584,1
979,0.684405245281971,0.326539110554565,0.573224369941617,4
645,0.420415232491214,0.403024670155719,0.104882810101844,3
891,0.699540051220142,0.330626363883976,0.578523506498363,4
930,0.686388620535823,0.33281098617308,0.582269474363681,4
653,0.420120514906012,0.352005402860232,0.263255950133316,3
502,0.478356557795778,0.473923130030744,0.286105263931677,2
1220,0.690831460861308,0.307593399710513,0.576586383825,6
733,0.42575910692336,0.549181851744652,0.536363835283555,3
125,0.0336509002372622,0.812397335423157,0.352697756607085,0
1046,0.692847614594757,0.356132295312778,0.572410017834337,5
697,0.422147043880541,0.475558118033223,0.126490565901622,3
567,0.482251670446713,0.53052129521966,0.230326319532469,2
942,0.697831121904099,0.32998621223246,0.576047272108514,4
994,0.692165989533977,0.321632798830701,0.576617844438053,4
1259,0.683472610182979,0.301198159971118,0.576756341783572,6
1389,0.698129095254038,0.295438342811772,0.578093000237817,6
390,0.44890189755708,0.595451183337718,0.173033201787621,1
318,0.453623107695021,0.595297903125174,0.248220109916292,1
816,0.685385068393217,0.33284980597383,0.589962462694647,4
918,0.699419229442052,0.334397739868239,0.582090710533104,4
539,0.481486706230789,0.395401114202105,0.231446549482644,2
1126,0.690911354418469,0.36541238009403,0.583219762860988,5
1118,0.693977285730593,0.364739936365689,0.583884059309589,5
174,0.280069373548031,0.542866693343967,0.273054089862853,0
1336,0.691363749512241,0.306770924436,0.57305088567029,6
1129,0.687829595124853,0.368325694785535,0.580031025576605,5
686,0.423993262429722,0.631988455494866,0.538193062134087,3
1001,0.694540881521787,0.341239490155474,0.581722469222512,4
1037,0.691859693116433,0.363221146795968,0.583862021091859,5
191,0.399893013760448,0.00207863724790514,0.0240992093458772,0
482,0.484423041897826,0.340074979420751,0.317283707624301,2
346,0.455463919679169,0.25944854139816,0.114056728035212,1
295,0.4505096595129,0.575718389544636,0.103610253846273,1
1218,0.688956005379439,0.312750005039512,0.579886024199933,6
763,0.417582722755615,0.375510564260185,0.329205150553025,3
91,0.603943686466664,0.853164659813046,0.286887496244162,0
1145,0.694586858288212,0.368048963234214,0.574860656662629,5
609,0.484552400780376,0.347419577487744,0.394214541953988,2
903,0.694924230316029,0.335469248900167,0.580475278766873,4
776,0.421713993733283,0.604306093603373,0.346863436116837,3
464,0.484299395424314,0.478488063625991,0.198186422535218,2
357,0.453393816491589,0.708459893777035,0.492360652959906,1
762,0.415878023398109,0.51672591753304,0.11972930743359,3
487,0.477128055738285,0.302877363702282,0.499293106910773,2
800,0.424357078680769,0.298369083856233,0.33897797735408,3
1059,0.701048351643822,0.351189689813122,0.583848282272771,5
1160,0.694067567148612,0.356914369476898,0.578123819782296,5
630,0.418366932854988,0.299965505558066,0.535449082218111,3
1183,0.687619085907362,0.3655887220082,0.572638845274192,5
31,0.820412737084553,0.943767002318054,0.0996582515072078,0
556,0.482544833128341,0.469902639696375,0.154454406653531,2
183,0.183176948456094,0.0326509533915669,0.382750153308734,0
1371,0.685468126732603,0.294957398006554,0.586984353420511,6
923,0.690979745715873,0.333460778421346,0.577981893400242,4
157,0.81433484191075,0.592841530684382,0.280743067152798,0
536,0.476343531659804,0.701246185181662,0.512220750516281,2
1004,0.687438131566665,0.330589572453463,0.5729685512709,4
189,0.211188211338595,0.555385957006365,0.257133981911466,0
631,0.42506303051021,0.71161867196206,0.118680108874105,3
513,0.476061973292381,0.634923006244935,0.523063855897635,2
1304,0.69800498466967,0.302609256336285,0.581928356663248,6
1315,0.688551117533184,0.302344338287131,0.581413136314079,6
1002,0.695792841366457,0.337389098056547,0.581991738443096,4
254,0.448690039133653,0.401400482584722,0.134786843857728,1
62,0.209132183576003,0.979903574800119,0.081638545030728,0
97,0.15982540207915,0.486205132910982,0.868475753348321,0
198,0.913656576536596,0.648338273633271,0.144370367052034,0
693,0.418638674665708,0.494775564246811,0.445862127421424,3
873,0.692793650323835,0.332197443636343,0.575287212298702,4
944,0.687099669327323,0.335051483614476,0.583387765176387,4
752,0.422829897587653,0.721725723543204,0.496059394394979,3
543,0.477116659460589,0.48316786212381,0.190895362012088,2
849,0.693471657989584,0.333027909294144,0.583377993534007,4
1047,0.69628914438017,0.364372514251675,0.57726105974911,5
866,0.685063796441811,0.327875428119723,0.571761515764327,4
843,0.690460320204306,0.341199087888123,0.575633234527509,4
1131,0.686779306436033,0.367512883477639,0.585413080251826,5
1056,0.691649157473167,0.377339468579038,0.577437467260487,5
291,0.446670393792447,0.38506353746634,0.27504733549431,1
518,0.482165759119671,0.698785774013959,0.335103893373162,2
618,0.423341803692747,0.648028281121515,0.485793477110565,3
893,0.696277063431475,0.328446330149753,0.577052409254966,4
1291,0.684213165550856,0.292483354669343,0.580432723423907,6
948,0.690455810020137,0.329327997246577,0.576368200594388,4
184,0.719037869479507,0.473809332819656,0.0831601023674011,0
1398,0.693172776538013,0.304561379542853,0.583550474340455,6
561,0.483617710636463,0.347216707840562,0.076476443046704,2
298,0.449777270080522,0.641069683781825,0.374046581750736,1
1242,0.68876837620324,0.310587692187108,0.584202225929053,6
477,0.482947624509688,0.372771619539708,0.174172303825617,2
1153,0.68570911925764,0.364209602547658,0.58340731590588,5
606,0.478579653396737,0.716769070900045,0.533854514313862,2
1302,0.702702215064962,0.292471583761334,0.572394479575805,6
998,0.684992671814827,0.329568773542362,0.576367145693871,4
1071,0.690217383653491,0.362836815679759,0.581116189032963,5
82,0.335914408555254,0.0934311372693628,0.590129753341898,0
55,0.556484625674784,0.72908969130367,0.649938966613263,0
147,0.407554071163759,0.564003865467384,0.00159399909898639,0
505,0.477642917253543,0.310715464828536,0.367193492664956,2
474,0.476843217103742,0.243979750503786,0.33171979857143,2
864,0.690426676330327,0.326869073929789,0.582274003400743,4
1018,0.690807989646955,0.358887861839019,0.575063000744183,5
652,0.418004704830237,0.665043007885106,0.470761322020553,3
453,0.484546271217987,0.352208320703358,0.394374927459285,2
972,0.696140900536128,0.331909305912019,0.577036122193301,4
1161,0.693754506744244,0.366208187524162,0.581196322857817,5
168,0.686411507427692,0.903036739910021,0.291152665391564,0
365,0.45303111418616,0.428121336339973,0.321885534282774,1
1370,0.69081245078424,0.302286519743444,0.580765697050743,6
595,0.479241420221515,0.522708298475482,0.275632739602588,2
252,0.448663355989847,0.323146411869675,0.346877940185368,1
178,0.402186023304239,0.165855460800231,0.851446499815211,0
650,0.421751767857932,0.672652214020491,0.293267285521142,3
1075,0.690969765842452,0.362542717867832,0.584758133117602,5
1063,0.69032584790761,0.363510120190101,0.575082416580182,5
1074,0.690071903744676,0.36296035422047,0.572490713855485,5
135,0.910821599652991,0.527986490167677,0.0742451443802565,0
664,0.420334482828621,0.541189535707235,0.290816967561841,3
640,0.420646823286079,0.710518449498341,0.14199200081639,3
840,0.680775022699951,0.330079401783264,0.574176603683028,4
1204,0.685911332006739,0.359265766048383,0.583159244972206,5
1066,0.69715566649355,0.36215685158855,0.579764173549118,5
1312,0.693263594285749,0.303790618460281,0.574520481149528,6
1373,0.697912831386644,0.300166584076816,0.584164563765378,6
232,0.451979881112929,0.315825729235075,0.538188154646196,1
1196,0.687785193294837,0.355805719223667,0.579229213611823,5
1,0.375410424778238,0.528606954030693,0.17787834443152,0
947,0.686668043572398,0.333187015808494,0.577614780957701,4
348,0.446962906124536,0.56470458926633,0.0808804424712435,1
1411,0.689275222249776,0.297177095967882,0.578792056747514,6
243,0.455464876512997,0.51143189072609,0.472541760723107,1
265,0.449310633454006,0.327477346127853,0.186624561389908,1
541,0.476046760936733,0.246979189524427,0.35094229709357,2
162,0.953449570108205,0.27370881405659,0.819309569895267,0
1261,0.68513137747958,0.310401901339886,0.578026854665574,6
315,0.455653937994503,0.582086127204821,0.0938316153595224,1
89,0.349323982605711,0.851882563205436,0.895872447639704,0
460,0.478491580474656,0.411896160757169,0.284950850368477,2
669,0.418556560960133,0.706074146041647,0.353736874368042,3
1297,0.686092623639012,0.303627335668557,0.588511178512227,6
284,0.455740076524671,0.267943151248619,0.478791018086486,1
1270,0.697962894658587,0.303904120723729,0.585529310633938,6
901,0.685755677904752,0.315604841072183,0.58358562558833,4
1346,0.687753892790734,0.293319837976066,0.582709105323974,6
1194,0.689641050387446,0.361085167445086,0.576402829836305,5
1285,0.698838878614159,0.303718680711542,0.57904683755375,6
1058,0.688399062099848,0.365045863790229,0.572219128004104,5
875,0.685735846651336,0.340525612559232,0.580422519227666,4
964,0.692450178981645,0.337650413631378,0.5814304673591,4
1040,0.686909604425889,0.358881359443591,0.596054599058161,5
581,0.484886952438392,0.337174506229349,0.349542836495675,2
1178,0.694577627455333,0.362425639739812,0.577002987542439,5
378,0.455790846208111,0.633118937676773,0.422108687763102,1
25,0.570837356848642,0.471252131741494,0.0163454292342067,0
997,0.68864004904278,0.336404564403589,0.585583782849292,4
137,0.413129450520501,0.409561008214951,0.350509328534827,0
1382,0.697595853529106,0.311531999889223,0.578374824450984,6
138,0.750632172217593,0.422311794478446,0.265629466855898,0
1378,0.692079783168711,0.306213353327596,0.573170045171612,6
392,0.447892950051464,0.309050001273863,0.543921869667247,1
1144,0.691275757600585,0.365859463143465,0.586564098424847,5
690,0.418289014906623,0.276798619376496,0.218674438609742,3
713,0.419063693436328,0.416282749804668,0.261082852096297,3
722,0.416798302151729,0.647557549830526,0.334299313789234,3
557,0.485205139182508,0.551078960718587,0.301844413112849,2
47,0.561117997160181,0.677572421031073,0.665026023751125,0
807,0.419013490048237,0.700371471652761,0.283869225368835,3
834,0.692623387018037,0.338896366477215,0.579997230074181,4
694,0.421662757797167,0.559436096646823,0.369043449708261,3
490,0.482099846806377,0.595806735754013,0.0845129618654028,2
466,0.480791209239978,0.452271072147414,0.564190304442309,2
1366,0.689302814123957,0.301634179870046,0.574988269400866,6
678,0.4218708133162,0.342699326295406,0.270861666370183,3
955,0.695350971402123,0.335364509585384,0.580475214252626,4
457,0.476641061964911,0.384850896149874,0.221966473921202,2
590,0.483387294779532,0.585828565480188,0.267090492486022,2
430,0.481755131175742,0.416834082989954,0.090517091867514,2
78,0.168966197408736,0.532023936044425,0.652000015601516,0
383,0.453791409626138,0.335251720109955,0.101646153326146,1
1102,0.684874066167228,0.36470895349843,0.577309991705835,5
84,0.86757291154936,0.167056093225256,0.629249239573255,0
667,0.419263292425312,0.433785020560026,0.0863799578044564,3
163,0.495134096127003,0.399651615181938,0.899135239189491,0
1138,0.682215515977645,0.369280210261358,0.577189436942798,5
1279,0.696321671213055,0.303086744157142,0.579801221947448,6
245,0.451702133684885,0.458227240201086,0.422940196306445,1
1397,0.693670891417621,0.306256776198826,0.5878662582196,6
704,0.420204683246557,0.626070065260865,0.265139925829135,3
1043,0.686398583464204,0.362521715053846,0.578401099393391,5
651,0.416121144054923,0.366633160808124,0.392041068011895,3
1130,0.698815825635893,0.361095284299855,0.584943085731704,5
879,0.689669199186773,0.332619553863225,0.587080832612822,4
60,0.904712751507759,0.759623416233808,0.865264097461477,0
257,0.451715667671524,0.36128505943343,0.567687323852442,1
118,0.563597538042814,0.269107616040856,0.485011888900772,0
235,0.447379797368776,0.312456986238249,0.0814761991612614,1
995,0.692708460064591,0.342359732230607,0.574057287347366,4
794,0.416073625087738,0.307959098671563,0.361949798837304,3
747,0.419321390560363,0.573761318647303,0.315832920442335,3
498,0.483466058818158,0.718192140059546,0.34716785158962,2
85,0.103336981730536,0.847362620057538,0.670270283473656,0
660,0.41736382044619,0.500691698002629,0.176431622542441,3
227,0.453188750548288,0.546182884671725,0.382750004599802,1
18,0.714333383366466,0.898270145757124,0.173133239848539,0
822,0.695407795242972,0.337827959182547,0.584719201679992,4
13,0.0604597216006368,0.0570991032291204,0.104745966382325,0
422,0.481575346926693,0.556256703636609,0.413086513476446,2
314,0.446661101095378,0.537929895054549,0.319380808458664,1
553,0.480559058026411,0.273884730599821,0.335085115930997,2
1403,0.691311918382234,0.296471383154205,0.580036706924435,6
417,0.48173931962112,0.624504168354906,0.266336412820965,2
358,0.452854848143179,0.405100829852745,0.500817739823833,1
525,0.475938230876345,0.551650817343034,0.178555640112609,2
330,0.447998263232876,0.614221562468447,0.445376383792609,1
1260,0.697376241093947,0.299875289444762,0.575736927776368,6
493,0.479827069609892,0.578303210390732,0.216528016910888,2
370,0.449489218541421,0.429522033385001,0.500304540689103,1
65,0.888565048575401,0.643920541973785,0.60626226128079,0
391,0.455682319756597,0.306616262835451,0.287484966986813,1
862,0.684961578395401,0.334689867971402,0.576100206310277,4
1165,0.681876550651566,0.354660203213779,0.581522872437519,5
775,0.418938205665909,0.32878100425005,0.207690406194888,3
570,0.477923861243762,0.246536008734256,0.181114167510532,2
433,0.478840449897107,0.500467925169505,0.368204297218472,2
824,0.687357391765079,0.320919734118954,0.583655523678774,4
598,0.480054950707126,0.685904115857557,0.161429133801721,2
510,0.484468368513044,0.592773071094416,0.355838837753981,2
837,0.696090875839947,0.333864327784516,0.571893571307781,4
1352,0.691415742634504,0.304570894542694,0.576926946378972,6
990,0.697151382232616,0.336860780862443,0.593761683115445,4
624,0.423692140358035,0.412939307582565,0.434594424860552,3
461,0.483215889576823,0.439020599541254,0.196104528917931,2
30,0.364150637062266,0.19040878675878,0.593712127534673,0
122,0.0150789986364543,0.49074217188172,0.214377525961027,0
356,0.448561313662212,0.233803716907278,0.372753543849103,1
134,0.422097055707127,0.286665296182036,0.370840614428744,3
1276,0.691815936858764,0.302816925580411,0.573645785125093,6
589,0.481818426772952,0.253392720548436,0.274351907498203,2
509,0.482845614743419,0.380032455734909,0.139149922016077,2
506,0.478760812107939,0.281250949669629,0.153763559134677,2
1122,0.696700998075113,0.345259293904881,0.582352583491555,5
1294,0.686028866636406,0.295216618807921,0.574974760013803,6
211,0.493724910076708,0.848982965573668,0.727417145622894,0
1106,0.69918006512858,0.36315214674496,0.579346283343864,5
246,0.453573710476048,0.258266205270775,0.493579547223635,1
892,0.697139505671419,0.332529005819915,0.577220407109857,4
166,0.958318838616833,0.665253425715491,0.773301308741793,0
1135,0.687878677451314,0.359154685989871,0.583566129306841,5
1227,0.697141817015296,0.302153184446377,0.574452161445302,6
1390,0.686991992668827,0.308694694160843,0.57676370459329,6
428,0.482093096566387,0.259902178845368,0.353398977615871,2
537,0.477643615622073,0.450907721952535,0.241700245486572,2
446,0.475923369093798,0.350347430049442,0.519187799841166,2
969,0.696906535112913,0.334118051984053,0.572434877824214,4
427,0.477014869360719,0.498541473946534,0.377535268035717,2
1233,0.689152844030478,0.306973744748396,0.585474595856453,6
1198,0.689077785544084,0.36171037479624,0.582390812527108,5
39,0.00360546982847154,0.448288535466418,0.990273920586333,0
569,0.479279361211229,0.69985286060255,0.238754230039194,2
161,0.729722027666867,0.202555057127029,0.752767934696749,0
41,0.023264782037586,0.234857651405036,0.674493676749989,0
887,0.682793269473903,0.329858795413215,0.577534668539427,4
1200,0.69437572171191,0.366284399233156,0.583955405064696,5
1399,0.691767020407621,0.304532394371001,0.577137698083758,6
668,0.422964510594029,0.724476188491099,0.531893953983672,3
682,0.424609162008856,0.271142848953605,0.244423000910319,3
1305,0.683257690511378,0.303411397723174,0.583581694064078,6
1073,0.690374374315618,0.365153544168245,0.585756757460523,5
880,0.692273091067864,0.336513972863401,0.581048903479658,4
621,0.418957268700469,0.522686281660572,0.0927617841633037,3
452,0.479311958744656,0.258216974162497,0.487682507559657,2
675,0.416037655374967,0.702520383242518,0.150807401002385,3
340,0.447687587544788,0.302059292048216,0.10834944837261,1
476,0.482733242653776,0.308843869087286,0.1963269777596,2
1393,0.704304553726295,0.307390706666717,0.580402544599238,6
1400,0.683442458285005,0.305757830591253,0.582233733123481,6
1049,0.694569675186851,0.366612407318196,0.577674067201473,5
307,0.451119635829236,0.545681406697258,0.427121510333382,1
426,0.477671537755523,0.406567288166843,0.111715916730464,2
1098,0.683930365448227,0.364543243642505,0.573220376344747,5
772,0.42090498972917,0.660721779987216,0.141211018618196,3
1325,0.690951581620732,0.307317119841944,0.575955509099241,6
622,0.424959014195483,0.560141528327949,0.102543026045896,3
83,0.706837429199368,0.54770517279394,0.43984082271345,0
1203,0.687882190067263,0.34891703391486,0.586145007770676,5
469,0.476520463465713,0.274015712854452,0.277014952106401,2
780,0.424561135654803,0.520112285227515,0.415161087480374,3
301,0.455195862816181,0.311374766589142,0.115912252524868,1
943,0.687349784391308,0.331822812577934,0.579835247398201,4
1408,0.69692215565456,0.311387293505843,0.57867377179899,6
418,0.478272980139591,0.320725541631691,0.153708694572561,2
1078,0.687343323029954,0.356878235162121,0.582148682716931,5
216,0.448659882952925,0.715637222584337,0.2148278250359,1
360,0.451828844905831,0.54037579447031,0.0793407577555627,1
372,0.452712165743578,0.62405984099023,0.273717009881511,1
727,0.423083947587293,0.458665471361019,0.238764985767193,3
294,0.446420498325024,0.705380213516764,0.326697045657784,1
904,0.698073643464327,0.328614577149165,0.583985527724139,4
629,0.420191452892032,0.414515869994648,0.332027885899879,3
289,0.449986928554718,0.693745240871795,0.369340698421001,1
381,0.451768987469841,0.550060743535869,0.121621195063926,1
212,0.0729968678206205,0.737850688397884,0.900744630256668,0
662,0.418574407941196,0.476128500606865,0.419367142906413,3
455,0.482747084929142,0.716438051499426,0.171042562415823,2
933,0.695573339473352,0.334464189486289,0.58170853048944,4
116,0.175222715595737,0.807807064149529,0.113534010946751,0
803,0.416517155840993,0.310627359035425,0.155173136806116,3
1275,0.695190144115963,0.298665031130215,0.579301100115006,6
416,0.477164156264625,0.510901582147926,0.318228957545944,2
5,0.219555140007287,0.513119904324412,0.731339315883815,0
1009,0.698514470015902,0.336345108900313,0.5862771957712,4
1021,0.680207015745514,0.359440405947597,0.57717653871827,5
444,0.476385249800514,0.587149851792492,0.469171814923175,2
577,0.48259088962106,0.543729585898109,0.167841750150546,2
1185,0.687624190676747,0.363795916401,0.58686227465936,5
1007,0.695876462205991,0.332765468206389,0.579402074031953,4
954,0.692926467354746,0.340001641852689,0.583504800448565,4
21,0.266168664908037,0.983492924831808,0.969791061710566,0
1386,0.693835918871787,0.298092334004788,0.577351809358098,6
1286,0.701620752479009,0.308313501256088,0.576022136823994,6
249,0.452357147671282,0.689088297495619,0.0830828045262024,1
1216,0.691274754241398,0.299954899961388,0.574225151396561,6
828,0.691245202515436,0.33327966099874,0.581294733316456,4
274,0.450481690003071,0.385624469444156,0.18706792332232,1
1369,0.68588368747042,0.300528428351162,0.580703429175732,6
563,0.482066059694625,0.673065912746824,0.169259558385238,2
503,0.483838316879701,0.502726942719892,0.379474241356365,2
20,0.321686160285026,0.710004523862153,0.810127092292532,0
499,0.480243588138837,0.229927711607888,0.142482613050379,2
398,0.453281085479539,0.278064492926933,0.571132849855349,1
394,0.449332188195549,0.705018628924154,0.422583808959462,1
34,0.0409265349153429,0.0236058407463133,0.475304924882948,0
792,0.416151511522476,0.273802320542745,0.433094739518128,3
149,0.937781201675534,0.67608061269857,0.936620787950233,0
262,0.451167929889634,0.592685656459071,0.396045322832651,1
599,0.483100904636085,0.351943272585049,0.212429234827869,2
429,0.483511842510197,0.517887245467864,0.34571791831404,2
757,0.416823680847883,0.535670967260376,0.271906991675496,3
1192,0.688249113638175,0.359623256324647,0.588713988957316,5
226,0.446987359523773,0.432533398689702,0.548614646610804,1
1377,0.689233804564022,0.300300162792608,0.58766257493429,6
921,0.704612371792428,0.333250784420294,0.580262268704628,4
175,0.0773469642736018,0.148699760902673,0.255286961561069,0
210,0.521366541739553,0.0341903162188828,0.928291227901354,0
296,0.448122174453456,0.653801756747998,0.210621279617772,1
177,0.120636640582234,0.743922302033752,0.41472402936779,0
310,0.447897123422008,0.671298999059945,0.148402489093132,1
1010,0.693164636981853,0.324949823144001,0.583505466985888,4
435,0.482372388578951,0.386325812968425,0.430748966126703,2
1319,0.694418772486605,0.30134116903589,0.579155572105177,6
721,0.422444266099483,0.388972478173673,0.334903942607343,3
167,0.267845347290859,0.160249423701316,0.00935092056170106,0
73,0.0595801225863397,0.338364335242659,0.463459363440052,0
347,0.449595255891327,0.477400781773031,0.338002043729648,1
203,0.272310349857435,0.298870099242777,0.628091900609434,0
1410,0.690946304562035,0.298991565880401,0.585674812302656,6
37,0.845359071623534,0.256268843542784,0.896395113086328,0
1351,0.693312323806281,0.305122351231829,0.582757072273945,6
353,0.455540856595617,0.555837469245307,0.0868595534237102,1
1087,0.684528422714646,0.360101736324033,0.578818750361175,5
742,0.423891063616611,0.559784446214326,0.403278798284009,3
1363,0.699328226950464,0.297145239701679,0.577694140673573,6
71,0.492213330231607,0.519171613501385,0.448002147255465,0
907,0.692579635932871,0.327756261150813,0.575552243412982,4
278,0.454904765174724,0.386592179839499,0.482359667494893,1
846,0.691782108799184,0.332682051605149,0.578198532971286,4
14,0.26112488983199,0.783658195985481,0.189554649405181,0
817,0.700215625321815,0.334555717001545,0.575861306469907,4
105,0.0547695313580334,0.037120942492038,0.737127350177616,0
277,0.448204013498034,0.719764664256945,0.471173215610907,1
925,0.691801289942134,0.327064132299344,0.588723811275195,4
1235,0.684353229209586,0.304348090868,0.581675072655668,6
93,0.822113479254767,0.73012582375668,0.296527193626389,0
700,0.422600989222992,0.530430322932079,0.0972198792267591,3
1392,0.697998985450112,0.312423267151004,0.581889321890305,6
176,0.852442607982084,0.0309407676104456,0.143508390523493,0
1077,0.697142015365899,0.362115881373951,0.587388920106031,5
504,0.479751501181163,0.366250537405722,0.539982920116745,2
1101,0.693299382979042,0.368151398631081,0.57998335279416,5
425,0.483043425434735,0.48610745377373,0.393020364525728,2
1311,0.698124753408523,0.299841842548293,0.584016599250827,6
1407,0.695515918914512,0.295242328587112,0.587396914869646,6
43,0.365989608224481,0.319613206898794,0.742499630665407,0
229,0.449837185302749,0.69602062641643,0.480772251216695,1
336,0.449571415304672,0.571233457839116,0.160305867739953,1
1137,0.694155714053982,0.356933921573254,0.575786708226535,5
726,0.416608356793877,0.439698100392707,0.284099313733168,3
130,0.648566740099341,0.476409631548449,0.96918760985136,0
808,0.416750369963702,0.496885011391714,0.161441398505122,3
1016,0.685902302262953,0.370324412676502,0.588339780266382,5
1082,0.689595786237531,0.370650373214008,0.576746576659531,5
936,0.687777274354618,0.332831126659638,0.588785400987958,4
374,0.44587946824031,0.364696621149778,0.187008319841698,1
1013,0.689973865889555,0.362278226584661,0.579163302688284,5
560,0.485576998696197,0.414106840221211,0.208139192615636,2
1172,0.700423400668549,0.353931225626711,0.582802638183814,5
829,0.704278618086937,0.328150311938324,0.57895865885468,4
1127,0.694543056273599,0.369446174820336,0.588957973814575,5
1050,0.70516043881474,0.371779061363153,0.584545007972183,5
888,0.687430147423964,0.336691214460022,0.580529612630113,4
874,0.693877322648602,0.348636234553877,0.588463577743399,4
98,0.170428415527567,0.269002540968359,0.272573412628844,0
335,0.447254647996742,0.434395014378242,0.387417455972172,1
1030,0.699075984240639,0.365211594279938,0.572156974470699,5
806,0.420388943837024,0.366585804219358,0.447382425027899,3
1053,0.688866117741634,0.358224222888044,0.574465226458565,5
182,0.470138819655403,0.198365898337215,0.304773952811956,0
397,0.454714441732504,0.578527723159641,0.505729603185318,1
1404,0.689985582430267,0.304872520188368,0.574621571971235,6
1238,0.700019529382084,0.296925793896528,0.58861498764432,6
1223,0.694759156489161,0.297176295885003,0.580666627700379,6
96,0.297939973184839,0.185814759228379,0.746085203252733,0
1085,0.698482638639378,0.359422715964647,0.584262983933563,5
228,0.446525004347786,0.361939028673805,0.192939605750144,1
463,0.482210156542715,0.274109976901673,0.144328844570555,2
193,0.905222796602175,0.947195418877527,0.969085566699505,0
63,0.12762210983783,0.652945912908763,0.358747925143689,0
1308,0.697833932023688,0.294522010535233,0.575488837635268,6
915,0.694479463203424,0.3346181953718,0.578225067441,4
52,0.0725462601985782,0.7200011680834,0.72128122812137,0
811,0.419853446765337,0.344837292982265,0.465069597889669,3
407,0.449362383917905,0.653629769408144,0.547170357266441,1
1380,0.69620996557405,0.304003664155818,0.574664983879575,6
1282,0.696589032818232,0.302630171669917,0.576157680117622,6
535,0.484939163592644,0.522397769568488,0.361492965556681,2
1383,0.687531771215405,0.306465544473703,0.579308136806517,6
1094,0.687609542160194,0.363091058539716,0.581025925534564,5
192,0.410577663453296,0.888669115491211,0.728333335602656,0
1031,0.700654738571666,0.366546156803038,0.583212742759069,5
242,0.446762081605848,0.484302509529516,0.436016366654076,1
961,0.692694947187874,0.331731994137729,0.583187672269846,4
279,0.449318230347708,0.250074091204442,0.282414499041624,1
23,0.574170717038214,0.84903927333653,0.652665855828673,0
1355,0.69144386542655,0.300775167223172,0.57448631034192,6
703,0.419729934055358,0.586889496492222,0.285297802719288,3
636,0.424497139283922,0.589547972031869,0.26138565253932,3
896,0.694625619141599,0.328799534446134,0.588041772497396,4
496,0.4850584790227,0.427995201153681,0.211855804966763,2
767,0.419707493027672,0.313177272165194,0.461618374171667,3
190,0.149567765882239,0.844602637924254,0.506555386818945,0
186,0.865653176559135,0.262540014926344,0.434556560590863,0
951,0.684132285631441,0.337296615412986,0.576403096805282,4
759,0.418718753412832,0.230332940421067,0.171676243143156,3
812,0.419333703892771,0.48386412342079,0.544110271916725,3
1354,0.686294172224487,0.299582093492174,0.591843935438976,6
142,0.576103104278445,0.563291627215222,0.160407391376793,0
819,0.702227573760746,0.327770809325516,0.588139170093183,4
1036,0.689255080813837,0.362154316382907,0.582897378143919,5
1409,0.705928293000993,0.300004155815309,0.58525870738781,6
588,0.484454443480354,0.314445935608819,0.313979891198687,2
1052,0.698312781196855,0.366709270277142,0.578828051530832,5
602,0.484319095809478,0.448865030962043,0.163909373176284,2
240,0.45531049661804,0.396582402824424,0.291805137717165,1
38,0.614478070288897,0.634428678778931,0.651925821090117,0
1164,0.702675373218911,0.35786119240373,0.587627733406022,5
233,0.448474512561224,0.304576061386615,0.233787686633878,1
404,0.451133130756207,0.451497331447899,0.558250170620158,1
485,0.482796599930152,0.684044421836734,0.236929437681101,2
805,0.421903299530968,0.562241382733919,0.425602595391683,3
74,0.929898825939745,0.654138918733224,0.248673195717856,0
9,0.577610137406737,0.00751411984674633,0.8658387651667,0
1034,0.689938888799469,0.370138626247715,0.580963177243414,5
718,0.416435929490253,0.540646974998526,0.399174362956546,3
1045,0.689826047660625,0.355740560445248,0.582302035641799,5
449,0.479809447887819,0.30826991640497,0.112590715591796,2
165,0.18349124956876,0.67825481412001,0.342120700981468,0
1171,0.692440989990272,0.366244959385112,0.582258474226879,5
734,0.4212444819347,0.240631871810183,0.47999645031523,3
985,0.693253994737775,0.33047245675903,0.57915494951961,4
619,0.422474229098298,0.690416067908518,0.341636202135123,3
1245,0.701255996787486,0.309108818529934,0.582773342929982,6
236,0.453001050781459,0.407649035518989,0.392916798079386,1
850,0.686068074769496,0.3361462327239,0.590469395368733,4
143,0.567287435522303,0.230979366693646,0.439996626460925,0
1396,0.687021351700772,0.307082405203129,0.579415418508759,6
424,0.484890265080612,0.60259135121014,0.0793473586207256,2
1022,0.688832094275467,0.361185073694502,0.580318057593701,5
709,0.421895112756174,0.637548815645278,0.512951983208768,3
978,0.695385848930365,0.332206199073015,0.581574499089684,4
993,0.695596877290035,0.3231314726359,0.585503829416594,4
736,0.42324650509283,0.380625423928723,0.269223305117339,3
902,0.686151719762171,0.331807063197518,0.579051153471039,4
673,0.418219240475446,0.332166213379242,0.358171825367026,3
40,0.200877321418375,0.134995048167184,0.0916389159392565,0
1225,0.694195413243237,0.29806928154205,0.585481344306768,6
898,0.695961689830784,0.335085917245978,0.579660267207566,4
790,0.424906437927857,0.657563526369631,0.36251442048233,3
826,0.697687424575665,0.331050172289757,0.572373031172919,4
369,0.447352939411067,0.514038067380898,0.217308506555855,1
658,0.422794379298575,0.586965469480492,0.493185661686584,3
153,0.852448882069439,0.175314089981839,0.40263290447183,0
27,0.487011983990669,0.365900571458042,0.852987471967936,0
848,0.692686379591732,0.32735155617277,0.574224687415282,4
771,0.423058668323793,0.406637280201539,0.179647488589399,3
448,0.47805964095518,0.444715651054867,0.186503269546665,2
941,0.692412836794477,0.333304149509321,0.587640513255947,4
1321,0.688242329723065,0.309694517657939,0.581224583826295,6
858,0.685911903006081,0.32819199932692,0.585443365778054,4
441,0.477766899804119,0.488301248825155,0.296820419211872,2
966,0.694989594905373,0.339713322855162,0.582550113439809,4
1150,0.688377723803973,0.367006305754805,0.584781238030007,5
508,0.477703447584063,0.299563619378023,0.410640830593184,2
317,0.4472918747738,0.340093524265103,0.557934065186419,1
270,0.454089579167776,0.722142580733635,0.344651199248619,1
637,0.421368017995264,0.610472311452031,0.222359131625854,3
1060,0.690619738914448,0.358977144229485,0.570620636576324,5
321,0.454468113984913,0.683601885056123,0.573986669722945,1
413,0.479311919028405,0.256494911340997,0.179718219512142,2
708,0.420307631469332,0.539554385887459,0.118180953501724,3
322,0.451180144429673,0.437140233418904,0.438232356752269,1
1278,0.680809519512993,0.299127052890202,0.575091539612893,6
1340,0.68722615148541,0.304781233418625,0.579874980188541,6
268,0.445896860684734,0.507804396050051,0.447446825169027,1
1120,0.688919473884147,0.364473748933852,0.573039663067989,5
1324,0.695142589646415,0.298361218754649,0.581351336357226,6
72,0.861800988437608,0.893220789032057,0.427321326686069,0
238,0.446689600027166,0.522645699162968,0.399210881977342,1
1069,0.68854054282508,0.357744711798566,0.573782918988987,5
732,0.425236775316298,0.545056605082937,0.398395127337426,3
259,0.452060404720251,0.715662124054506,0.556177503732033,1
261,0.449070832298603,0.630842280294746,0.279016467230395,1
528,0.484639674848877,0.368284873384982,0.507979185972363,2
1265,0.686037980991981,0.294541758855292,0.583748122228474,6
522,0.476607067207806,0.601736742956564,0.538624831428751,2
551,0.478649383489974,0.534255258343183,0.170217074407265,2
885,0.690269399308762,0.338896779453612,0.579088481046167,4
1239,0.690413964795148,0.291858940456783,0.588099429351409,6
144,0.121413686545566,0.298760505858809,0.544027909869328,0
1316,0.685948744811937,0.29020239726167,0.576213491894244,6
965,0.690538807179545,0.332784886331298,0.582472223276428,4
786,0.418401665049605,0.314578457106836,0.0920642868848518,3
549,0.47878920389805,0.457798133906908,0.306340859690681,2
255,0.448070797913242,0.393126995372586,0.308840367547236,1
303,0.447126428885385,0.413567805034109,0.228918207646348,1
833,0.689750605517035,0.327770392203177,0.582343495205335,4
642,0.416428042892367,0.425431653345004,0.160087553388439,3
10,0.253997089806944,0.748078938107938,0.0797868624795228,0
545,0.47842537696939,0.569231842830777,0.137783310678788,2
1273,0.694403834698299,0.297982295551333,0.58480197856031,6
899,0.700073019564156,0.342718077068804,0.578426391563546,4
1014,0.693262161570006,0.353052039009686,0.583450245480957,5
107,0.0251028437633067,0.96407990786247,0.676741232629865,0
445,0.485072542317212,0.588174478220753,0.408307039248757,2
967,0.692401840808525,0.337153422606632,0.568635488803644,4
66,0.795157150365412,0.336226486135274,0.65393381845206,0
473,0.482085306660738,0.572910412750207,0.419335886556655,2
724,0.416483003450558,0.694632833776996,0.221105551882647,3
1333,0.691187909247012,0.303218410209884,0.580331956155944,6
575,0.485010754785035,0.510575059172697,0.558830437669531,2
312,0.448580030151643,0.710307365003973,0.526526126731187,1
604,0.48507490030257,0.394640013296157,0.187217344599776,2
1099,0.705110280339001,0.352614426899297,0.592111743354749,5
11,0.559328940929845,0.12493802444078,0.570273970253766,0
1323,0.687020345881033,0.307893845588014,0.57707073771827,6
1124,0.691615469622302,0.357332708925139,0.572324187616741,5
468,0.479666264876723,0.717083627893589,0.515957278967835,2
497,0.482436978749465,0.458717909129337,0.102276029833593,2
355,0.455238985167816,0.590617005433887,0.535542100621387,1
1362,0.695767972410805,0.299365368659917,0.588408808502918,6
950,0.688332080953757,0.333736715233718,0.569724468906457,4
92,0.608807974960655,0.627563972724602,0.21977396029979,0
399,0.4557090823818,0.305910118576139,0.396573129645549,1
405,0.452491359801497,0.266426291852258,0.361012079939246,1
1222,0.692310202498335,0.293557970110514,0.574017852217775,6
266,0.452939599056263,0.581654698774219,0.551409323769622,1
218,0.447643096519169,0.669582598330453,0.171906387154013,1
214,0.450885324496776,0.232219783077017,0.271198930987157,1
1310,0.692648609765285,0.29479484109912,0.578085116191583,6
139,0.897273962618783,0.34471420920454,0.252946590539068,0
454,0.485805589472875,0.321678908262402,0.410971747664735,2
128,0.194307224825025,0.0795801742933691,0.763544877059758,0
280,0.454879410851281,0.229133569821715,0.300363887520507,1
672,0.422884437388275,0.332597690937109,0.117067608120851,3
585,0.481576198074035,0.321032472839579,0.266015348793007,2
897,0.695393802260322,0.327568892494923,0.589695847614096,4
855,0.69797757967101,0.336642255107905,0.592123184961432,4
359,0.454155815292616,0.278655230253935,0.189287684112787,1
68,0.36489191907458,0.930253853322938,0.270234422758222,0
1173,0.688699203399469,0.365335343527771,0.577879747052111,5
1025,0.702184690841536,0.360612122266824,0.594372762042116,5
909,0.685495635567502,0.330613694621805,0.580432664273937,4
917,0.697823198178342,0.331679592997914,0.578275549611359,4
676,0.421890145256184,0.45728526271414,0.553615732770413,3
326,0.455397680629976,0.419698003749363,0.161804603366181,1
1188,0.693657294375102,0.372337622586689,0.581767134493877,5
194,0.0654690400697291,0.105510424589738,0.356213251128793,0
436,0.484745868011378,0.641833840124309,0.245175569155254,2
148,0.0922560621984303,0.92382219969295,0.155936630675569,0
132,0.569287785561755,0.348615269875154,0.567253101617098,0
751,0.421643786106724,0.585957543295808,0.0919234528671951,3
302,0.453536518381443,0.612149866484106,0.522157959477045,1
234,0.447079275860451,0.723837428563274,0.12770425255876,1
421,0.48053063142579,0.520903026987799,0.173567695380189,2
698,0.416660764289554,0.655944965034723,0.181378488964401,3
341,0.455122904141899,0.48646785907913,0.238069876632653,1
450,0.48055602763081,0.470293748844415,0.0986583032179624,2
258,0.45127261988353,0.451218989980407,0.513874312350526,1
516,0.479674621124286,0.488253276632167,0.498475635610521,2
1095,0.68940057582792,0.364229323523184,0.578727728591012,5
1289,0.689874620068334,0.310364096255661,0.582182586145909,6
1283,0.697379628359634,0.298900258538681,0.573081965451682,6
1020,0.702001548970027,0.359377440017991,0.577118559245877,5
1174,0.694396561718308,0.35864174800153,0.583965671146912,5
481,0.483940056592692,0.421153442654759,0.190681630815379,2
100,0.886179788503796,0.112974968273193,0.239914045669138,0
1158,0.695464733782002,0.360788386491018,0.57862577360671,5
386,0.450164370753337,0.292137363995425,0.525046294508502,1
77,0.495284004835412,0.337622180581093,0.776095131644979,0
1401,0.694918576853301,0.294452487115999,0.583673429336528,6
584,0.482753444048576,0.599337094766088,0.426127410447225,2
797,0.419200590352994,0.622634736192413,0.108566343039274,3
293,0.45506520554889,0.456329073244706,0.342886540992186,1
1097,0.682050372161868,0.362459900436526,0.572368131312148,5
1257,0.689536691185515,0.299298605498915,0.586462158135452,6
566,0.480614689670038,0.61391781126149,0.150243126624264,2
1061,0.696359786977592,0.356191184992098,0.581331784805748,5
628,0.421010101223365,0.278719654725865,0.0812522446038202,3
443,0.478810567581095,0.286132654128596,0.506470792996697,2
1301,0.693106716290968,0.302133494547345,0.580520096013416,6
