1095,0.622973803573704,0.769865395305726,0.44290703238132,5
1340,0.614996853543827,0.710363853270599,0.429670585819387,6
1016,0.618099693459232,0.764826907327811,0.448882112806671,5
4,0.27417895081453,0.954192444914952,0.978379064239562,0
937,0.623467955062529,0.744826090471433,0.438459345341302,4
14,0.423258665949106,0.388418190181255,0.479410969419405,0
500,0.615473559817765,0.220174611243419,0.659629757492803,2
1032,0.618116286657312,0.769102911952205,0.44623985942281,5
340,0.587551999697462,0.22899923035875,0.584005832881667,1
398,0.590508946706541,0.431583215645514,0.935214062663727,1
601,0.61525722322287,0.376939819357358,0.885240419278853,2
1061,0.630359196528071,0.769982574830459,0.440188025069743,5
56,0.109134075930342,0.386760316090658,0.645433319034055,0
797,0.554011291794013,0.418211682396941,0.953429631632753,3
572,0.615591319720261,0.369616126804613,0.537817370356061,2
686,0.557971242207568,0.305601265910082,0.726336674392223,3
1121,0.621235608238296,0.773004513456983,0.435579666532034,5
67,0.876155638601631,0.0289315467234701,0.486281530698761,0
274,0.592059007838834,0.482551818992943,0.575586302415468,1
693,0.559833991231863,0.379949688259512,0.961964777647518,3
1223,0.610258662041137,0.70396016680206,0.436300109326943,6
659,0.563485282093752,0.402997257001698,0.692540799826384,3
172,0.964996002148837,0.94089117879048,0.185574013506994,0
178,0.345397225115448,0.30524642765522,0.773986449465156,0
1352,0.629390779941054,0.712015118745918,0.443641541790051,6
641,0.558224575805944,0.490018964675255,0.880548693798483,3
971,0.627305233266139,0.747954793033954,0.448032931892951,4
1410,0.61550375487228,0.717382410380522,0.434825259926493,6
346,0.585616145627573,0.302287067216821,0.885669834073633,1
879,0.624222738011435,0.753402990383944,0.446729502743591,4
204,0.0623006392270327,0.337982950964943,0.474942495580763,0
821,0.611460065448721,0.737000186006477,0.442014008474227,4
576,0.622105975328013,0.089923385810107,0.629696988244541,2
1017,0.618386080789479,0.771412202765344,0.446107559562674,5
292,0.586603112244047,0.354862332623452,0.710936975991354,1
515,0.619030420132913,0.454197231843136,0.508373842434958,2
1222,0.618728986010307,0.71438057320977,0.437614962340192,6
1395,0.620001056960151,0.698300782377602,0.448284235465054,6
411,0.586243368238211,0.286032488616183,0.863610808947124,1
412,0.587361625616904,0.183241567388177,0.720988329593092,1
1318,0.62265207713576,0.710907585074829,0.452410914666769,6
1333,0.625413889502155,0.710614750705888,0.451139286189455,6
610,0.619998779962771,0.245093407155946,0.532602963014506,2
1288,0.625064834932921,0.704301575929583,0.435397449004588,6
618,0.558904001594056,0.224222428328358,0.771551902382635,3
941,0.624428313964014,0.729864749155287,0.437362222422303,4
444,0.614045658325777,0.0419136139564216,0.650819512992166,2
494,0.614258128907532,0.257208054815419,0.507127777882852,2
247,0.587838900445495,0.186048299819231,0.654566628485918,1
780,0.557327703267802,0.0303232589969412,0.50551058256533,3
1044,0.618270299083021,0.771716155086023,0.43446385082791,5
305,0.58579121124465,0.111293505807407,0.850908595579676,1
1011,0.629577250010086,0.751505815432746,0.443212294673407,4
438,0.620094669181854,0.49285632527899,0.752304711472243,2
700,0.559632317884825,0.351977715780959,0.84800812646281,3
694,0.555937539555598,0.165065138880163,0.545280000171624,3
683,0.562036858433858,0.055322583229281,0.500984572782181,3
765,0.55414822193794,0.449400849221274,0.876570172817446,3
86,0.513818939914927,0.62677330779843,0.937915170798078,0
1390,0.624079944666626,0.716253299160553,0.44070458540533,6
682,0.561030133464374,0.443159412406385,0.598067145654932,3
230,0.593149526184425,0.122305734246038,0.826889809197746,1
281,0.584372585497331,0.0210579857695848,0.979354783985764,1
615,0.560549322911538,0.156209801486693,0.741470220708288,3
1071,0.62481867165911,0.772005248005496,0.43713411352607,5
883,0.619583109890034,0.745679490216922,0.445697802963265,4
888,0.62353725233584,0.735385363794212,0.447431228490255,4
483,0.622020308789797,0.113093131966889,0.918875795416534,2
212,0.311539664166048,0.44063193933107,0.145926606841385,0
627,0.560065213970374,0.479869396938011,0.58330610205885,3
1158,0.623894130947737,0.76966447108638,0.447081822866185,5
163,0.182170289568603,0.104498171946034,0.888012858806178,0
148,0.359692545840517,0.290399265475571,0.444860907969996,0
1411,0.618575485775388,0.715346785293508,0.440181206563529,6
226,0.587314654279035,0.362874087807722,0.637922925502062,1
792,0.555167728818487,0.184024330158718,0.581869291700423,3
1202,0.619867592099726,0.779120429849746,0.435152510467731,5
770,0.561521710494999,0.448618849553168,0.822143074101769,3
1040,0.626273907992627,0.77271304102519,0.437149362442715,5
313,0.593080687166657,0.229136870522052,0.684492948791012,1
1054,0.631841342942909,0.772555444948356,0.433322824333224,5
737,0.560764293242246,0.406285729655065,0.942602063738741,3
299,0.585404947786592,0.351885908911936,0.768700339342468,1
803,0.563440118555445,0.104373184079304,0.881038215570152,3
1412,0.624738419271387,0.714964967509785,0.443872336935995,6
309,0.59262681435328,0.330301680299453,0.628008407051675,1
928,0.618460216378722,0.745686982947379,0.444772378802528,4
1306,0.619878754199293,0.717906847390287,0.445875530268878,6
1403,0.622638025007914,0.718980744848033,0.440882989512739,6
841,0.622813057984389,0.750580286982763,0.449182661717229,4
387,0.592820615284145,0.416927531640977,0.770330301346257,1
531,0.61452807830181,0.410390822845511,0.756535426573828,2
536,0.617068963146303,0.449753425014205,0.691576144867577,2
811,0.560966663460713,0.335225322912447,0.737510964251124,3
209,0.847496456699446,0.803432067623362,0.277347832685336,0
827,0.619109887247096,0.740968311937295,0.444861460795359,4
2,0.431758671766147,0.0947754553053528,0.34408313035965,0
612,0.616778509002179,0.494375408324413,0.555454058782198,2
66,0.51120790746063,0.0301672127097845,0.0396803782787174,0
277,0.59250156520633,0.330342887365259,0.658534995722585,1
1067,0.611747699080981,0.775615632886466,0.442501781422702,5
20,0.903509558644146,0.220737798837945,0.392555482918397,0
415,0.617952749084216,0.0737979646539316,0.908527096826583,2
584,0.62194442081498,0.133981556096114,0.788356968061999,2
1063,0.61960122114951,0.783474203603847,0.441476515765427,5
1305,0.621668140405422,0.701326543300519,0.440780647981794,6
907,0.625999704360606,0.740647411675095,0.447964821336355,4
1176,0.62644847478076,0.772065018218601,0.446628998521276,5
188,0.577929781749845,0.285286912694573,0.535995343467221,0
206,0.697370873298496,0.3803151154425,0.943925228668377,0
219,0.590799853296485,0.17898052749224,0.592629748722538,1
761,0.56286953673698,0.089475975651294,0.721696253144182,3
75,0.91863548499532,0.156754760071635,0.707265983335674,0
42,0.147364791948348,0.969094806117937,0.631671251263469,0
892,0.61912730085995,0.739807413407628,0.432543832584025,4
950,0.623267638824425,0.745367051515259,0.441165598667785,4
149,0.947552806232125,0.783429160248488,0.233061973936856,0
775,0.558054865028244,0.0558347026119009,0.983220486296341,3
948,0.620315853490086,0.744768421112958,0.438127693668998,4
1171,0.618976381274718,0.771361337195226,0.440305260468945,5
1226,0.626396138502602,0.706586912386037,0.4386450066621,6
1173,0.623535894859072,0.784034515194859,0.453426390416697,5
261,0.586766497229692,0.14052362779621,0.806125265057199,1
1051,0.619538705269153,0.773409282747413,0.443646817456282,5
456,0.617048396426253,0.391962751676328,0.511378890811466,2
735,0.557319795170333,0.455117917899042,0.54502345956862,3
1286,0.619777022023338,0.72492335281518,0.440373437791245,6
257,0.590508782782126,0.0816706897923723,0.988579252944328,1
208,0.321362152462825,0.246746515622362,0.705665630986914,0
13,0.66544814617373,0.872060834662989,0.446059509646147,0
1358,0.622038017628488,0.7163330679598,0.441175565549099,6
71,0.486098210560158,0.123960565775633,0.191665624035522,0
636,0.562925681518391,0.467010941635817,0.531043486762792,3
527,0.622140041268431,0.205164029775187,0.623194610327482,2
1159,0.624927527383252,0.771092968599904,0.443477214286777,5
1210,0.621740052516661,0.773937176946879,0.433740759974336,5
1348,0.623202455452916,0.716843532650859,0.447888999658117,6
390,0.585688116042875,0.266459293593653,0.558577104331926,1
1110,0.619537742693166,0.766862857362161,0.449714602361189,5
338,0.587575893844478,0.129657711996697,0.906911537493579,1
972,0.623633498735168,0.744403712074185,0.436907854460041,4
375,0.591603494945448,0.407809129264206,0.823897095024586,1
989,0.626557037908218,0.75109632328476,0.444474576494331,4
95,0.0207476082723588,0.0950399821158499,0.770432073157281,0
772,0.562772167043295,0.265572981373407,0.515738218184561,3
1031,0.625063478330796,0.765173827809023,0.438340088468101,5
306,0.587508387714624,0.265818625502288,0.76307979375124,1
1404,0.616627953476172,0.718623634147172,0.43947732040786,6
342,0.584970679054968,0.481738987076096,0.898997359536588,1
929,0.61912686447779,0.736489366312932,0.445753549377659,4
1246,0.622472178690228,0.710193381734298,0.437869333288933,6
457,0.620607677837834,0.200212965067476,0.507625932781957,2
554,0.614491772549227,0.445721065439284,0.520374082005583,2
271,0.586617840148974,0.187598198698834,0.646648940374144,1
170,0.39166466658935,0.437102205120027,0.805312200915068,0
242,0.591316294462886,0.174698784993961,0.845734876906499,1
526,0.618450675958302,0.192774600512348,0.562673630286008,2
362,0.590475610245485,0.214429801260121,0.524375984072685,1
1058,0.621717985492688,0.771812662966774,0.457764021721676,5
1284,0.62097734139429,0.706752251987195,0.454068648807314,6
896,0.627019773842914,0.750431984349923,0.447759577300381,4
1077,0.630982751202641,0.774872487832341,0.450476949893939,5
1296,0.629240868835962,0.713092227432903,0.442628045920036,6
743,0.559423178022262,0.328613370936364,0.843143722601235,3
432,0.621379716126248,0.160636465926655,0.933032475970686,2
82,0.901722039561719,0.310253140516579,0.517671629087999,0
1265,0.622178182546375,0.710628959851988,0.442634836882646,6
89,0.709186491556466,0.651242344407365,0.505681402748451,0
406,0.585200320109725,0.108511164248921,0.788120287796483,1
858,0.630770833002908,0.747130437929182,0.444527451251463,4
1272,0.619725435812423,0.709160878557404,0.442061094847085,6
9,0.951431247871369,0.704932027962059,0.801837913226336,0
403,0.593524824434426,0.0609411512734369,0.858767307340168,1
119,0.642970773857087,0.63990623364225,0.676615939708427,0
1093,0.631325892705403,0.77473789908328,0.435761224393912,5
1363,0.618946433879995,0.715796521434759,0.444776996204219,6
994,0.621450493511616,0.750514874901393,0.449867167400787,4
1367,0.631554363932895,0.714203984765511,0.441347759098156,6
708,0.561960033942014,0.0257561586797238,0.648620632686652,3
917,0.629604184570797,0.739228522976095,0.442615444330476,4
344,0.592771242435556,-0.00231429138220846,0.672648015758023,1
314,0.587708018422127,0.00138111987616868,0.728817787929438,1
645,0.5545907290373,0.040816555544734,0.91992354914546,3
322,0.587808772013523,0.125811664550565,0.625818235659972,1
102,0.684953810879961,0.350948242237791,0.0802721355576068,0
631,0.562757632478606,0.143252309109084,0.682657320145518,3
616,0.557937633655965,0.151103881350718,0.511236102879048,3
1293,0.618818005389985,0.713492952493402,0.44294519133211,6
850,0.624289665566314,0.739696289898333,0.439170966782844,4
356,0.587435573330149,0.484800723893568,0.702416308084503,1
1268,0.622815939010246,0.710762326587052,0.450070544994217,6
35,0.958261557854712,0.156551548046991,0.580161063466221,0
703,0.554262931244448,0.320134980184957,0.628696555132046,3
769,0.554682701055426,0.189601765759289,0.505970030883327,3
1260,0.617369944699388,0.7142323084281,0.446888898362283,6
1033,0.616723812518861,0.768682253997329,0.455005501156179,5
602,0.623264187651221,0.198742734547704,0.912539760791697,2
84,0.606248085852712,0.0696502602659166,0.246662795078009,0
65,0.690420625265688,0.986300175078213,0.185859872493893,0
92,0.654978787060827,0.344267204403877,0.52630334161222,0
816,0.630183879979325,0.748132728213899,0.443839973337786,4
1074,0.625443880338835,0.763503238578266,0.43639790479755,5
647,0.555480589703657,0.493005991261452,0.756150152394548,3
699,0.556694892982487,0.330853255861439,0.54880306518171,3
620,0.562375847040676,0.379751179064624,0.548809315287508,3
1300,0.625464071724695,0.716405679243588,0.440243049106979,6
104,0.502750638406724,0.824136418290436,0.703569043427706,0
687,0.554304195339791,0.23191496594809,0.976629359158687,3
1344,0.61556793277835,0.714754031195878,0.443335129899231,6
388,0.585198608350474,0.290226670377888,0.751488716551103,1
325,0.590409058106598,0.203968662116677,0.817132554459386,1
1399,0.622846205970436,0.711860115756885,0.444584876308696,6
258,0.588513216627762,0.221582636283711,0.543412873730995,1
1179,0.614225091478343,0.77235939031091,0.444883122961513,5
490,0.618965420781169,0.0946921766037122,0.956374972919002,2
1228,0.620639198706636,0.70970704524055,0.442720083351229,6
1153,0.613505627163692,0.774085666638316,0.440901058875283,5
1047,0.631423762218863,0.778350636277608,0.436698640350251,5
31,0.582550968509167,0.696600880241022,0.411602210020646,0
667,0.55466816123575,0.314178951480426,0.63593999654986,3
194,0.537049960810691,0.394407336367294,0.223222753731534,0
1218,0.621400969105594,0.715788597004106,0.444836736655082,6
538,0.622953382141423,0.20505251751747,0.567781998752616,2
383,0.588607713123784,0.289611150324345,0.56234705678653,1
698,0.559048103597015,0.207782410713844,0.830485668941401,3
1123,0.616830348671718,0.767788022577839,0.437462430204373,5
319,0.586718079138082,0.361591541254893,1.00069529281463,1
524,0.61841604037676,0.238594820071012,0.634131498262286,2
927,0.617757172551393,0.747290052320626,0.442221518309243,4
721,0.560412725966889,0.131408189004287,0.949807490548119,3
397,0.583643164436799,0.0903141925111413,0.658971653878689,1
251,0.591532832833473,0.392469839937985,0.556062102643773,1
1303,0.61576715333675,0.71159172369751,0.445673953645985,6
464,0.619191047153436,0.100478024501354,0.739114291709848,2
752,0.558817556956783,0.311535431584343,0.634818337019533,3
1371,0.622729940733879,0.71980624182726,0.44497702471987,6
1245,0.624498002202926,0.708741254557478,0.446920988990704,6
732,0.554720564130694,0.461816927813925,0.640859031444416,3
60,0.249945009825751,0.435155287384987,0.179056172491983,0
1351,0.620240366015428,0.702633158919029,0.438934525782675,6
651,0.562532446121331,0.428017050074413,0.733154530264437,3
267,0.583853281291667,0.40002542831935,0.956770587689243,1
23,0.936439964920282,0.303158921655267,0.72142868465744,0
931,0.626661770261209,0.740712696162568,0.445133923905815,4
135,0.726556119741872,0.335484719602391,0.0188373890705407,0
530,0.620826873164624,0.290164118562825,0.781799401598983,2
1297,0.63178644303376,0.71220748699514,0.436276991483463,6
546,0.620603465910535,0.379743650951423,0.576642962382175,2
1108,0.625961248474133,0.762666337153075,0.44155279017987,5
511,0.61550989087671,0.466721384366974,0.842266626399942,2
767,0.563009083978832,0.4606862942921,0.60981009141542,3
711,0.562806799793616,0.339384240028448,0.916557731316425,3
1020,0.619202374526785,0.77265685540711,0.443747452252512,5
1128,0.628417405757027,0.777449678137479,0.447211634034909,5
1323,0.623602952217007,0.724658423103558,0.446871568577093,6
750,0.562680495360401,0.245295684132725,0.609227733430453,3
986,0.626010707015219,0.73467577919286,0.447171590763779,4
1043,0.627838457864398,0.770207150460779,0.439940619042625,5
679,0.556251871059649,0.157307146396488,0.896216380503029,3
865,0.623313484928569,0.746366095605328,0.442033478966375,4
341,0.588689269013703,0.094553957390599,0.793130843178369,1
555,0.620128887095489,0.110524144303054,0.840169754903764,2
399,0.584914080237504,0.193055210099556,0.823027513665147,1
561,0.622222049073316,0.34084410131909,0.898781054629944,2
49,0.316430643666536,0.731053812196478,0.846221403451636,0
1249,0.620330563240603,0.711265004962983,0.439394777422016,6
1132,0.625413532226253,0.773555875837226,0.441858126300203,5
1326,0.622491483672014,0.716389537090185,0.435054229543262,6
719,0.556927127488889,0.195849218103103,0.821724898740649,3
982,0.622962811667171,0.736398933931866,0.446512981750657,4
301,0.58397820409853,0.146453812299296,0.839717584289611,1
156,0.326371630188078,0.958031045272946,0.893693623133004,0
220,0.585763285246212,0.17844776767306,0.542471240367741,1
74,0.756027244729921,0.511675355024636,0.282643465558067,0
1174,0.617862751474673,0.781557655147646,0.434007251263257,5
1125,0.627672259753724,0.7636442103509,0.437735802450037,5
416,0.614163546385244,0.193784297490492,0.779737575771287,2
766,0.556048027174547,0.438432463724166,0.89772451701574,3
953,0.617467505701227,0.74049531364039,0.444121622952917,4
282,0.587060609080363,0.351160192443058,0.998669714876451,1
590,0.618182213837281,0.194186984142289,0.985653839050792,2
720,0.553902586407494,0.230163364834152,0.740209240326658,3
728,0.562434666790068,0.00148107686545701,0.908579330286011,3
211,0.591302666813135,0.398051174357533,0.916706982767209,1
733,0.558554665083066,0.0242883296916261,0.628147433605045,3
83,0.628913183929399,0.780233911238611,0.331346006365493,0
837,0.625355593159803,0.748941072590121,0.440191306061932,4
1236,0.614860020117329,0.715676566770398,0.45180137406212,6
441,0.621652429716196,0.0506967331049964,0.674670779122971,2
724,0.557348268178757,0.374144932767376,0.939403962669894,3
180,0.128360778558999,0.333440088201314,0.472174465190619,0
1325,0.620940083581767,0.708058832206622,0.451892269610649,6
39,0.174748070538044,0.383110304828733,0.18729090387933,0
1289,0.615122472140764,0.712181601005217,0.448042473215912,6
570,0.62137086835457,0.48234234044794,0.76419559083879,2
252,0.591262033639941,0.364354745531455,0.713054848462343,1
1139,0.615416469001591,0.770228884630151,0.437419388485942,5
302,0.592882560619619,0.0926944036502391,0.664142999425531,1
53,0.0881524793803692,0.0216229534707963,0.0379412067122757,0
480,0.618663190519437,0.343021646537818,0.535735681396909,2
159,0.273102588718757,0.257200882071629,0.889945442788303,0
177,0.216962259961292,0.774749012198299,0.508742047473788,0
1122,0.624440699409193,0.776117452804324,0.440059213064941,5
358,0.593256098297425,0.110933651262894,0.532646663929336,1
1064,0.621392354452904,0.770986330639085,0.437192361080442,5
140,0.117290623718873,0.232680266955867,0.888633103575557,0
414,0.619643304361962,0.394765746127814,0.764935953519307,2
465,0.615350852392148,0.043571970006451,0.602195888734423,2
1102,0.622722034607743,0.771453897865471,0.436763330697317,5
1354,0.632500086758257,0.715313763554625,0.445288717359928,6
70,0.535620538517833,0.958481225185096,0.381668065208942,0
147,0.1364658952225,0.464138956042007,0.911570754833519,0
372,0.587124793929979,0.348833189508878,0.693355388683267,1
1313,0.613287327054199,0.71478111488891,0.442942020501381,6
912,0.627794413389613,0.743537754591352,0.441331531446693,4
518,0.616902672983706,0.156615210394375,0.907147698779591,2
227,0.58500770525774,0.140018672845326,0.909235775913112,1
1294,0.626466540346008,0.710101990681879,0.444305249726516,6
40,0.755123741924763,0.921960295876488,0.744510496035218,0
507,0.616263046115637,0.15968845509924,0.569775007641874,2
407,0.588103185403161,0.480941045726649,0.946870725695044,1
764,0.559344887235202,0.31325450357981,0.880692673125304,3
1364,0.624048701946676,0.720856373326579,0.441684653772948,6
716,0.556542773356196,0.172292588092387,0.698927745898254,3
1233,0.620525070034873,0.714716902494971,0.441379053210695,6
181,0.755674959626049,0.426595516502857,0.121965640224516,0
430,0.618950802672189,0.390485418774188,0.915909107984044,2
785,0.559326416736003,0.332119764341041,0.673439877200872,3
1408,0.627794506554618,0.702021699632733,0.449228087241848,6
1324,0.61975115157353,0.705807887528758,0.444146200238249,6
996,0.618959968770702,0.750841847904976,0.442034542263028,4
690,0.563140656179749,0.171225541899912,0.619841145793907,3
124,0.679120251676068,0.0832097341772169,0.0421440335921943,0
704,0.560453717682976,0.168558324733749,0.515430219797418,3
371,0.58424701392185,0.300608669337817,0.938272292120382,1
364,0.586171572259627,0.0371486337855458,0.890391600411385,1
260,0.586100818405394,0.0369965711608529,0.609813707740978,1
1339,0.616413957471288,0.705905136469211,0.440775398335454,6
688,0.554638125584461,0.481651046127081,0.531038605002687,3
729,0.556321401724126,0.397446215315722,0.997295067738742,3
913,0.629877973996541,0.743424690385138,0.438580083170397,4
789,0.562451069913805,0.385324541991577,0.882330655795522,3
176,0.613752174191177,0.759640140226111,0.641043511219323,0
864,0.625408481702149,0.74581187698902,0.449367899373383,4
840,0.625860873326106,0.734574944320326,0.442259959612931,4
145,0.860585536574945,0.0644676855299622,0.136437252163887,0
1378,0.615774845485745,0.71855985883432,0.450848711905227,6
496,0.616234883500729,0.345508093060926,0.800989492773079,2
360,0.592852701290976,0.422677472280338,0.518583279661834,1
684,0.559043346357066,0.445487092528492,0.902411982626654,3
1298,0.622363015384173,0.71406722786326,0.444046514274409,6
134,0.575756853679195,0.904875407926738,0.00380443432368338,0
1144,0.624231746427568,0.774599011354564,0.449308174441793,5
1029,0.628384792729785,0.76848764287848,0.443577717774487,5
1331,0.622690749383022,0.713593656915826,0.446300975626289,6
924,0.621746103010332,0.749671183215839,0.441522611434622,4
433,0.622008868760895,0.233222865895368,0.739015848818235,2
1098,0.626611535655961,0.774557297063089,0.437516999203271,5
429,0.619644132812973,0.177282561478205,0.91106537214946,2
1190,0.622604231330193,0.771436384610384,0.433376026866088,5
253,0.587852673197631,0.0449398702941835,0.832442206307314,1
921,0.618484705804255,0.746041728231076,0.444202123572167,4
1308,0.621165250333314,0.716716593388244,0.449031081068431,6
38,0.084121075225994,0.0750362942926586,0.481055765645579,0
819,0.622980903091074,0.74311161626796,0.432476761875458,4
265,0.592496572015807,0.387006980646402,0.609952149540186,1
1082,0.622090312097651,0.77732818793684,0.441140013713263,5
626,0.554014311635401,0.219425745704211,0.628434028918855,3
951,0.624262977752576,0.745988444477767,0.45106827439667,4
922,0.614918011459001,0.745961777207912,0.446272567395203,4
1406,0.621571525127047,0.719497221134219,0.442297936338251,6
637,0.561815689643845,0.248313133302145,0.559573753830046,3
613,0.557310218221974,0.105416465131566,0.7829033219954,3
1402,0.622555956362304,0.712170436542761,0.442022029117625,6
81,0.772262898506597,0.435382002731785,0.795056167058647,0
842,0.619098100305276,0.740540429587335,0.446845098141692,4
756,0.553887908745091,0.159735981188715,0.525954957446084,3
420,0.620313548734412,0.402020055497997,0.57806157306768,2
459,0.617199621582404,0.0803114866605029,0.838763945130631,2
630,0.558750251671299,0.335142199113034,0.54612005581148,3
608,0.620114808033686,0.0469177382066846,0.931197683420032,2
1026,0.624530489721086,0.767601507519751,0.447372812230426,5
599,0.614824638664722,0.359133302746341,0.561598908016458,2
1007,0.625540469633467,0.736826706199573,0.441255432453803,4
367,0.591615869288799,0.438477420411073,0.649226236599498,1
17,0.328570077195764,0.598092986969277,0.901354422559962,0
61,0.251883530523628,0.85486711259,0.710398461669683,0
710,0.555559089987073,0.253276833496057,0.774902546172962,3
1376,0.621311728046713,0.716786435526117,0.433586560599348,6
202,0.260354622500017,0.539011158747599,0.0551148056983948,0
1028,0.617324239405454,0.755481666707752,0.436579628344026,5
158,0.0578587180934846,0.572252359939739,0.136928660562262,0
825,0.621719188887188,0.750919528889278,0.447931305240276,4
315,0.590211663357914,0.30359893925488,0.56382800869178,1
1186,0.618774458774952,0.765829118327761,0.447077828770112,5
268,0.593364738267847,0.193419539532624,0.659919871576131,1
474,0.614139251313172,0.221231524180621,0.687991370889358,2
1343,0.625713196502053,0.714529101030803,0.443534521934471,6
805,0.559427970300894,0.182327415375039,0.800151085690595,3
823,0.61469657700904,0.743307575885319,0.451847984057883,4
167,0.0141118529718369,0.800886237761006,0.325359268812463,0
171,0.654974676901475,0.649259927216917,0.568690288811922,0
557,0.617616336112842,0.452529145451263,0.548684607818723,2
1350,0.621992902929762,0.709609709273857,0.439686483035371,6
887,0.617792308344327,0.733435720097503,0.447333487512693,4
139,0.283224155195057,0.813096788944677,0.0832119297701865,0
609,0.617072487832047,0.484459063434042,0.580671165580861,2
263,0.586846666836646,0.268182017887011,0.870653617405333,1
718,0.557098807580769,0.322275158180855,0.895887520373799,3
43,0.520844038110226,0.291530596325174,0.393842294346541,0
46,0.238432008307427,0.793446392985061,0.330470460467041,0
1285,0.629100640299912,0.716640531241803,0.444158944767099,6
541,0.617266522634309,0.159491205285303,0.831702941656113,2
1205,0.617780193704283,0.778856511209082,0.441444695902571,5
1015,0.623809002083717,0.777049422934179,0.436257958907446,5
1073,0.613963744520741,0.774798980720476,0.442376056183978,5
1385,0.62229678658899,0.714849539385331,0.443558678129679,6
652,0.556797740673646,0.166380398138426,0.809925681655295,3
726,0.562327582393773,0.413329458027147,0.827520575933159,3
1010,0.629127456629263,0.751179277977936,0.437854479994648,4
57,0.0727560694795102,0.363970655249432,0.761467491742224,0
54,0.695548834046349,0.918832267634571,0.0312644655350596,0
308,0.587391972979531,0.345594328641891,0.810316823981702,1
1112,0.623035483851091,0.772967068743556,0.449432590153471,5
945,0.620784443987576,0.739016310192584,0.43091250692458,4
1279,0.622031610681814,0.72208204555384,0.442357282812006,6
908,0.620638785582465,0.741247507732114,0.444441630266394,4
105,0.00822358322329819,0.502082555554807,0.776680225506425,0
235,0.589326513356064,0.382126525556669,0.744806678127498,1
189,0.186447132145986,0.430599994026124,0.014231517445296,0
967,0.618446114066036,0.741931023508589,0.448845147267924,4
574,0.615928609394468,0.291871257871389,0.830832419195213,2
855,0.618014369435905,0.752356596115927,0.448165007802958,4
559,0.614221696271561,0.338921977719292,0.697011979506351,2
1055,0.627313463174115,0.767777799781675,0.438270431716998,5
201,0.370326155330986,0.760025261435658,0.538210715865716,0
24,0.00511911790817976,0.616296848049387,0.219850241439417,0
354,0.588823334877379,-0.00310212532058357,0.596307518170215,1
1315,0.612723707221196,0.712220651014541,0.431482109631273,6
876,0.630698740799871,0.747297974783851,0.446240700239478,4
705,0.554826340277214,0.176137635181658,0.892416334454902,3
1129,0.619221842667824,0.775399550561707,0.437337484626432,5
1207,0.6174004355387,0.780445744295591,0.436756966878041,5
405,0.593143483768217,0.0851753793423995,0.886815055599436,1
614,0.556264878923539,0.0373835722450167,0.788782408903353,3
644,0.559917529916857,0.315158958826214,0.899949396122247,3
1267,0.62469034552507,0.720595724321276,0.44720997522841,6
15,0.204385891091079,0.966935350326821,0.349387685302645,0
560,0.619291458784137,0.340791227691807,0.778217656863853,2
795,0.557514352384023,0.171187154296786,0.73995119528845,3
847,0.620693678950491,0.7376326251236,0.428044031347268,4
968,0.620059683534027,0.745281183650607,0.438897033452878,4
516,0.617913473178633,0.438897616509348,0.704814409115352,2
1304,0.620277171010996,0.723562198157139,0.437789396935065,6
691,0.562450251611881,0.413657361688092,0.863038769667037,3
543,0.619741510681342,0.14859107688535,0.902189356368035,2
117,0.314477764070034,0.0538709938991815,0.701250049751252,0
1311,0.619534119436942,0.717581988435544,0.4397016258744,6
1243,0.628472998771369,0.705012881143414,0.441050269788715,6
408,0.586286791756284,0.31799993889872,0.931154670752585,1
831,0.634222921328605,0.736120940429805,0.444967905052932,4
470,0.616074269190431,0.387804144457914,0.580210223421455,2
59,0.108687973581254,0.678031326737255,0.119341179262847,0
916,0.623477293977325,0.748372114898263,0.438471396259619,4
166,0.0758309657685459,0.728533504996449,0.901833658805117,0
983,0.619620326203631,0.746683293431902,0.440060165005886,4
142,0.207524755503982,0.0180954292882234,0.0847212006337941,0
1115,0.621947801844099,0.770932510932907,0.437891032315577,5
598,0.617458511800505,0.207194237783551,0.761173600773327,2
1049,0.627096409300523,0.778837292929506,0.44226819704987,5
1069,0.622876930902777,0.773963021664237,0.444971479244689,5
366,0.590066909429152,0.336475178762339,0.565793560212478,1
623,0.557544945492409,0.390407082554884,0.555034826835618,3
256,0.587220560985152,0.115066385059617,0.878647509473376,1
1238,0.626482204608767,0.71670849868565,0.437666863099778,6
446,0.616059473287314,0.417754066456109,0.640391651983373,2
161,0.829717108281329,0.242204997921363,0.247694838792086,0
312,0.591261774988379,0.174386818241328,0.989567349641584,1
1353,0.623722281464896,0.718438775972562,0.4404263981395,6
121,0.175468452041969,0.3145124563016,0.326058204751462,0
1362,0.618745905562412,0.715513409010595,0.442947824309897,6
715,0.561171147918794,0.410031326976605,0.546760380943306,3
866,0.616100638943764,0.750580047993975,0.44325798856207,4
439,0.615727240704,0.00679623561445625,0.947678522067145,2
885,0.616897317124653,0.749108502013538,0.440049519089295,4
650,0.5599786324054,0.14894289271906,0.817082123807632,3
1138,0.618439384589221,0.775088066675927,0.440211963613182,5
1087,0.622548858642975,0.768729247232781,0.444666282621913,5
981,0.627358820197785,0.738079652125466,0.44843158262381,4
431,0.616053688758984,0.125902082119137,0.879898295016028,2
434,0.617495728377253,0.385859034885652,0.751497862837277,2
514,0.62318083988037,0.441165808634833,0.749794690962881,2
1248,0.625203048567062,0.715987754125421,0.438256634164666,6
1203,0.617730682173538,0.777057179375381,0.447850773331792,5
1035,0.611100023991596,0.772402499747503,0.443758965307935,5
37,0.780641939723864,0.710967467632145,0.448624438140541,0
1024,0.618477136171948,0.776688518452078,0.440411106851104,5
1281,0.622397169453906,0.71346609143528,0.436204042223514,6
1201,0.618287810336832,0.768905060052693,0.442027767547539,5
452,0.615557170894463,0.28616576960776,0.643527469574474,2
1391,0.621984058803012,0.712126363569932,0.434427744072537,6
1302,0.626131653632255,0.70510024895996,0.431568423694818,6
1389,0.616727818167175,0.712470020490439,0.441592099095586,6
232,0.593278258135542,0.0126445503439754,0.60903967670165,1
1050,0.623328335753358,0.765007874220949,0.447586804793767,5
458,0.614175848481245,0.420313334139064,0.806528533203527,2
486,0.621350380720105,-0.00326517953071742,0.947294284915552,2
611,0.614044817788526,0.182856389135122,0.985821426589973,2
867,0.624016156159476,0.745727603638644,0.441012705606968,4
582,0.62242376916809,0.452287219860591,0.524689883552492,2
629,0.562397937087808,0.378939605713822,0.64904468934983,3
1185,0.620385153927193,0.766591607922721,0.441980089656094,5
746,0.563523511704989,0.414128086692654,0.972127608000301,3
893,0.618946370330392,0.744594046237778,0.427375259182198,4
295,0.585775400362909,0.0948942417046055,0.78768260460347,1
79,0.724220086820424,0.00930695096030831,0.318087694933638,0
175,0.669278958579525,0.36732275551185,0.346490599913523,0
91,0.140933260554448,0.675279110204428,0.249253702349961,0
689,0.556431025040802,0.347076253662817,0.808672979683615,3
807,0.559162819355261,0.450251841149293,0.74612367732916,3
660,0.559731356920674,0.0467140757711604,0.927758421143517,3
955,0.619445610209435,0.734194299333949,0.441560752556309,4
419,0.614329978975002,0.358986068563536,0.773145150602795,2
303,0.592162000040989,0.282879645866342,0.530274138529785,1
1065,0.628268961174895,0.775810735882486,0.450645034724961,5
1369,0.608387407932775,0.709726496855116,0.446845793548503,6
581,0.622632824718021,0.108325661788695,0.678044454287738,2
1060,0.627071232614003,0.779005668646291,0.438245090664226,5
932,0.62343428904758,0.743807661501859,0.438158577705088,4
284,0.591717072008178,0.259090529801324,0.984308447898366,1
960,0.611809515733892,0.730613627462661,0.443693271552487,4
1038,0.627737331469876,0.77106749237226,0.446448682959854,5
428,0.618690373580903,0.288701564120129,0.590605739597231,2
1349,0.611045335426674,0.706923144531671,0.435029145042902,6
1037,0.616467433564547,0.774678082871601,0.443828808784961,5
16,0.802087791264057,0.0450012080837041,0.755652985535562,0
1008,0.619831838718008,0.740657121713165,0.439943190043394,4
58,0.275057712802663,0.279391606803983,0.996430249651894,0
906,0.628250290713655,0.741681174234423,0.441976378749838,4
540,0.617028634252492,0.0565967149334028,0.852116462634877,2
193,0.874857200775295,0.211282323580235,0.969791072420776,0
154,0.614169004606083,0.138719465350732,0.694578198716044,2
94,0.887241585878655,0.0384960353840142,0.608735640300438,0
1000,0.625490202294683,0.733990656372949,0.442787835766571,4
1140,0.620267885524414,0.767488397968585,0.44322079834351,5
1057,0.615520896605735,0.778450310983616,0.438385473225562,5
909,0.625715314033374,0.740427607713857,0.440529479408719,4
72,0.68517275643535,0.410166843095794,0.488091739593074,0
1271,0.624350541353423,0.714000190129597,0.438175854299769,6
904,0.62212212463369,0.741741546286064,0.438854689108285,4
794,0.56073861815501,0.153444746905006,0.507984963455238,3
1320,0.622380139776526,0.710416808764918,0.438796773113345,6
107,0.242358008865267,0.640974409645423,0.786692298483104,0
114,0.914895155699924,0.396391200367361,0.587510892888531,0
814,0.615680840256371,0.738062777417413,0.440773062800204,4
1227,0.617764914359681,0.714900298899988,0.446542489194168,6
503,0.61928161179414,0.0794898893684149,0.605609049648047,2
563,0.615526170427911,0.381110734352842,0.676137286913581,2
460,0.619980115965009,0.392352491314523,0.949136070185341,2
1195,0.628957033127676,0.770470139927494,0.433676636716431,5
352,0.585094335461035,0.157473301095888,0.753700770880096,1
1114,0.618305497441765,0.762200108075041,0.435699013657351,5
520,0.615247832294554,0.349567556800321,0.790875165699981,2
1181,0.619330992069433,0.768218240892211,0.447194628957976,5
815,0.623093029126953,0.746745351485481,0.438949999471164,4
425,0.616035216611344,0.150714404229075,0.932849009265192,2
85,0.901486556278542,0.121092441491783,0.0790554056875408,0
300,0.587506858138368,0.423071278538555,0.847580290725455,1
528,0.615791829410009,0.440847983164713,0.952692658035085,2
1277,0.62588236121858,0.7140913830504,0.448020186397452,6
784,0.563540289269295,0.140905201947317,0.991496839653701,3
624,0.554371754815802,0.231608705874532,0.972552724392153,3
384,0.591618580289651,0.28669687982183,0.734788276581094,1
936,0.619133251897054,0.738893365489112,0.440823873372347,4
368,0.587554769143462,0.072076986823231,0.672178774350323,1
1170,0.617670342964347,0.765174723664754,0.438134677251005,5
1012,0.623447927823016,0.743179303908881,0.450584472745995,4
236,0.593067183308303,0.35061131271068,0.726874936581589,1
311,0.589273483823054,0.227832147316076,0.682140513998456,1
437,0.614495447005611,0.143120303330943,0.974178515351378,2
1250,0.621372204832774,0.712436490028644,0.43679791317526,6
755,0.558917267371435,0.353695959597826,0.601067857793532,3
173,0.692120293853804,0.5726498067379,0.680448128376156,0
940,0.619656949881243,0.740422954675756,0.437845044313666,4
1126,0.618253565550836,0.773952752844491,0.443114642458639,5
448,0.623100530237425,0.440681794704869,0.859703260450624,2
243,0.589406462202314,0.444040778023191,0.727736172941513,1
1322,0.630169996799278,0.714797174157875,0.448009987888615,6
136,0.00668343435972929,0.448349168989807,0.624640624970198,0
1357,0.631358917843736,0.718281688595829,0.443240378734496,6
1251,0.611646775199985,0.712422774487874,0.450006695270634,6
326,0.591642002474982,0.216572088119574,0.948566477373243,1
255,0.583994468145538,0.136976913479157,0.875228945491836,1
573,0.622748407216277,0.304613506933674,0.942045823880471,2
668,0.562137070856988,0.0334430289687589,0.766123446263373,3
512,0.620519148139283,0.0355980825144798,0.505952726211399,2
669,0.560016483638901,0.267064355011098,0.745366714638658,3
222,0.591879060042556,0.305146013549529,0.601637692865916,1
751,0.557160498169251,0.362075387663208,0.809913266543299,3
856,0.625946160238617,0.734298416815168,0.452260167995742,4
993,0.624179582905885,0.739869741005144,0.439305563518178,4
150,0.836772359209135,0.566980263218284,0.0420786140020937,0
479,0.614704913028982,0.428822025237605,0.647717885533348,2
783,0.559833026712295,0.247906843363307,0.717071779631078,3
959,0.621780692288752,0.739136093016922,0.442072844625989,4
956,0.622343647025939,0.7486689169258,0.453366085148734,4
1041,0.628416097310519,0.774966462528548,0.440680867466819,5
664,0.558160591230262,0.231463421881199,0.83416921957396,3
30,0.173555033747107,0.54330054926686,0.66614124039188,0
1099,0.621698070650696,0.755920071948741,0.447704598931452,5
564,0.615958359932993,0.478210498974659,0.664874863321893,2
8,0.053034157725051,0.730190132977441,0.862974759424105,0
567,0.613890815607738,0.0850973984226585,0.630914113344625,2
1221,0.616614495221782,0.708541345770695,0.446092413314337,6
596,0.61368539624149,0.12830909776967,0.815516339242458,2
1004,0.618863019539253,0.739164118505687,0.444164252270396,4
1135,0.628857970612818,0.779534368855763,0.445167457119659,5
870,0.629982408519004,0.74140173796063,0.435110689361159,4
666,0.562320253679063,0.250208760076202,0.934367206739262,3
112,0.898240428417921,0.407347473781556,0.631495633162558,0
1388,0.617352327273497,0.712053853593584,0.439573821827023,6
600,0.622284776046872,0.341810223809443,0.591286598215811,2
1229,0.620869222640068,0.717420425958724,0.426424360245659,6
640,0.553724133740179,0.372050959779881,0.665617771772668,3
1314,0.624755552727317,0.710801299037279,0.44051049578821,6
1401,0.617995942149807,0.7192472286012,0.433600917754478,6
1178,0.629054800925287,0.771760375588171,0.439908212401078,5
454,0.620919590322301,0.0446139807347208,0.630251594563015,2
108,0.324153813533485,0.63515729107894,0.8621867953334,0
577,0.61516201753635,0.169002929865383,0.512206767895259,2
788,0.559614967957605,0.374337201868184,0.917476574401371,3
822,0.621013272487103,0.74625524781572,0.441455477033656,4
970,0.615884633346261,0.743430936297009,0.447447364316494,4
259,0.585092738664243,0.360676501691341,0.853641187748872,1
125,0.0373668544925749,0.461698796832934,0.892522676847875,0
402,0.590518395360559,0.0803418943425641,0.980813416629098,1
1085,0.623686774155835,0.768392180976021,0.438245350997351,5
333,0.590782235870138,0.0489053549710661,0.680118197086267,1
1193,0.620562093462825,0.766575062192391,0.440739613469749,5
1213,0.623744800353843,0.714960018793754,0.433567406983338,6
1409,0.622805535903513,0.708042072425255,0.444809991922166,6
510,0.615637825774029,0.0921036996180192,0.875178480846807,2
69,0.665931020863354,0.993069999385625,0.0297015553805977,0
969,0.62066135897541,0.73104384130717,0.440127507407459,4
868,0.616020197023826,0.739290501281687,0.444737846938737,4
1086,0.626805905019412,0.76832812607476,0.447842075010077,5
851,0.612031187470769,0.743253588906021,0.444022349493321,4
1398,0.628679449332345,0.712607073002996,0.43978911251123,6
1216,0.621248353585152,0.708464324549885,0.44151686617108,6
3,0.213143919827417,0.531899176537991,0.108329179463908,0
952,0.621338968980416,0.741168067886404,0.436043486538332,4
709,0.562504918405321,0.160860020248219,0.549408917408437,3
435,0.619448333990295,0.397828003554605,0.703124946542084,2
1258,0.617985227426636,0.711703501284692,0.455306040091775,6
68,0.68008884601295,0.501517117954791,0.999814852140844,0
639,0.554684203509241,0.213598472694866,0.571462212572806,3
1262,0.623712753450248,0.719141974010222,0.441378821786919,6
409,0.58577371892985,0.472823696723208,0.565280751883984,1
818,0.623065098653301,0.754205198554169,0.440488410172393,4
680,0.56154857407324,0.473360880906694,0.731446987227537,3
790,0.557633466282859,0.250666100112721,0.558032816136256,3
1374,0.614781994131054,0.710214840771937,0.436922387428962,6
1382,0.624488109237156,0.71024911881214,0.441758009592301,6
872,0.617215097586434,0.743492229200225,0.442651830800666,4
1018,0.619575212698476,0.768632164076408,0.450229483988003,5
1001,0.62181539946254,0.747354029160368,0.438793079646351,4
184,0.244210676057264,0.513650629436597,0.00168118858709931,0
297,0.585510572297499,0.387942868797109,0.501463512866758,1
1116,0.62413247363006,0.77580570784515,0.440844315521266,5
901,0.628857677848911,0.749524639382057,0.433763929501503,4
551,0.613761959753465,0.340711498679593,0.658375555975363,2
44,0.65376622765325,0.591341556748375,0.135662227869034,0
804,0.554345889308024,0.268420898285694,0.754635712690652,3
1023,0.62395119246439,0.774927869484045,0.441693112682354,5
400,0.586119523853995,0.404940382041968,0.736707819602452,1
607,0.61362133607734,0.382933693402447,0.629588628164493,2
132,0.762091057840735,0.0558366936165839,0.79149808222428,0
802,0.555056285457686,0.0420996926724911,0.536552403564565,3
1287,0.621935237583606,0.708754592374176,0.441414310659305,6
1405,0.629083194155176,0.712235108514307,0.442049707241725,6
677,0.555434616955463,0.318185516796075,0.61425031858962,3
585,0.621638526287861,0.176263010757975,0.668576429225505,2
926,0.624197181345278,0.745394662286501,0.437543228751465,4
1393,0.619468232747707,0.706006932713228,0.434766526452501,6
421,0.616117361667566,0.361570602096617,0.637026266404428,2
1162,0.611775462888213,0.778758602873534,0.462928151983871,5
385,0.590686957007274,0.234303009975702,0.97659862365108,1
774,0.560963007982355,0.413854182395153,0.96576706818305,3
862,0.621067154278802,0.736496158621292,0.445908454133581,4
445,0.621829029971268,0.456062627537176,0.813626994588412,2
122,0.805011988384649,0.835375835886225,0.231339162681252,0
335,0.586127515863627,0.263543810625561,0.657808996364474,1
246,0.586395271224901,0.352334242826328,0.563119488861412,1
915,0.618112808961409,0.746234864616598,0.443147136840462,4
477,0.61624877366703,0.304908301960677,0.600286495266482,2
339,0.586070684893057,0.29306647547055,0.514753218134865,1
221,0.586292725792155,0.217527262913063,0.625254170247354,1
404,0.588866253232118,0.0809731674846262,0.561030318005942,1
897,0.622473863634451,0.732947578800918,0.439979750374879,4
880,0.616693257168265,0.744536862966579,0.451095333402076,4
328,0.592623228598386,0.214434798504226,0.689401233545505,1
118,0.35540136997588,0.317264541285113,0.245013591367751,0
228,0.590761130605824,0.216130857286043,0.772702086111531,1
131,0.927406097995117,0.55562908644788,0.382215298013762,0
249,0.590303697488271,0.288670822908171,0.624069947376847,1
401,0.5885315013933,0.445475053205155,0.790457328874618,1
796,0.55599028612487,0.0320620310259983,0.703813087986782,3
422,0.613920175386593,0.242930730851367,0.938817930151709,2
1295,0.622599173083902,0.706102620872818,0.438120236333178,6
857,0.621072020986051,0.748617301944625,0.435424495637218,4
506,0.623136045054998,0.367735218186863,0.677038326254115,2
374,0.588775991785806,0.36724224970676,0.858737243898213,1
1104,0.6274973840303,0.776549254176174,0.445297864556058,5
578,0.615250876524951,0.386040168860927,0.769416451081634,2
130,0.283380727749318,0.554571016225964,0.945700663141906,0
1392,0.614672737679521,0.717178020264417,0.446270324640216,6
350,0.590027617530432,0.0340989900752902,0.516148764034733,1
813,0.620747377629179,0.746210586470988,0.443205894786242,4
63,0.697004784364253,0.592602445045486,0.0452107740566134,0
160,0.46809936221689,0.128394454251975,0.137283240212128,0
884,0.624545208042981,0.746105395588842,0.431802503520537,4
1141,0.619920517123561,0.780172487606469,0.438724023639908,5
655,0.555518762096763,0.158897893200628,0.936999298026785,3
1334,0.61467455471998,0.70878811384368,0.437961016250875,6
1386,0.623729505929225,0.711966020795285,0.440003672661808,6
1400,0.624149548261935,0.718219432223758,0.442058811608863,6
26,0.57121957000345,0.998581263003871,0.41532768541947,0
1241,0.632751844773066,0.717422283323439,0.451059114538732,6
843,0.623528647048252,0.743636758489731,0.437306754802484,4
995,0.626316078521253,0.740755268872072,0.438186484034965,4
1237,0.624527128939583,0.708646895552308,0.446747469798968,6
169,0.34704821347259,0.853706134948879,0.311499893199652,0
676,0.559674137257971,0.253372059599496,0.886113317776472,3
834,0.619175610137007,0.740936856657261,0.435644735280019,4
1076,0.629107170671592,0.765308206626116,0.440162442781912,5
1316,0.616134602327586,0.719450992896833,0.444575458254304,6
36,0.823527871398255,0.749026352539659,0.254446930019185,0
151,0.184056468540803,0.827268351335078,0.257699999492615,0
859,0.619645913884576,0.740232042929044,0.437172511621757,4
1336,0.619893061720334,0.71598430499577,0.447616412284407,6
1184,0.617901632864221,0.777201090492673,0.440669202412783,5
992,0.624168540242248,0.739757455862539,0.44563891402337,4
29,0.0289853496942669,0.567558349575847,0.557804707670584,0
200,0.999465926550329,0.807125161867589,0.233964060200378,0
1200,0.617370305843458,0.77683634165748,0.443868276352132,5
545,0.616364754938986,0.00241991335060449,0.934859384526499,2
722,0.56135002598865,0.0494448843412101,0.544870497053489,3
427,0.61927227782784,0.234591926261783,0.552146862703376,2
930,0.62716880369348,0.745502022438526,0.440641703624872,4
1256,0.623350855851808,0.709030978201076,0.439440544088828,6
1407,0.626328453466518,0.71848817494313,0.438445824495799,6
1182,0.624038465249052,0.789330657839291,0.448720968707508,5
1219,0.61993380672523,0.714605299577501,0.446475739831719,6
895,0.624618825459114,0.750815608403102,0.439753058091993,4
127,0.947058359161019,0.0319877066649497,0.909651762805879,0
537,0.615315322268289,0.0513294595759362,0.707183535885997,2
213,0.593569360978436,0.0654887821758166,0.997844354808331,1
1208,0.623027666040415,0.772071841863576,0.439286915746796,5
987,0.621158557311463,0.75006801879792,0.442263575573159,4
1079,0.631216329149774,0.774745423661285,0.440860003062693,5
1345,0.617363310828709,0.720788885058548,0.44521657827967,6
648,0.555903447382152,0.462203358346596,0.594331818958745,3
1310,0.615643780169265,0.70330621442091,0.440960643120056,6
938,0.619834977033339,0.743274997535758,0.441897765537618,4
304,0.592224297465291,0.318754201685078,0.861950202938169,1
128,0.880131107987836,0.417465058155358,0.175465293927118,0
1117,0.62537768908431,0.774994264143476,0.442874317207007,5
808,0.554610665400978,0.418280083499849,0.749149280344136,3
1347,0.624795993671672,0.713581041559382,0.44284111917595,6
910,0.615718825336809,0.735671284158272,0.44987272664553,4
357,0.587799194774125,0.471795042208396,0.81064060642384,1
476,0.620156095963903,0.291422884259373,0.538879817677662,2
113,0.00647782324813306,0.486804401967674,0.990574138471857,0
1280,0.628790485834435,0.716248950758778,0.440867422861502,6
1072,0.625962043403955,0.779104342348319,0.447127720800835,5
224,0.589872988718562,0.000544310710392903,0.714395617577247,1
501,0.61869276718935,0.110517038311809,0.839937966642901,2
933,0.620248020619548,0.750693635025766,0.447176816158577,4
286,0.587162915302906,0.387017945223488,0.96042442494072,1
93,0.552355268038809,0.740271740360186,0.954519836930558,0
497,0.617195841670036,0.425645045633428,0.783747614338063,2
495,0.622180581551511,0.464549355837516,0.951879106438719,2
642,0.557685163489077,0.0160902070812881,0.964400061732158,3
1027,0.621486954723691,0.777567884407393,0.445142119509364,5
568,0.622360461619683,0.368188416515477,0.808124907058664,2
50,0.801094816299155,0.0341731193475425,0.454329657601193,0
1373,0.623208602877463,0.711837150181802,0.439601804106773,6
1346,0.62443042013967,0.708301166851321,0.446920487496751,6
854,0.626657471429992,0.745002784115919,0.443597424361723,4
62,0.639912114478648,0.443852946395054,0.668946074554697,0
45,0.469466308131814,0.679866241756827,0.709978741593659,0
925,0.616518938018659,0.739342350215635,0.440120205869167,4
547,0.620728666926734,0.360612153704278,0.777358363824897,2
289,0.5845665681432,0.404722195514478,0.980234397086315,1
701,0.559707053459715,0.0205481950426474,0.675070726987906,3
1255,0.624156113704414,0.709647243340161,0.444332257066852,6
566,0.621903241667897,0.380015110759996,0.976828980469145,2
1169,0.617598551493301,0.766335517146947,0.445078489959055,5
109,0.68947538244538,0.798174559138715,0.855041344417259,0
838,0.625329049169873,0.741452140106566,0.448960158629842,4
846,0.630082353957233,0.744740840526052,0.443946898768609,4
523,0.622026291924995,0.334097391506657,0.543583722994663,2
532,0.61676540058339,0.229602436348796,0.919362907391042,2
793,0.555991006742697,0.161334486841224,0.593679767311551,3
19,0.443636637879536,0.432769298087806,0.666058961534873,0
1332,0.616924238906835,0.711114469636976,0.446000894554367,6
740,0.559033428295515,0.41064264792949,0.672296534152702,3
329,0.591394960100297,0.175364507758059,0.998190736491233,1
1359,0.619954098207676,0.717409279997093,0.450293968714788,6
205,0.432502664858475,0.429951971163973,0.799545319052413,0
22,0.201730817323551,0.291166385170072,0.0473209850024432,0
1235,0.61244884258077,0.713570813214405,0.443038923147091,6
502,0.620071775242686,0.423549125948921,0.727764618908987,2
860,0.610364156108195,0.74326690906938,0.441601737388776,4
475,0.621660669138655,0.3372756465571,0.916397759434767,2
713,0.561705595003441,0.297327197785489,0.513878149422817,3
1365,0.627663264857445,0.712063554798925,0.439848001911425,6
1319,0.617630618859304,0.711439204381445,0.440304436116739,6
1120,0.624482788360735,0.775604583526455,0.433389004613889,5
491,0.619863881212659,0.205965491989627,0.849184937751852,2
597,0.620363371483982,0.132870730990544,0.837656195019372,2
753,0.559087582787033,0.35303207852412,0.752891708142124,3
658,0.561084571620449,0.491279282071628,0.806086013419554,3
87,0.920498677762225,0.569220206467435,0.176479037618265,0
508,0.616542401351035,0.453031552070752,0.835161429340951,2
239,0.591113610607572,0.453225079737604,0.615369367273525,1
1283,0.616738631151499,0.713052707995307,0.43511333188596,6
290,0.58366137039382,0.446425968362018,0.92301406278275,1
997,0.625510338812663,0.745511353107173,0.446162159035937,4
418,0.617449052021839,0.328972965525463,0.67857823157683,2
115,0.424596219556406,0.102052653441206,0.546775878872722,0
1379,0.618684473457148,0.717386080272202,0.445654857127962,6
153,0.391875176923349,0.794877083273605,0.172586087370291,0
886,0.628244615646782,0.73828207234521,0.437700057785738,4
1134,0.627906192466478,0.766903944575433,0.439554320384377,5
291,0.59026520916028,0.487010765285231,0.941223556734622,1
881,0.62575251036266,0.748463736108146,0.439676336988188,4
276,0.593080299217254,0.174251850857399,0.522759335790761,1
662,0.558488556633238,0.272496476001106,0.845208231220022,3
777,0.555688723917119,0.042682646587491,0.952151567884721,3
191,0.537408555159345,0.142988811247051,0.106754705309868,0
1384,0.621115162331298,0.708111699756605,0.445089987611003,6
1253,0.624314132815934,0.717081148220598,0.441076870117217,6
591,0.618738763143774,0.452398071112111,0.692490901425481,2
106,0.000459275674074888,0.292481609852985,0.517550998367369,0
1142,0.62361868172775,0.775094252865962,0.434393620322075,5
820,0.623253437847249,0.743793883133284,0.444979353320039,4
1,0.391650572186336,0.736582323675975,0.657036271644756,0
749,0.556884945023339,0.0393343528732658,0.70112975218799,3
1136,0.6267828675878,0.778445359786674,0.447705271411833,5
539,0.61819082965143,0.431939463643357,0.632648702803999,2
739,0.562850489730481,0.0639720230130479,0.674687312776223,3
824,0.621525184047907,0.737079615162599,0.442577846858485,4
944,0.626837582446897,0.751446714723044,0.45067969562691,4
1307,0.618056682276881,0.71029620893082,0.437632842654092,6
1299,0.622723875122741,0.714029808987035,0.437995597131403,6
638,0.553929328124505,0.429989936808124,0.557227740506642,3
873,0.619235020296146,0.748929686873053,0.438375220792314,4
12,0.211085314163938,0.423703895648941,0.212568298913538,0
137,0.242345143808052,0.173353639896959,0.910702575463802,0
225,0.584098987982143,0.107319278456271,0.754738951195032,1
504,0.616271674192976,0.388471151748672,0.601893649064005,2
594,0.616920231925324,0.23499189496506,0.837172492733225,2
839,0.621533035467869,0.74834762143826,0.446478296748399,4
310,0.585891460378189,0.392004645592533,0.95519054713659,1
706,0.558891590479761,0.287009023409337,0.522664929600433,3
702,0.557390675521456,0.407397607620806,0.849919180711731,3
742,0.559582405115943,0.313604627083987,0.567347080539912,3
88,0.806839532917365,0.120475098723546,0.164857238065451,0
417,0.622961731394753,0.483240798977204,0.649011902953498,2
771,0.555856956758071,0.172381897387095,0.894340418139473,3
692,0.55732031524647,0.105415483983234,0.889497581264004,3
138,0.128448164323345,0.513392175547779,0.178148170001805,0
359,0.584373212491628,0.374931699875742,0.985440141614527,1
817,0.621589449356895,0.747375459917197,0.445148402352919,4
317,0.59198638145579,0.164674805058166,0.871703079296276,1
1252,0.620008771574148,0.717018202191486,0.43979349069717,6
829,0.620251739679559,0.73960410194952,0.440140029536194,4
143,0.898684535408393,0.930633434792981,0.797773602418602,0
463,0.616059134788811,0.444346043677069,0.987911629118025,2
394,0.586901101507247,0.374143888056278,0.740171165298671,1
126,0.513207991141826,0.363790827337652,0.0366629087366164,0
1244,0.621360698530621,0.706721748459077,0.441221423651131,6
196,0.864453975111246,0.555884036002681,0.30782762169838,0
348,0.592822925755754,0.221872128825635,0.576535825477913,1
1009,0.621779045422783,0.737504922523269,0.450580227205552,4
410,0.588596100003924,0.148806046275422,0.846874368586578,1
779,0.554287225671578,0.0527179498923943,0.588610792160034,3
1361,0.621572359651224,0.71194029751076,0.433884756000414,6
179,0.170237230369821,0.719631123356521,0.27353252354078,0
482,0.614962729427498,0.00463824514299632,0.731766290124506,2
47,0.831610039109364,0.896198452683166,0.166878000134602,0
1372,0.62333662301852,0.717675609047139,0.43523540202973,6
449,0.614247287621256,0.312760833697394,0.900451291911304,2
529,0.615253034569323,0.374014257034287,0.866156175360084,2
241,0.590171014191583,0.284920831373893,0.527664031460881,1
1204,0.624494697376589,0.773571755264833,0.434061536173661,5
1131,0.625024230230391,0.771622276578856,0.438258538841584,5
898,0.62881687882315,0.748319438430399,0.443094468298888,4
1119,0.623274133949657,0.766049283554508,0.446893259038822,5
349,0.585714348738547,0.230620581586845,0.769180332869291,1
1014,0.621257686076518,0.766197498092801,0.44778502559302,5
544,0.616873665533494,-0.00387802331242709,0.780523493862711,2
248,0.590654556027148,-0.000172356562688936,0.842889168858528,1
1175,0.620454911042914,0.775024700013824,0.448815341201624,5
324,0.587194020331372,0.193809163686819,0.69523397248704,1
1312,0.613483648208095,0.706768365369302,0.438301926455436,6
877,0.631238710832376,0.739668491562612,0.447179047630557,4
1188,0.616333260795337,0.780408336369006,0.439619587601978,5
365,0.58461172594456,0.453308339160867,0.903302794066258,1
549,0.615405342371669,0.404856491181999,0.926351381791756,2
1189,0.619353993937168,0.784142587464376,0.443672766805768,5
377,0.587661492854822,0.190332094137557,0.660596965672448,1
461,0.617383067284245,0.178545813588426,0.710549297137186,2
1215,0.614263992535036,0.72128834890175,0.430080077982704,6
1166,0.62768738614272,0.774943212096282,0.451698581798213,5
957,0.621119530019428,0.743242016536607,0.438576241398878,4
288,0.591764805521816,0.251436436828226,0.849091467657127,1
845,0.623463036825587,0.748911807098273,0.447351445784823,4
869,0.619029539037284,0.751162483626221,0.433885199776483,4
203,0.632355690235272,0.936198908602819,0.962247923947871,0
1151,0.632430721779299,0.766302274479135,0.450070628026722,5
902,0.624770982369568,0.754804393190018,0.448859188002981,4
272,0.588523745052516,0.126183626521379,0.933910054829903,1
844,0.624400687611122,0.740325455807138,0.441901201416423,4
723,0.563487238192465,0.0824471114203334,0.989394669164904,3
1247,0.625459375113181,0.71350174648601,0.440395992334185,6
116,0.334669273812324,0.0991066112183034,0.572715689428151,0
182,0.214101390913129,0.630141929956153,0.793125363066792,0
980,0.61928377124981,0.733100069512984,0.452237309643548,4
553,0.614074674851727,0.179196959524415,0.742274180846289,2
657,0.555152291585691,0.0979030770715326,0.965300908870995,3
451,0.621207721906249,-0.000935721513815213,0.851272544451058,2
1317,0.623363362824976,0.7075955831606,0.428840086623039,6
90,0.2629883158952,0.641735931392759,0.54132160008885,0
489,0.620879123311024,0.146910735568963,0.537071976438165,2
809,0.559165682543535,0.114468875853345,0.544756838097237,3
64,0.358951815171167,0.653483227593824,0.974852745421231,0
754,0.560425096456893,0.0042297944193706,0.619111732440069,3
323,0.590628815270029,0.109926236839965,0.530100551410578,1
487,0.616226186358836,0.317260120692663,0.920128327654675,2
1375,0.620760712628171,0.714155125673961,0.44097442096753,6
974,0.619709195525244,0.732710660131616,0.438998787972889,4
760,0.553718135394156,0.0850457286462188,0.940242673945613,3
685,0.558774041065481,0.296482601715252,0.90895526772365,3
355,0.583713958894368,0.319698257767595,0.630615883832798,1
1100,0.619515909472535,0.769059914604027,0.445969499199571,5
1383,0.623850916219777,0.718876423087717,0.435455323844256,6
41,0.590460938867182,0.643456083955243,0.265904633328319,0
900,0.623602430090691,0.741626654178939,0.435147931186574,4
835,0.620865012880303,0.737791034657772,0.441661439131326,4
1366,0.618727686726853,0.713969833686329,0.446595881459743,6
129,0.323177112033591,0.978205988416448,0.575773674761876,0
1191,0.625131731556927,0.774038786217531,0.440663510606966,5
320,0.583679834729992,0.387661751289852,0.550814134511165,1
748,0.554208167111501,0.421137171145529,0.906614449201152,3
1254,0.624353047047859,0.718531430626812,0.444078092208584,6
583,0.621554201429244,0.285408386192285,0.57453684262,2
593,0.622309655984864,0.0528763052308932,0.510641182283871,2
1152,0.627965479493695,0.782102320290462,0.444039706168978,5
1230,0.618020919590909,0.711763600431735,0.451286607582709,6
894,0.626030342916418,0.740079896747817,0.44531133407241,4
426,0.62006582231028,0.130436205700971,0.978315579565242,2
101,0.323968522949144,0.950686350697652,0.893961115274578,0
1111,0.617491443627698,0.766973066541961,0.447705862322514,5
1109,0.614520248023694,0.775084891498028,0.44132202810228,5
223,0.590703067658469,0.0448902566451579,0.865481442166492,1
345,0.588689018050209,0.155828820005991,0.754662324418314,1
587,0.614957949316595,0.0834519647061825,0.973123277630657,2
1168,0.623794733442496,0.783807797907766,0.447483123431127,5
617,0.554667882865761,0.0315231679007411,0.574509506672621,3
468,0.618684985656291,0.107958496012725,0.600382170383819,2
396,0.585021437979303,0.247700682305731,0.992746560811065,1
548,0.622911109654233,0.214279798720963,0.752792109712027,2
1090,0.627538606061343,0.770310004583898,0.450803123800297,5
378,0.586164880767465,0.457314884918742,0.64325310473796,1
975,0.614998976604455,0.740022022343059,0.444084206615149,4
216,0.58574400494108,0.285273170727305,0.981551213632338,1
185,0.642457013949752,0.037234669085592,0.522886774037033,0
695,0.553701198522467,0.102039239415899,0.898404618469067,3
1160,0.621889604007643,0.782202480412309,0.450942085629817,5
773,0.556582369096577,0.00925677972845734,0.551749923010357,3
810,0.557282106725033,0.236485058488324,0.656472473964095,3
1342,0.626430764565467,0.717959525707384,0.445732024507107,6
481,0.620596251320094,0.480895431991667,0.799614366935566,2
10,0.308292063418776,0.369736276334152,0.313103685621172,0
440,0.615962780052796,0.478634132235311,0.982725409884006,2
327,0.591234592092224,0.289908498688601,0.701160003175028,1
798,0.559660950868856,0.253525244467892,0.652997197210789,3
605,0.621530658670235,0.284242816432379,0.989677162934095,2
467,0.61754097388126,0.0521954430034384,0.896293233591132,2
73,0.347085015848279,0.4747827318497,0.670045571401715,0
1370,0.626055912301955,0.714709954973727,0.443624335068972,6
575,0.622253490944859,0.347460858570412,0.896618472971022,2
999,0.630181256939461,0.74189224578907,0.4376575226403,4
1056,0.628609291921503,0.76061362498986,0.447906016706005,5
5,0.991587084950879,0.0883527579717338,0.00453264964744449,0
738,0.557311122198589,0.449405390000902,0.829336424567737,3
376,0.589543177804444,0.244293125392869,0.898474464286119,1
674,0.554829463136848,0.344010314252228,0.520221635093913,3
296,0.592137387397233,0.441603041533381,0.588236178597435,1
943,0.623273476775336,0.742588860866138,0.44017278770006,4
1387,0.629318950342497,0.712335105905681,0.44549409817739,6
395,0.590114050323609,0.459779918706045,0.94132851480972,1
195,0.0809745136648417,0.49175340984948,0.919685723725706,0
918,0.61931114258769,0.738436767789414,0.446586518302016,4
759,0.554892004088033,0.220301623619162,0.722863547015004,3
522,0.616813713768497,0.0701474516419694,0.543537431256846,2
450,0.623317701944616,0.152970448532142,0.81507585067302,2
1092,0.626935140912425,0.77008925455742,0.4433345889323,5
1335,0.623334228587766,0.708230546933048,0.438621833011052,6
347,0.59017317713704,0.0642076635733247,0.997470630309545,1
853,0.61388164136736,0.751177268002512,0.437333769899371,4
215,0.588872439733241,0.136220324481837,0.821036737505347,1
517,0.617410411108285,0.24739432153292,0.774513428309001,2
1214,0.624559237217441,0.717698696787406,0.446823632425608,6
757,0.55689655383816,0.345964643452317,0.730103627988137,3
294,0.588423277800903,0.412203306262381,0.510967353451997,1
619,0.556579246635083,0.25063260497991,0.74889236476738,3
25,0.782942960038781,0.0966421575285494,0.824484420241788,0
1145,0.620812610765139,0.770104363489627,0.438675349168721,5
958,0.61734445684167,0.745549360821031,0.434667144726498,4
336,0.592352296758909,0.391901445388794,0.717323293886148,1
1089,0.620871517992156,0.772878954056288,0.442805700061139,5
653,0.561279626027681,0.38381305935327,0.944901189510711,3
1148,0.61301308916209,0.771940686388837,0.43330648029308,5
965,0.63346290501708,0.733932214743182,0.445957752973836,4
533,0.619872296797112,0.0830267468001694,0.773358924873173,2
21,0.66686093644239,0.239679748890921,0.711244928650558,0
513,0.619530460690148,0.307763914507814,0.804827435268089,2
1005,0.623278806870597,0.744712316349415,0.43469903143674,4
1105,0.622493382284974,0.777915791222142,0.446550463806277,5
714,0.56136118299095,0.382113279122859,0.619253407558426,3
635,0.556804494883399,0.13759228894487,0.92221011382062,3
293,0.59124466636451,0.33591232476756,0.864221836649813,1
162,0.760651588439941,0.644040710059926,0.946908324724063,0
643,0.557462351422291,0.338099843170494,0.974161206604913,3
183,0.292744074016809,0.803020376944914,0.529230779735371,0
604,0.620403295967262,0.261132679809816,0.939340126910247,2
1381,0.620379661411472,0.715996574727424,0.441512809313751,6
197,0.133179554715753,0.981273161480203,0.600409660954028,0
741,0.55362184728263,0.274632639880292,0.54270872506313,3
787,0.556137728502508,0.144120524916798,0.878482180624269,3
1261,0.621790519317489,0.710474665830682,0.435703192029096,6
233,0.587851247524377,0.109500576439314,0.840454700030387,1
963,0.618279318869213,0.735791549359428,0.440737537951986,4
488,0.614490017576609,0.112345393560827,0.687886835401878,2
207,0.547940214863047,0.982047930825502,0.00668017682619393,0
1328,0.628337909619356,0.71842015200991,0.444625768334264,6
878,0.637076951656504,0.7455859929236,0.43933424990669,4
552,0.614385042446666,0.48408884385135,0.771118740993552,2
800,0.553978113851044,0.325394835136831,0.862654643226415,3
275,0.587925768510904,0.200061554834247,0.623618114949204,1
34,0.159502552356571,0.180403856560588,0.457275186665356,0
762,0.562342139799148,0.00463677761144937,0.763278256729245,3
1091,0.622932236862115,0.767376567411046,0.437720394994706,5
1368,0.624999561801565,0.712241121322863,0.450391427209486,6
1180,0.618621155087108,0.770331878783419,0.434788288351425,5
580,0.616004313074518,0.0991428433218971,0.623162528360263,2
646,0.560694116302766,0.306045842869207,0.617448769486509,3
634,0.558288325665053,0.456152036599815,0.608416847046465,3
665,0.554412466182839,0.158533778553829,0.575944465678185,3
1231,0.622759084076256,0.710333091455772,0.440465291885524,6
240,0.588154916255735,0.426229177322239,0.791956234932877,1
164,0.13445611926727,0.823953946819529,0.0551628954708576,0
97,0.35653085866943,0.273231458617374,0.0580684717278928,0
471,0.618690866047982,0.338974044122733,0.822250959207304,2
382,0.584093544182833,0.444895742391236,0.595446535828523,1
621,0.555098510724492,0.324597725807689,0.570803336193785,3
1397,0.618508172695019,0.71973783947341,0.444114567457928,6
133,0.667475891066715,0.728378246538341,0.14414565009065,0
1163,0.631426395675485,0.770784079006157,0.440839556791821,5
675,0.560165476088878,0.282072135759518,0.810510014509782,3
1080,0.626865448077862,0.767345768306496,0.446576874024423,5
984,0.627268942986076,0.737374614644236,0.438206423466512,4
100,0.998210904654115,0.350050622830167,0.0949591563548893,0
954,0.619469126758558,0.739282298714731,0.441829545935549,4
606,0.618581702793017,0.213364378362894,0.988640661910176,2
961,0.624219090176101,0.747949430448588,0.43574902653695,4
988,0.620616946264242,0.745753487728474,0.442859013007938,4
998,0.618279691803977,0.738996221580232,0.442791832866541,4
1282,0.622147744222743,0.707479750798956,0.436456988599726,6
1101,0.620719273896785,0.766981057709974,0.433628100321392,5
1096,0.624801427704804,0.775697577402375,0.441876505067516,5
849,0.625738758437857,0.748056226487094,0.443024967220679,4
273,0.583921637046151,0.435526433563791,0.748730571218766,1
946,0.609241078962491,0.74961614112857,0.449128958785635,4
1143,0.617062546509901,0.774252708469575,0.440419996745806,5
628,0.554534664573148,0.368798194383271,0.726543671428226,3
781,0.562040082905442,0.0783357223728672,0.812013997789472,3
1052,0.615563252148882,0.772242600818601,0.443474337682191,5
1130,0.622027944935298,0.769460863819533,0.442579942749356,5
1154,0.614842316688483,0.77411013163895,0.435982021249674,5
826,0.621175738046537,0.748237979773323,0.436989471306692,4
186,0.692022504284978,0.198264154372737,0.66629605810158,0
556,0.620116640420165,0.491789323789999,0.848425597161986,2
1273,0.61788427261794,0.704560029437977,0.438079689165202,6
1025,0.617982098502072,0.771091086038429,0.448558658660662,5
1164,0.622973154561894,0.777455971870244,0.450013288186544,5
1292,0.622173913239934,0.717566601996531,0.449628810886805,6
353,0.590708576259203,0.272121506673284,0.964801524975337,1
1266,0.620293730800305,0.70443742105886,0.445661485702216,6
499,0.623492398746312,0.220494289929047,0.7811951931566,2
199,0.867800964741036,0.565886614378542,0.794389222282916,0
32,0.682216486195102,0.462073195260018,0.835827914765105,0
947,0.625107688697547,0.742574225343699,0.446635321942679,4
1187,0.6198427401541,0.778208560750724,0.446034364500183,5
1212,0.613837221694816,0.772545748660182,0.446342176926033,5
262,0.591962646134198,0.452028948045336,0.978672806033865,1
977,0.626684406342889,0.746835598653842,0.444520041110832,4
1330,0.620044866614038,0.713795153752289,0.443422389634135,6
633,0.559053945483174,0.294736302737147,0.837614575610496,3
234,0.588633239227347,0.321460338239558,0.65106160575524,1
1301,0.62218906542113,0.710673720838777,0.437574348216253,6
725,0.554812961460557,0.326150295138359,0.758282253611833,3
146,0.972278434317559,0.18979490105994,0.163116906536743,0
1269,0.612458438579761,0.716052396284818,0.440615852549745,6
351,0.588388859580737,0.0622898602625355,0.571803711797111,1
973,0.612058365518086,0.742743466625974,0.438772141564273,4
1270,0.620833873616117,0.713808123600693,0.446514307509369,6
27,0.774533294374123,0.0041418238542974,0.713815458817407,0
1156,0.616902653218262,0.776819931008184,0.442563472245823,5
343,0.58577501001535,0.382736874907278,0.516540050017648,1
678,0.561270209306385,0.0286493711639196,0.66099197124131,3
949,0.619077506483327,0.752487701057269,0.443884738528648,4
498,0.621748153355438,0.142942667752504,0.857658478757367,2
571,0.618703900100663,0.0329092735657469,0.614814742910676,2
830,0.626000657978691,0.749686764809916,0.448604565450681,4
98,0.491461125900969,0.615721381502226,0.370237379800528,0
238,0.586609949113336,0.163189926347695,0.917900079488754,1
991,0.621742260241666,0.735544818245614,0.439807284168555,4
330,0.593541523755994,0.230199027853087,0.591274437238462,1
1070,0.625576624405868,0.7625952928809,0.447426423505359,5
848,0.619729448770598,0.741322698057203,0.436675002302073,4
595,0.62231744695222,0.198582138912752,0.507647416531108,2
505,0.620460889185779,0.207389666629024,0.621596365096048,2
1257,0.619666274914561,0.714172473308887,0.442961128927652,6
1183,0.618799036302489,0.774923711839895,0.438576689542788,5
254,0.58883631431032,0.0946645305259153,0.54011674746871,1
1003,0.62071062802221,0.738123191259076,0.443420960432283,4
285,0.591237770086154,0.330097020650283,0.97317367545329,1
1337,0.624426443816586,0.722100727224219,0.447688236463924,6
1232,0.619906495552626,0.717055551636022,0.450106728934661,6
1329,0.622316829639905,0.713713665895608,0.448167648818188,6
1341,0.622498689047476,0.716587406407937,0.439822799436028,6
1006,0.623546599530404,0.739898144593457,0.438255749611727,4
1356,0.624581939422378,0.709799090389889,0.442151007319272,6
1075,0.617796783108564,0.76714497193368,0.438916680019885,5
763,0.557644077027217,0.310160324256867,0.787647165101953,3
978,0.618860674977736,0.740931053223211,0.439090930895271,4
1045,0.615374341060692,0.767787251589585,0.439772932895191,5
1167,0.621704251559492,0.766534882355439,0.444061223656022,5
393,0.589622921992559,0.386217524693348,0.820651631196961,1
1234,0.629911089509695,0.712932479154089,0.438764021511894,6
875,0.629842976237993,0.747431602067705,0.454840119399477,4
1209,0.619590625793571,0.780755493178885,0.440248425969936,5
525,0.617917883254122,0.233297449117526,0.621356567461044,2
801,0.557111453479156,0.184424269990996,0.972053753887303,3
891,0.624508633259816,0.754396164466238,0.442524457141021,4
670,0.554590257448144,0.081241362192668,0.659169803000987,3
654,0.55642233800143,0.329210521001369,0.778658876288682,3
1019,0.620187220404037,0.777131682287082,0.442319114852373,5
218,0.586671087308787,0.135168043826707,0.981491168122739,1
466,0.619594014901668,0.0480870566563681,0.613526972569525,2
1198,0.633995422884944,0.779742900666132,0.438858638333841,5
155,0.194870480103418,0.843792133266106,0.52727412362583,0
1146,0.618385036198162,0.774600186075993,0.448650672096997,5
1147,0.624457583518157,0.773759685919096,0.443128152067195,5
1290,0.616845666418436,0.716966719223876,0.444258936517707,6
1036,0.628826624643567,0.773017163958239,0.437925208217969,5
1106,0.622083391290123,0.771315372301921,0.455446871605523,5
187,0.00507400883361697,0.929558451054618,0.37025158922188,0
443,0.620211256614421,0.426777245290577,0.558905474585481,2
828,0.618941953151602,0.751349927178344,0.442396850073876,4
889,0.625821121584096,0.744028773949105,0.433592570807196,4
1039,0.613365792967314,0.773913882235506,0.440140334389628,5
1053,0.625555182634869,0.76099612800583,0.441756839047947,5
589,0.61559517851565,0.367378797195852,0.942753929155879,2
1263,0.622223725566709,0.713319967796438,0.44162167201495,6
1113,0.623437544648219,0.769523626858714,0.43997349840437,5
361,0.586736820647493,0.373984349006787,0.611415929836221,1
279,0.591450287236367,0.360109335440211,0.977167295268737,1
812,0.562097936826758,0.375571552361362,0.694090059120208,3
874,0.625480375379247,0.739533098799789,0.436451662920958,4
48,0.605088326381519,0.141918519511819,0.904679251136258,0
99,0.674444498959929,0.411141198361292,0.518933234037831,0
649,0.559512082962319,0.0248757447581738,0.70678524565883,3
111,0.593055483885109,0.187843411928043,0.610887729562819,1
935,0.619544021769344,0.747247020077807,0.445351828982681,4
76,0.431501765036955,0.241844694828615,0.0675782619509846,0
521,0.621229098322801,0.279530596733093,0.782545153261162,2
379,0.588383409280796,0.428461315855384,0.655698869121261,1
934,0.619954547707229,0.749486352437826,0.444707838758562,4
736,0.555140466892626,0.232897390774451,0.998876619245857,3
871,0.618234813322588,0.747110285877792,0.444528318312281,4
569,0.618261711664964,0.062092082737945,0.718315610755235,2
535,0.617979033910669,0.128472003317438,0.938662423030473,2
144,0.702018957352266,0.379184315446764,0.491456057177857,0
1309,0.623892289475563,0.715376936819464,0.442753220105217,6
1360,0.623029563291372,0.712621523236967,0.442510751772607,6
1118,0.628539772726524,0.772785874707956,0.433828713641668,5
919,0.624052726139967,0.737181063578405,0.43637076997075,4
1048,0.620348589301462,0.783976339308759,0.444881855932522,5
673,0.555933547820896,0.0475770252989605,0.602688859542832,3
1225,0.613651921451274,0.714186559451595,0.444658535148234,6
231,0.590882750158198,0.202145712962374,0.52887380248867,1
123,0.48607855127193,0.40812297584489,0.202219744911417,0
747,0.560526527520269,0.143795224186033,0.762797490553931,3
1161,0.618289463376741,0.777082831170848,0.440183628134089,5
1242,0.624481287179611,0.714127628273568,0.442512756415083,6
833,0.630589633145337,0.745224365503637,0.437237407519549,4
861,0.619258441825765,0.751487473285365,0.446204535095111,4
905,0.618278775859992,0.739578522333756,0.434794669644194,4
863,0.61780520773665,0.746083725167995,0.452564429494121,4
493,0.622966568463016,0.266874905256554,0.960695157735609,2
622,0.562064711665735,0.43956657317467,0.522113999677822,3
534,0.615041328635998,0.287806019582786,0.876412393269129,2
786,0.557651940991636,0.0944606631994248,0.85700674969703,3
882,0.620304176476651,0.74847080499999,0.445148815668991,4
990,0.621487369554883,0.75011132240991,0.444389246397419,4
157,0.967258068034425,0.59646164230071,0.917944642249495,0
334,0.586499916252215,0.0235245204996318,0.502259715320543,1
1157,0.618889255211068,0.780321393879136,0.449185064690457,5
1239,0.618771452438048,0.717705288638408,0.453526220322456,6
558,0.618408033673186,0.156045753438957,0.702743805106729,2
210,0.486967102158815,0.552223801612854,0.0791204983834177,0
791,0.554104490168393,0.0497145419241861,0.508769412967377,3
1081,0.623804634246109,0.767576518092747,0.440839811013203,5
681,0.562166941463947,0.0947910028509796,0.838188700238243,3
174,0.661096424795687,0.806524107931182,0.624171852134168,0
370,0.584845572230406,0.492776126298122,0.731685039447621,1
453,0.620225869631395,0.379109660093673,0.668614009488374,2
782,0.557165373980533,0.144415374659002,0.981650477251969,3
381,0.586214716448449,0.289068492525257,0.870579925342463,1
1022,0.615710067848184,0.775221349019091,0.435486030230003,5
278,0.584785783572588,0.070085294242017,0.567438031407073,1
1355,0.626441321815852,0.715934199752843,0.438225381449382,6
1165,0.614267542152546,0.773472174363365,0.44561446463035,5
1124,0.620488990443107,0.775484750047046,0.438927041781675,5
592,0.615225854835007,0.088307232176885,0.556139453407377,2
18,0.435268684756011,0.482021060073748,0.476823241217062,0
731,0.560021476256661,0.482288140850142,0.598568690684624,3
1276,0.621515478285111,0.713763585377534,0.439441251199434,6
33,0.625838564475998,0.0158409210853279,0.846968661062419,0
588,0.614668762504589,0.439847893361002,0.952526332787238,2
386,0.588515110760927,0.255649039917625,0.825813503563404,1
1338,0.626090614176968,0.722310850790526,0.457910151867078,6
519,0.616375522934832,0.294150064280257,0.641980536025949,2
316,0.592405170067213,0.283459721296094,0.689760092156939,1
152,0.410429440205917,0.855768785113469,0.460979929659516,0
331,0.585515676860232,0.331343531422317,0.929698305414058,1
1259,0.626318529673002,0.713110934075703,0.444221925397792,6
920,0.616036762876917,0.737972983350793,0.450673835418089,4
1224,0.625994142182621,0.722109915605085,0.445190730791016,6
672,0.56354139246745,0.0774426585296169,0.54397274563089,3
1377,0.617907273516687,0.721461068402002,0.441071118556605,6
1068,0.618399179516353,0.772208835055749,0.443032055186055,5
1275,0.615715311441244,0.710602243331556,0.445096121262955,6
778,0.562528237388469,0.463669228879735,1.00012457019184,3
734,0.554823310007341,0.338484847499058,0.897951848548837,3
380,0.588053690742236,0.420037152525038,0.94081186291296,1
141,0.807924763066694,0.44409434357658,0.246949733700603,0
768,0.561726690486539,0.426813639281318,0.526274808542803,3
1199,0.62235133080576,0.764672246499635,0.440538580335057,5
1380,0.62206104333697,0.714768581678906,0.447929751361158,6
485,0.62165459014941,0.331549722747877,0.859284128504805,2
103,0.662360486807302,0.576962198596448,0.5451939268969,0
389,0.584613601858728,0.301147758192383,0.56228692792356,1
1034,0.61624405695091,0.773837228373812,0.440224409333299,5
264,0.592292806834448,0.268845257163048,0.919428519997746,1
899,0.621592430814952,0.738527958012734,0.441205916454281,4
190,0.222259880974889,0.58677654271014,0.801223708782345,0
436,0.620268571800552,0.465471942722797,0.896744427946396,2
1211,0.620329739949192,0.765757640509638,0.44355012068765,5
550,0.622427385447081,0.108062850707211,0.918803749000654,2
1084,0.618963489634866,0.772418442902066,0.441918375426957,5
939,0.612058986228347,0.753237919493834,0.436959838075208,4
250,0.584306251243688,0.339446692657657,0.901060443581082,1
1021,0.626084629524863,0.773536654888133,0.429280118969637,5
1002,0.629616506698733,0.741977634978638,0.449892724342915,4
1396,0.628213176440987,0.716079086248789,0.445329882643071,6
806,0.557897540098056,0.325132124288939,0.537316052103415,3
1013,0.621326109576894,0.771911576062787,0.442791935751294,5
217,0.592841094867326,0.44426969117485,0.837371343141422,1
1327,0.618999931795506,0.720223889408304,0.442752991148315,6
28,0.374930347548798,0.472515535308048,0.116654777666554,0
542,0.617622062186711,0.102206855127588,0.605216204165481,2
1155,0.617408272065109,0.775100096119328,0.445011863384451,5
1150,0.622297071582946,0.776106469535998,0.442501142696437,5
852,0.622441075817405,0.74089836991739,0.449589179619943,4
1177,0.617300028769569,0.766740858312201,0.444548044433329,5
903,0.61530858296536,0.743806822094831,0.426688885888308,4
369,0.585172371275257,0.309249645494856,0.688213295280002,1
712,0.561186570033897,0.4385294836713,0.701194824976847,3
266,0.590826367924456,0.294987925025634,0.882033162610605,1
1172,0.624978472320315,0.774100377429468,0.434845758683442,5
492,0.616888543684036,0.343084024894051,0.855547848599963,2
836,0.633818953593257,0.741048041930663,0.43874204341851,4
776,0.554901762981899,0.317273019626737,0.580108516360633,3
923,0.6160583271964,0.745822177087813,0.444424300654085,4
455,0.620567104585935,0.251158088026568,0.739032751857303,2
1220,0.615820385770777,0.707156337656243,0.441560786866415,6
244,0.592229727979284,0.0037437980528921,0.617725428636186,1
214,0.593419707370922,0.307324469368905,0.853315282939002,1
1274,0.625637722899292,0.703226783438443,0.453956663102834,6
298,0.592998943869025,0.265215144306421,0.940646855253726,1
165,0.0526708173565567,0.185612302972004,0.0120583304669708,0
1194,0.63120075274703,0.773821141731568,0.430650448582009,5
1066,0.6248717447415,0.772325105576422,0.444069772307929,5
469,0.613948183066677,0.194970052619465,0.539199400320649,2
832,0.619856945333967,0.747945554778985,0.445757279002498,4
237,0.587273861968424,0.310855460399762,0.985306200897321,1
78,0.383920795517042,0.422403977485374,0.771691460162401,0
307,0.586895581504796,0.376935648662038,0.987562716566026,1
727,0.562184277116321,0.361672683432698,0.678019755962305,3
269,0.584766841155943,0.332191475830041,0.717170989932493,1
484,0.616028443353716,0.394769672933035,0.827063602488488,2
472,0.615309754742775,0.019904864532873,0.514416108699516,2
363,0.589072613527533,0.491494274046272,0.853004533075728,1
985,0.618732339492638,0.745727331767187,0.447294099881595,4
168,0.482880037743598,0.831038996810094,0.0605649980716407,0
1094,0.619273750065048,0.778378636135632,0.451133974645123,5
1078,0.628591963220775,0.776966099857719,0.442833571509047,5
565,0.620902043143287,0.399324729852378,0.666118154861033,2
6,0.975500233471394,0.0669906765688211,0.548706229543313,0
799,0.555223086241167,0.192488440242596,0.965443465369754,3
914,0.619798152189453,0.741585644837827,0.439341568893863,4
7,0.639050473691896,0.111268767388538,0.0732028887141496,0
1103,0.626761860472217,0.781636849868612,0.444104015791787,5
661,0.555139880608767,0.302507771225646,0.586821872368455,3
462,0.621278620611411,0.237031005485915,0.955331459851004,2
1088,0.624335868562314,0.772613018822938,0.440607835446646,5
976,0.622838370690403,0.74162025294539,0.443868128034332,4
1107,0.627124590535316,0.767559656890009,0.450886277816691,5
55,0.611593032255769,0.0731402402743697,0.699568038573489,0
442,0.617053120951168,0.0118653568672016,0.855724214203656,2
423,0.617847868290264,0.0590263106161729,0.7318504774943,2
632,0.559658267549239,0.124282925901935,0.764917238242924,3
1133,0.625164977492391,0.773588863068771,0.442764134421311,5
1278,0.628173151149956,0.703740838907736,0.448203772158476,6
663,0.562754996160511,0.168355345074087,0.765327032981441,3
1059,0.622226211141673,0.770179583452422,0.440221106172597,5
744,0.555208917483687,0.0031348396325484,0.578104564314708,3
478,0.616041568643414,0.215539456624538,0.947742707072757,2
1030,0.623539658948884,0.775950133803341,0.443112837573077,5
509,0.620320457720663,0.330020913667977,0.745364420791157,2
110,0.330142092425376,0.487781912554055,0.508139852201566,0
586,0.623444300456904,0.462035120860673,0.998524426459335,2
1149,0.621077405743071,0.779455473593758,0.447993650773548,5
52,0.984529303852469,0.0104114352725446,0.0704571169335395,0
373,0.593148934617639,0.472884235484526,0.652230519778095,1
473,0.615803992194124,0.235094112041406,0.591759347799234,2
337,0.589276767752599,0.107507156021893,0.944037395971827,1
717,0.557979508484714,0.234715231857263,0.781968894856982,3
318,0.587759949285537,0.0297490567201749,0.665719078015536,1
603,0.617474239820149,0.293816919135861,0.611571135558188,2
1394,0.620611554744744,0.708348281353963,0.451538988995967,6
1083,0.611838681062021,0.769226556765145,0.441660282530925,5
696,0.555834945705719,0.0447510623373091,0.750766042596661,3
1042,0.632010751758402,0.763989759395834,0.440773640710447,5
424,0.615747269103304,0.171746609080583,0.974588835821487,2
579,0.620817447691225,0.41209715725854,0.810117817926221,2
697,0.560162022977602,0.0524792190873996,0.922338246926665,3
562,0.622374727684073,0.380642375024036,0.749326721159741,2
283,0.591727925199084,0.0514879500726238,0.6298202898819,1
966,0.624140493771737,0.74539363874695,0.444320727787514,4
287,0.586436803916004,0.119057055958547,0.628041840717197,1
890,0.622913446408283,0.743459686492418,0.445389641065654,4
1321,0.620963190301202,0.708651404726451,0.437124744872444,6
979,0.629973062226223,0.749702392709946,0.447763756825517,4
80,0.42756182141602,0.268922578077763,0.246541357366368,0
656,0.553819046618883,0.418841958674602,0.760927980975248,3
332,0.588783341476228,0.468324072356336,0.925250024511479,1
1046,0.6289769216086,0.77398303778646,0.44042771971784,5
671,0.561643942978699,0.372635959577747,0.8498536469182,3
11,0.591392528498545,0.97760018799454,0.926449156366289,0
1206,0.617926451339465,0.771582464047161,0.439714008083928,5
1264,0.622592327059428,0.717009548993392,0.439655705264382,6
1062,0.62575672358455,0.778651403560333,0.449302394645871,5
964,0.62171648533798,0.742180739930875,0.442177221623691,4
447,0.618768619108014,0.434550846158527,0.895526920771226,2
51,0.297369240550324,0.193678308278322,0.536894413642585,0
120,0.179461448919028,0.731554165948182,0.434105336666107,0
942,0.622458312080538,0.738571470771443,0.43669204805238,4
625,0.556414805648383,0.386117999372073,0.815638538193889,3
730,0.554635515806731,0.142250167834573,0.896563058812171,3
1137,0.621418099448352,0.777390938123702,0.440680432998298,5
96,0.645393579266965,0.965468656271696,0.989325647009537,0
229,0.584539722749032,0.1580792512279,0.699075726070441,1
1192,0.621848919839644,0.775987741080334,0.439277523827788,5
198,0.6244391517248,0.568691678578034,0.801236308878288,0
77,0.481641374761239,0.254291771911085,0.363439642125741,0
391,0.586213075816631,0.455587119609118,0.903591225715354,1
962,0.619032879790445,0.739904338777529,0.434057146788782,4
392,0.583942690677941,0.0080413000425324,0.767968774633482,1
745,0.562887312392704,0.395494257262908,0.504984296369366,3
245,0.586707115704194,0.390181150450371,0.884568609041162,1
413,0.623299737176858,0.235970824887045,0.972432268992998,2
321,0.58977150372928,0.217199107445776,0.798830040125176,1
758,0.559060272739735,0.102792417211458,0.658611991186626,3
280,0.588282841774635,0.0204201054759324,0.622109606955201,1
707,0.557031036620028,0.0975322204641998,0.810097277024761,3
1097,0.62349189381254,0.773313163333653,0.44356577555796,5
1217,0.615308731387313,0.702778190280093,0.443970810980284,6
1196,0.617678548548584,0.779037479113457,0.440972409481396,5
1240,0.622306176330969,0.716030983571996,0.448950572353423,6
1291,0.618259855148587,0.709157498309971,0.443612356366192,6
911,0.61684861958161,0.740195328180097,0.438211705479558,4
1127,0.623649045558282,0.776029983095853,0.4461731752085,5
192,0.301586685236543,0.0858767570462078,0.960003089858219,0
1197,0.622834249536373,0.768550317411543,0.434866449538972,5
270,0.591818394623697,0.49144890315365,0.793683665315621,1
