529,0.741480078166351,0.240834978315979,0.689812088850886,2
21,0.605629614321515,0.0682450272142887,0.387280381051823,0
382,0.704957685486879,0.581695147580467,0.455775025999174,1
1090,0.416094337126142,0.738166528101735,0.72694383560956,5
263,0.711368277943693,0.612341937981546,0.717270161840133,1
574,0.740360795436427,0.584442568500526,0.381428121123463,2
549,0.734441445709672,0.214401836995967,0.355404779314995,2
765,0.682149821177591,0.189606800116599,0.652662880369462,3
1290,0.410064381983365,0.677364817824129,0.736660385826859,6
704,0.677659961928148,0.324951005657204,0.761062293779105,3
1145,0.406005702285886,0.737337069688706,0.730336720211427,5
853,0.404374914617913,0.716610499509039,0.741159671586257,4
206,0.656447173561901,0.671672825701535,0.59160049748607,0
1009,0.403950371015197,0.711186687173248,0.732396354272569,4
307,0.705623540896922,0.62332945226226,0.432988537359051,1
727,0.677743504350074,0.216967297624797,0.644728235085495,3
664,0.675084544983693,0.294351380807348,0.613696959218942,3
20,0.96611803304404,0.317070809658617,0.792388425208628,0
215,0.709577977829613,0.424153508991003,0.429667648277245,1
523,0.739211264329497,0.287142388313077,0.639140053768642,2
666,0.6830848867842,0.353058443428017,0.682788403355516,3
419,0.73584293254884,0.176753177796491,0.741469938773662,2
822,0.40451192107161,0.714667976410797,0.734074187170516,4
924,0.393183961784496,0.708184938506467,0.737854499060134,4
1251,0.400910688942534,0.685340851842064,0.730696618085409,6
1359,0.396542437547454,0.681523483083565,0.731358531843161,6
335,0.71076668539783,0.399199929926544,0.447844801936299,1
338,0.707726094322279,0.340679581416771,0.637378786341287,1
442,0.735382924082223,0.334262873418629,0.682510036276653,2
420,0.738287358258385,0.170853010867722,0.622534816386178,2
1364,0.406475314407427,0.676504174537502,0.733541145873343,6
306,0.712677257759497,0.325763099500909,0.308967106160708,1
740,0.674369484095369,0.217337071918882,0.276578838471323,3
582,0.735985267090146,0.366548738465644,0.672777914674953,2
1086,0.398050187721177,0.745518970057751,0.72840706955364,5
404,0.709598760395311,0.498582890047692,0.275632371427491,1
160,0.998272307915613,0.713821307523176,0.689371651504189,0
473,0.738064964823425,0.254236800037324,0.377055535791442,2
101,0.734760786173865,0.0882744081318378,0.850977749098092,0
239,0.710191831621342,0.399809930613264,0.535331531777047,1
776,0.682592761928681,0.414410156803206,0.38363962364383,3
1313,0.40458170749098,0.680526232012206,0.727572290279016,6
122,0.193869636161253,0.375709573738277,0.511778271291405,0
1308,0.403995829465037,0.688500146586218,0.727870487396789,6
764,0.683111783268396,0.154242469370365,0.276336626149714,3
869,0.4037884380375,0.701692877528624,0.726621751110262,4
827,0.407341883501883,0.705730117897665,0.724477621627546,4
753,0.683237413798925,0.360884350165725,0.631936470628716,3
913,0.401742626802142,0.714989036422207,0.741356996072721,4
1065,0.408802930225591,0.736077484897299,0.732280904524796,5
94,0.121590340742841,0.274491829564795,0.809301223605871,0
459,0.737298079403117,0.332605585129932,0.495489375782199,2
235,0.705553358111065,0.314776274864562,0.586923070019111,1
659,0.680928024132736,0.305272345920093,0.404297286877409,3
47,0.994350076187402,0.37663810281083,0.350203261943534,0
741,0.682661584876478,0.607585424347781,0.627408940461464,3
743,0.674762640628032,0.495284353638999,0.322529249009676,3
1327,0.400648681881476,0.679068450569782,0.734621897508234,6
1036,0.407613905371289,0.740239059762447,0.734535261598975,5
988,0.412042753456627,0.713913436865908,0.718664542234314,4
1024,0.410996060341225,0.738952462835911,0.735399097536477,5
1099,0.400353451033493,0.739299128593415,0.723720735340079,5
438,0.735811824386474,0.369274888443761,0.662215068121441,2
376,0.710976751705166,0.18318276447244,0.632710257079452,1
515,0.740623432174325,0.49575058023911,0.453039633925073,2
303,0.707138722483069,0.186436938261613,0.665289875585586,1
862,0.407561718889032,0.706479722533531,0.732015981773715,4
839,0.409937218297707,0.70543065206531,0.732192077218298,4
453,0.735948672282975,0.347477634227835,0.655769595992751,2
298,0.704631101097912,0.167585083539598,0.455119150457904,1
798,0.677667790465057,0.388218898465857,0.729512414312921,3
443,0.735681472907309,0.503503803652711,0.482554645859636,2
708,0.674778637643904,0.429145551775582,0.631910900934599,3
388,0.70424472695915,0.534338492923416,0.565720915212296,1
217,0.710733665034641,0.32647805174347,0.510191437788308,1
606,0.740543340961449,0.174521166505292,0.371860892279074,2
218,0.7118610401568,0.210833081533201,0.678248929674737,1
1204,0.398041668833725,0.741590238964452,0.729989114663576,5
282,0.70685294625815,0.543249463918619,0.666383024654351,1
398,0.705196350016631,0.190023451368324,0.570833492092788,1
271,0.711933320446406,0.259951317124069,0.483739950344898,1
647,0.674726914479397,0.375411678245291,0.301767354249023,3
75,0.285790236666799,0.596027986612171,0.532599632395431,0
120,0.614443609723821,0.0542407911270857,0.578626455971971,0
915,0.401064646905328,0.699127073781283,0.726990006996646,4
55,0.350313199218363,0.495735591510311,0.422267037676647,0
36,0.442778864875436,0.383807992562652,0.365961383096874,0
891,0.407655304661109,0.71015743298101,0.73097498245418,4
431,0.738379500913434,0.174966412037611,0.271393193514086,2
1092,0.414467005169905,0.742832437680798,0.732360578914944,5
437,0.741502179717645,0.500377959944308,0.510784045793116,2
1306,0.407389549460208,0.686724759277211,0.721132893224845,6
182,0.124417557613924,0.457264018710703,0.793711703736335,0
1320,0.404841059119415,0.686246518289614,0.731795095666452,6
535,0.739344223791268,0.548369472520426,0.619780013570562,2
212,0.451206752564758,0.609947770601138,0.378124045208097,0
617,0.681491353320889,0.468451892980374,0.611040815012529,3
773,0.675767033044249,0.537039460521191,0.563765713246539,3
232,0.70446387266973,0.475131960376166,0.491421543061733,1
1023,0.401333669822796,0.743470933269004,0.732170508677191,5
628,0.676574110388756,0.208499560970813,0.535528124310076,3
620,0.678782070791349,0.510789631307125,0.763243017252535,3
464,0.735006180878263,0.566616350458935,0.611927581951022,2
921,0.413190618200437,0.710586645801832,0.73357290382351,4
568,0.74302514520241,0.606929410854355,0.360519366920926,2
361,0.712590351949912,0.506418432830833,0.554565863567404,1
468,0.742863099682145,0.257491279416718,0.412084731506184,2
1328,0.402261275317806,0.679399362877383,0.738183054248062,6
110,0.842614989960566,0.35444939439185,0.970763012766838,0
910,0.410717253649504,0.713930364701238,0.736316276545592,4
1232,0.412108908566807,0.676779645755593,0.72052592338584,6
1402,0.402423180085424,0.67915916663204,0.735110193341004,6
702,0.681694888772909,0.513336670724675,0.301184870535508,3
1040,0.403768373056721,0.736769970942102,0.732643393637932,5
1104,0.403725551343924,0.741998130615512,0.739421590781341,5
734,0.675661874031648,0.420890231174417,0.74310208146926,3
692,0.683284481414594,0.602714842441492,0.466754090972245,3
1060,0.412632321999035,0.742921667328252,0.742181089448501,5
358,0.707250708388165,0.314314596028999,0.604452557512559,1
63,0.722138544777408,0.292114926734939,0.656673174351454,0
28,0.798194713890553,0.342621883377433,0.416164949769154,0
184,0.907627058913931,0.557097160257399,0.418947125319391,0
1226,0.405054128853875,0.682287227335124,0.741745388787451,6
46,0.848101368406788,0.565661809407175,0.921957246027887,0
372,0.710787649098784,0.431583812367171,0.366062333341688,1
1331,0.404364528392886,0.681089245818979,0.724828137883071,6
838,0.406153305279311,0.707674547188971,0.73299929302733,4
982,0.397871551275607,0.703851205578711,0.730100144748496,4
481,0.738592248358764,0.383921277150512,0.398825572570786,2
100,0.106661341153085,0.590659697540104,0.275401169899851,0
499,0.742759146324825,0.511879167892039,0.315141160856001,2
244,0.711638976403047,0.25266729274299,0.679527568048798,1
1310,0.401703955733085,0.679787924515866,0.726511308624938,6
507,0.735709573372733,0.334853618661873,0.444770938949659,2
92,0.677409245166928,0.259449345059693,0.665915366262197,3
323,0.711031312232372,0.418141430732794,0.401174014550634,1
403,0.704301792052575,0.424982066988014,0.323275323142298,1
573,0.738361838543788,0.4387546162121,0.724526501842774,2
590,0.741735828795936,0.517134352959693,0.459605446550995,2
414,0.735405470354017,0.463766041351482,0.724521817988716,2
118,0.240057098446414,0.817681431537494,0.999265044229105,0
614,0.678264155020006,0.377084600529633,0.389331735437736,3
630,0.682922681332566,0.37704763575457,0.646705279476009,3
78,0.399089808342978,0.957920955028385,0.808552908245474,0
748,0.680144247906283,0.53719950306695,0.6631414036965,3
150,0.597861505812034,0.752402952639386,0.0136501325760037,0
291,0.709998414898291,0.184167249500752,0.536757692229003,1
1101,0.410475033369458,0.743639443496997,0.729116254775177,5
808,0.677067969953641,0.599731852323748,0.292805656907149,3
672,0.673419964937493,0.291061581135727,0.623745812568814,3
613,0.681342480347958,0.183239940577187,0.509322536177933,3
713,0.676077805578243,0.439857638464309,0.692476294003427,3
695,0.676282644786406,0.28206212320365,0.391362146474421,3
1357,0.394467240558002,0.681354864422759,0.717123479644502,6
1247,0.409253992569339,0.676013894135723,0.723954079515518,6
840,0.406048113764529,0.705206522158896,0.733673002150983,4
1237,0.407332267080729,0.682179255011709,0.741051264084,6
61,0.546816886868328,0.814216804690659,0.941457102773711,0
661,0.673644252328668,0.400259548006579,0.527249700506218,3
1264,0.399466774549158,0.680844747409787,0.733553982499031,6
142,0.270421059802175,0.812489833915606,0.00356628838926554,0
1297,0.396575936419173,0.681054505047768,0.735159103400907,6
1207,0.404796621460505,0.749817186175597,0.728252319876269,5
723,0.674195931735449,0.558827678696252,0.356965743587352,3
699,0.68221135310363,0.415839141258039,0.576732218498364,3
202,0.99613844580017,0.0215364831965417,0.879388348432258,0
544,0.741307893644553,0.323933250061236,0.406570431776345,2
1151,0.401389680825204,0.747781346222224,0.730429480029862,5
302,0.705162914744578,0.566947327484377,0.767718469724059,1
949,0.401471517716306,0.71698080700092,0.738466128383012,4
194,0.507706602336839,0.203948329901323,0.0183051531203091,0
68,0.305581737309694,0.811344143468887,0.255326605634764,0
1165,0.395184163240915,0.730434697228184,0.729768993602216,5
586,0.74189217381645,0.303012140700594,0.496846084482968,2
190,0.591368700377643,0.166657362366095,0.789634272223338,0
1069,0.407083095359633,0.746257489716191,0.722635207309284,5
18,0.987704518251121,0.295800996711478,0.942530173575506,0
162,0.556140765314922,0.210221937857568,0.851623132359236,0
944,0.406786118701311,0.712562646302301,0.733607744934939,4
663,0.680960876015015,0.313008444756269,0.489648575428873,3
373,0.707101486260072,0.291305595333688,0.582794031943195,1
379,0.710170425605029,0.551723721344024,0.521849202574231,1
509,0.738283979301341,0.57561473690439,0.41328799223993,2
488,0.742661071706098,0.145550075243227,0.279933251440525,2
673,0.681371783085633,0.250429032742977,0.574284575646743,3
1012,0.404727423092827,0.702451039078576,0.723390525383327,4
953,0.407648596827083,0.707144346640727,0.738319056260136,4
754,0.679595778910443,0.3221194767626,0.551439715316519,3
665,0.679577447520569,0.478872098284774,0.329491048818454,3
1150,0.407466918661696,0.744578839422093,0.737917182226137,5
930,0.403476690203761,0.70786260956502,0.726516773237582,4
1186,0.407766280610854,0.736512285805939,0.728626360306996,5
1259,0.406564417051565,0.674444948885955,0.732902343707168,6
793,0.682871641707607,0.255766662326641,0.298873257357627,3
1391,0.405886584025681,0.67303043584889,0.726008200281051,6
108,0.382971702609211,0.329640791751444,0.992277093697339,0
643,0.6796105556353,0.50182908764109,0.748052952461876,3
27,0.0478044177871197,0.890663215657696,0.467171090655029,0
873,0.407301545744647,0.716544561248908,0.739550985752349,4
973,0.407420594455008,0.712716430674843,0.739607745937471,4
870,0.398906762953538,0.706048663308531,0.730972939546018,4
917,0.396468784426202,0.706661059552385,0.739763753501092,4
223,0.712345365330111,0.281442896719091,0.763306511566043,1
844,0.401378117475773,0.705764854933758,0.729735384368854,4
277,0.708516756782774,0.273366239410825,0.701205282006413,1
1083,0.403335589705528,0.729512835841087,0.737032654533042,5
460,0.733898723348975,0.591451115696691,0.465438350569457,2
985,0.401447192835756,0.712112800485578,0.732230841973233,4
230,0.712058969559148,0.593925562361255,0.480968855204992,1
800,0.679078886879143,0.321686806180514,0.704782933811657,3
999,0.407977267197659,0.707693142237567,0.728595872872963,4
1381,0.404729526732761,0.688361251547227,0.734177954932308,6
147,0.0532554956153035,0.765201098984107,0.354531449731439,0
99,0.619558742735535,0.0700968271121383,0.0786849113646895,0
1081,0.413375832884192,0.739418953881097,0.730150429170966,5
975,0.413991119626797,0.714343128652298,0.727662336498604,4
140,0.0423803427256644,0.172346265986562,0.154220458352938,0
1018,0.406531033882117,0.742591857236967,0.729499686075661,5
805,0.676419362956658,0.549860769324005,0.704224625020288,3
146,0.0506485446821898,0.77063820278272,0.338042238727212,0
1167,0.409291088251019,0.739900390082777,0.723621379011312,5
679,0.679720015474595,0.360754494811408,0.311846923432313,3
225,0.708464895130601,0.240461969538592,0.427624101634137,1
274,0.711616739928723,0.416289091599174,0.476607945980504,1
42,0.432682491838932,0.423173811519518,0.893036906607449,0
952,0.418961972038847,0.710540817398987,0.731254865561424,4
1190,0.408433462748825,0.750218088424011,0.735083670172782,5
11,0.779511233326048,0.59760136413388,0.887561490060762,0
50,0.57519806874916,0.108748469036072,0.837767071090639,0
1194,0.407404391527895,0.742331149172073,0.722189726685748,5
111,0.368550775805488,0.265923284459859,0.623266947455704,0
342,0.708092208809685,0.336501665203832,0.661219120258465,1
482,0.743324296714272,0.312426280952059,0.728647118317895,2
644,0.675500361991581,0.265116294287145,0.604913927498274,3
1273,0.409720586927167,0.686717866890653,0.738867187110405,6
262,0.713337510661222,0.184620978450403,0.369400267372839,1
685,0.678061643873807,0.156059203110635,0.585383422090672,3
1356,0.406826106989827,0.689437072163225,0.726601089277795,6
1022,0.406481168874195,0.743510706733532,0.731293979255811,5
90,0.499259323580191,0.149250304326415,0.659546502167359,0
1181,0.412661150698079,0.745356284457533,0.732413018954096,5
161,0.161314798286185,0.807981518795714,0.167585753370076,0
478,0.743138357840944,0.193825416755863,0.436688137822784,2
268,0.712288984295447,0.480634942790493,0.276342813391238,1
697,0.683155015655793,0.64301427945029,0.641874223598279,3
868,0.41429734819006,0.705103092887525,0.729742853441863,4
1323,0.414844050545646,0.674038687382816,0.744028325836694,6
939,0.408369348506551,0.712839113309729,0.726834687243821,4
179,0.288123690988868,0.880726937204599,0.421511825174093,0
1374,0.412999498736904,0.686603629879715,0.739496268417652,6
1388,0.408767787644341,0.682007264206212,0.725136804950589,6
44,0.162445912370458,0.846975199878216,0.271772087085992,0
1345,0.398431801532234,0.682680269077907,0.730983761538512,6
1304,0.403696562368121,0.684436164525536,0.73107339512518,6
1212,0.412461162949738,0.742372639758327,0.734744848007866,5
1233,0.409267358185613,0.682955931645164,0.731385860272084,6
1407,0.395943615240037,0.676875709259782,0.735809066446887,6
71,0.0368651608005166,0.393622001167387,0.0176111217588186,0
1179,0.408155171917096,0.735536762002634,0.739429199319021,5
1202,0.408776087457747,0.734868981481378,0.738933672938444,5
41,0.0710605753120035,0.968722214456648,0.191429083235562,0
769,0.676864282016177,0.609392449515872,0.343307512695901,3
889,0.408599557828676,0.705964639875423,0.719047647926332,4
15,0.265008310554549,0.808101556263864,0.721878990298137,0
1269,0.409513132483853,0.68032162773364,0.726675565394446,6
578,0.739106235061772,0.566030798968859,0.449296112521552,2
1032,0.409106937192991,0.739451064073366,0.728067763196926,5
1372,0.413471334864465,0.671482317460788,0.735111989027613,6
276,0.705981844866183,0.282765806908719,0.317251871339977,1
1396,0.409791686192123,0.67912098114512,0.734873135553415,6
993,0.404346706304282,0.711730761204207,0.721811211753559,4
1360,0.413906278595351,0.676126952436081,0.730593183540684,6
475,0.739625469003804,0.195494981971569,0.279909524717368,2
456,0.736050652009435,0.581393173569813,0.535033532651141,2
951,0.401362369564736,0.701396065656499,0.729585590676015,4
896,0.410545886394619,0.710380870825822,0.727824795910043,4
986,0.410857763428761,0.711998347494762,0.738102250887864,4
732,0.674933730964549,0.189815994142555,0.404765614308417,3
717,0.675846041177865,0.589064406370744,0.739196395967156,3
1006,0.412177183416295,0.711835167711615,0.729595003458862,4
823,0.407295041024049,0.712511489720647,0.72920270072961,4
60,0.977011785143986,0.370281384093687,0.690271650440991,0
716,0.678795616838615,0.434787862375379,0.356716368580237,3
675,0.682082825172693,0.204956912109628,0.574007316608913,3
564,0.740053397356533,0.204893844807521,0.300923467497341,2
26,0.374532509595156,0.937358217779547,0.103930428158492,0
189,0.723284324863926,0.270057717338204,0.947793999221176,0
265,0.712516840060707,0.539826895133592,0.518877350259572,1
965,0.4049176934033,0.707665659627155,0.727349242243317,4
775,0.673477520581801,0.602436145790853,0.547936387592927,3
674,0.677286308105104,0.304644488403574,0.596063515287824,3
799,0.673591644652188,0.529908221238293,0.715219273814,3
1365,0.411838850289234,0.68879969527,0.728071039620153,6
309,0.709296318304259,0.564114226168022,0.667110684909858,1
65,0.762676588725299,0.267893524141982,0.631564678158611,0
70,0.754967871820554,0.882226505782455,0.923530170461163,0
511,0.738817045772448,0.517960623279214,0.359965947340243,2
707,0.678022841035854,0.512366074393503,0.714412029017694,3
770,0.678561771595851,0.630638137948699,0.635276019573212,3
1228,0.405370619129916,0.675870075911175,0.732589977965945,6
746,0.679951110216789,0.632520764041692,0.306503760046326,3
875,0.407023215864341,0.711210644807519,0.738350126981384,4
1387,0.414302386410706,0.67882433828626,0.732286643427401,6
1321,0.408448951779405,0.682976975602044,0.738695027660902,6
286,0.709245800201316,0.469516667444259,0.687457454507239,1
1302,0.406731880190385,0.680904725445978,0.734838812289571,6
1169,0.41118158930799,0.747177201577232,0.732956922431542,5
883,0.4109584436965,0.720066027974811,0.720849088970572,4
1375,0.400614849486387,0.682068665437649,0.737535977970447,6
1108,0.410872582484104,0.739865525819921,0.731652955766493,5
441,0.736026645293459,0.290367841045372,0.725126790697686,2
974,0.419310186405441,0.706179949239108,0.724963069960508,4
689,0.678734077280387,0.506906785443425,0.747991638025269,3
619,0.676501652528532,0.39469202272594,0.641508305445313,3
77,0.568683258723468,0.785278773400933,0.478993919910863,0
1215,0.406248888745934,0.672669043642895,0.732119847661186,6
494,0.737783552093897,0.183256570040248,0.531149008776993,2
1126,0.406107663722463,0.739852973005778,0.737117295112899,5
1033,0.414088658801978,0.742428855431471,0.734882944963952,5
1412,0.411030407930157,0.680204849920102,0.732108024653928,6
207,0.0856454039458185,0.160423285095021,0.903750022640452,0
1299,0.408128285665589,0.673649665701916,0.735342760925647,6
918,0.407188112475221,0.706607542229731,0.730390726963679,4
1031,0.410862730489003,0.738438329817533,0.734854176861021,5
336,0.705389890072402,0.176514293439686,0.616864881129004,1
865,0.405546089720372,0.705656426003921,0.731352554234952,4
1185,0.405217612211414,0.742638213823119,0.736483440534052,5
801,0.67664478458697,0.538176405150443,0.401120078051463,3
1158,0.397788552249593,0.732441643598767,0.740326471601264,5
786,0.679854374888819,0.265323347900994,0.7102997925831,3
831,0.404092274062193,0.709474391853407,0.728961759445022,4
522,0.735395522073377,0.18660811453592,0.739055980578996,2
1091,0.413766044734271,0.739807824993238,0.733475449192558,5
1029,0.406450669681385,0.734838406546876,0.732019596925312,5
609,0.734448709418066,0.314070010697469,0.620128375827335,2
117,0.367710615508258,0.535665354691446,0.892160206334665,0
82,0.173917684005573,0.53256159927696,0.964436063310131,0
1239,0.397446709094864,0.680396600653802,0.72728531852875,6
72,0.377100548008457,0.557375116273761,0.53944529639557,0
652,0.673886519575026,0.60761214166414,0.320071646012366,3
971,0.409906980468921,0.709425548087399,0.730247633955729,4
449,0.740391761150677,0.445432961243205,0.357938248547725,2
1021,0.395990458627968,0.740371106678205,0.743512060892562,5
1288,0.413686959615719,0.685948710278637,0.736636274242527,6
1068,0.401883837929084,0.742497851548235,0.727597124088858,5
608,0.742474689092487,0.247721417597495,0.632343045785092,2
1159,0.404627665580994,0.741930473464255,0.732110170816566,5
1355,0.406375354893312,0.677907213380993,0.736770375706185,6
735,0.675720149830449,0.287787981703877,0.387963724206202,3
929,0.401805070533123,0.716391038337785,0.728839097214936,4
567,0.738287068174686,0.298646043078043,0.567965718801133,2
845,0.396185944036349,0.706146007532349,0.733149700776085,4
396,0.70550282813143,0.538617818756029,0.65220898471307,1
1171,0.397857787814747,0.741755373984483,0.737428528752248,5
293,0.708849771260284,0.541232289536856,0.274421200621873,1
1161,0.407687224144898,0.734381818813107,0.729853188442764,5
1013,0.402452149477888,0.742634400359099,0.734276024254629,5
1157,0.405437177029759,0.730634931220302,0.726607409738015,5
1303,0.403482834935609,0.683165794199004,0.731820146725616,6
882,0.410398641495683,0.706928947215485,0.733860546015948,4
772,0.677610557929147,0.362071819510311,0.480133334523998,3
261,0.70476431065239,0.274951674533077,0.650399124831893,1
624,0.682810699364636,0.455745953158475,0.750237566884607,3
315,0.7096612549969,0.512819346762262,0.405335349147208,1
1312,0.40842749464165,0.679742210209344,0.727738346540061,6
1250,0.403052705780647,0.678985552911247,0.73806203323702,6
183,0.234909408027306,0.925757759716362,0.0428123015444726,0
451,0.739419463053346,0.345420975377783,0.560978688648902,2
657,0.67630248300964,0.342027287604287,0.467502937186509,3
1046,0.39623911023845,0.738573155655582,0.726658506982841,5
386,0.704990431747865,0.465743720903993,0.548297537956387,1
416,0.738445242946036,0.411729812296107,0.54436720139347,2
351,0.707745579658076,0.413713681185618,0.408148244023323,1
1017,0.40903544612388,0.741224135889154,0.737433747517535,5
992,0.403671635800866,0.715374209273932,0.734498532869413,4
783,0.679210444400087,0.40800547846593,0.322883085580543,3
760,0.673741491110995,0.23632145547308,0.407979734241962,3
37,0.414354651700705,0.505943073891103,0.971164707094431,0
1121,0.408256905053727,0.743058031169149,0.733493239234977,5
706,0.682760924031027,0.223720176750794,0.70753649272956,3
518,0.734293833898846,0.254681062907912,0.739281039102934,2
295,0.712356529831886,0.271882145106792,0.607604438671842,1
85,0.506181868957356,0.798115992918611,0.081985097611323,0
49,0.143462045118213,0.656229675281793,0.500096130883321,0
668,0.673738358370028,0.242554794671014,0.672415314125828,3
599,0.740271674522665,0.309010586608201,0.572828155593015,2
876,0.407080918048433,0.706725149853968,0.728807226646223,4
962,0.410390273033983,0.706530860127485,0.738177965934405,4
369,0.706035885412712,0.34969656963367,0.647005300503224,1
892,0.408790095504458,0.71142098504406,0.72558565395467,4
1008,0.40506167505926,0.708823540542484,0.73771151450103,4
851,0.410292094660321,0.702056637256812,0.73626395314317,4
938,0.396704517697187,0.707302674404902,0.736091064001348,4
1020,0.402037798485296,0.737875540713577,0.734626406704428,5
375,0.708969413586892,0.551238725450821,0.609746073489077,1
1260,0.408104110652036,0.686939197597143,0.735653512556114,6
1376,0.410166805388591,0.67838093997987,0.744509155550321,6
684,0.673799481636379,0.339504372701049,0.422032519825734,3
1105,0.406941105253033,0.742980700384129,0.72095117056511,5
172,0.265580064617097,0.140290644019842,0.936838379828259,0
1041,0.411336929320523,0.738452741858483,0.719616416884033,5
1218,0.40525883946156,0.68107366632002,0.720290879157753,6
1034,0.412724251070894,0.744375163083255,0.737786659957399,5
731,0.678648479790427,0.402765372674912,0.524177484097891,3
257,0.712619001832791,0.438077103486285,0.761908723972738,1
1196,0.405819424506729,0.739510270881627,0.732765457695211,5
579,0.742729986470658,0.571743980771862,0.435703488648869,2
1124,0.419045517548909,0.746399545112297,0.731564294579222,5
1230,0.412316059035048,0.680919535613386,0.732603309123144,6
1136,0.410616806476183,0.739504640473844,0.733302244254658,5
636,0.673980282018893,0.208588434872218,0.394832042627968,3
531,0.73819496370852,0.287782029388472,0.53047980775591,2
436,0.738532315122429,0.544374906131998,0.682230058591813,2
1336,0.408151329247312,0.670377414195046,0.731078694947132,6
653,0.679937283345498,0.558794743521139,0.345048843766563,3
849,0.414409750960723,0.714067302518984,0.723559114991626,4
1329,0.417621775068766,0.684579928664885,0.729660219052532,6
12,0.661111666122451,0.734862392069772,0.177286735270172,0
970,0.412687845934879,0.704374172809121,0.735973425034542,4
763,0.68229114077054,0.201168539957143,0.749102610978298,3
1373,0.405480511081282,0.671756138493557,0.734929552791697,6
197,0.814176156651229,0.446966992691159,0.654763437109068,0
1278,0.404776216743241,0.675732173783927,0.741690309274235,6
387,0.710487174156588,0.442055752174929,0.684300716966391,1
1170,0.404296578426219,0.734975346311405,0.73964617849736,5
434,0.738276588858571,0.507615970354527,0.610823004157282,2
947,0.410227737153197,0.708542913103923,0.725697592234872,4
833,0.401668887618748,0.714424156325967,0.735702185222994,4
423,0.74065338707529,0.32798778465949,0.601130040129647,2
505,0.739341578339227,0.254808802180924,0.359923420124687,2
943,0.404557137380583,0.71454583547366,0.730198643302246,4
1111,0.401330200518748,0.740111698932545,0.726639150146805,5
739,0.676138969603926,0.272018556622788,0.381567151285708,3
656,0.683070830849465,0.517523018200882,0.423786606872454,3
984,0.405541992170591,0.714081507494567,0.734919784229376,4
1404,0.400088880881911,0.677909253502713,0.72782570495684,6
391,0.707633224823512,0.465097079542466,0.726331290323287,1
1367,0.412471293059003,0.679791808420635,0.737130869048231,6
810,0.675651809277479,0.164497300889343,0.740457238163799,3
682,0.682146238863934,0.432936875522137,0.705758823896758,3
1410,0.410390953623707,0.683484094011846,0.721421560564706,6
1244,0.406441620796285,0.678772621950251,0.73012130750214,6
128,0.62707368703559,0.27659075637348,0.980509732617065,0
1398,0.410907640692175,0.681660709742157,0.727638498941553,6
996,0.404906924884837,0.714727943092335,0.731584861063049,4
356,0.710984427074436,0.240561290434562,0.442357798339799,1
631,0.679228426145855,0.467536698002368,0.480268603889272,3
1275,0.406445868833597,0.680575855195992,0.728069912666466,6
483,0.739233220873866,0.223775436310098,0.745925061637536,2
1270,0.404851003170785,0.683712552612694,0.735789313196885,6
56,0.407789516495541,0.709251038031653,0.989259681664407,0
1085,0.411148251042337,0.732144381779407,0.730324016875115,5
343,0.707088731680997,0.528951143636368,0.56042074970901,1
330,0.704821548392065,0.485462072095834,0.536822290858254,1
715,0.675664312609006,0.567185310437344,0.725247699534521,3
972,0.4018153565195,0.707653716472739,0.736639149363703,4
1198,0.403371496371296,0.729435878931626,0.731172817770724,5
1088,0.402156555151921,0.744473256419308,0.736391037237008,5
837,0.403084295926772,0.707500032101636,0.736558456813727,4
415,0.73861074957531,0.267427653097548,0.278160620480776,2
561,0.741498006556649,0.241401147819124,0.740714348270558,2
1291,0.402168926605377,0.685177092851962,0.730920795802205,6
553,0.736330444174819,0.170177514688112,0.715778446523473,2
318,0.704068318200298,0.155985084269196,0.364958895836025,1
1225,0.405395941771398,0.67828914430152,0.740693372205637,6
1411,0.405017793078486,0.672779014338751,0.736841276619443,6
319,0.710315970536322,0.604008704796434,0.721081720199436,1
554,0.737004540269263,0.187539076455869,0.626113661914133,2
1211,0.402283628120844,0.741075008171644,0.731732428229911,5
814,0.404773500060838,0.702563498731344,0.734964310421002,4
545,0.740628500685562,0.166819286323153,0.712097714887932,2
477,0.739478094945662,0.360358758154325,0.692599167930894,2
316,0.711410434474237,0.608781407377683,0.445350117865019,1
8,0.965053200023249,0.16473420127295,0.0775093731936067,0
13,0.332169924629852,0.158673296682537,0.684200986288488,0
1011,0.401177901165818,0.708090088535893,0.729365723573987,4
221,0.710872667101212,0.496215878077783,0.528145798598416,1
1137,0.398417126355069,0.737506569359281,0.732429884620846,5
1366,0.40973415739849,0.677193879222679,0.724113380952625,6
1002,0.401629500944159,0.711609502284777,0.731124356924505,4
1107,0.403113167435367,0.738960655831679,0.735895014525449,5
159,0.727962584234774,0.516914124367759,0.0625671034213156,0
1221,0.396520886076693,0.673550071213213,0.728205174114988,6
1049,0.394124680899792,0.739606622332914,0.726907290204593,5
45,0.00712562119588256,0.454124703072011,0.00961854658089578,0
681,0.68274400629336,0.301646056375466,0.377904934342951,3
285,0.709921552769374,0.64325347696431,0.701643654028885,1
428,0.736920216535218,0.335529944300652,0.398077269201167,2
703,0.678619697177783,0.302801419072785,0.501602357020602,3
129,0.831662082113326,0.747598530491814,0.237219501519576,0
485,0.740401298790239,0.552733179554343,0.658945324248634,2
114,0.389042354188859,0.616660113912076,0.310608447762206,0
430,0.738020220936742,0.221854428318329,0.276864752057008,2
487,0.737638306473382,0.219292382965796,0.271713652880862,2
258,0.709313267939724,0.188131002034061,0.402066658367403,1
1205,0.401400480824167,0.740114346645634,0.731491928945931,5
1362,0.405878656884835,0.684078939135666,0.723581346337154,6
1173,0.412038935063806,0.735426040584878,0.72951243591942,5
884,0.409553736697983,0.716348384472562,0.72816785634181,4
724,0.676118632105645,0.218445765925571,0.696940969559364,3
395,0.70393869807478,0.50528625540901,0.417800479917787,1
994,0.403767589150082,0.713385259041287,0.730321218642214,4
534,0.735376922425348,0.394933886500075,0.569382078130729,2
1067,0.407390764305534,0.735742632294584,0.728815081403041,5
1293,0.404764898121842,0.672387021665292,0.728295547929765,6
1138,0.409658258388205,0.738371348136346,0.727009608766798,5
1241,0.403611300040718,0.685547062684135,0.731031081687084,6
991,0.405879973041582,0.708354864867606,0.737493166354674,4
903,0.414242451342176,0.70631582110668,0.732600290625907,4
365,0.704789848146029,0.590014223265462,0.603234437876381,1
280,0.707601311595645,0.445822239760309,0.557198727037758,1
1035,0.40134431155034,0.735777652006493,0.734418107753122,5
474,0.739902791245841,0.249361845920794,0.448822218226269,2
348,0.703730451804586,0.538179872231558,0.349616743042134,1
476,0.737769966896158,0.395323212631047,0.309350867755711,2
432,0.743177874404937,0.430973084666766,0.720041035558097,2
820,0.400627795509935,0.723430041171173,0.733183020195374,4
1057,0.407525593774738,0.743515130820198,0.743960659268394,5
1000,0.401659808332698,0.70487140513958,0.736379400621293,4
577,0.73875992090907,0.241104782582261,0.636003850377165,2
1261,0.405414323370614,0.679598245102099,0.732482520530529,6
569,0.738678759108298,0.382136669266038,0.765890395152383,2
1094,0.403741043433029,0.737103690863852,0.732934633056275,5
855,0.403530618934899,0.70566705305331,0.736778391546004,4
895,0.402201403389922,0.71061763257119,0.729064962294474,4
153,0.18414293974638,0.0277458345517516,0.0760916462168097,0
968,0.39530095968036,0.702070439331753,0.724689658200219,4
648,0.682621544464491,0.609349453262985,0.443274822202511,3
1286,0.413380631824798,0.680306040676548,0.732949721460883,6
30,0.461606518365443,0.0087943859398365,0.608103242237121,0
1399,0.409349387482002,0.683699048496391,0.736723244623653,6
887,0.404378266694046,0.699760868941022,0.739353145708522,4
195,0.452177103376016,0.221531234681606,0.728481576777995,0
1066,0.402460178168968,0.739737625325508,0.729594391510636,5
1219,0.400140197408345,0.683767364457009,0.727165269975125,6
102,0.115486561786383,0.228548124199733,0.161890543298796,0
923,0.408263767349283,0.708497864912863,0.739361432426437,4
1004,0.411094023058828,0.700645394480706,0.737578560004647,4
714,0.681523235407658,0.442048384132795,0.463467133231461,3
59,0.0480586483608931,0.402239221148193,0.921017716638744,0
64,0.274063298711553,0.394814136438072,0.182899424340576,0
495,0.741746130797546,0.194441345776431,0.496382776182145,2
222,0.707913652583957,0.282816194137558,0.700470980256796,1
1129,0.404432639590061,0.738506516943507,0.732121669613312,5
209,0.651750263059512,0.706128926947713,0.606159058399498,0
112,0.622824335005134,0.684969461988658,0.236241335514933,0
1351,0.397018565551361,0.676167933105652,0.731338232662899,6
405,0.708485186842736,0.370625316537917,0.527187602827325,1
583,0.742595160445199,0.607921292213723,0.393862215569243,2
1061,0.410314330622549,0.736969510372476,0.734234458855757,5
650,0.677546287446749,0.273434792086482,0.53681144642178,3
640,0.674761029903311,0.336792793381028,0.584351348341443,3
696,0.677456713817083,0.601256535877474,0.467922654235736,3
3,0.530598135432228,0.0318669422995299,0.72518726810813,0
557,0.743155003120192,0.531110168923624,0.35906116780825,2
32,0.593053999356925,0.0852551558054984,0.473860474070534,0
58,0.263593906769529,0.634175339248031,0.617910339962691,0
287,0.712116446276196,0.386163951968774,0.699107457650825,1
721,0.67537010348402,0.259622153500095,0.434264916810207,3
167,0.720197962829843,0.405697238398716,0.11476798565127,0
600,0.73711508667795,0.175045688194223,0.768331413855776,2
558,0.736830865475349,0.579028837638907,0.658681202912703,2
1309,0.414034152762959,0.680018417850337,0.734154534712471,6
906,0.406278297300028,0.719539229280046,0.729576503692547,4
126,0.964490938931704,0.979739277856424,0.767733817221597,0
1400,0.407796518125005,0.692287030959323,0.723827196652958,6
618,0.682720744726248,0.599964522663504,0.423719012760557,3
987,0.408687806286285,0.712443840430016,0.737934944366232,4
498,0.739582590202335,0.489980768435635,0.338901543756947,2
84,0.494878337485716,0.102370855631307,0.311807494843379,0
173,0.398680919781327,0.203836573287845,0.737199840601534,0
919,0.40061682580244,0.710378703029732,0.737426256978045,4
1184,0.398291099929771,0.739265207127736,0.734169031814489,5
559,0.737453906531446,0.507431119587272,0.726581563823856,2
1122,0.41051556247512,0.737846880830972,0.732642739967559,5
575,0.73639035071712,0.608262443472631,0.719861745485105,2
593,0.738507750837598,0.329676521616057,0.528048867010511,2
106,0.330410469556227,0.11679124343209,0.453040523687378,0
861,0.39566479320173,0.712153575128416,0.719212151123542,4
378,0.709316975260154,0.145874186209403,0.421278737252578,1
637,0.681861001159996,0.415652886172757,0.491317045874894,3
132,0.844113563420251,0.846345840021968,0.105887532699853,0
690,0.673890031352639,0.425326537829824,0.562542203464545,3
842,0.403162107297539,0.70947924510526,0.725374927089737,4
1246,0.404137579980165,0.686151948135701,0.739600037555001,6
1177,0.411061327895381,0.743115761159443,0.73042831110654,5
1,0.951520037138835,0.427743093343452,0.612602801062167,0
654,0.674603622250725,0.313936876854859,0.588105636648834,3
1160,0.400193249749101,0.745755279022959,0.735382639883085,5
357,0.708938986437861,0.467833929369226,0.62792737793643,1
1238,0.399115057768298,0.67522252008573,0.731159089582879,6
622,0.682829891322181,0.293482502363622,0.281834667315707,3
283,0.706980692446232,0.514801202132367,0.671171585679986,1
916,0.405602472881308,0.711228545322534,0.729103138895952,4
253,0.703545791313518,0.2847978514852,0.356145933736116,1
854,0.407753248440925,0.706145681908556,0.737896147369145,4
489,0.740980791300535,0.633952471800149,0.453640860621817,2
804,0.677641811894719,0.271469461522065,0.611598759074695,3
1082,0.406734352072177,0.736699586815739,0.727621191395765,5
1128,0.400230185700792,0.731605496194784,0.729978067537384,5
1268,0.410756856021739,0.682102266764499,0.730577269304635,6
366,0.704024402110372,0.418284312379546,0.652114675845951,1
1005,0.407043247259601,0.699013161758091,0.733550842482939,4
109,0.347210444742814,0.824751300970092,0.860217790817842,0
187,0.726750878617167,0.348614498274401,0.986967427656054,0
327,0.710297165825032,0.57839910548646,0.512839392991737,1
409,0.710486510670744,0.639708974189125,0.674871837254614,1
296,0.707807462383062,0.157356605888344,0.399535271571949,1
486,0.740219938317314,0.564173809043132,0.295278983307071,2
254,0.704679211992771,0.16844554527197,0.540785785764456,1
136,0.398288329131901,0.919447415042669,0.315774444257841,0
1003,0.405291270578817,0.702671553156362,0.740204433502468,4
1109,0.404127477880039,0.744750727760785,0.737461142484581,5
1405,0.402965653541826,0.685250085706972,0.726895149113206,6
1258,0.400906649357485,0.678245106921071,0.731146003048811,6
686,0.683136330773123,0.57999526374042,0.438271599123254,3
950,0.409076807849318,0.71487442351386,0.741548221625372,4
447,0.735292596395593,0.242445331322961,0.681249331915751,2
510,0.738000426716171,0.457769997906871,0.372168344445527,2
88,0.903728067176417,0.665505011333153,0.084125351626426,0
852,0.413193624252432,0.704413041184893,0.731065814880013,4
93,0.463789999950677,0.788493000436574,0.436698813224211,0
749,0.676751898035873,0.167293603904545,0.555868706782348,3
1231,0.402992984192117,0.68057842788604,0.732133610862277,6
256,0.711511229425669,0.473484184266999,0.551560615655035,1
1139,0.419555570887367,0.738741067806046,0.739451668343588,5
815,0.397668579872437,0.710952682127538,0.720826188875793,4
1220,0.406962767478464,0.675351487351264,0.735085535500444,6
1314,0.408941702293487,0.677671489099719,0.735136128578495,6
1249,0.411948393513247,0.67456157402368,0.736049970881598,6
380,0.706393919135444,0.358784454781562,0.768580755684525,1
1106,0.409538717131635,0.741478249988501,0.733138437117654,5
872,0.406252345512013,0.708937739907466,0.730671906630813,4
718,0.682108876351267,0.260290213767439,0.395802779588848,3
346,0.712260479473043,0.385363968694583,0.31467685138341,1
768,0.678217469514348,0.442543903971091,0.317285010241903,3
504,0.73861956443172,0.355772265838459,0.663345948327333,2
611,0.737789827811066,0.208379286131822,0.522829638328403,2
294,0.708436006649863,0.412574123614468,0.411823393544182,1
1378,0.405834225815455,0.682982381314588,0.732485865473692,6
881,0.40777297970498,0.709153551074892,0.736604447279157,4
1341,0.413946113650434,0.680114813279317,0.727648577850819,6
898,0.406331100453737,0.710752632664127,0.72931555942954,4
360,0.705657848408446,0.401834846963175,0.37698916788213,1
646,0.682545173144899,0.359394444874488,0.296338233631104,3
158,0.442414907040074,0.231253032805398,0.053878425154835,0
472,0.742453273448628,0.577648035273887,0.286007211310789,2
250,0.704751876080409,0.362491047033109,0.350838652462699,1
604,0.735497465387453,0.302907558297738,0.624412430915982,2
1389,0.403988034916538,0.677199806508196,0.730967857805965,6
243,0.70862013561884,0.643681687908247,0.694197164615616,1
737,0.674714994039387,0.531662783725187,0.282500281464309,3
480,0.735787697802298,0.298685466195457,0.439660794800147,2
149,0.24666457134299,0.765926260268316,0.360990178072825,0
168,0.491891833487898,0.631552529288456,0.710493037942797,0
53,0.807303065666929,0.763370139990002,0.279089596820995,0
1195,0.405064821553948,0.73787083774299,0.729381016242402,5
1298,0.39509654146139,0.681229909371164,0.731064712954234,6
135,0.253566314233467,0.549886672059074,0.64194108475931,0
492,0.737668705997057,0.588603941281326,0.445992155233398,2
1257,0.403593997134514,0.679370347183054,0.729706812578412,6
1240,0.408819026533165,0.688221708883418,0.729473500258886,6
234,0.709422236294486,0.147207318944857,0.291158677893691,1
355,0.70883766266983,0.294453244213946,0.766171467257664,1
757,0.679350942110177,0.542847062600777,0.615876815631054,3
200,0.293613287620246,0.728743819985539,0.549413103377447,0
310,0.70609258013079,0.529957080399618,0.545492505771108,1
188,0.147650787141174,0.0462247040122747,0.678035365184769,0
1200,0.406278906026933,0.739530796711225,0.735892284540334,5
1397,0.406534474641377,0.685326412617453,0.736073200609058,6
163,0.605458829784766,0.400676149409264,0.747299218317494,0
1154,0.411105936625842,0.740516257665198,0.73715726797664,5
1235,0.404997641418789,0.676180707031862,0.729275020299807,6
180,0.558010959997773,0.785751999821514,0.0213659864384681,0
393,0.704270921691787,0.267371818213724,0.718589970376343,1
503,0.742388473304454,0.344603045517579,0.360611336422153,2
828,0.405722996221792,0.710479683510108,0.736775945962161,4
551,0.738905468429439,0.485719030513428,0.445069749373943,2
945,0.403908655248141,0.709204715561085,0.735116600519341,4
1144,0.404143328565666,0.73786338938899,0.735317064373474,5
1281,0.401811644905518,0.683098118761421,0.728191436064604,6
275,0.710280688393396,0.190336767723784,0.629774091299623,1
980,0.410530274323084,0.711838488276678,0.731592090010744,4
667,0.680205250093713,0.22612717517186,0.41690937615931,3
601,0.739135846258141,0.22071604304947,0.759729026001878,2
787,0.679429139725398,0.610532320593484,0.688119779922999,3
308,0.71316090618493,0.27076729121618,0.489689782843925,1
467,0.740408308980987,0.305834619235247,0.55408187082503,2
401,0.711358889220283,0.371694919560105,0.571147815557197,1
1294,0.411768657349752,0.683311038334309,0.732253688713694,6
928,0.41395750534576,0.714439503137433,0.728056172493346,4
116,0.79864720790647,0.445855668047443,0.806597050279379,0
680,0.674686539440882,0.294734685355797,0.656001205556095,3
528,0.743320796550252,0.523914060695097,0.287967175943777,2
859,0.409084606842287,0.711836888886826,0.725137895051031,4
848,0.411713815374614,0.705415034214756,0.728849751279602,4
1055,0.416355811560922,0.737713547456289,0.730482350317878,5
1192,0.396580727689476,0.7348352984049,0.733132546496755,5
1054,0.407668204120654,0.738737301362108,0.723021430185627,5
326,0.707318470960017,0.55482923660893,0.694453494390473,1
1019,0.405006903525542,0.740645157365851,0.723999887313081,5
317,0.706625591930933,0.288001158763655,0.629391747526824,1
213,0.705471914377995,0.397492496902123,0.330629175412469,1
113,0.290500319330022,0.532511707628146,0.120918985689059,0
1076,0.419530734946186,0.738924227515889,0.738650038846211,5
871,0.405926125329838,0.718543049772191,0.726666238850078,4
1403,0.403013031003997,0.672131177812299,0.725292591012132,6
960,0.410355248682255,0.715651628665088,0.721255774475306,4
595,0.735627364832908,0.172810569428839,0.756574889761396,2
596,0.738018399418798,0.297231604717672,0.692526394268498,2
91,0.338183218380436,0.105470523703843,0.201815661042929,0
201,0.81125109619461,0.204068463528529,0.20345324696973,0
445,0.738252327141818,0.616560795367695,0.273338196799159,2
1028,0.411681281441813,0.733399789656306,0.731865445004576,5
54,0.479381654411554,0.858444097219035,0.234906926983967,0
62,0.586401900043711,0.387715001823381,0.144568925257772,0
572,0.733374627567828,0.383180553466082,0.76873584149871,2
863,0.408534768527301,0.71601863008693,0.732087607767274,4
1340,0.401325992861643,0.673532848290809,0.733351213521277,6
311,0.704094809449744,0.358013736805879,0.489357294514775,1
1358,0.398475316163715,0.668317446107497,0.740845643100939,6
874,0.411241715292388,0.709045042636528,0.729024745291718,4
533,0.740697554517537,0.224828627798706,0.344021367374808,2
989,0.418103074187973,0.705238980143516,0.745411910883465,4
1047,0.400528727897016,0.734469035806774,0.737712446699067,5
1333,0.405621315021989,0.679928351228632,0.736033200457563,6
176,0.887616826221347,0.636764957336709,0.341702570905909,0
462,0.735753974197433,0.323190415184945,0.490213485783897,2
33,0.320615807780996,0.411530224140733,0.448566905222833,0
219,0.712582755971234,0.612978528859094,0.754070007125847,1
946,0.39758250063656,0.713135616799706,0.723653525042403,4
137,0.698880657553673,0.996425033779815,0.86102499673143,0
1352,0.414247385048909,0.684580084164326,0.730093036895756,6
1027,0.407774163234583,0.741288543511935,0.732170018181032,5
119,0.776010911213234,0.624537324998528,0.589832698460668,0
781,0.679235754532274,0.360739563731477,0.403545543551445,3
1084,0.413907815208609,0.737790579431057,0.726291421476782,5
1210,0.396369769920245,0.733670533206944,0.735577516866835,5
418,0.7407165354467,0.160741831432097,0.336906466749497,2
671,0.678015506963711,0.16396508414764,0.599956132820807,3
341,0.707781321583316,0.51141815262381,0.395950940088369,1
1271,0.405079633333228,0.689499373589993,0.733109507749613,6
514,0.734144718276803,0.578064104216173,0.62924479029607,2
1354,0.396712734843492,0.676778766857412,0.732424742568937,6
1339,0.406922893520649,0.67461334180354,0.734912012647198,6
978,0.414472538343669,0.717784438577542,0.731717407239401,4
484,0.733877792924177,0.462503232667223,0.594818988582119,2
843,0.405298360665806,0.718892815284498,0.729107181113058,4
1248,0.399605795287861,0.674343312460891,0.730788949931262,6
709,0.679500136498828,0.478948443336412,0.318355531198904,3
642,0.678958925586194,0.422671046713367,0.341873609344475,3
407,0.703965720406268,0.51409892286174,0.595956671750173,1
220,0.709655438489281,0.325137279951014,0.539913770044222,1
314,0.710237623143476,0.187668797117658,0.755319717223756,1
811,0.67775187820429,0.146543122734875,0.279004279524088,3
1096,0.403088831123632,0.73113258012912,0.73605153786943,5
412,0.705826797238551,0.613632598333061,0.284894672222435,1
138,0.833916114643216,0.21997916395776,0.566038172226399,0
1089,0.40701462189833,0.743495872870643,0.730135874020092,5
1371,0.401028501537229,0.684679547478539,0.734602569758813,6
1095,0.400917847923165,0.733003983926455,0.738377715688068,5
1370,0.410287276658467,0.68245331636142,0.726150490989508,6
1284,0.404835195933213,0.672518557005159,0.739976906065084,6
25,0.193838169798255,0.427419487619773,0.351461107144132,0
1064,0.41257109136282,0.738996391594986,0.739522887204947,5
1042,0.410639839047816,0.739243291490683,0.731982548456336,5
819,0.405798502307369,0.703249909494512,0.730521310007778,4
977,0.413926564478127,0.717206738792799,0.727866617215213,4
890,0.407895484691566,0.702238686359756,0.729267983085785,4
901,0.408742327165297,0.713188198114821,0.732324697751475,4
807,0.682118897673208,0.433489301614463,0.536977178533562,3
471,0.734851747944486,0.540234922920354,0.613358629518189,2
95,0.0543691436760128,0.599334657657892,0.70922007295303,0
1156,0.40343947650804,0.735587729782271,0.735522044403149,5
1118,0.412167717004934,0.741158863272366,0.734446762806895,5
313,0.713196141284425,0.534507640544325,0.296127137495205,1
51,0.98163146013394,0.854448826983571,0.294734734110534,0
920,0.401615610649968,0.70683548456821,0.736584407346675,4
278,0.704632614434231,0.281057993206196,0.695539694628678,1
555,0.740064363237471,0.341477265488356,0.683151330566034,2
400,0.709789625196718,0.257885377528146,0.448769155191258,1
858,0.408374540350109,0.715029744543038,0.735910056636729,4
1072,0.414685735132334,0.737570029062002,0.740603619265602,5
1409,0.409298766070213,0.683337467335676,0.733108520429867,6
1301,0.404232243305248,0.678746447545067,0.726502006348728,6
1224,0.414793969193585,0.682808829579511,0.727558290816218,6
104,0.926755229476839,0.126491722883657,0.882761434884742,0
450,0.735197514153552,0.32290383989457,0.611719182925299,2
948,0.407851715222007,0.711383512251077,0.734413580251168,4
1038,0.416244160775941,0.75191279454699,0.72977447505646,5
1163,0.407069255068114,0.739338369570302,0.731573084647814,5
1014,0.397183712192671,0.7422099236329,0.733463134690534,5
751,0.673461436317302,0.154119419888593,0.648402755847201,3
1093,0.415110129381912,0.738398573309269,0.73887229961959,5
1216,0.411229915856829,0.676824654804317,0.732065830612907,6
543,0.739346705537755,0.465187927498482,0.769421310862526,2
912,0.396398069992731,0.715055793521148,0.727462727173696,4
693,0.677819860382006,0.291550684161484,0.521654465119354,3
1317,0.408477953965424,0.683477715143183,0.733434192814523,6
454,0.73963942942908,0.324090069998056,0.623925654683262,2
941,0.409620173933105,0.705659505727111,0.728093895162042,4
1052,0.398352861473986,0.743868536087388,0.739878855308201,5
997,0.410669228378688,0.712238475061912,0.741237583059991,4
806,0.680228723997716,0.401805800176226,0.616478749318048,3
381,0.712040601796471,0.412568824621849,0.401450315839611,1
103,0.48279707483016,0.270604362944141,0.802152998978272,0
1203,0.411102360873009,0.749259643191078,0.729201180309254,5
683,0.682647337822709,0.327548759547062,0.668466284521855,3
711,0.676886120866984,0.491553442692384,0.338006645208225,3
89,0.718449229607359,0.870519678108394,0.261797749670222,0
1276,0.41120795950119,0.682088329682729,0.736734621309487,6
750,0.674832365214825,0.485536850546487,0.310701405163854,3
121,0.800060766283423,0.707481079967692,0.368084236979485,0
641,0.674920296901837,0.202580306818709,0.654766944237053,3
1078,0.413700461742872,0.733389238987235,0.738791659325765,5
1223,0.401474082235077,0.68149857153893,0.736681164852533,6
742,0.680997493809555,0.437342101964168,0.569766565458849,3
530,0.740777058273088,0.373630363866687,0.595152274589054,2
745,0.681703404204454,0.267747862869874,0.300850186613388,3
1379,0.409502227587852,0.673324947129717,0.731253842953864,6
785,0.674008993348107,0.560774288047105,0.454113761079498,3
1130,0.412913988947186,0.73234126904778,0.729522992440515,5
1318,0.405425497760913,0.668005253322374,0.728378700853254,6
995,0.397550703580632,0.708880316513163,0.727405975830653,4
394,0.710825845617801,0.497568236105144,0.315989731810987,1
1175,0.401974484182171,0.740623100275356,0.738934365395663,5
267,0.713342453003861,0.171091615944169,0.761819578241557,1
470,0.737319837233517,0.390234114392661,0.510995451943018,2
339,0.709179906365462,0.616988256480545,0.503353206207976,1
363,0.706803393149749,0.555057048704475,0.328095306642354,1
1262,0.411222120884498,0.680485813071786,0.730754850994955,6
1280,0.400480941547757,0.686089270465866,0.726358697572053,6
248,0.704902079356834,0.414064192818478,0.422054193797521,1
790,0.676031531442423,0.421249752771109,0.522826644359156,3
829,0.416307863461029,0.709159998679717,0.730753715276754,4
156,0.453088995302096,0.880986874690279,0.415647653397173,0
22,0.904282154282555,0.925969614181668,0.496838049497455,0
1390,0.402309367766227,0.670781748582174,0.723834944374212,6
29,0.660564466146752,0.888043272774667,0.65207491395995,0
39,0.685805906308815,0.235785718541592,0.737143341917545,0
444,0.741623228441458,0.216884390474297,0.710077463765629,2
259,0.711012235167436,0.224496441450901,0.312579551246017,1
186,0.833277316531166,0.0998008113820106,0.556222730316222,0
1285,0.40273202801975,0.689248125299923,0.735235668013252,6
198,0.00202173879370093,0.811717382865027,0.137234496418387,0
347,0.710595046663657,0.541441058996134,0.688763246987946,1
301,0.707623857383151,0.594602596038021,0.30190444609616,1
152,0.806704184040427,0.952387713361531,0.32103184540756,0
1098,0.404148154636395,0.740661119298338,0.738898708937108,5
178,0.392619630554691,0.679654624778777,0.120945939561352,0
328,0.709712942221668,0.449551367107779,0.636856572935358,1
789,0.679719540830702,0.241514502698556,0.466269890894182,3
1368,0.406688708883382,0.681597725660082,0.727426115540553,6
266,0.708286278718151,0.396468485845253,0.402472282876261,1
237,0.704857111033052,0.256658555846661,0.694946729345247,1
1114,0.399182822673406,0.747103592211765,0.74052355938394,5
1143,0.417466052140523,0.740370327860654,0.737002951861244,5
410,0.704983582280111,0.63163910866715,0.690293872496113,1
199,0.761946158483624,0.712417218601331,0.83629889623262,0
174,0.660351385129616,0.271010312484577,0.35303160501644,0
802,0.678609015499242,0.345708643924445,0.426848507020622,3
157,0.202309361891821,0.290568304015324,0.496891621500254,0
297,0.705047843754292,0.388707270636223,0.4915463286452,1
1133,0.402160447940637,0.735871173847916,0.745391493240763,5
1087,0.40950871878742,0.736404186384776,0.726699969848281,5
615,0.675656692222692,0.29281970045995,0.375347334891558,3
744,0.679061313208658,0.394695393065922,0.313942052889615,3
955,0.40481018607264,0.710725903381918,0.723515514340559,4
788,0.675889954103623,0.400528460997157,0.622038729372434,3
192,0.380388721823692,0.104489903897047,0.187020105076954,0
133,0.436986325308681,0.752238112036139,0.150411128997803,0
649,0.681873770393431,0.172578208404593,0.388100103707984,3
1152,0.408196763230707,0.749442356147525,0.727122634552523,5
1208,0.405818962880721,0.7360168407415,0.73316318917527,5
1222,0.406409635864862,0.671864768593267,0.737499777452889,6
1393,0.402624412965269,0.686181166263933,0.728513159647813,6
1112,0.41069049686875,0.752746563200158,0.731545951929243,5
1338,0.405010933467512,0.687626087109715,0.730928778843713,6
1406,0.396666649169063,0.677795357945276,0.737213523723675,6
1025,0.401212182526453,0.736722364108102,0.731936361160816,5
581,0.733906110555399,0.33715643864125,0.278535679448396,2
1141,0.409708035823255,0.744003683675796,0.742316619025838,5
368,0.711528518609703,0.490479477704503,0.498945533530787,1
983,0.402663620692493,0.70981073510697,0.734240413340964,4
591,0.739856651904993,0.190849503874779,0.307944046799093,2
383,0.709744908649009,0.253687710640952,0.37264401500579,1
1178,0.404900836755337,0.743293816531387,0.73161295923955,5
621,0.678642073336523,0.403541564382613,0.287783558131196,3
816,0.39822846888073,0.710451353865563,0.732832727692649,4
517,0.739987784158439,0.471036354335956,0.493438925594091,2
1385,0.412351905480117,0.679291642194745,0.721168283900015,6
98,0.547900415491313,0.929318318143487,0.893978177569807,0
856,0.401915908167779,0.716499362844613,0.729708825680212,4
886,0.40187838900313,0.714755394020218,0.737538732680008,4
956,0.399844972314063,0.710274454865605,0.735907283579514,4
934,0.391684721733909,0.711798356119106,0.729572177000186,4
1337,0.419857312336369,0.679651296121062,0.734759316812963,6
23,0.816740474663675,0.262219388503581,0.778259307378903,0
942,0.400832119018573,0.711696627522402,0.722568939348351,4
191,0.58866748586297,0.207214846275747,0.964856430888176,0
1326,0.416862347318122,0.684237802541212,0.7379511906172,6
334,0.708596991568338,0.263890229072422,0.300518387346528,1
710,0.679932851649355,0.224149485607632,0.630392789607868,3
245,0.712061714048032,0.345033138315193,0.758015991537832,1
4,0.20203127572313,0.391813015099615,0.0789730977267027,0
24,0.234476015437394,0.656270763836801,0.993179298005998,0
612,0.741152973372955,0.199461820325814,0.672968640807085,2
1245,0.406993566830651,0.681968165072866,0.724431351799574,6
1283,0.398499453613511,0.674056946563349,0.725546734206884,6
490,0.73432453483576,0.244730960950255,0.588255553855561,2
214,0.709639805995394,0.433284861408174,0.413709183456376,1
576,0.741963888776954,0.329086695471779,0.307559639913961,2
1053,0.405282727993418,0.737453385618883,0.733076288759364,5
834,0.402508777769493,0.71668712701453,0.72810800116171,4
204,0.629809564212337,0.956363811390474,0.515548455296084,0
6,0.640348293818533,0.721683401614428,0.822411409346387,0
1117,0.400746913261273,0.74198663940648,0.729151350514826,5
19,0.688637264305726,0.918519145576283,0.853939231019467,0
1100,0.410957098455814,0.739821454813954,0.740491989853855,5
1182,0.40225938936529,0.739273814710578,0.736678070862377,5
1386,0.406289107570755,0.67987316177419,0.735461661277035,6
587,0.738653362141922,0.587967668916099,0.768324380158447,2
332,0.712642014652956,0.54618127157446,0.613494434393942,1
229,0.70366769426968,0.511176838213578,0.317279717652127,1
1189,0.399239887902092,0.747849199632452,0.734226065553744,5
1209,0.396973318395135,0.734928348166272,0.729947253737669,5
79,0.119663433171809,0.591616484569386,0.00552029954269528,0
1324,0.409670560544691,0.689163223728226,0.736865119519584,6
635,0.677004609499127,0.259325962187722,0.395442976383492,3
1282,0.404648309378227,0.678377774159126,0.735740155576273,6
1330,0.404449172786295,0.680834263744085,0.72411392997155,6
879,0.411700530689127,0.715196884203586,0.739636470966593,4
771,0.677969240951352,0.354231159808114,0.767190555925481,3
1080,0.403739074510945,0.743871035158674,0.736885923217292,5
1384,0.391659662974523,0.678597550567187,0.730844368747198,6
1113,0.407826751786042,0.740167484812185,0.733777859399124,5
300,0.703608258741442,0.241211265465245,0.736800373764709,1
1311,0.406416105215602,0.681083315285255,0.726855339476641,6
1048,0.405912158788825,0.744384353582315,0.729903248182481,5
1187,0.41333247692411,0.736974043122867,0.737913790181051,5
134,0.809486004989594,0.946837988914922,0.0961916602682322,0
1305,0.401228876181828,0.674560401069512,0.732768212748255,6
969,0.413760494952077,0.708135625300753,0.733444083529158,4
130,0.589591458905488,0.297938647679985,0.867684536147863,0
1073,0.403783296301625,0.741152909834604,0.736315259299919,5
38,0.0456803331617266,0.328803951852024,0.317628965480253,0
719,0.67903415289009,0.634375534276478,0.57622762711253,3
367,0.711710955495946,0.227741059637629,0.686486509745009,1
337,0.709399233961012,0.51143425158225,0.67893701698631,1
175,0.46457514539361,0.219810891197994,0.320542972069234,0
1369,0.412258291275754,0.678594305934293,0.731087717165248,6
658,0.676816779351793,0.467092702537775,0.480071963509545,3
331,0.713247707264964,0.49468845166266,0.496627612155862,1
466,0.733428384284489,0.380271412688307,0.426891681156121,2
506,0.739948961252813,0.21733120388817,0.524008052656427,2
925,0.410036016437665,0.707248094518953,0.73159674825351,4
1146,0.412960223124188,0.737316058482586,0.738920002192592,5
1063,0.412539329370794,0.743930972564594,0.727789912675805,5
1380,0.416813792782215,0.671346421899447,0.736038952238286,6
322,0.707454180431087,0.333566578128375,0.727678257157095,1
610,0.73840297492221,0.604797850851901,0.366978925885633,2
1147,0.401033733993106,0.744590766739257,0.736844161511195,5
563,0.738473386194091,0.489756741235033,0.567793789785355,2
597,0.741403715086635,0.428333687619306,0.703435098752379,2
171,0.318804644513875,0.65007485402748,0.0881321299821138,0
560,0.735701401606202,0.628924360522069,0.41180169431027,2
461,0.7371762289037,0.512504806881771,0.669697523349896,2
676,0.68161441239994,0.618263026606292,0.568458829307929,3
421,0.742578131780029,0.237881130562164,0.382227982510813,2
76,0.986382561968639,0.058015966322273,0.264096300350502,0
1255,0.407673307772442,0.682896774601063,0.735284151082552,6
888,0.403971866730118,0.703525712581782,0.733183101125541,4
1037,0.406775155818634,0.731919747113659,0.730220302349773,5
1142,0.41554715523554,0.734073520815688,0.73548583341658,5
1079,0.408714739637388,0.739043448455891,0.730612182603199,5
1335,0.400149001251004,0.682100778385557,0.732399904598839,6
1001,0.415631507284567,0.703614628365775,0.734681628579046,4
1377,0.410076618517887,0.684470732954599,0.727466823958742,6
479,0.739692652567756,0.165884945797734,0.641366544179618,2
1180,0.398350822820628,0.736523149286256,0.73582162636766,5
139,0.808579556178302,0.538992058252916,0.757351880194619,0
1346,0.402590658978926,0.674459773633045,0.736934349294134,6
817,0.404579016607955,0.708536357519918,0.728313944287829,4
1242,0.403256355940018,0.681828769512719,0.739742775230818,6
2,0.8440763624385,0.991303585236892,0.0452083789277822,0
1353,0.406951211457819,0.678496763486029,0.732793100401868,6
496,0.743239047611132,0.368212501541711,0.520297427894548,2
698,0.682758261847776,0.260133381839842,0.396375752403401,3
1134,0.408871824989411,0.739705519327941,0.745588725941367,5
795,0.680761431299616,0.495494909374975,0.413990101777017,3
448,0.736211454789154,0.333830175362527,0.635410978225991,2
143,0.0544768201652914,0.585775000276044,0.484897984657437,0
273,0.710118359397166,0.409501205687411,0.700559904100373,1
524,0.740923846776132,0.225968829845078,0.328460631426424,2
1193,0.411155097443217,0.737860951942578,0.732686303816381,5
288,0.705493407871109,0.387535516195931,0.579913051333278,1
1056,0.4078672299219,0.736581340457728,0.728701856772987,5
678,0.674024131840561,0.187322548264638,0.629820117959753,3
911,0.407457948174897,0.711887390662114,0.74039728521036,4
1030,0.407025457691466,0.731691275889028,0.729070320054795,5
1217,0.412207243897123,0.675506036442252,0.725616939491928,6
397,0.70509461551439,0.528789876983501,0.543663649470545,1
272,0.710441461191513,0.614636358479038,0.307757150032558,1
513,0.74273835425498,0.461859335447662,0.336034598760307,2
290,0.712079629008658,0.248311074939556,0.299729776452295,1
729,0.673894859217107,0.218809401872568,0.656656810548156,3
762,0.679441953646019,0.15997200391721,0.378477181773633,3
1155,0.398165177581396,0.743754415898146,0.732735097712817,5
857,0.405481978458557,0.706759105337223,0.730532408929301,4
457,0.739213219739031,0.406721848552115,0.685294020455331,2
907,0.403390866452806,0.705179238327597,0.739829492161752,4
813,0.404753112957704,0.707464795899274,0.732791426191468,4
452,0.739542850439903,0.407688661967404,0.632303926977329,2
908,0.411819359865509,0.7090160877619,0.729193573470494,4
688,0.678715507646557,0.409103287057951,0.281131336698309,3
826,0.409071220421334,0.709575766428597,0.72417817954302,4
1325,0.406150587398473,0.678879559914649,0.726036333691967,6
963,0.409402912951145,0.715523527270811,0.735073445532378,4
777,0.679308827077039,0.206616677367128,0.580432911170647,3
598,0.742782166143879,0.460524952877313,0.559641708270647,2
899,0.398342712180027,0.71431573663637,0.734631771026591,4
305,0.711437453043182,0.426105098472908,0.625862861168571,1
976,0.408196697334677,0.712568167694578,0.734840152559256,4
144,0.915319823659956,0.232590907253325,0.312277433928102,0
1227,0.407294128550484,0.679198996706275,0.733780425863103,6
1252,0.401491245053967,0.678862797636381,0.729258601631061,6
909,0.409437091019311,0.714239023699764,0.74168373025962,4
780,0.674066754975356,0.313416440761648,0.619141541654244,3
270,0.710916466054041,0.628683433658443,0.342859561205842,1
1125,0.402684833432627,0.74876652637375,0.7357112403816,5
185,0.531017383793369,0.827793268021196,0.351829303661361,0
1120,0.404442244161661,0.727788923821529,0.736669785391412,5
1026,0.410678551201394,0.741721163056577,0.737393484813352,5
758,0.679085050981958,0.627749304543249,0.500069719972089,3
809,0.67543751958292,0.607912865607068,0.386139487032779,3
166,0.162231471622363,0.978184222942218,0.703350609866902,0
1062,0.407755509386755,0.744921865426403,0.727553178520935,5
427,0.743219637228176,0.25233896416612,0.614406098378822,2
525,0.736364102284424,0.36752378384117,0.404183545266278,2
402,0.711222978963051,0.302411952079274,0.302377306856215,1
914,0.410183769158594,0.711784113252561,0.732646736829834,4
728,0.682353275967762,0.54872138032224,0.274895155685954,3
733,0.673893422407564,0.163303228351288,0.588494073133916,3
1316,0.414515215989812,0.68423157979954,0.731580345296146,6
580,0.741508780177683,0.258165060565807,0.605064037255943,2
352,0.711145470619667,0.413516270951368,0.397849624278024,1
1116,0.405105799934501,0.739690614400709,0.726245290768376,5
677,0.68030785513809,0.438174964184873,0.365567760309204,3
193,0.500269438838586,0.692743205698207,0.833858908619732,0
281,0.710355438822881,0.148499041702598,0.535158294369467,1
562,0.739014916913584,0.223513320460916,0.490470121381804,2
1395,0.41504629263801,0.684450854406641,0.736969730736803,6
205,0.0501015542540699,0.397305529331788,0.84841520152986,0
417,0.739000310390256,0.215741789340973,0.282798888511024,2
429,0.737025728239678,0.210205065691844,0.552459881058894,2
255,0.712167152178008,0.29812437845394,0.452665150049143,1
264,0.706921875374392,0.422439402691089,0.757610223488882,1
107,0.122262760996819,0.722369556082413,0.758227694313973,0
701,0.675915632713586,0.377343980967999,0.694199397228658,3
131,0.784025394590572,0.106679233722389,0.202294796705246,0
1253,0.405922858170043,0.686323009941329,0.732613578571201,6
638,0.676246598914731,0.383404275891371,0.72274219954852,3
932,0.403072819907504,0.706103699485517,0.741629253755344,4
31,0.710185583448038,0.374449812807143,0.372068981640041,1
756,0.677917117464822,0.331475142063573,0.274897179799154,3
446,0.736873846014496,0.499933714070357,0.73602275759913,2
340,0.711534090631176,0.266848099441268,0.475277641089633,1
1103,0.409895950339971,0.734709722979791,0.725017993924077,5
169,0.686906174058095,0.350249724462628,0.438183506717905,0
411,0.705276393017266,0.58899313993752,0.45868123229593,1
247,0.707631931656506,0.306636982737109,0.59438600030262,1
791,0.675927013163455,0.249035636452027,0.390161915798672,3
538,0.74160154459998,0.360888147517107,0.321344475960359,2
691,0.678020819500089,0.422404037811793,0.479337321477942,3
1236,0.40579756336777,0.681021003916793,0.730249120481799,6
1110,0.403456827487318,0.73288263133699,0.732786531023923,5
720,0.681723475053441,0.228223509178497,0.538885953836143,3
321,0.712528615132906,0.418562323693186,0.288833067053929,1
385,0.705186971691437,0.206817144085653,0.372378189815208,1
325,0.706996711832471,0.505411541694775,0.631476520560682,1
933,0.406251791618462,0.708502989168889,0.738285528196291,4
425,0.736036284507718,0.462012153724209,0.620555263594724,2
904,0.406301861681836,0.710233809174199,0.730365963367535,4
1287,0.407251334867456,0.681904807786637,0.735178667445138,6
687,0.678822260049638,0.166418243572116,0.378960071480833,3
1188,0.401600001020384,0.743654643486709,0.737039601141644,5
350,0.704019645794761,0.389649545564316,0.524616100010462,1
1266,0.397969561979658,0.668094794152984,0.73766198187889,6
320,0.71283703426132,0.569341496238485,0.657369241351262,1
818,0.412554229354135,0.703558146157288,0.733136134941599,4
1077,0.405196767342921,0.742663342269653,0.734912749673866,5
1383,0.407932855912998,0.686815481672396,0.73364891416004,6
1164,0.398943808327007,0.746217185504478,0.729852363707794,5
40,0.101612307364121,0.756406281609088,0.0892838786821812,0
782,0.680738103652839,0.166874572541565,0.423037072527222,3
722,0.676026467389893,0.187924013496377,0.343215058324859,3
1075,0.400664918628479,0.749302553441343,0.736746317753445,5
1201,0.406660671341256,0.736441525599462,0.736103223093155,5
359,0.71092631343985,0.425070291291922,0.333865622989833,1
1115,0.406863638239723,0.734444439797509,0.723410712877209,5
847,0.395381194239712,0.71013671737703,0.733836444999409,4
700,0.67708747828845,0.579685788159259,0.681732037919573,3
1051,0.405929129032325,0.742819029290424,0.739522617588958,5
1279,0.416541891951291,0.67463565688172,0.728950383038144,6
408,0.708917995323427,0.469687051745132,0.750513464096002,1
958,0.404447917782719,0.706860158422182,0.728209290684041,4
1229,0.401395199967407,0.683584590292531,0.733357679573856,6
81,0.939550882205367,0.105365348281339,0.0667375742923468,0
1199,0.405096197605719,0.746667302825056,0.731687386808172,5
1176,0.411831926451895,0.748779643876185,0.737872148142359,5
1319,0.414822468235924,0.685707553567454,0.734749800357284,6
10,0.831511202501133,0.275335139827803,0.257171433186159,0
435,0.740216630061623,0.304786517540924,0.274671838036738,2
1015,0.407867833951782,0.741259620746086,0.731344091274515,5
866,0.40695072623133,0.713354091957329,0.739134787983688,4
14,0.633284673793241,0.72399311256595,0.992222589906305,0
66,0.169702192302793,0.601945286616683,0.242078738287091,0
440,0.736663967072964,0.401211980520748,0.280814902042039,2
880,0.402493326977291,0.706640859732829,0.73159752235732,4
616,0.675865622332785,0.150589148537256,0.595418538083322,3
900,0.408861675462252,0.712069759801604,0.723836338854365,4
299,0.709194049907383,0.465300254081376,0.380552933784202,1
1162,0.406300467569106,0.747575567283364,0.734034575431441,5
712,0.678979195526335,0.624914907175116,0.367282210267149,3
1267,0.394981423173152,0.68359056295975,0.730814129177752,6
377,0.705197060469072,0.267555594933219,0.478006217628717,1
867,0.401330779033639,0.710053372112754,0.748761786883043,4
500,0.734646996741649,0.319317296636291,0.64897011348512,2
605,0.737670954633504,0.256050589634106,0.759148586075753,2
957,0.405656530721852,0.701371958636153,0.736101450739287,4
1243,0.407117820557447,0.673794082731899,0.730425462898463,6
1295,0.404928964670253,0.677236547009267,0.733855141843668,6
269,0.706748057161458,0.203690407704562,0.447024810127914,1
1131,0.405375625830853,0.7438151371916,0.735625821064405,5
894,0.41092724885586,0.708799183084101,0.730778190110199,4
67,0.309359093895182,0.867587950313464,0.0944261383265257,0
565,0.736737547139637,0.466038830252364,0.690009513287805,2
548,0.740313082919456,0.223838526429608,0.745494181290269,2
588,0.735851005085278,0.149497596686706,0.347931134747341,2
570,0.740201891113538,0.324449185770936,0.282376520219259,2
1344,0.416244270593702,0.683590648412524,0.72885135079465,6
607,0.738848280326929,0.523608487588354,0.706669579376467,2
210,0.657958526164293,0.148675949545577,0.614287066739053,0
1191,0.401318357192805,0.741619422117218,0.729973681746752,5
390,0.711441579749808,0.338654425018467,0.498138184193522,1
1174,0.414204352783062,0.735058258384387,0.73670514557209,5
155,0.0707077644765377,0.685485340887681,0.737979273078963,0
165,0.0766164539381862,0.131520824739709,0.140541939530522,0
141,0.0976353650912642,0.118559947470203,0.579799009952694,0
148,0.102583741303533,0.306521236430854,0.427921236958355,0
625,0.674583358753007,0.428392135794275,0.372209850465879,3
413,0.741238047450315,0.348716830974445,0.700311808264814,2
1071,0.399605356525888,0.734495248074538,0.729930834858805,5
74,0.121989566134289,0.866337251849473,0.129289937205613,0
164,0.21011387812905,0.678899116115645,0.283345006639138,0
374,0.704131946132984,0.483190410444513,0.319957155967131,1
961,0.41592391039695,0.713314878051002,0.725724024577375,4
371,0.705011784969829,0.341741810692474,0.736069443984888,1
292,0.712913171723485,0.16766034825705,0.487273774342611,1
779,0.67878017006442,0.429579802812077,0.712499595829286,3
1074,0.406638755137797,0.738205801638391,0.73318946943234,5
512,0.736804921780713,0.531090176571161,0.668594367918558,2
426,0.738499915008433,0.522468051314354,0.354748784331605,2
216,0.708960235193372,0.600095333671197,0.584234201931395,1
1127,0.404620535500709,0.74034673366646,0.72719867892155,5
1408,0.40684746695005,0.678069099353821,0.732768067473579,6
57,0.90501533751376,0.318597441539168,0.50076616439037,0
242,0.708511323505081,0.400293774926104,0.753685841918923,1
96,0.0476575752254575,0.705123902065679,0.317941871704534,0
926,0.406139808220338,0.703571300195792,0.730282833128382,4
260,0.706858932515606,0.558663299446926,0.542768543004058,1
1289,0.413055328241725,0.679239121288996,0.727690260174109,6
424,0.737992263603956,0.258684794558212,0.603487107902765,2
556,0.735157520521898,0.181007803441025,0.743433372001164,2
532,0.742411157956813,0.392714870651253,0.552003272110596,2
519,0.735352571976837,0.163010820420459,0.524872984155081,2
520,0.740050736849662,0.238717668130994,0.450303894351237,2
1044,0.40149054821,0.738171302913098,0.72177896354847,5
69,0.286574282450601,0.565065939677879,0.0865857151802629,0
539,0.737501759228762,0.183519691368565,0.28796162083745,2
803,0.682163641119842,0.244949921173975,0.347996904980391,3
885,0.410657739984905,0.719988766776232,0.725738186494064,4
289,0.70948358187452,0.385271982778795,0.520243927720003,1
850,0.411582904186659,0.701781550425213,0.730542719879075,4
458,0.737364318063483,0.257956380629912,0.453058601124212,2
1342,0.400450492090497,0.682221172411211,0.732583527505739,6
392,0.70929957607761,0.394431513757445,0.67132445378229,1
502,0.741996413460002,0.284556339052506,0.541384896612726,2
508,0.738353377692402,0.404052126011811,0.408611935796216,2
279,0.707745166362729,0.539633240108378,0.538402822916396,1
208,0.493271266808733,0.114326167386025,0.995713723124936,0
778,0.683120761292521,0.451064428221434,0.65554509521462,3
541,0.740760103615467,0.266721644578502,0.628809116082266,2
1272,0.408679964135865,0.688902612377796,0.729449298172562,6
7,0.659864177694544,0.577829006593674,0.328037064056844,0
1350,0.407989116417381,0.680534586135823,0.731743812302316,6
87,0.262610965874046,0.236364471493289,0.344010281842202,0
527,0.739562243944966,0.55541989360936,0.334892958519049,2
954,0.399323501522948,0.712121243128988,0.736224985646822,4
48,0.492610876215622,0.55333242053166,0.931609539780766,0
354,0.709249092342798,0.518183820904233,0.289482316700742,1
990,0.403084199512775,0.711609667836487,0.725400478325566,4
998,0.401906531811229,0.712749779915833,0.731789560073498,4
521,0.741742848225404,0.348763722833246,0.613027053535916,2
812,0.680514004579745,0.421093210019171,0.640156027511694,3
154,0.297133136773482,0.861129972152412,0.51279406202957,0
705,0.680854927552864,0.596663646190427,0.712093488895334,3
645,0.678016486032866,0.216305424249731,0.757812732830644,3
1307,0.40328012079812,0.678069623164551,0.741348367779046,6
251,0.706608484124299,0.189695270871744,0.59988265496213,1
34,0.537775775883347,0.144226187607273,0.636364666512236,0
725,0.67830661441898,0.57458084509708,0.395965384901501,3
227,0.705220723159146,0.357702985196374,0.735005341470242,1
897,0.408988695139744,0.706607225046337,0.7298716781795,4
181,0.470405363710597,0.271375264041126,0.93035784480162,0
1322,0.403202793799895,0.670831958540267,0.727171976221589,6
86,0.511561602121219,0.755995897343382,0.791748899733648,0
603,0.741629828359001,0.562261809268966,0.394010804477148,2
364,0.711844586355146,0.506817240291275,0.519523322000168,1
145,0.303412371082231,0.950324949109927,0.211436452111229,0
151,0.940948749193922,0.314466283190995,0.96398103935644,0
125,0.071809041313827,0.942278756992891,0.427806657040492,0
655,0.680312456344254,0.205328765814193,0.588086004834622,3
284,0.712138844144065,0.389019422023557,0.40123028785456,1
370,0.710644613686018,0.276276413490996,0.629383380408399,1
1348,0.401933767613341,0.678083648229077,0.732761796339639,6
752,0.673755623109173,0.168986789090559,0.429621356888674,3
1166,0.408780190725727,0.74743178445314,0.735109603287781,5
439,0.738607332755346,0.249529597838409,0.440530553110875,2
1007,0.395473104607655,0.710220211801439,0.737362363980385,4
241,0.704981988212094,0.179626759863459,0.303793743485585,1
1347,0.401009097887202,0.678651664621414,0.73505453836476,6
349,0.708353259421419,0.483904144051485,0.565709932474419,1
80,0.466377479722723,0.723419011570513,0.782895400887355,0
226,0.709272755691782,0.633993852557615,0.519125284859911,1
1058,0.403824157839909,0.741187962482504,0.733422108985451,5
792,0.675277811221313,0.520732556376606,0.742700903560035,3
170,0.207319120177999,0.645508657209575,0.0749739913735539,0
1361,0.402948635898855,0.680528282652889,0.730660828388215,6
97,0.631007998483256,0.847876000218093,0.620345020899549,0
540,0.737390448492952,0.397688157646917,0.304485769593157,2
797,0.6798034285428,0.388094304618426,0.67404965206515,3
422,0.740941108861007,0.425968483812176,0.728946959483437,2
1010,0.398695023246597,0.708555556960537,0.728834245571261,4
794,0.680728001978714,0.379207395971753,0.644375641597435,3
124,0.472928462782875,0.0781011572107673,0.9833849593997,0
240,0.709026826617774,0.25570965805091,0.650434354552999,1
16,0.565517741255462,0.354133960558102,0.743598952423781,0
1119,0.411557277691531,0.740663104109836,0.742223628266519,5
399,0.712247287821956,0.278841863176785,0.638142506824806,1
516,0.737434299639426,0.401980099873617,0.490898184711114,2
469,0.739079424974043,0.418805321468972,0.754612421151251,2
966,0.406335640068823,0.699068355635208,0.73997544296162,4
1132,0.406620002286327,0.744707394165442,0.729482319602964,5
639,0.673571293628775,0.627116275508888,0.683070995728485,3
694,0.676570825760719,0.498500135168433,0.740144265233539,3
864,0.408211770643081,0.7106497856547,0.727875219004992,4
623,0.682603084866423,0.202274099132046,0.674456253065728,3
1039,0.411863069003058,0.724395131982261,0.732451253071283,5
324,0.70911806355929,0.635381042747758,0.622489179018885,1
1016,0.405110233115672,0.737042662063354,0.739626153494051,5
1183,0.407095233383297,0.737543392910965,0.722856832838285,5
127,0.0312197466846555,0.254307265626267,0.845968590350822,0
491,0.734142474476248,0.17299826014787,0.738032853696495,2
584,0.741328159032855,0.392153948685154,0.604260164895095,2
1296,0.409305768436478,0.675424273565462,0.724597190722951,6
662,0.68258840093622,0.18848741510883,0.528468166128732,3
1045,0.40939099898756,0.730148299664417,0.726493956688268,5
536,0.733630659729242,0.175526313390583,0.278606278821826,2
927,0.401666849650012,0.708744328649664,0.728565743162675,4
542,0.737242158064619,0.377715354342945,0.60527026175987,2
83,0.532058772398159,0.974450372159481,0.768290486186743,0
329,0.704244342138991,0.48839399209246,0.576261801761575,1
634,0.674529519390781,0.389015364367515,0.58184803428594,3
931,0.40713348172318,0.710587453792612,0.738342342323854,4
1334,0.402114204696829,0.671978089524917,0.723485363666788,6
389,0.71278271940304,0.381191674876027,0.431770713883452,1
497,0.736642502951436,0.400647664931603,0.715335491113365,2
249,0.710248448755592,0.552288152067922,0.670166427036747,1
1097,0.40406734262854,0.733645002098507,0.727983497942186,5
981,0.412973217450028,0.705516757984366,0.735809363129177,4
9,0.301658642943949,0.271731609478593,0.365403004921973,0
463,0.737707807568368,0.296199237601832,0.754133310285397,2
1059,0.391490616249231,0.73212884334401,0.733807917610685,5
841,0.401854109558619,0.713888081712895,0.739108870394878,4
353,0.703382465399336,0.247722479887307,0.731965824379586,1
824,0.406194395187394,0.71027654903991,0.733127712443087,4
1274,0.408552331498326,0.685715786978956,0.743508831778918,6
1123,0.412771646008343,0.73750368505361,0.735006224925521,5
501,0.7403576838132,0.487978982296772,0.715429360396229,2
736,0.681216734061018,0.150571440719068,0.487517792847939,3
784,0.680412637079135,0.245962336333469,0.571368407341652,3
17,0.244040583958849,0.262126460205764,0.0487002287991345,0
1070,0.407163790846439,0.737761147942407,0.736841730759657,5
761,0.679828847618774,0.277604702184908,0.36861832474824,3
211,0.781429078429937,0.524653331143782,0.837833872064948,0
670,0.677347307270393,0.481650595925748,0.682352738571353,3
177,0.15209124237299,0.51980078057386,0.170087282545865,0
1363,0.400506358216711,0.683674765582872,0.735976834228744,6
252,0.711909084438812,0.48559958350379,0.391032211831771,1
747,0.678871605601162,0.461086165416054,0.421383585431613,3
967,0.406275124672341,0.705116186018392,0.731252143808385,4
1394,0.412145554866017,0.684901837072228,0.73038363867471,6
627,0.677873003426939,0.552285920851864,0.533043456845917,3
1213,0.402379505964385,0.675573025639326,0.737425431072498,6
755,0.678214079465251,0.34711425032001,0.761153454775922,3
594,0.736797590067145,0.361228537769057,0.551292269024998,2
632,0.674428128618747,0.639963430492207,0.67325305507984,3
5,0.00719686155207455,0.668889304855838,0.0979952150955796,0
123,0.759196944534779,0.673153060488403,0.0875705513171852,0
774,0.676537803825922,0.511425085738301,0.56401171721518,3
231,0.705308932489716,0.476959189539775,0.447822726797312,1
35,0.171164595056325,0.10832010069862,0.108689691405743,0
825,0.40280813024765,0.714692461351247,0.73106727371277,4
547,0.741549156573601,0.497159715066664,0.560886839171872,2
660,0.682399231852032,0.514776225574315,0.375618020538241,3
233,0.704948359779082,0.20398704407271,0.759228521725163,1
1140,0.402541060923721,0.736507480224361,0.73244912049546,5
333,0.707360325022601,0.279354117484763,0.529961161781102,1
835,0.400178612794335,0.708360745837061,0.74455953384471,4
1102,0.401019051377397,0.729741037677419,0.731862328078497,5
1148,0.406035192036645,0.736253129912624,0.726172006307888,5
1172,0.409464130018249,0.737394523713348,0.734167275186806,5
1197,0.40281085856727,0.740496373888869,0.728692772547144,5
651,0.681586293193977,0.245067590638064,0.755795515608042,3
964,0.412580315690776,0.715043918491083,0.733231548450082,4
759,0.681982446338516,0.194704776420258,0.449138074764051,3
669,0.681791355162859,0.580672753881663,0.483613450312987,3
203,0.999201086349785,0.632720959605649,0.574802740942687,0
546,0.743279313319363,0.5070746274665,0.567526851198636,2
304,0.709882207615301,0.160905770515092,0.498459635768086,1
537,0.735226719311904,0.437565053720027,0.469719877932221,2
52,0.0965417437255383,0.455929878167808,0.0550487672444433,0
433,0.736453334635589,0.365065227169544,0.454668084857985,2
236,0.705397483608686,0.468070825235918,0.425243906793185,1
846,0.408930219435798,0.711856506016,0.733918288016605,4
602,0.738822235118132,0.38649547859095,0.428196860477328,2
1254,0.412885307726747,0.680012335840269,0.72492202417126,6
455,0.73834090373246,0.157754373294301,0.434662994113751,2
902,0.402152128090197,0.704616720278448,0.733289917012649,4
940,0.404734525754677,0.698842206315756,0.734553056581184,4
238,0.706392481189687,0.623724820348434,0.31872684287373,1
571,0.738662813131232,0.511152714281343,0.712960501317866,2
1206,0.405792892812321,0.745365469989103,0.724818509645165,5
1050,0.398468328692482,0.740332179123852,0.734967267668867,5
1315,0.403104686159334,0.671371911110211,0.725380116722191,6
465,0.73750659751473,0.312727737147361,0.706724791438319,2
766,0.677242673814762,0.163753933645785,0.538722835248336,3
767,0.680694891596213,0.468195450864732,0.552870922139846,3
115,0.467847419669852,0.483463246142492,0.408912269864231,0
1168,0.418541878961713,0.741144363181865,0.730154571079604,5
1332,0.409934949071451,0.670554429047533,0.728525829111038,6
1401,0.412178161315801,0.682524723400325,0.731635997868644,6
585,0.740048457579687,0.583897533733398,0.62636320211459,2
738,0.680314005794935,0.202004451444373,0.755884753772989,3
979,0.408177087573538,0.713033895861417,0.726077237394279,4
552,0.737575503003318,0.560864467313513,0.602487700642087,2
224,0.706097513847053,0.364263021294028,0.310939211165532,1
1214,0.400679646534062,0.674588856324294,0.727731605275987,6
1349,0.415607448341106,0.676390867020315,0.726527132621732,6
796,0.678441853637342,0.230230877548456,0.492817769525573,3
878,0.409043209629203,0.700522503335608,0.728370327672657,4
936,0.405950503393297,0.718090590813682,0.741620124845254,4
566,0.74009951742366,0.284297053609043,0.577095581335016,2
959,0.407938190932265,0.717531226320118,0.736076557228583,4
526,0.742239431638736,0.163966004643589,0.645087803015485,2
893,0.408967441365804,0.70621766415408,0.735996757193911,4
922,0.402350560490469,0.713197609246373,0.735690580028988,4
1277,0.399465611185475,0.685631209874437,0.736648701307373,6
493,0.736371818906628,0.344227517861873,0.586391041986644,2
73,0.275786656886339,0.427626266377047,0.0788479652255774,0
228,0.708597850338556,0.461429730779491,0.637653759797104,1
1234,0.406536900494365,0.681070377038208,0.726500291732115,6
633,0.679816843410954,0.320080893021077,0.286625897861086,3
1392,0.413523632453535,0.679194583264734,0.745703999716714,6
726,0.676001191411633,0.291493181162514,0.541016610455699,3
592,0.741755911959335,0.606560399662703,0.465540641220286,2
246,0.707250922170933,0.406803801329806,0.571113657206297,1
406,0.708989753511269,0.185943282698281,0.438566229888238,1
836,0.407771458915689,0.709061534423284,0.731487773570477,4
860,0.407054560767706,0.711810613590259,0.730518586753958,4
629,0.679016125712078,0.586720515997149,0.376937084598467,3
937,0.413853359463032,0.707412451700429,0.728554207721433,4
1043,0.405763165857239,0.729684845339433,0.735664599332199,5
877,0.409259490948221,0.712058699072093,0.735769396698705,4
1265,0.40321737910821,0.677042816388108,0.729822188229132,6
730,0.682530488825869,0.150145675893873,0.706738942535594,3
589,0.737733912607655,0.643443951755762,0.338881741394289,2
1135,0.402762112688063,0.747794860274995,0.742452674965406,5
832,0.403176991983808,0.705426356460669,0.727788954574562,4
626,0.67757630441105,0.593982014246285,0.580416259123012,3
550,0.733841858501546,0.590147357340902,0.41788309533149,2
345,0.709355065661948,0.555518387490884,0.611201565014198,1
1343,0.412084853007035,0.681974819517902,0.739260206635815,6
1300,0.404981981009235,0.684568393170234,0.733980244709764,6
905,0.409565249837812,0.714612354332766,0.741727900327669,4
43,0.508407918037847,0.886895254254341,0.756264065159485,0
344,0.705910154583398,0.454799947934225,0.415539469686337,1
312,0.703918702392839,0.606322756409645,0.479059803066775,1
1149,0.404146069841353,0.744938645838066,0.722036777334916,5
830,0.403912481402545,0.718084130366373,0.733573660579498,4
196,0.34458216605708,0.386816784041002,0.933712133672088,0
935,0.401910213379402,0.714165522831593,0.732632720611693,4
1292,0.396603189433438,0.679433253695572,0.72624637120356,6
1153,0.405128447809301,0.743409797137068,0.73522930854322,5
1382,0.404696575383472,0.672532355484621,0.743818685981802,6
362,0.703951242009644,0.238913240749389,0.633455640287139,1
1263,0.39725469892144,0.675753640914517,0.725943579017538,6
1256,0.40867630192814,0.679764426409227,0.731040762770122,6
105,0.0949038295075297,0.806218976620585,0.92020473559387,0
384,0.704548254902475,0.279183311178349,0.331696828245185,1
821,0.404789310156515,0.706310239286485,0.737941522083996,4
