310,0.338566702296957,0.581586534855887,0.589478949690238,1
956,0.62674841037664,0.748288203561112,0.456346172690609,4
346,0.342894664271735,0.436443233978935,0.792897498607636,1
196,0.81164457462728,0.256005247822031,0.0381514425389469,0
688,0.311295494730584,0.459688436239958,0.741942323651165,3
1113,0.617481206487533,0.776282537584487,0.453015207029683,5
647,0.309559222778771,0.820095787406899,1.02580686067231,3
224,0.339578617860097,0.488577761803754,0.842028003209271,1
628,0.310452488118317,0.478509919019416,0.664975067041814,3
627,0.308854230362922,0.877292861347087,1.03923281948082,3
846,0.626753908140779,0.741111882878428,0.453829077943983,4
776,0.309677932600025,0.611638230620883,0.870541720325127,3
89,0.287746313726529,0.254648821661249,0.122133079217747,0
796,0.308004713065457,0.453783435747027,0.91849278183654,3
622,0.314344482310116,0.436599979992025,0.864301262446679,3
1305,0.614414393436151,0.717577062990227,0.445372190879383,6
1352,0.620490504399698,0.720209898434529,0.45756862558035,6
330,0.345457199465018,0.704683685908094,0.774572277115658,1
720,0.315596463917755,0.579760983469896,0.749820118444041,3
309,0.340413424058352,0.766603751690127,0.898479085671716,1
219,0.338036019273568,0.466756358160637,0.810528839030303,1
143,0.199919235194102,0.366427558939904,0.456823281478137,0
214,0.33916332376888,0.774596547824331,0.646472677495331,1
1036,0.623847292405603,0.782167684778471,0.451133216703089,5
791,0.31266873776447,0.819660258246586,0.862598754372448,3
199,0.886106970487162,0.575100523885339,0.354130241787061,0
1316,0.618165678296422,0.718293073183192,0.457007137417096,6
453,0.37268222586019,0.635061088018119,0.683281527273357,2
108,0.931910463375971,0.0432352272327989,0.979019103338942,0
903,0.616900860270079,0.746842194327761,0.450946286649984,4
4,0.795999666908756,0.518059975933284,0.987619540886953,0
264,0.343852089794818,0.722239229828119,0.870084737217985,1
56,0.924859983380884,0.356500843074173,0.41274331859313,0
115,0.893974601989612,0.199752068612725,0.990313212154433,0
1102,0.622969813719151,0.77430165665772,0.459130214925898,5
597,0.372856062094215,0.816980039468035,0.912773990328424,2
866,0.624123755959292,0.741531512261022,0.45717571157946,4
1146,0.621278827921958,0.782237734066808,0.455035836440476,5
332,0.339518649105448,0.730642407084815,0.766128383367322,1
778,0.308727984558791,0.762124284636229,0.834481295337901,3
546,0.369787578482647,0.611589330597781,0.891478951694444,2
1033,0.629015760283153,0.773414909432346,0.462959725427916,5
1139,0.622888032948571,0.774288982066797,0.455734235849619,5
677,0.312098012052011,0.672444520751014,0.973135820729658,3
1291,0.626642190183552,0.715189255581543,0.454681798057236,6
1222,0.624836654484456,0.713648153704417,0.447848854368318,6
1295,0.616869859111027,0.714807696607132,0.454176957488494,6
944,0.618779274753671,0.747706281107426,0.455427300690639,4
1317,0.61895379254295,0.712995341138411,0.451405164161683,6
1261,0.62186979401996,0.72481904190948,0.454239461738885,6
1209,0.622719935122625,0.783540031235371,0.455901137720293,5
997,0.620029644861897,0.743830179837509,0.455029981684488,4
1122,0.62029833983244,0.780895791780673,0.452867058198654,5
308,0.338450361422729,0.812286443891935,0.717119365255348,1
549,0.368973907749169,0.866280741873197,0.601234665862285,2
280,0.340339673887938,0.536968244821765,0.585738178365864,1
375,0.336922411504202,0.62044989131391,0.992078666831367,1
295,0.336322975743096,0.7478482456645,0.942123551643454,1
180,0.628821162274107,0.0553047638386488,0.323677399894223,0
321,0.345406195148826,0.92311236448586,0.871423997357488,1
589,0.372145524567459,0.893885994679295,0.911448321328499,2
1384,0.615824714186017,0.714851960946476,0.459530499474262,6
90,0.376808889908716,0.661769428756088,0.204486642964184,0
826,0.618487631791006,0.737507367009502,0.460591601621322,4
615,0.308820985944476,0.680411061039194,0.838255106494762,3
242,0.337538180423435,0.841534369974397,0.913580131623894,1
44,0.0544914959464222,0.166917546419427,0.563397762365639,0
1213,0.625937059376898,0.720440052519864,0.451461496326463,6
1101,0.615575166119597,0.786755891997658,0.451296015615652,5
1250,0.617530679757986,0.716003090653277,0.448015810104069,6
331,0.340495881186798,0.685563953360543,0.898108145128936,1
39,0.741985029308125,0.288369698449969,0.203218649607152,0
821,0.618866882250979,0.746709702389665,0.452357893416119,4
205,0.330018756445497,0.501153227640316,0.928697844967246,0
812,0.31187534505967,0.443253057659604,0.805872491002083,3
963,0.626623273507885,0.751890672783912,0.45532708808233,4
1077,0.623549100802934,0.788926198711952,0.446580391873029,5
1328,0.622010340773134,0.72369400890325,0.456513076580811,6
636,0.311356261442415,0.629942829255015,0.609360375464894,3
991,0.62122234451217,0.750027031604661,0.459084627245813,4
1373,0.626400605340963,0.717728067462405,0.452441793582617,6
1017,0.621900791194957,0.786631249135696,0.455089480249892,5
1232,0.619603275057572,0.718870065840965,0.445241564509031,6
1192,0.630399503089495,0.782509703337087,0.459316848363894,5
97,0.602738197660074,0.642338649369776,0.627139738528058,0
1379,0.616701547194435,0.720001121866637,0.452994623422696,6
1103,0.61602659824933,0.778202320340238,0.45867670795722,5
1072,0.62424345415774,0.777159559868654,0.444800465990871,5
165,0.92289964412339,0.577878700336441,0.282257204409689,0
404,0.342031690962613,0.831906942767091,0.725052959658206,1
234,0.343881242992356,0.69389123795554,0.729297853796743,1
1003,0.617045772387226,0.750003704640827,0.461467728746215,4
1389,0.622037850403236,0.716730166452747,0.449641493721999,6
167,0.537921444280073,0.346262093633413,0.918499149614945,0
230,0.337952999155968,0.894535884261131,0.980032437271439,1
258,0.341272410147358,0.829611490014941,0.669235585746355,1
604,0.36921671499731,0.579677867353894,0.941376663418487,2
174,0.213656099047512,0.176218638429418,0.0513649093918502,0
514,0.373631183106918,0.594022551900707,0.569730495242402,2
722,0.311054208250716,0.872804155456834,1.00062266378663,3
43,0.518346526660025,0.915195112349465,0.379276406019926,0
386,0.344096939265728,0.920352288521826,0.547355865151621,1
1236,0.620906147296017,0.713214239717939,0.449407632805346,6
770,0.315799602314364,0.797692744294181,0.5974282378098,3
893,0.62583639551538,0.749228542940348,0.441864787646695,4
448,0.370593961798586,0.530810195021331,0.910575101641007,2
1057,0.625533827165571,0.786479947455043,0.448538435598564,5
706,0.307827237381134,0.505275109549984,0.799360532569699,3
880,0.627971037409587,0.745926370724764,0.448228758028889,4
973,0.620670596827381,0.743830210928082,0.451994097517484,4
1030,0.62528453290381,0.78183170739436,0.450303318494169,5
1383,0.621065287058758,0.722430290341723,0.457723612857556,6
100,0.445920615224168,0.683982560876757,0.782447691075504,0
687,0.308064241609536,0.785548629472032,0.818066548579373,3
602,0.367294572878163,0.529697706573643,0.705313929147087,2
130,0.597474079811946,0.295040104072541,0.286337051074952,0
158,0.917156130075455,0.964213236002252,0.956371095497161,0
952,0.618869445116836,0.744465183161467,0.455177149324228,4
447,0.374086588544305,0.844313289155252,0.601563152996823,2
713,0.314892547195777,0.728048609686084,0.825893969181925,3
439,0.369367225242313,0.753377823159099,0.833590634539723,2
986,0.626670834052059,0.741780322015779,0.447811639252161,4
175,0.650660950224847,0.207374418852851,0.841284315101802,0
26,0.404288182966411,0.684338869061321,0.679188096430153,0
830,0.624766992686945,0.754304631269841,0.455473991097613,4
782,0.314815694454592,0.620071753626689,0.649891816917807,3
888,0.626972304728733,0.749647027409944,0.45416930646143,4
377,0.336548047598917,0.887425780296326,0.751545552187599,1
259,0.338932216826361,0.596095975255594,0.633121389569715,1
673,0.306516668319236,0.794372098171152,0.94301976300776,3
1268,0.617198286307268,0.721785136587166,0.457885752760799,6
41,0.635147683089599,0.238567116204649,0.337052563903853,0
60,0.086142617976293,0.959414080018178,0.723527141613886,0
932,0.616119406559974,0.750818275821642,0.443833905734975,4
699,0.310908850557171,0.456147370161489,0.945885363523848,3
982,0.624543470763558,0.749756116075486,0.454514845850995,4
719,0.31528610518435,0.512338323169388,0.948988010548055,3
187,0.4470474566333,0.650012130383402,0.463693959172815,0
835,0.609255226670034,0.749249570292491,0.450960839045658,4
1204,0.610854789080915,0.772256150449929,0.451571984563515,5
365,0.344743986895774,0.919213893357664,0.852570342505351,1
1377,0.61975667754027,0.713066375391071,0.449643124882462,6
1011,0.617027173336579,0.750056812958512,0.457281103078616,4
902,0.61126826487423,0.743777920065666,0.467601991486946,4
522,0.37563495969167,0.72587978397496,0.889763233973645,2
788,0.306628174171783,0.771221741102636,0.994632516778074,3
1014,0.617099594045722,0.773607570758475,0.460674328771729,5
1107,0.624238066054721,0.775476235538116,0.446121491286928,5
216,0.343790793286171,0.600528831128031,0.922228435426951,1
54,0.671488355845213,0.0146452549379319,0.201417014934123,0
162,0.839571985881776,0.436531623825431,0.0939024442341179,0
59,0.665565799223259,0.164378541987389,0.579783078748733,0
49,0.0458251894451678,0.282698103459552,0.660951474914327,0
1362,0.622637493369823,0.715429094489378,0.45754353808475,6
1230,0.627404134671672,0.725448338560535,0.444914556028036,6
528,0.367941064902116,0.588140035164542,0.71992736463435,2
68,0.502312333323061,0.179017338436097,0.316275372402743,0
1127,0.617999226025304,0.781898308760065,0.467133366680989,5
12,0.51324499072507,0.330327906878665,0.547561849700287,0
5,0.365650584921241,0.1913751156535,0.103511264082044,0
837,0.621387522568271,0.747692332889125,0.457795883465116,4
58,0.42693820875138,0.286186441546306,0.974652015836909,0
1337,0.629638069769185,0.714712977826169,0.449985139804099,6
98,0.185875774361193,0.907801767811179,0.816390287829563,0
1123,0.623044887486802,0.777649033903254,0.443464336331905,5
742,0.312871311269701,0.644342680461705,0.586557062249631,3
221,0.342626823796891,0.850294501753524,0.581126835220493,1
913,0.630502498777679,0.745038703140726,0.4463623959884,4
497,0.368090401161462,0.838460433064029,0.766167602059431,2
1281,0.619930750987946,0.718624467764332,0.447640632204062,6
708,0.306042685064021,0.808664323529229,0.629937467421405,3
614,0.312841448208783,0.472325144568458,0.834926440054551,3
1318,0.61385571294569,0.716989052930912,0.454969783596454,6
620,0.31384554997785,0.736811185721308,0.905596465594135,3
371,0.341588090674486,0.750830557080917,0.548430104064755,1
843,0.61277080229207,0.751712710526582,0.449383935844767,4
266,0.345857094023377,0.792384464410134,0.624906393140555,1
141,0.817351534729823,0.808257300639525,0.187688499689102,0
684,0.314261373938061,0.921317159431055,0.78902512115892,3
566,0.371265682666563,0.898964415187947,0.639130403660238,2
195,0.0245745382271707,0.56139028025791,0.814523544162512,0
1041,0.625013633835552,0.779200023794211,0.462592349965171,5
591,0.3735289178323,0.660914085921831,0.998614500183612,2
1049,0.617158806169649,0.778319212314898,0.453623636704552,5
253,0.338314947539475,0.808839959674515,0.683777502761223,1
527,0.367322717879433,0.492265639011748,0.647016048571095,2
1200,0.621853698090612,0.782258279224006,0.450359673999876,5
169,0.405239583924413,0.0665692233014852,0.329231489216909,0
1174,0.614619646155776,0.769235713026399,0.453928151549395,5
188,0.0731323452200741,0.00382620003074408,0.708067129133269,0
1225,0.628572243159873,0.717670694115877,0.455011478901483,6
895,0.620971189229146,0.744598408548537,0.449088646024175,4
1344,0.62097586090543,0.711436841794055,0.450938931494669,6
153,0.528778270818293,0.886310734087601,0.777156044030562,0
1238,0.623319608304034,0.719378104668956,0.4434741548708,6
311,0.336270199981518,0.744957174174488,0.606137810996734,1
858,0.624990509475272,0.748806666287692,0.446542328380496,4
478,0.372104130662046,0.742607543361373,0.805546401557513,2
1259,0.628740603274285,0.715379984547249,0.459000512873473,6
1090,0.61327761230438,0.777063912476786,0.44978350684899,5
1329,0.614032479600408,0.714229076288555,0.457720429671308,6
535,0.373469195133075,0.501980024273507,0.91431219377555,2
1310,0.625910191494944,0.717475388274012,0.456346978176244,6
1273,0.62102534925011,0.713984530568556,0.446178707154638,6
421,0.367424962290097,0.526949841412716,0.678220851486549,2
1100,0.608007444087474,0.776049506273473,0.453131938883878,5
707,0.311781896187458,0.665618795785122,0.792337655927986,3
444,0.373268413967453,0.578463205834851,0.804795742756687,2
232,0.340451577557251,0.498010442010127,0.87556020161137,1
1043,0.612911120816817,0.771180851839376,0.44610593118376,5
1172,0.614279120394343,0.775922090295742,0.454734711373733,5
1347,0.619607649940345,0.722118192207532,0.450276169168273,6
449,0.365991622821894,0.844104451593012,0.901556657417677,2
674,0.314388193520717,0.579765333910473,0.860516255861148,3
415,0.372002940129023,0.543465094640851,0.881534954090603,2
172,0.150156545918435,0.186915955040604,0.909839416621253,0
565,0.367574762937147,0.589381486410275,0.741258954186924,2
827,0.616380434301756,0.738293271262835,0.456186532523597,4
1120,0.610647170131957,0.777411932055058,0.450829108346203,5
571,0.371317424525041,0.693243418354541,0.612100864201784,2
30,0.867693527135998,0.211979602230713,0.540723344078287,0
306,0.344713506088592,0.668075866531581,0.575021101650782,1
792,0.31590930090053,0.856145544210449,0.830937502812594,3
886,0.618661730621392,0.748868900642703,0.452925626021442,4
1330,0.627818819052146,0.713044577023474,0.451899546075092,6
974,0.619269774135536,0.745709872976541,0.451280551532477,4
592,0.369934109367896,0.448902273899876,0.631680729123764,2
99,0.204875826835632,0.815478419652209,0.0830319188535213,0
15,0.662544269813225,0.793646511388943,0.734051307430491,0
17,0.463697223458439,0.657372333342209,0.901606731815264,0
934,0.619373297459057,0.748377497271466,0.459391809988258,4
334,0.34528907205211,0.587097372394055,0.778683712147176,1
834,0.620798661089938,0.741578522055224,0.462654419772287,4
567,0.374585778329056,0.902328557567671,0.672075470117852,2
79,0.156992072705179,0.00954079208895564,0.182505748933181,0
268,0.338361130116973,0.647701539215632,1.00398935112171,1
155,0.13411723729223,0.879353296244517,0.539207395166159,0
1001,0.619854499450879,0.745301691599771,0.450027802661583,4
1048,0.61866602619024,0.7775815718629,0.46465887020633,5
511,0.371761033465154,0.799323121202178,0.586583388410509,2
2,0.264784885803238,0.956572317285463,0.716950650792569,0
343,0.336142949720379,0.615869085420854,0.599600744689815,1
810,0.306349175518844,0.478197919670492,0.639563911384903,3
481,0.375580304227769,0.51663560711313,0.748064206936397,2
743,0.312674025737215,0.783183582592756,0.646508996281773,3
905,0.613474186006606,0.749416069477973,0.461263267636303,4
750,0.308934340921696,0.566672268789262,0.656480462779291,3
139,0.0765727066900581,0.726170859532431,0.549450261052698,0
784,0.308344577252865,0.544051824719645,0.953576372028329,3
3,0.715757363243029,0.255506857065484,0.354720270261168,0
1306,0.620205985557169,0.707392125453356,0.457379273261503,6
1201,0.620341450029651,0.782408903137824,0.452897037992469,5
273,0.344565807546023,0.531556802452542,0.944934347900562,1
644,0.310532199169975,0.625052365590818,0.792782087367959,3
194,0.889465603511781,0.400509442668408,0.522127071628347,0
1303,0.62244764601441,0.712788233603782,0.455294027625139,6
315,0.342049824283458,0.433518380043097,0.806776075880043,1
85,0.685002970742062,0.217787823174149,0.128940433263779,0
954,0.621013889430057,0.741455544864358,0.44948223277013,4
442,0.367972438160796,0.591938546625897,0.814348732726649,2
1369,0.626341380117843,0.719935909722383,0.450818854123226,6
1015,0.617763055020458,0.775900343800778,0.453122230791014,5
587,0.372925706505776,0.550542276119813,0.837517680856399,2
990,0.626160614958215,0.741148542226508,0.455835997813044,4
260,0.344122500871308,0.697836490464397,0.815337497415021,1
236,0.338114478441421,0.495016064494848,1.03811093491968,1
709,0.30638150551822,0.866067736642435,0.558353298367001,3
1309,0.609431938621739,0.720988663538105,0.450811057812825,6
817,0.62404476483541,0.747837804518861,0.45391808610061,4
811,0.314137375750579,0.48844531760551,0.844454809348099,3
474,0.372879187753424,0.438383674365468,0.660612189816311,2
21,0.523123627761379,0.474759785225615,0.154877708526328,0
702,0.315945247157942,0.856307245325297,0.689817241067067,3
33,0.788294696249068,0.693726315163076,0.647026888094842,0
71,0.910236034076661,0.932618669699878,0.914539139717817,0
1357,0.622459673935266,0.719007847488737,0.459808014115319,6
159,0.190385689726099,0.437834113603458,0.29872186249122,0
1170,0.626855681317467,0.776346245670001,0.45415427399012,5
754,0.307228048911784,0.569823967991397,0.831337386998348,3
1,0.898798868525773,0.927733588498086,0.922139554983005,0
271,0.338384232895914,0.91614164726343,0.906338310823776,1
1355,0.618296683005392,0.711113144837717,0.45830708120907,6
741,0.31085785740288,0.883810307364911,0.574441135302186,3
379,0.341545884511434,0.73555439140182,0.625259430636652,1
455,0.366977950211149,0.737401874503121,0.759970428678207,2
1110,0.6143000623819,0.779849726825936,0.452557312826646,5
46,0.177620948525146,0.58756731916219,0.317726386711001,0
397,0.342326235554647,0.427429101313464,0.549134705238976,1
472,0.367182882460766,0.569009608705528,1.02289876332507,2
1040,0.611965084019825,0.765195835300108,0.448561485493164,5
262,0.337078669543844,0.517767340992577,0.65104347912129,1
276,0.342338267525192,0.45683938160073,0.655614178534597,1
867,0.616260926267145,0.748656949271962,0.450767022374349,4
327,0.337372146605048,0.657740886090323,1.0143588768784,1
1124,0.616281326954891,0.773252178529775,0.445353717573501,5
968,0.620653145085867,0.747437312490987,0.450357676011223,4
227,0.345806970512494,0.836773950955831,0.984875480434857,1
1112,0.621724836695478,0.779919226210286,0.459159913971916,5
633,0.307825978817418,0.895623670890927,0.732085776305758,3
1349,0.617387618397969,0.717770167233791,0.45351633863996,6
62,0.503071791958064,0.626524310093373,0.201261996524408,0
981,0.619608065709401,0.748845397683396,0.453321653283283,4
1154,0.623368638828418,0.779454178310584,0.452762489684608,5
1024,0.615963817269609,0.782061467283644,0.451024012116859,5
1173,0.623869360328356,0.782333279672624,0.456911674038364,5
1371,0.621375448980603,0.717337834909994,0.456322782105333,6
519,0.372668929721694,0.786897308193147,0.924985048850067,2
1094,0.625870871194811,0.789449281169694,0.452972743799382,5
959,0.612662762847291,0.751138264356388,0.456681573009817,4
772,0.311595336061437,0.725655618472956,0.898346645315178,3
871,0.624405518933375,0.736479437079004,0.453973396068277,4
651,0.310122740408406,0.6577881234698,0.632021191436797,3
1070,0.629325995507454,0.78187982545982,0.457720378533544,5
853,0.611932604498555,0.753001689856857,0.466513536499494,4
695,0.310329124976415,0.430730047635734,0.563525551720522,3
118,0.969710281584412,0.65412913588807,0.0514637897722423,0
489,0.368681335884612,0.869361184653826,1.02782626941334,2
1410,0.61947210129827,0.718999980767082,0.450474513084989,6
20,0.794875335646793,0.699398356489837,0.463524419348687,0
507,0.374022490277421,0.657576341647655,0.614787727035582,2
632,0.31245042178547,0.600946439313702,0.688539925403893,3
915,0.614929540677176,0.745081506209033,0.450501172483594,4
207,0.673641325673088,0.432589517440647,0.778843033825979,0
976,0.615740478493274,0.745438194469004,0.457509432117997,4
357,0.337705853264779,0.644101095967926,0.777346009295434,1
768,0.314127685872372,0.643451485782862,0.95681243869476,3
1398,0.621471317124182,0.712714832409038,0.458943708034891,6
542,0.375909021003172,0.690432055504061,0.577985388366506,2
970,0.62375092165999,0.752409134376642,0.46049542809488,4
1254,0.624640390430896,0.717949046008851,0.458926977378621,6
629,0.31046962864697,0.759406792349182,1.02865826643538,3
212,0.544604827417061,0.671535871224478,0.584138481412083,0
704,0.309896612744778,0.775732976733707,0.660038639698178,3
1287,0.616983804507623,0.721301359103872,0.453677561261676,6
246,0.343912757870276,0.44251999235712,0.829311068425886,1
493,0.375400190888904,0.567136269179173,1.02772830184549,2
1289,0.619569753698562,0.720290212040187,0.456180348058799,6
272,0.345625289832242,0.453311658930033,0.834839095617645,1
144,0.0847393439617008,0.389222498517483,0.74625934031792,0
785,0.315926872943528,0.707154892967083,0.5628246340435,3
1065,0.628903436150044,0.778603954016357,0.447162769873741,5
1325,0.620391476678791,0.721937995819504,0.452008537905397,6
78,0.923891705926508,0.360707907471806,0.129532514605671,0
1382,0.614667374018853,0.717134216663761,0.457685428101711,6
1308,0.622927260015008,0.713505699019041,0.456422762543388,6
140,0.916982770198956,0.508439477765933,0.540777865564451,0
465,0.371417223794851,0.562696354812942,0.947171518602409,2
1095,0.620707917739465,0.787343446309661,0.442445264967884,5
1130,0.616860598511818,0.778484284223382,0.448507446864887,5
1365,0.624454437143617,0.717739996814591,0.454098699915488,6
86,0.319793564965948,0.103275074390694,0.824389998568222,0
921,0.614561250633197,0.748996751935447,0.461799233773549,4
302,0.340656275055371,0.78856621554587,1.02005065456033,1
434,0.373567884780932,0.522353616310284,0.938491536211222,2
753,0.312212457293644,0.426123763201758,0.571877246513032,3
572,0.373252311679535,0.849094340344891,1.00477155940607,2
1326,0.622250917719941,0.718234803265553,0.452526120308239,6
170,0.762804623227566,0.209997556637973,0.627758956048638,0
342,0.338638743541669,0.717904944671318,0.952104383637197,1
296,0.343591765693855,0.587998761911876,0.795328223286197,1
726,0.312735874578357,0.654091106262058,0.647717848909088,3
381,0.340739660984837,0.437371636158787,0.819258485012688,1
75,0.0548409498296678,0.881681519560516,0.688970229588449,0
1257,0.62040544384258,0.718617457807391,0.449934817122958,6
748,0.312224231180735,0.65961513214279,0.705650647543371,3
408,0.336999567651656,0.678689332329668,0.935036089643836,1
1324,0.605640766432975,0.724393888868147,0.455050156042025,6
829,0.620925416340987,0.748592687971916,0.450885472459384,4
1053,0.62185013760874,0.777361178814966,0.450225645237337,5
432,0.366177111885045,0.747329694917426,0.887918007350527,2
134,0.946548897540197,0.978074686368927,0.808867084560916,0
765,0.313605582152959,0.505414936225861,0.71992596485652,3
1375,0.624131487138875,0.714871081083139,0.449424262217926,6
209,0.298364913556725,0.53685712441802,0.619758156593889,0
882,0.615953665870852,0.753239425266327,0.451686009484694,4
869,0.621626778243253,0.749211875760549,0.446073955887882,4
536,0.366054362738505,0.899040241143666,0.877758843847551,2
912,0.619412055144538,0.753276311579129,0.460196328142919,4
218,0.338159154416062,0.871726770070381,0.989400509768166,1
805,0.311807027517352,0.91943594510667,0.661761160031892,3
163,0.980369056807831,0.922383234836161,0.0704637041781098,0
951,0.615964897175282,0.750234967165549,0.455532304118888,4
1215,0.622250801764848,0.716979124246045,0.450708744819943,6
969,0.620910328358382,0.750025501886768,0.449756727225574,4
878,0.625912130867805,0.752143924168805,0.451435596929559,4
114,0.955855041509494,0.962762262905017,0.829767204588279,0
426,0.375224896753207,0.504756787675433,0.970629548677243,2
777,0.312602005889639,0.602110994397663,0.72961243733298,3
1319,0.622669056364896,0.713690243269419,0.462390751788464,6
1288,0.620716234523184,0.718915061452393,0.456471731913782,6
723,0.314580626084935,0.899944549426436,0.901512939739041,3
503,0.367913877367973,0.924822813132778,0.825410048500635,2
681,0.313944196379743,0.819748709560372,0.759872182877734,3
1115,0.624960412140842,0.783859399892008,0.459196593525478,5
641,0.308665011385456,0.908971348660998,0.714606661838479,3
1016,0.612652877398423,0.772712741596536,0.46288904340528,5
1206,0.621410628405821,0.775165529553838,0.449678241822047,5
960,0.619439430179026,0.754224053515532,0.45664921580446,4
605,0.368852354802657,0.836891787592322,0.6925151060801,2
1320,0.618337602943495,0.718542469400983,0.461655925286686,6
1223,0.626129518875519,0.716999975028983,0.455035352575023,6
948,0.621857051452328,0.748693950908365,0.448529396360671,4
1125,0.619915108563172,0.768528431831371,0.448467441175014,5
237,0.340316438872833,0.636712487321347,0.668829486262985,1
598,0.374241682186257,0.711333698243834,0.899313158728182,2
487,0.369369124777149,0.814375269343145,0.794249625666998,2
621,0.31111350888852,0.869069435400888,0.571242234110832,3
1311,0.609663915007052,0.717343465765276,0.451641096403751,6
1020,0.623014330942879,0.783115151547841,0.461241132608685,5
479,0.370843110033311,0.879957908182405,0.88404612687882,2
623,0.314468373004347,0.58561146853026,0.8553345260676,3
1175,0.614037172583198,0.774831223970565,0.455288529755569,5
109,0.212010729592294,0.728554448112845,0.223918565316126,0
183,0.797843968961388,0.932425450533628,0.406572120729834,0
265,0.342464140718803,0.544505591620691,0.898145331209526,1
1010,0.621068036254417,0.745038563461651,0.460298571634738,4
269,0.336143298395909,0.728445516899228,0.981950706592761,1
313,0.340893626085017,0.545609532855451,0.58331239016261,1
451,0.367072874687146,0.711442347033881,0.810068347747438,2
1098,0.617413581134928,0.784217322337016,0.454499613331162,5
1293,0.613419260387831,0.71872084767311,0.453595634696226,6
746,0.314982520050835,0.747881695511751,0.975731111736968,3
436,0.373861094042659,0.692673109821044,0.563230472523719,2
950,0.619195290704626,0.749256020081616,0.452660597078159,4
943,0.623723490298935,0.737985924603287,0.447956648732682,4
579,0.368199237561785,0.743802086333744,0.811961496854201,2
249,0.342895988714881,0.788689080975018,0.769809286016971,1
1078,0.618117800347665,0.780730724968087,0.454999226227003,5
392,0.339720674152486,0.464580502477475,0.792132393014617,1
128,0.984091446269304,0.326371210860088,0.985405087238178,0
281,0.342265804253984,0.655775535735302,0.558465894684196,1
583,0.370744253278244,0.49289387697354,0.752618978987448,2
222,0.345375530950259,0.663911744137295,0.681482957000844,1
849,0.623051413801715,0.746218287741434,0.448655879312384,4
862,0.625188420068031,0.747036291968108,0.455910057142397,4
179,0.554389033932239,0.906632439466193,0.790624082321301,0
506,0.375800284866709,0.691661709570326,0.919232079549693,2
1256,0.614022049369537,0.723855930213833,0.448467313768653,6
117,0.189198501640931,0.793206565780565,0.901087348116562,0
267,0.341299444870092,0.480617915280163,0.581492547784001,1
856,0.61506432662944,0.745777100314253,0.452632705874715,4
682,0.31325815054588,0.522899833042175,0.683349795313552,3
389,0.344072535578161,0.678199645946734,0.765960473706946,1
1168,0.622004001423308,0.78451166632286,0.459717660001811,5
7,0.458299896214157,0.77942751487717,0.455056172097102,0
94,0.471206218935549,0.337628606939688,0.192608549259603,0
1237,0.62007258996256,0.715953462187964,0.45103400268719,6
619,0.31286722188117,0.835592910880223,1.00410388889723,3
431,0.371926276371814,0.788772379863076,0.965064278943464,2
1000,0.607083227535056,0.750314192363773,0.453687315665045,4
855,0.623008372759927,0.752789927347791,0.459448601748458,4
1312,0.622870283821286,0.716968008970556,0.450992370228346,6
64,0.973256549332291,0.0821774320211262,0.16333887167275,0
763,0.306089249928482,0.737054957426153,0.752815761510283,3
395,0.339645048752427,0.438439779100008,0.791672780318186,1
422,0.371601757979952,0.451034700265154,0.890826127049513,2
649,0.308331601368263,0.579785976558924,0.763628029520623,3
985,0.617067849508872,0.749576341638654,0.453645445953797,4
1169,0.617792201646428,0.777100610624364,0.455237892626024,5
1005,0.621665685568574,0.74551889852064,0.458268725796134,4
411,0.340850791132543,0.755536554846913,0.959976086532697,1
1274,0.620671474797389,0.711654965614884,0.450451729436486,6
1297,0.622557971126097,0.713033945148957,0.45588442570617,6
683,0.306003842777573,0.755418719141744,0.993377260421403,3
1409,0.614682936774919,0.720218301397693,0.458157035247726,6
261,0.343635969266761,0.643636127468199,0.850659584882669,1
578,0.371098410151899,0.472158175311051,0.709536132891663,2
929,0.626833900942387,0.744881514783862,0.460682458868757,4
418,0.366739623642061,0.456315535120666,0.63091370058246,2
624,0.314333161972463,0.868549563223496,0.830965235969052,3
446,0.368130180472508,0.830531729152426,0.841411262424663,2
460,0.368509938819334,0.718505057855509,0.582620395952836,2
1332,0.623606198828255,0.711348760027593,0.454105543217086,6
473,0.372053293092176,0.759775574086234,0.791217192681506,2
1069,0.618322138461958,0.775611732449633,0.453144050016261,5
851,0.628393214712868,0.7457753022972,0.45051626037529,4
1089,0.615494945510938,0.769589552746674,0.45936412090622,5
1354,0.622977262510263,0.717782907486619,0.445410643242045,6
229,0.343278867795598,0.685647969134152,0.630306558939628,1
1378,0.623998026686567,0.711284915739279,0.45736375883732,6
384,0.344992680575233,0.480343366973102,0.686906035547145,1
65,0.690255730878562,0.292437149211764,0.159894817275926,0
341,0.342969323170837,0.904279943439178,0.976693662256003,1
1353,0.615314948536105,0.716937330170394,0.449859714233791,6
795,0.312320098497439,0.582043236587197,0.724790942296386,3
1380,0.629968410474457,0.721344581223212,0.44833461704284,6
38,0.771645119413733,0.626985018374398,0.263496476225555,0
362,0.337702179634944,0.605533584021032,0.771894652652554,1
781,0.313100402546115,0.444361167144962,1.01383321944159,3
150,0.412330602761358,0.0664618043228984,0.359553526388481,0
734,0.315905071757734,0.55730619688984,0.859163204929791,3
156,0.661512723891065,0.560958733782172,0.225550756324083,0
485,0.367248934048694,0.759389644139446,1.03194175418466,2
148,0.193373127374798,0.897630753228441,0.565415017539635,0
648,0.312957030895632,0.427253811736591,0.711833620700054,3
469,0.371346551307943,0.780277858721092,0.891778730577789,2
761,0.314037379189394,0.863210038281977,0.899514642101713,3
775,0.310164289255626,0.529033229337074,1.01945762024261,3
147,0.697780720191076,0.599081448744982,0.937274789670482,0
1007,0.619586191406641,0.735620051548448,0.463541635328069,4
182,0.263399379793555,0.480982303619385,0.362412529764697,0
131,0.0319879404269159,0.144379338715225,0.962439433438703,0
1073,0.622275248789308,0.77949423863351,0.453807431137035,5
685,0.306540779015049,0.684932456235401,0.86177143107634,3
1034,0.617400642105948,0.775570265361261,0.45221069727068,5
1339,0.630172480612008,0.711539194802998,0.448137630471064,6
547,0.372303568436764,0.796199386822991,0.719406139710918,2
336,0.339587582275271,0.661015764577314,1.00574994252529,1
1023,0.626693374822524,0.78307419163163,0.456517975324297,5
931,0.620118918297936,0.745859917848099,0.453239060339099,4
13,0.119541957508773,0.20599985960871,0.759585567750037,0
525,0.373524239298422,0.507550549460575,0.680688920803368,2
1050,0.622468943646746,0.763881105724598,0.459268705069812,5
129,0.916688768891618,0.0102618543896824,0.110751453088596,0
244,0.337320756649133,0.60715271497611,0.848567829839885,1
920,0.61799414982805,0.742882503700812,0.45316886324577,4
495,0.37180139974691,0.522098762448877,0.861471163365059,2
584,0.372914689497557,0.817467829212546,0.785449709184468,2
844,0.623266336197521,0.743687556681473,0.457904294706179,4
1159,0.626380780575874,0.782704508116397,0.447642813274118,5
1059,0.621131066074108,0.779909953554281,0.450872681163129,5
1407,0.622166618919897,0.713151185891475,0.454028741039357,6
323,0.339187712396961,0.778051707311533,0.760791854606941,1
521,0.369591127808671,0.505708670243621,0.999041894241236,2
679,0.31443472775165,0.916464662179351,0.597395758982748,3
561,0.370821996419691,0.743422420811839,0.722375468257815,2
348,0.339389062088449,0.624884846387431,0.670482127834112,1
626,0.315444373271894,0.435089843696915,1.00690411324613,3
1026,0.624607767351108,0.781623011625819,0.453356763871462,5
328,0.342637625753414,0.826720395009033,1.0160530557856,1
508,0.372227690333966,0.49857743200846,1.01092315141577,2
213,0.345300922149327,0.593390252441168,0.958123362180777,1
317,0.344240479997825,0.455202473327518,0.807884474191815,1
73,0.65697506419383,0.421002367278561,0.959755979478359,0
1351,0.626792442134326,0.713830360993011,0.447186139659024,6
564,0.374022556301206,0.484665908268653,0.852609244198538,2
635,0.306107774702832,0.802028034580871,0.965648741251789,3
975,0.629191070759433,0.748074140333249,0.452010803089216,4
1235,0.629576393299936,0.718198166553805,0.459573886703229,6
137,0.518816228955984,0.200171914417297,0.840811849106103,0
6,0.903544113505632,0.245703484630212,0.89557587960735,0
70,0.440549948718399,0.350380226504058,0.545879020821303,0
666,0.306391933818813,0.649818409467116,0.614067258220166,3
1394,0.626820797754359,0.717378683784078,0.446267121035707,6
630,0.315299694803543,0.582286229240708,0.766993153630756,3
1083,0.618354704114017,0.785896019447001,0.458096011930912,5
48,0.281511106761172,0.363275653682649,0.738616720307618,0
712,0.311630001447629,0.455863611772656,0.935508008254692,3
860,0.614608910831994,0.756821330771321,0.456168847149437,4
848,0.61438807788498,0.753791205599461,0.450416155045956,4
725,0.309042427572422,0.614788650185801,0.810162638919428,3
806,0.315459604416974,0.825554220122285,0.843366890703328,3
364,0.342934008156881,0.700513143325225,0.633725521643646,1
492,0.371937957936898,0.857207773718983,0.769344439054839,2
238,0.336163530179765,0.742036079638638,0.638528092787601,1
1321,0.627954186730932,0.721034730332248,0.440330446941276,6
406,0.338895411619451,0.587135884794407,0.988496501720511,1
1258,0.61674515544402,0.71172137507724,0.451538567688074,6
729,0.309148839588743,0.512450376292691,0.974972858582623,3
922,0.620256479645375,0.748118861679658,0.456270947784884,4
1147,0.612046651594206,0.774432251832642,0.463639941704591,5
1363,0.615089515082419,0.725548978034866,0.461854443738613,6
727,0.307988623112906,0.745066893403418,0.95251224192325,3
979,0.631187403113197,0.752126836846168,0.454188132101558,4
391,0.337494106816594,0.892097307019867,0.571096414956264,1
440,0.368421741416678,0.475840039434843,0.891306204395369,2
1385,0.626590003475852,0.722611179634279,0.458992648061022,6
138,0.556108611403033,0.169619280844927,0.526225847890601,0
192,0.403335439041257,0.573572560213506,0.295256591401994,0
445,0.372028478349093,0.559765457990579,0.872541936254129,2
1242,0.622045492236969,0.716458042137737,0.451815298026846,6
659,0.307402921279427,0.581373202963732,0.731938065052964,3
1116,0.620171526501236,0.781141458958242,0.462692876967391,5
420,0.373174004356843,0.489330865675583,0.977471010317095,2
718,0.308974601996597,0.785942375776358,0.579231937672012,3
146,0.930490332655609,0.661790370941162,0.92548775440082,0
1372,0.617118515999616,0.71984327319646,0.45429693451631,6
457,0.375568954308983,0.70429258455988,0.99046318794135,2
1400,0.617774837956956,0.717011937932324,0.448000733618117,6
25,0.623591551790014,0.0297506942879409,0.754293161444366,0
1277,0.619446209509158,0.727250760296234,0.460946042967788,6
891,0.616657646700714,0.752366434598135,0.452702427941259,4
716,0.313074426071253,0.590249272761866,0.923348650359549,3
84,0.337720351293683,0.385473193600774,0.456456559477374,0
1401,0.62030014866123,0.714978090098157,0.447302682020454,6
358,0.336265045593027,0.692493114271201,0.724014978064224,1
694,0.314112049625255,0.556469391449355,0.678970196424052,3
116,0.176306995563209,0.968208039412275,0.562481724889949,0
798,0.311535780953709,0.528727434342727,0.796575569803827,3
524,0.368271289682016,0.704533037845977,0.883661736757495,2
1052,0.616239103675228,0.77749336835407,0.445931237592947,5
1165,0.621715586358535,0.785383603680272,0.458910587926609,5
289,0.344566227905452,0.824746372760274,0.955122925946489,1
157,0.825233173556626,0.807923190994188,0.296122650848702,0
428,0.371334794552531,0.90010177588556,0.566989525943063,2
29,0.342739164596424,0.649932184256613,0.14888704335317,0
312,0.337078714305535,0.696468144189566,0.586552810412832,1
235,0.338524671415798,0.472204568213783,0.730009658285417,1
1214,0.620772095951988,0.718109539460081,0.460362296999982,6
1260,0.618901530354584,0.709840766287901,0.444517300118059,6
1199,0.614695141144955,0.775430126500719,0.453404026995709,5
355,0.344400113073643,0.754137768526562,0.824549732753076,1
28,0.71503583737649,0.674658145289868,0.0460633824113756,0
24,0.84744869871065,0.226112040923908,0.177262421930209,0
352,0.340048902553972,0.64975503704045,0.759150087507442,1
822,0.615756616183671,0.755182633159373,0.451426250802634,4
538,0.369875723139849,0.785696763778105,0.98194446079433,2
226,0.341684989279602,0.488124945899472,0.775836290465668,1
505,0.373747523727361,0.761091227293946,0.973256212216802,2
1368,0.619159622240424,0.711574931400715,0.460481975675134,6
376,0.344228063039482,0.761069596046582,1.00125469479244,1
126,0.783003230579197,0.571179870748892,0.212361790239811,0
388,0.343564462517388,0.573289216728881,0.88060070623178,1
953,0.609070194302713,0.742385853658354,0.449929552359095,4
877,0.623217859650923,0.747966371804356,0.448080470114361,4
186,0.474722779821604,0.0668736379593611,0.236687856959179,0
1135,0.633331697726684,0.786143970681274,0.454617763734285,5
989,0.619109993307273,0.741935702658135,0.460871782438081,4
739,0.305999774525408,0.676647817716002,0.615956254326739,3
890,0.620254564195721,0.757687663619236,0.45007952925851,4
738,0.313618450283539,0.726612288272008,0.954846475296654,3
152,0.529888316756114,0.0364922259468585,0.386158839566633,0
211,0.392301995540038,0.447074135998264,0.99518528021872,0
786,0.311113779100124,0.581772814388387,0.800022195465863,3
550,0.374847581451759,0.476849160157144,0.973648866661824,2
1285,0.625520036713435,0.717611733703836,0.452041566352221,6
101,0.394478743430227,0.388041291385889,0.940584254683927,0
1044,0.6186762265519,0.773675028359315,0.465806355673158,5
57,0.293771503958851,0.811208206927404,0.923326057847589,0
19,0.489073476754129,0.295833248877898,0.000837683444842696,0
80,0.585865925997496,0.54948850418441,0.685829141642898,0
326,0.337564970317762,0.544731549569406,0.605587049527094,1
337,0.340861393907107,0.806369079160504,0.793052309565246,1
1004,0.618305002898854,0.753437342286518,0.444726712570676,4
833,0.620874790158986,0.749237381016147,0.456854330602779,4
325,0.341686445451342,0.601853541098535,0.697673781798221,1
350,0.34536874422105,0.648972361814231,0.865508522861637,1
1404,0.619192520947067,0.716379724115194,0.452879302091316,6
652,0.312066799374297,0.609709985787049,1.01214722301811,3
475,0.366689398128074,0.616926876478828,0.647455400926992,2
1331,0.606434441123854,0.721083118271933,0.458784088061706,6
1109,0.623463728835715,0.770014919928762,0.461570006386666,5
67,0.19341528438963,0.0699376324191689,0.653149909805506,0
76,0.308571089059114,0.455168151063845,0.464939322788268,0
732,0.313633772293106,0.626503573032096,0.837884842907079,3
590,0.371705733526032,0.574809405370615,0.71806122737471,2
675,0.31278647002764,0.866488522966392,0.699206800106913,3
1028,0.616523053321625,0.783253423814617,0.450939268376046,5
1224,0.625571722321827,0.716094441603778,0.455254635511339,6
689,0.309922234143596,0.737736452487297,0.731205206620507,3
1269,0.619332891797541,0.716233091289244,0.446212336156331,6
1042,0.616620051954934,0.775796492089341,0.455157310139029,5
534,0.369841465591453,0.580487554776482,0.749545344058424,2
1196,0.614387245639117,0.763911539355092,0.450888411271574,5
1158,0.614164562160482,0.779081483753824,0.453058116674038,5
532,0.375159381756093,0.455401892075315,0.917013602587395,2
106,0.0139831290580332,0.306427471106872,0.974120824364945,0
1032,0.618420377333194,0.768376619672468,0.458491168217455,5
1405,0.619000318826405,0.722184897602478,0.450379570794898,6
91,0.429178036749363,0.270418210187927,0.378063630545512,0
123,0.976974857971072,0.135471002198756,0.11891844146885,0
910,0.618641207213198,0.753235734375459,0.454735016595145,4
1350,0.631510288834117,0.713623045043156,0.444966389263239,6
554,0.367303961515427,0.870192777947523,0.644648280832917,2
1358,0.626817739066012,0.718411122322528,0.447544228181872,6
793,0.310346663617529,0.670542484498583,0.795866555441171,3
1234,0.623358631745539,0.718787073310543,0.456164769166753,6
427,0.375310642088298,0.565350650111213,0.728997594700195,2
286,0.341642706925049,0.904007620410994,0.636535123945214,1
663,0.312148230711464,0.689037811593153,0.897526602051221,3
461,0.369967309562489,0.73491579387337,1.03751749582589,2
1275,0.624279239528063,0.721600191329571,0.46466906082446,6
1336,0.618227133627779,0.716139848006966,0.453189114854198,6
875,0.620207436344209,0.742370751672842,0.459630469504728,4
22,0.832527734572068,0.174665236612782,0.693235547048971,0
300,0.342942295540124,0.700497088837437,0.672616556077264,1
966,0.620025271066969,0.751021409505672,0.453645424224145,4
896,0.606295724931046,0.748449194717266,0.4427351576038,4
513,0.372485728892498,0.475084189907648,0.705654564453289,2
35,0.952084954129532,0.118211650988087,0.580910230055451,0
573,0.375131514840759,0.841749489540234,0.550092652463354,2
498,0.375381795479916,0.811876697582193,0.831627780012786,2
504,0.369966071839444,0.825277780764736,0.954656724375673,2
173,0.973246251698583,0.744021706981584,0.467178539372981,0
936,0.620303488474524,0.752331294691408,0.461110970411459,4
402,0.342790103580337,0.802494768518955,0.711470834468491,1
539,0.3724867764581,0.919349872507155,0.619983245176263,2
292,0.337958655229304,0.664959025802091,0.838301601377316,1
252,0.344522439192515,0.538701053359546,0.634062700346112,1
616,0.306462303467561,0.462248031049967,0.977437837189064,3
523,0.368172664635349,0.904291493236087,0.809845683304593,2
443,0.367257084513549,0.631453379057348,0.892552494211122,2
354,0.343659179534297,0.533282049233094,0.766874332004227,1
804,0.308607859520707,0.722395004355349,0.793408707156777,3
1140,0.612985757679636,0.774949000346782,0.454638786821539,5
581,0.373725873460062,0.526011369656771,0.867129307729192,2
193,0.924891410628334,0.699290657881647,0.484524047467858,0
735,0.31193112882087,0.778572742710821,0.967089774110355,3
977,0.625403087957179,0.747783241247796,0.447777752360974,4
92,0.677924391115084,0.115742726018652,0.513250462012365,0
499,0.374832962166984,0.730976194376126,0.893419125373475,2
113,0.852786740520969,0.564056930597872,0.223021241603419,0
387,0.343197557320818,0.628568933694623,0.573012035014108,1
530,0.369673024148215,0.685659395880066,0.698963621188887,2
256,0.345257693228778,0.883007084950805,0.699821770214476,1
349,0.342172520402819,0.7301723677665,0.622815108532086,1
909,0.623699356422651,0.745725807941698,0.457432923151706,4
390,0.33645505385939,0.799985468154773,0.610345697985031,1
305,0.338110665276181,0.443626571679488,0.963881698111072,1
285,0.338363296382595,0.51332049316261,0.627663357555866,1
319,0.338694087674376,0.584517331677489,1.03440680287313,1
1412,0.620081652007345,0.71956312092106,0.457013358772698,6
1108,0.618499688501074,0.772863493253308,0.451634384302814,5
1338,0.616598400598033,0.714783374532767,0.459215539381786,6
586,0.371504036916886,0.750140680582263,0.698567324341275,2
367,0.339419981453102,0.548545182682574,0.829475743719377,1
1145,0.620190647181429,0.781766285849882,0.454583788486381,5
1129,0.626127054967427,0.782641579833951,0.45030568975307,5
1143,0.614456021977756,0.775184637599219,0.454589612936101,5
1076,0.62122700892691,0.774741450798558,0.454012364311212,5
1198,0.609400266685286,0.782937026992481,0.459151923198602,5
257,0.343563205713872,0.710631091962568,0.640925508947112,1
926,0.6163302480071,0.751977062772086,0.449215868494516,4
282,0.337108028267976,0.505860319011845,0.83548044776544,1
769,0.31088660395937,0.507307490799576,0.71744605365675,3
42,0.713812228990719,0.203121555270627,0.433081632014364,0
356,0.337867347793654,0.619332421803847,0.979456605995074,1
184,0.307758403476328,0.218960688216612,0.86875756084919,0
606,0.370508861164562,0.666013832087629,0.659506693272851,2
50,0.9412587932311,0.58000574237667,0.995463001774624,0
398,0.343376788881142,0.796474166447297,0.623945975583047,1
575,0.367320689258631,0.595151054323651,0.544774156901985,2
1082,0.623931229128508,0.777321864563672,0.453028168701397,5
638,0.310785704336595,0.514599065645598,0.739594466192648,3
971,0.626093710638342,0.750561052698486,0.457294426015014,4
881,0.61791605819756,0.749696050745026,0.457874706669966,4
696,0.306628702131566,0.52353809424676,0.833571674209088,3
133,0.294059056788683,0.226727371569723,0.130704742856324,0
1031,0.615966436843847,0.772761190526448,0.451660773778245,5
1263,0.617319053359689,0.715140582498244,0.449552644942892,6
9,0.278050321852788,0.573006090708077,0.460844537708908,0
345,0.342233654139563,0.508460971293971,0.83473910195753,1
399,0.344333070719149,0.442488883854821,1.01952513961587,1
815,0.621515801909375,0.751460111358228,0.458255703763464,4
1262,0.620408898695417,0.720735568574743,0.454427200712672,6
1335,0.622216814563875,0.705493319385707,0.443966626890462,6
816,0.629395823334992,0.744106470144195,0.451930702329615,4
947,0.615443776071721,0.750534738626167,0.457153983815342,4
836,0.622435754606362,0.749933732866931,0.459305070592106,4
1300,0.622464703777054,0.717512449134215,0.459579950449518,6
801,0.315906019753311,0.602810514392331,0.697514442517422,3
665,0.315534110427834,0.599790467764251,0.565582512435503,3
978,0.621259018986581,0.745605504883453,0.450872319905434,4
450,0.370390525676776,0.43471113871783,0.941505898162723,2
298,0.341160681641195,0.825846656807698,0.584162194188684,1
484,0.374516238372307,0.808951993240044,0.948288128618151,2
711,0.307190962324385,0.615418612258509,0.716790217347443,3
1027,0.620995782043746,0.778898000972886,0.439294357076331,5
1171,0.617643170378477,0.779872393528326,0.458772787958297,5
1111,0.617839777570889,0.78358315817272,0.460163794514374,5
551,0.373778767629992,0.694595579989254,0.87301533089485,2
596,0.369597860313952,0.467881825868972,0.770475433813408,2
494,0.374461845417973,0.710840785410255,0.865212359256111,2
582,0.37442682963796,0.75940073968377,0.900071261939593,2
1177,0.621747946622621,0.774290306686904,0.458603866111519,5
1228,0.615272892953608,0.716632891621108,0.462304660368651,6
1046,0.613150389944924,0.784625688102048,0.449674794851573,5
845,0.614583351249908,0.749168743681826,0.466555936072578,4
984,0.625725652732439,0.744136876975084,0.449884889912693,4
338,0.344123445637524,0.490044046426192,0.746859337459318,1
599,0.369172179331072,0.7149585459847,0.660368477599695,2
884,0.610706380550881,0.744483414795644,0.457159675921221,4
841,0.626080692667547,0.749027782922084,0.460649948303163,4
885,0.61332800273671,0.756087548232315,0.457800731301885,4
563,0.371320425334852,0.68351563019678,0.833329270267859,2
859,0.622699615399631,0.754861017881334,0.449004137948948,4
1221,0.623703273247123,0.722249461029472,0.454491722067352,6
774,0.310666670561768,0.880908681661822,0.598055248521268,3
900,0.6253094421498,0.746432754476343,0.45445079180427,4
1244,0.616450878466539,0.725699972786745,0.454615834085379,6
307,0.337649365549441,0.614080796483904,0.561978853330948,1
429,0.370900242631324,0.428227187134326,0.974242882011458,2
595,0.375041298947763,0.832189718494192,0.837279195804149,2
1152,0.613276195435887,0.7749323252556,0.444694990439702,5
410,0.337156979059801,0.459809946012683,0.665900215529837,1
31,0.16327225859277,0.506311825243756,0.889209382701665,0
83,0.434530398109928,0.585534538142383,0.849134389078245,0
737,0.310574508178979,0.700835657073185,0.581039038975723,3
1359,0.614297465177146,0.722382453911513,0.448090332378644,6
1039,0.611846554668427,0.778360833233703,0.458820408281591,5
949,0.61267005825299,0.748149736057351,0.455806965503336,4
529,0.366722810578067,0.432837105356157,0.95035261081066,2
1006,0.622047257773352,0.750338110420829,0.458057360171028,4
930,0.62787547583494,0.744165185412717,0.45595927089256,4
897,0.622209495273182,0.752428900465964,0.448104129805508,4
889,0.622989309242465,0.748554100925584,0.448605207817111,4
1063,0.619786725349193,0.78020432333067,0.460721409402331,5
967,0.615865630765309,0.741485910636546,0.453235837405573,4
482,0.366041750139557,0.688107008463703,0.56235920698382,2
607,0.371611254811287,0.486571811838076,0.622225109511055,2
1019,0.618131296482812,0.774159703832905,0.452040384205767,5
14,0.236206639325246,0.521453584544361,0.73945519933477,0
51,0.138037776574492,0.493314949329942,0.328549686120823,0
297,0.339541353345849,0.689290796755813,0.778152352920733,1
132,0.160851597087458,0.777709384448826,0.0107673909515142,0
800,0.30672386621125,0.455336231389083,0.589637737278827,3
865,0.617186454596541,0.745089254954872,0.451085970653605,4
1387,0.613422421781807,0.716318668354394,0.453439360839725,6
501,0.37190813730238,0.743823232362047,0.690237606083974,2
463,0.37355369940633,0.479785841307603,0.889378995308653,2
847,0.60497837436219,0.744828976499786,0.450784074826142,4
892,0.626584198674911,0.755519114390972,0.462174021882417,4
907,0.62197450126275,0.746282182841895,0.447639366815086,4
369,0.336511089722626,0.817981094005518,0.670443139411509,1
239,0.337746438528411,0.773539719171822,0.596623718878254,1
639,0.310356421794277,0.432868320145644,0.971438298141584,3
1097,0.609020531794196,0.773355979798662,0.452790112417784,5
1134,0.614601923734615,0.773218088227008,0.449857262811034,5
1121,0.625706143478841,0.781362619199065,0.462673918684476,5
643,0.309914266820997,0.725281541701406,0.928618648345582,3
189,0.406494994880632,0.764014837099239,0.763330412097275,0
1411,0.617847488861237,0.717077691583534,0.449568976348821,6
516,0.367856524148956,0.716390321380459,0.924652845156379,2
255,0.337752530267462,0.786112046800554,0.752091603842564,1
1402,0.61349162025351,0.716351973717932,0.456477537795321,6
294,0.336665935355704,0.619841861072928,0.910773229459301,1
468,0.375762002337724,0.92455063003581,0.85227081112098,2
1086,0.614717923287584,0.774841438575557,0.45306196035015,5
1075,0.623035838955084,0.790153556652943,0.448232625668067,5
1286,0.62227937843111,0.715189965522939,0.460145257793833,6
1055,0.622108074904858,0.784486163869833,0.446769859469014,5
1240,0.615894729042658,0.728559134196807,0.457093637359584,6
1080,0.605425185300136,0.773228539802961,0.457000123771852,5
914,0.61625538782389,0.744894843107512,0.448412974500246,4
111,0.278671237407252,0.669992258306593,0.995401785941795,0
233,0.340991888449062,0.853922553942539,0.622747613606043,1
1060,0.622654953394535,0.779123703395774,0.456467358556399,5
374,0.336281494870782,0.913171247113496,0.978333678585477,1
228,0.33933386299992,0.460892897564918,0.593164811399765,1
1393,0.613704587302211,0.725442097136793,0.454477416537204,6
435,0.37131261756178,0.772790096583776,0.609259720332921,2
363,0.341221461549867,0.57415560784284,0.9770443740068,1
898,0.620513867577117,0.749388558528054,0.453965927533968,4
452,0.372098715621978,0.627464515273459,0.559237273433246,2
714,0.310722416813951,0.807005566544831,1.04069273734931,3
588,0.375171601143666,0.459432538831607,0.649499606480822,2
416,0.36740258442238,0.686310817603953,0.948450506804511,2
1302,0.621965571683218,0.718137889605099,0.454476813628304,6
1348,0.621529833143404,0.715002073454063,0.461168519946234,6
570,0.366818997771479,0.889405639842153,0.865862289699726,2
87,0.705606886185706,0.751992969308048,0.176952321548015,0
850,0.622339977091043,0.748444651842484,0.445730508920489,4
1249,0.615659545182537,0.713681059129918,0.45403107839183,6
1406,0.624528195297404,0.720792657587482,0.456976913285656,6
650,0.31483605611138,0.458788517396897,0.789387378282845,3
642,0.309142686887644,0.74720686674118,0.705585527839139,3
1304,0.610642517494098,0.715782954199462,0.453805467758203,6
658,0.307103352029808,0.828785116667859,0.896129877446219,3
520,0.370693601011299,0.87216621497646,0.981800638046116,2
756,0.312202421522234,0.606333801639266,0.753235255391337,3
868,0.618686921350077,0.745544937956299,0.452416626659607,4
669,0.308913223464042,0.871072034002282,0.839838424837217,3
612,0.366380355430301,0.458980027236976,0.659942753519863,2
548,0.36721837593941,0.842052845982835,0.653622233099304,2
1118,0.616707648546418,0.785079982795048,0.452468049021036,5
263,0.345275268419646,0.810674926731735,0.578849499253556,1
802,0.307459497109521,0.768224873580039,0.98132423942443,3
958,0.614189440881219,0.745962958508012,0.455074782403141,4
353,0.342331316459458,0.671501103788614,0.588603240344673,1
1176,0.622945704798994,0.783379503312435,0.459967024571351,5
217,0.341523589764256,0.79354907060042,0.924476997600868,1
279,0.339632992977276,0.889482255093753,0.86499123359099,1
759,0.310804674366955,0.789100621594116,0.892456343071535,3
231,0.339793664177414,0.663733726250939,0.731600354448892,1
1153,0.608597502811934,0.777694374979911,0.44484022711454,5
1270,0.619412068507392,0.718710161053437,0.450018661636114,6
1315,0.621576107634156,0.718944049467863,0.448385445013489,6
744,0.307686577960849,0.892273382516578,0.965208570263349,3
1278,0.611359646137858,0.721058332519543,0.452855292887704,6
103,0.796801734017208,0.932997753145173,0.908360536908731,0
790,0.307347517849412,0.579041905584745,0.683787005045451,3
773,0.310647831221577,0.877064802218229,0.716957555874251,3
937,0.621657768754005,0.747262582984725,0.453062672046957,4
250,0.337523414962925,0.849981003208086,0.717489251424559,1
344,0.33615655898815,0.74547928001266,0.579830529307947,1
927,0.620867157124627,0.753915315038699,0.452552776719428,4
928,0.620576771598751,0.746544321045966,0.453872803357615,4
1183,0.624199344105016,0.774765431389449,0.457112915797138,5
176,0.777625164948404,0.989080209983513,0.560349580366164,0
414,0.372595594015438,0.621214948128909,0.794537154631689,2
760,0.310517697685864,0.693768098368309,1.02050211015157,3
1343,0.62266654280014,0.71648440764432,0.445377037109541,6
819,0.609349220187991,0.747299114078805,0.457452330721546,4
496,0.370314064160921,0.818530975258909,0.895458709821105,2
105,0.608646072912961,0.241558711277321,0.170117582427338,0
552,0.366985501120798,0.729913872317411,0.857743482012302,2
201,0.350157328415662,0.991227780003101,0.239095635246485,0
919,0.62429298041287,0.751927432307231,0.453184336335289,4
1211,0.628444210416074,0.773096815967332,0.45074359379892,5
160,0.554936023894697,0.205117069417611,0.186030870536342,0
1148,0.6155366073837,0.772355587077534,0.45138425977891,5
220,0.338034180051181,0.46656687266659,0.615085410210304,1
1210,0.61853932926439,0.774682129298346,0.450603311074446,5
1132,0.622931717527582,0.773827894026414,0.454311168799075,5
611,0.372860409701243,0.745386899798177,0.814886966510676,2
23,0.289455000543967,0.622881509596482,0.181512920418754,0
1408,0.61791729436551,0.712432925108248,0.449197974573998,6
935,0.623484628224588,0.755691900820192,0.450915911446784,4
945,0.622803486358974,0.751607908484955,0.455803157723559,4
72,0.621731700608507,0.821883684722707,0.20131653198041,0
1217,0.62030734376645,0.718574171125205,0.444513349096958,6
191,0.779938519001007,0.978676172206178,0.452380395261571,0
293,0.340720591184217,0.832047081552446,0.901487505086698,1
135,0.759610452922061,0.496455681277439,0.690377170452848,0
1374,0.617969083468999,0.722881703479747,0.467574598119229,6
18,0.136888190405443,0.187247544759884,0.874884283402935,0
1218,0.621670421999003,0.71762851928975,0.456749207312055,6
559,0.368581543033943,0.781123191583902,0.70479259188287,2
992,0.621723580382567,0.742293647544646,0.451405104557023,4
617,0.31200561929727,0.668582786922343,0.977549342345446,3
1178,0.617901511553147,0.77385738801699,0.45849884384878,5
1266,0.618192612938248,0.71389940131699,0.449609779548073,6
1058,0.628884315835456,0.769434051675805,0.454434567140065,5
1114,0.616093610837433,0.775738837945113,0.447499061567091,5
304,0.343355365570169,0.838259321521036,0.883091516699642,1
486,0.368852269074414,0.501421910128556,0.759286894486286,2
378,0.338426206845324,0.695386105566286,0.782026461232454,1
61,0.985087980050594,0.928287477931008,0.471342202275991,0
1367,0.622504156028547,0.72210729133551,0.455364285271149,6
1084,0.621282964746716,0.788534016742915,0.45092930104488,5
1290,0.627606747377796,0.715481669597936,0.451765521086204,6
1142,0.615448482259133,0.781429847256238,0.450051460885811,5
864,0.616677745673245,0.745904055797485,0.448054602657488,4
301,0.336377669561189,0.569328772486188,0.740426588477567,1
1131,0.621390533278266,0.77754302844953,0.448597708283447,5
1013,0.625478943223466,0.778716009408838,0.45536406743722,5
1161,0.610069829929341,0.777544927288055,0.45949909381422,5
333,0.336297967953142,0.744655049405992,0.727305296133272,1
1276,0.622715971075704,0.709030111683862,0.453315830661616,6
577,0.366756005280186,0.668687884113751,0.934318065550178,2
870,0.625787157465584,0.750516361835071,0.450011359998848,4
872,0.621072679778906,0.746430510221671,0.456750357256193,4
1296,0.62551318311345,0.716477841202577,0.438996240303324,6
63,0.98953604651615,0.109822850907221,0.480774060823023,0
854,0.619423164698096,0.745115199427749,0.453613760436906,4
710,0.312093849179801,0.849513636669144,0.670078348508105,3
544,0.370127849304117,0.875593691715039,0.644016063795425,2
676,0.308718539476395,0.581706529133953,0.631400471227244,3
241,0.338428624900989,0.769036196405068,0.988366130064242,1
1313,0.618300838389971,0.72626228500764,0.453093126024247,6
1381,0.617820521909139,0.714083977849214,0.456244638101761,6
122,0.731494678417221,0.277077784994617,0.577805563108996,0
1191,0.626089082412653,0.776835935696177,0.449042028286858,5
1093,0.618249866027828,0.782828155279535,0.463222677623891,5
303,0.336419712987263,0.523011740180664,0.606541935610585,1
96,0.0842842347919941,0.552486444590613,0.412559379125014,0
204,0.542566931340843,0.713684356305748,0.195821138098836,0
1197,0.61589164335306,0.776654396144161,0.453157691932481,5
1189,0.626109497227074,0.78003894614864,0.453552982128073,5
1219,0.624405381320863,0.719980784900735,0.446340696853836,6
823,0.620321584216257,0.751215364116879,0.453609174909266,4
93,0.819894930813462,0.30321727367118,0.298322062473744,0
380,0.336360566781368,0.741223079850897,0.741928179422394,1
412,0.339937864504755,0.861303289420903,0.975904140644707,1
396,0.337217460239772,0.476234703557566,0.578791122557595,1
533,0.375579689668957,0.483283561188728,0.654031037143432,2
609,0.366852811928839,0.618872431805357,0.91749627890531,2
1264,0.624091045578349,0.720860559052025,0.45323505460927,6
1253,0.615709048854669,0.71584418901262,0.458427558157712,6
124,0.831851675407961,0.154250995954499,0.08061862597242,0
797,0.310995106592309,0.463501835940406,1.00533073432744,3
918,0.616559903988398,0.746238815719977,0.457865528791033,4
335,0.342711871652864,0.671308628981933,0.668979613832198,1
1390,0.615602573806217,0.717013925000987,0.453628177788803,6
10,0.698389117838815,0.890966477571055,0.734705597162247,0
861,0.62301280928361,0.75263594342457,0.455587347572079,4
178,0.669132505776361,0.09206154034473,0.283686141017824,0
1370,0.617285971494735,0.720837848571688,0.45433171545677,6
1045,0.613399837064099,0.782640376510528,0.445733182843718,5
32,0.299038171535358,0.851200266974047,0.0372859095223248,0
767,0.312220671938267,0.880445749149658,1.01539349139202,3
1054,0.627164834081899,0.775211572151061,0.449707030119943,5
1203,0.613992027577659,0.779079245304974,0.456403495940766,5
1386,0.627692487143863,0.710219275231618,0.451362989799647,6
1029,0.619732465347087,0.78309276979495,0.458459134250573,5
1051,0.61490135032364,0.782754001937495,0.451670487673015,5
1117,0.62654814586176,0.778726536434704,0.450449747364216,5
202,0.670241803163663,0.619240100728348,0.846865378087386,0
901,0.620153286717276,0.742306614050739,0.458630424701648,4
383,0.336332513731904,0.621038133860566,0.990592331648804,1
102,0.840611444087699,0.113070657709613,0.0365784496534616,0
603,0.375640735698398,0.669345547561534,0.99371210092213,2
1038,0.614515332493906,0.780197212375165,0.45508776061445,5
955,0.622595058139328,0.741191871010266,0.456579606107782,4
502,0.373417517561466,0.893287675105967,0.63662825608626,2
1255,0.61283117391934,0.706513491277713,0.464947119804164,6
247,0.340269283070229,0.694914351566695,1.02973179044202,1
600,0.373720204932615,0.776251576258801,0.83118440923281,2
799,0.315202287859283,0.545321369194426,0.961694991821423,3
1092,0.615597249687867,0.770466433807502,0.451699432615725,5
1194,0.629520378533658,0.775704332335922,0.46063916288343,5
749,0.315836252521258,0.85789791343268,0.633471713890322,3
288,0.337919764919207,0.597217445261776,0.859872598689981,1
1133,0.630297820594146,0.775604159165853,0.445939647287514,5
1151,0.612479166982949,0.775907188886717,0.454312812732902,5
1229,0.614276478280638,0.725981628738649,0.448601339863234,6
1187,0.624318467082658,0.775843994498751,0.464909110713793,5
339,0.34030761080794,0.732244571205229,0.829021926410496,1
1137,0.618302732052175,0.778622748382698,0.447313610630988,5
857,0.624679858431457,0.752853120817591,0.450309411421062,4
125,0.18349600629881,0.0809223675169051,0.00655417260713875,0
37,0.897252208320424,0.438481083838269,0.76684776856564,0
764,0.313022996569052,0.447640476748347,0.806491477438249,3
275,0.34292238174472,0.640020619612187,0.85215767766349,1
771,0.314414872480556,0.889436021680012,0.825984360440634,3
491,0.371798800588585,0.472427200875245,0.848253085766919,2
149,0.449784782482311,0.0955540013965219,0.204036404844373,0
1138,0.619570863057233,0.784070274702971,0.458587734695501,5
558,0.369910332488362,0.506941561936401,0.875042697554454,2
736,0.307171980047133,0.758979561622255,1.03891367036849,3
1091,0.618409255544175,0.779000133100872,0.454388158146891,5
640,0.315322561212815,0.912669050390832,0.750308209820651,3
1314,0.617108113571554,0.719512056440017,0.453243033694589,6
852,0.621365878304864,0.746181063179957,0.45615757339066,4
668,0.315650409657974,0.618302669958211,0.92768055528868,3
471,0.373782154410146,0.916924095712602,0.912910593813285,2
655,0.310154135564808,0.796908825286664,0.876933500892483,3
787,0.313141097947955,0.640579851227812,0.673689234210178,3
692,0.307103740789462,0.617795604164712,0.596859158040024,3
1388,0.621547711110632,0.713779169917596,0.457815547885527,6
316,0.337386856602971,0.918447674950585,0.557323733600788,1
1062,0.624765105110759,0.77701521381663,0.454804488086925,5
459,0.37386007104069,0.865449804230593,0.946817874349654,2
441,0.366904989962932,0.820239622611552,0.670793888648041,2
938,0.620722971895967,0.747631485535613,0.45364793270373,4
911,0.613098336505867,0.752772244656038,0.454221281436656,4
1392,0.609579811657678,0.717981344843516,0.45511215337244,6
543,0.373014794241171,0.737928835558705,0.859140932932496,2
752,0.308226323416457,0.666543386876583,0.776617676508613,3
206,0.738421886460856,0.661887921392918,0.73010686552152,0
1361,0.626037411932598,0.718733571556521,0.453133486930585,6
631,0.315920187768061,0.785035048611462,0.801668985304423,3
555,0.366024044631049,0.428463859367184,0.886368420929648,2
983,0.619083515004463,0.754565623067424,0.451898540907846,4
1012,0.622847810718371,0.752544226155878,0.459407260488806,4
972,0.626334256488793,0.741859849784721,0.451057337025994,4
1307,0.619694691091128,0.713376128484479,0.455523240346978,6
1323,0.629454364664316,0.722607002726904,0.448701497719994,6
662,0.312495713315438,0.739598959684372,0.587910439027473,3
351,0.339101116464008,0.592257668497041,0.63615421243012,1
107,0.922050583874807,0.802054638974369,0.489345769397914,0
994,0.627334111954789,0.739144820151449,0.456098967967222,4
1251,0.618805565405045,0.717433447182663,0.450253215053855,6
1245,0.624478390960247,0.715137525783422,0.452647718580624,6
510,0.372388573214412,0.828161919838749,0.734191064280458,2
993,0.620828726693194,0.745175819925197,0.455062332685571,4
906,0.627353290666674,0.749231288838312,0.46225212550389,4
556,0.370868025324307,0.482371789868921,0.794176464225166,2
733,0.310291229509748,0.552024661679752,0.878235645848326,3
924,0.613301653313776,0.755006091865967,0.45239792723424,4
654,0.307472283435054,0.788744210847653,0.876037353207357,3
166,0.849251869367436,0.400473123183474,0.549595235148445,0
783,0.31183284400031,0.884568553301506,0.776992626860738,3
580,0.375508481175639,0.612607282819226,0.766224638931453,2
340,0.343785707051866,0.830325521179475,0.782728437590413,1
637,0.314023771295324,0.643461328814737,0.993074401421473,3
69,0.756875528255478,0.905508321709931,0.504361246712506,0
1341,0.621390509377689,0.715286066412476,0.453191599961393,6
425,0.373543659751304,0.51173165848013,0.934695430006832,2
980,0.622062731331189,0.749527677042625,0.458284062814538,4
278,0.342808183280285,0.855854886118323,0.563397444458678,1
601,0.370396154555492,0.657815489568748,0.841195419686847,2
164,0.836862856522202,0.922243180684745,0.341826650779694,0
593,0.366153494399041,0.641197527642362,0.897925864113495,2
1280,0.61493666622529,0.708701622272364,0.444548358408785,6
1141,0.623424458551015,0.779006565477846,0.457348901155505,5
322,0.339019899808336,0.810949266655371,0.955891995481216,1
664,0.311001017289236,0.804164833854884,0.633601007424295,3
1231,0.619537017590596,0.719896689187185,0.450646687792825,6
430,0.373499918910675,0.455720176221803,0.714145168568939,2
863,0.620176515504766,0.746147607581311,0.457265628847726,4
574,0.371946059439797,0.925019274116494,0.971300951461308,2
1018,0.626168050492868,0.776460872675089,0.466836908116231,5
568,0.370718219948467,0.623356962110847,0.708157535200007,2
941,0.61979599797938,0.750228129824892,0.450193210775658,4
939,0.617262298157021,0.747604137720862,0.450766471211818,4
403,0.344680839790963,0.458754039253108,0.672077397955582,1
526,0.366220499698538,0.580461827921681,0.774161557108164,2
324,0.340064325227868,0.553924933425151,0.868358401488513,1
393,0.343634063734207,0.696750405826606,1.00996262733825,1
842,0.617397971726058,0.750686905161412,0.454434513795252,4
1216,0.623114959887489,0.717558821290636,0.45613159762441,6
1002,0.622207923919358,0.754844671159851,0.461561590643809,4
1205,0.615837196812611,0.783611751369638,0.460537057842951,5
458,0.369747437690385,0.44898779981304,0.983385137887672,2
1144,0.624354302652751,0.775819720402249,0.446440736581334,5
809,0.311230278820731,0.730599623406306,0.568516042921692,3
962,0.614946881450498,0.745815206825574,0.444758352636595,4
413,0.367703889135737,0.876696044462733,1.02204205249436,2
245,0.3369292593305,0.662594345165417,0.572598756081425,1
942,0.630030286039564,0.739582837754471,0.455047843309008,4
553,0.375004551811144,0.440268022706732,1.03476160091814,2
1340,0.613298177509735,0.733531334871313,0.458136019882334,6
1160,0.617108217495547,0.78082578399887,0.450557776080149,5
407,0.340319242759142,0.867034642607905,0.627507990016602,1
610,0.375186134979595,0.628799682017416,0.757767702708952,2
1164,0.620931898693499,0.775475441586155,0.45290097119553,5
678,0.306273970319889,0.684490496758372,0.704303796892054,3
562,0.371132472357713,0.560402192291804,0.607862143334933,2
899,0.628499319650958,0.75014067576063,0.451290898203607,4
813,0.62624727703155,0.736977087029665,0.459687752404526,4
277,0.344834306584671,0.497566384845413,0.993389678443782,1
814,0.618930866682031,0.747883648842219,0.442787763596355,4
512,0.368041443948168,0.709885733551346,0.972763475519605,2
904,0.620947699151009,0.738880243236108,0.45054430307102,4
47,0.161893883021548,0.246321123791859,0.0227066173683852,0
908,0.62521159677679,0.74665853306301,0.455699655011698,4
645,0.314844764219597,0.917531401035376,1.00072727389634,3
1105,0.620448280862704,0.76762834090119,0.450791875838533,5
120,0.676659324206412,0.241845616139472,0.929153160890564,0
185,0.250881308689713,0.426483329385519,0.785864093108103,0
1157,0.624429044386747,0.777771954529184,0.451589952486927,5
747,0.313039021934383,0.80550936749205,0.876517625199631,3
366,0.339094303806778,0.70548064110335,0.572180428216234,1
1271,0.61909845705412,0.71446586886171,0.447850510847403,6
693,0.308198574357666,0.850124751566909,0.860890738340095,3
423,0.370465287354309,0.713201846694574,0.560452022729442,2
715,0.310299609256908,0.570547592244111,0.610492610977963,3
52,0.739418580196798,0.274111856007949,0.578610655618832,0
1162,0.628900333054666,0.776821323046369,0.458599849118836,5
653,0.312417111839168,0.913921705214307,0.894239622657187,3
467,0.373175473718438,0.684743990539573,0.902654722938314,2
1128,0.618575357465778,0.775208875449452,0.457352911574534,5
1252,0.620310863793054,0.722556593979325,0.444526939932398,6
828,0.62175579795213,0.755003592934944,0.453229689209967,4
1283,0.618857561679545,0.713138771565071,0.457211504484638,6
112,0.229651203379035,0.183027493301779,0.977263522101566,0
724,0.307462194843683,0.697641144506633,0.798912245221436,3
55,0.516295515233651,0.46147757046856,0.745165075175464,0
8,0.616801908006892,0.800467803142965,0.872575614834204,0
1396,0.626843725373351,0.71412630906722,0.459329467385897,6
758,0.306368703355547,0.641604849952273,0.776903033745475,3
1399,0.617063863415366,0.726648598230598,0.457075075039,6
274,0.339509553492535,0.83132017380558,0.995708504132927,1
1064,0.626511723172069,0.766929550801197,0.456121550316541,5
1248,0.622102744044201,0.71193991896538,0.448787953891281,6
1085,0.616175289807221,0.779654300625564,0.45247042969194,5
437,0.374683129966725,0.602607891662046,0.759737538313493,2
466,0.366068269261159,0.785093637881801,0.821400586189702,2
254,0.341245407410897,0.443037921912037,0.620458751474507,1
988,0.623012194914892,0.749585955683131,0.446842637624091,4
1181,0.619858507119409,0.774596520046516,0.448251983456534,5
1067,0.620697684444824,0.775868982446813,0.4574120890838,5
957,0.622030557050269,0.752816965809654,0.455687600767415,4
1366,0.616436922509786,0.722236649890746,0.448906689547763,6
1284,0.62003571335336,0.726717081654669,0.442440644078222,6
1227,0.620460653515198,0.717345562745672,0.447910073938358,6
894,0.619497665853255,0.748981122749286,0.448723012853767,4
705,0.309956564479507,0.648599083884619,0.765794763946906,3
751,0.310360941786785,0.469824511790648,0.692796593904495,3
1009,0.612529461945864,0.739106109936715,0.453875368768694,4
1096,0.612571893662853,0.786941420952462,0.464098272830884,5
1246,0.626903053599059,0.724646236634607,0.450959179270537,6
940,0.620236347270289,0.74133534184852,0.44422129764282,4
329,0.342022285307758,0.468232152052224,0.993409267417155,1
1327,0.621409111575667,0.721388280143661,0.445449776941087,6
405,0.34041134549072,0.832449784735218,0.613977633439936,1
779,0.311273108005989,0.812952817068435,0.802080049901269,3
1202,0.617066481720619,0.776115506697454,0.459438035173397,5
1241,0.616383086966621,0.709249611183987,0.458259190385044,6
1299,0.617586709439331,0.709678421905645,0.450718096742277,6
825,0.616033539029361,0.743272268062153,0.453696789173117,4
701,0.310430023868103,0.491749082459137,0.603782074083574,3
318,0.34412454523379,0.630419284920208,1.03830982455984,1
824,0.618904219921164,0.74943404730647,0.447835937369818,4
27,0.230009680613875,0.443564316257834,0.251925063319504,0
1155,0.610468487808979,0.778493662880047,0.449075627508079,5
438,0.373054139008746,0.487034061341546,0.658152133715339,2
672,0.312361335740425,0.579661698546261,0.82676510096062,3
1301,0.609757197530909,0.716779352352836,0.459325595496638,6
690,0.307454293663613,0.82386497000698,0.619434046000242,3
613,0.308651582247112,0.736305610975251,1.02325486906338,3
1104,0.623783795462448,0.77561538753047,0.452871350595072,5
359,0.343403459787369,0.856872027157806,1.00980249363929,1
656,0.31298635707004,0.472072255215608,0.990239892993122,3
1226,0.626036934393298,0.723359093975741,0.450617339720415,6
923,0.613274704136515,0.749178788471299,0.451616761121589,4
104,0.0992948373313993,0.913656103890389,0.21207785862498,0
1239,0.619989126718248,0.722659415287835,0.441779085177433,6
1066,0.610865496319092,0.78309788661666,0.456527320519297,5
36,0.137349849101156,0.631077522877604,0.253346339100972,0
1220,0.617810587614838,0.72046576435733,0.44630961811407,6
933,0.622658309824325,0.746231725739431,0.456419702130021,4
691,0.306531709081028,0.511633150745183,0.960015918617137,3
1056,0.624885103424973,0.780627493479411,0.45665785150206,5
372,0.342915429149289,0.537029431317933,0.816555196209811,1
1247,0.625411586775293,0.721581334472031,0.453526626441327,6
1136,0.623259158558591,0.781499267464554,0.453229923401479,5
1195,0.619477049823709,0.773798000965658,0.458661406710045,5
1403,0.623684373039806,0.714289505020776,0.45361511391066,6
168,0.0375924394465983,0.654778685420752,0.392408755142242,0
832,0.612765092569635,0.756075912821646,0.451170702284635,4
11,0.331367424922064,0.794592997292057,0.706636587856337,0
1150,0.621575894897244,0.771684791467485,0.456834179733687,5
996,0.62629562510265,0.747031804447936,0.451686480507173,4
77,0.211607228266075,0.907406930578873,0.0846357101108879,0
721,0.309723520150874,0.598083936609328,0.720599969406612,3
670,0.307869124240242,0.533518044394441,1.03757957452908,3
999,0.61697665383647,0.748666775777562,0.453724105965747,4
320,0.34461259939475,0.643217625911348,0.673538380092941,1
509,0.366124778450467,0.730997032020241,0.682290072692558,2
225,0.345260278813075,0.811601345194504,1.02752995307092,1
197,0.18093184242025,0.868790316861123,0.995014084270224,0
1294,0.617591760538232,0.726315838330481,0.460669339629601,6
53,0.316394792869687,0.380128274671733,0.849190138978884,0
697,0.310074253908824,0.586058288463391,0.912589323148131,3
145,0.499216473195702,0.559986090054736,0.954852096969262,0
433,0.369192988805007,0.426474269130267,0.632348607317545,2
703,0.307478913560044,0.921292581711896,0.787780493986793,3
240,0.338642760803923,0.581910463166423,0.780682881968096,1
1156,0.629489142187261,0.777434513912676,0.455881912077128,5
740,0.311950463089161,0.489836538909003,0.87632694831118,3
490,0.366265971756075,0.837220281129703,0.907833868660964,2
210,0.947968911146745,0.0541378734633327,0.173354489263147,0
1182,0.610505889128105,0.771901796461525,0.453852327684692,5
1243,0.62454275484177,0.724911100477109,0.461042624026483,6
1099,0.627463589288316,0.78341049841584,0.442956241346385,5
200,0.472079184139147,0.90476330765523,0.54399611079134,0
1081,0.611885833179631,0.775001964708631,0.457668226727551,5
127,0.701096219709143,0.504599004518241,0.0048279610928148,0
517,0.37025209939573,0.58197633724194,0.826034575491212,2
646,0.311302496048156,0.641529537853785,0.558822378423065,3
1298,0.616346502086634,0.719107659607476,0.456012462120112,6
40,0.410386112285778,0.782496314728633,0.89156507444568,0
110,0.37950979382731,0.507212360855192,0.12151081347838,0
838,0.618882338450554,0.756194813028589,0.448477755881176,4
1292,0.62654482309817,0.723453775161733,0.453539596319707,6
1267,0.614736556165963,0.729922102396067,0.449175318065127,6
299,0.337220857921056,0.767227191245183,0.919205869454891,1
987,0.622006386148392,0.751821738530811,0.450443375873982,4
1376,0.611084748673407,0.714522610210522,0.45259396447907,6
745,0.315795314563438,0.658870439394377,0.594014118448831,3
946,0.622190524215541,0.748261371621927,0.455244725346374,4
361,0.341236827785615,0.439904374768957,0.75053304983303,1
1008,0.621559968156952,0.745048313128668,0.45758438559328,4
1322,0.625436654283214,0.7058121155532,0.443976452522624,6
462,0.36679053620901,0.468956078053452,0.704572713724338,2
1333,0.620669119283428,0.719971214659151,0.451316694408025,6
1334,0.624319645735796,0.718197045659715,0.452096954373927,6
964,0.616578647615561,0.748724240954927,0.449336549417849,4
820,0.622570873922007,0.751167456588887,0.459322960111647,4
74,0.343369912356138,0.196794583229348,0.48507955041714,0
314,0.343568959459662,0.71489925775677,0.79474461581558,1
661,0.310655206735246,0.53062076959759,0.80209241786506,3
839,0.618191017736544,0.744784411525118,0.468878926453047,4
95,0.220099213300273,0.67765917791985,0.506041820161045,0
464,0.370000528928358,0.843729420448653,0.760383246722631,2
1022,0.623452381690317,0.771695878400064,0.443328270347631,5
1166,0.621596125500788,0.780627453965847,0.455096078915076,5
119,0.460848547052592,0.153162465896457,0.125844720052555,0
401,0.342077473339159,0.445321401581168,0.760654354956932,1
1047,0.619792413445387,0.782078810926159,0.463811933659184,5
531,0.374161814872641,0.546011687838472,0.766542132501491,2
470,0.3670636048913,0.524504143395461,1.02458512901794,2
1282,0.616521696282714,0.715155069142058,0.448985328458417,6
88,0.0876988570671529,0.761490652803332,0.50338979321532,0
883,0.62016744493156,0.746250875551001,0.453759616580676,4
456,0.372994735990651,0.859350353130139,0.883238837611862,2
419,0.365997187667526,0.700868006795645,0.564125090860762,2
560,0.373565259794705,0.717648640275002,0.956915684067644,2
347,0.345614577943925,0.778229591902345,0.734999653906562,1
728,0.30978456226876,0.518693458638154,0.843454280309379,3
789,0.315470423216466,0.511882019345649,1.00832929231692,3
585,0.371971048677806,0.865187272313051,0.823442934453487,2
1025,0.614306653040697,0.774983182971914,0.463887891165336,5
730,0.307818744066171,0.735401677200571,0.686837666109204,3
208,0.699980802601203,0.370339376386255,0.688247227342799,0
660,0.31015778164845,0.860239116824232,0.555704085645266,3
545,0.372419285099022,0.609550430788659,0.798053454747424,2
667,0.306702434846666,0.471260343096219,0.817675366089679,3
424,0.375328823507298,0.619211895624176,0.660077562462539,2
1068,0.611066018452869,0.77341762460194,0.458897536315234,5
1079,0.618913960280575,0.770473926053473,0.452632364943865,5
1186,0.615488908915535,0.78139385676689,0.453762787458873,5
223,0.337418893650174,0.64270111755468,0.802545584179461,1
874,0.619478259779578,0.745141827571336,0.455414899384742,4
925,0.609992587661595,0.74269644583443,0.462462478940607,4
916,0.617822758640856,0.756843473346735,0.460858304826373,4
1106,0.6232549066936,0.774850744494494,0.452002406504201,5
576,0.367436953948345,0.644075517426245,0.994353760406375,2
1193,0.619357056723883,0.77612028134765,0.456302255877164,5
291,0.344848222322762,0.702722227200866,0.813578325463459,1
618,0.309420174418483,0.830064741661772,0.715187768125907,3
731,0.313206274446566,0.78696586645674,0.63965303953737,3
203,0.473350470885634,0.290669581387192,0.146509764250368,0
540,0.367412960615475,0.584165845182724,1.01154932894278,2
876,0.619909878895852,0.745108169559934,0.451586648006452,4
248,0.339989811121486,0.878784625558183,0.941973164700903,1
82,0.23242476535961,0.619103548349813,0.696097820764408,0
657,0.307099012848921,0.734990808530711,0.587983912811615,3
1397,0.6168697209248,0.719490815447016,0.448388118749872,6
1088,0.622159873225493,0.776679470442566,0.455802893979112,5
400,0.343939080338459,0.61291727446951,0.541489587305114,1
500,0.369159125809092,0.899372186278924,0.887707766634412,2
1360,0.625787008349974,0.723546619935913,0.452528348087428,6
766,0.310409488107543,0.815827263053507,0.864937328523956,3
373,0.338353176373057,0.80676788452547,0.838235043594614,1
1074,0.616187275905402,0.775632939339138,0.455735744786033,5
1119,0.622398043750043,0.785146428968829,0.457843835017263,5
698,0.313614092718344,0.456457786378451,0.54686922931578,3
1163,0.626584566316464,0.77991584148595,0.462764779807632,5
965,0.618332018102022,0.750025253229862,0.457515610868994,4
1190,0.616142059456886,0.78285676795201,0.443387131874831,5
1265,0.617110590693062,0.716864252575881,0.454846281873294,6
1184,0.62347333257768,0.77707715882074,0.451461712675865,5
181,0.0352581446059048,0.465094044571742,0.150951217394322,0
394,0.344367431167047,0.648683694773354,0.902730324328877,1
995,0.619476672506042,0.754873081411538,0.454009900939888,4
16,0.278004095656797,0.973940758733079,0.0849606415722519,0
755,0.315761035168543,0.573193067451939,0.598320841928944,3
515,0.374191027469933,0.654553821776062,0.680371295800433,2
569,0.366147275464609,0.459421344683506,0.842917402996682,2
385,0.344148486771155,0.834196503739804,0.614736611861736,1
998,0.618654372328557,0.746220133612832,0.452827748037718,4
917,0.624769341064234,0.745841709240882,0.450965541470262,4
215,0.342738954685628,0.611450485652313,0.920461522904225,1
1035,0.624367890643441,0.774705606132835,0.440470911270167,5
409,0.339914670723956,0.881208112114109,0.810800948319957,1
1279,0.617347519972052,0.714925600616403,0.451695021804402,6
251,0.338252375647426,0.842570077278651,0.647705599921756,1
831,0.628440004125978,0.748344595039364,0.438640251470369,4
757,0.311708635250106,0.578495975467376,0.778291686577723,3
717,0.312607399660628,0.542026316863485,0.753486618655734,3
1207,0.62997700151076,0.775657577845567,0.464448400610561,5
818,0.625876365541184,0.753031586119018,0.449868481255547,4
1233,0.621214550512809,0.707692453975881,0.448482925854883,6
283,0.337829212432262,0.712302269646898,0.63642507258337,1
1188,0.623330492803247,0.766405266953327,0.452877790134757,5
151,0.793905473081395,0.519273053389043,0.451674314681441,0
243,0.345820664111525,0.527025465387851,1.03665266758762,1
81,0.87446201313287,0.226167818997055,0.313844977412373,0
190,0.200722707202658,0.928406332619488,0.568372091511264,0
762,0.306340318438597,0.474088188377209,0.582780383434147,3
360,0.345480899957474,0.506691949209198,0.618807134008966,1
154,0.312842267332599,0.030372898792848,0.0313938767649233,0
488,0.370464587048627,0.823300347314216,1.00666080266237,2
121,0.999235884053633,0.131478074472398,0.840035753091797,0
794,0.31312599551864,0.673403226886876,0.936354642291553,3
625,0.31495833627414,0.923364542541094,0.679986934899353,3
1272,0.615366474634405,0.717628492064319,0.454807020332116,6
1180,0.61453656524056,0.784682747510251,0.443978152426844,5
34,0.0736912256106734,0.0141342468559742,0.359979558037594,0
368,0.342404316207394,0.482656995416619,0.653439374081791,1
1345,0.619928632961283,0.70791401244421,0.453679945327147,6
634,0.307455452803988,0.903026005253196,0.799477419722825,3
477,0.368940756537486,0.878791001159698,0.873489458835684,2
198,0.625905894208699,0.314989733276889,0.67418372258544,0
161,0.990764816524461,0.718284122413024,0.845915004145354,0
803,0.314940586318262,0.60111231659539,0.729892810364254,3
873,0.615419349431987,0.751642255914509,0.458217708083132,4
1208,0.618194756312821,0.772284147123936,0.453489876738192,5
1021,0.621505114191553,0.773620996578953,0.447541463430935,5
1185,0.6307298256757,0.776492514712529,0.434825138324042,5
417,0.374595965689514,0.531628827098757,0.816642378596589,2
1364,0.625999562055227,0.710023980292355,0.457200986365661,6
1342,0.614564636867508,0.720202660617256,0.448048113324071,6
1087,0.619999481811217,0.779577368764564,0.453752683484422,5
142,0.781319818459451,0.562134482199326,0.931530831148848,0
879,0.615036812974308,0.744663143493146,0.451558129304669,4
290,0.3421834485,0.463818100630306,0.939690033812076,1
1071,0.624485863086103,0.785188769702335,0.453170418207657,5
887,0.621498270646218,0.749045908277733,0.456928501639129,4
136,0.128299847478047,0.233145678881556,0.837450347840786,0
287,0.343685450691264,0.650965307839215,0.625017064879648,1
177,0.80475429771468,0.0461687822826207,0.120563320815563,0
518,0.37323840389261,0.902499496354721,0.986143864248879,2
1179,0.621474652325524,0.777285208962103,0.452205147401905,5
807,0.314246380853001,0.471553887240589,0.76280127549544,3
808,0.306626858280506,0.890227752854116,0.54829461153131,3
480,0.374274400146678,0.845091417082585,0.561273651570082,2
961,0.628867597913952,0.740250288691765,0.455071090984395,4
454,0.374641496997792,0.705311421770602,0.737733933283016,2
1391,0.623450686168857,0.719805830262796,0.44424911056289,6
476,0.37039155309787,0.465466912137344,0.611976680485532,2
557,0.3724841329013,0.493359193089418,0.79922951317858,2
284,0.337004841484595,0.718015554477461,0.652420212537982,1
1167,0.628708363810595,0.776809077544058,0.456162357088705,5
840,0.616497736377648,0.744147462550942,0.451245398193443,4
608,0.367752152041066,0.761218770639971,0.999968755082227,2
382,0.341979855189566,0.849640446598642,0.759093735972419,1
270,0.342424094367307,0.895501117454842,0.908337901253253,1
671,0.306453887855168,0.42913604923524,0.603161664120853,3
1037,0.625642679825829,0.783955980607152,0.449981223915191,5
686,0.309070789359976,0.472698957775719,0.993870885134675,3
66,0.143450707895681,0.989214992616326,0.298481868812814,0
45,0.724395255325362,0.748255324317142,0.452318993629888,0
594,0.366703549926169,0.892274035839364,0.986751554324292,2
1212,0.623681006931011,0.784450751237214,0.452727670246527,5
780,0.313176543593872,0.844331334461458,0.936906935321167,3
1126,0.629143446834373,0.778795677992641,0.45893274527024,5
1061,0.61816105736785,0.782289778230353,0.454873436680256,5
680,0.307963920410257,0.776463210466318,0.697448505344801,3
1395,0.626911726394684,0.722566906908706,0.452098428348325,6
537,0.370669361315668,0.875318361329846,0.743911806866527,2
1346,0.605851144465163,0.725346044103486,0.458593012164259,6
171,0.246347138890997,0.556531338952482,0.764018616639078,0
1356,0.618580244458012,0.716888231794148,0.451615960456565,6
700,0.313233515620232,0.768241855199449,0.574744246108458,3
1149,0.620389378770379,0.782061466898711,0.460954813537996,5
483,0.369228959970642,0.860191013198346,0.737554212706164,2
541,0.375566118818242,0.696377461194061,0.721537529747002,2
370,0.341976333449129,0.615144085022621,0.904391887388192,1
