130,0.578813845990226,0.918897270224988,0.937211974989623,0
1329,0.484991124471425,0.339440805138946,0.282256866185136,6
430,0.55887833514018,0.083417542790994,0.426534116454423,1
922,0.491084108913487,0.371204925950428,0.281549727601984,4
108,0.170485286507756,0.472836224129423,0.792820258066058,0
1144,0.480047765066366,0.402252294019809,0.274443632147685,5
505,0.587203024728224,0.381774739758111,0.525046885665506,2
419,0.561681325305253,0.158388635888696,0.673566649388522,1
323,0.560736760126893,0.363047667127103,0.388495141128078,1
745,0.525104448583443,0.315729951998219,0.713754406501539,3
606,0.587463066803757,0.451894964370877,0.632684727269225,2
554,0.590616849861108,0.307031384250149,0.348041428439319,2
1487,0.488828367789161,0.340788485363447,0.275905879183347,6
1147,0.502162168021315,0.401179443874499,0.274122301432471,5
1139,0.491828136625575,0.392683175702708,0.282381981999432,5
826,0.52372001670301,0.380981811718084,0.680269257118925,3
1099,0.4780098778647,0.369960277869494,0.275593130380788,4
897,0.52740748006152,0.475282486807555,0.736405525659211,3
601,0.591979871366639,0.143062358070165,0.345523214270361,2
53,0.145102839916945,0.380156779894605,0.391761910170317,0
1362,0.491378157867804,0.336404293326165,0.2756998199726,6
181,0.94650537148118,0.361977484775707,0.11622546846047,0
324,0.55285413909005,0.253764048614539,0.253647837974131,1
1153,0.485667963634847,0.400635351017262,0.279610882129083,5
1319,0.484528485724248,0.344957846303711,0.277685807956429,6
806,0.52848056783434,0.419261078396812,0.551274837879464,3
1335,0.490383630324557,0.347658794142876,0.277934539792513,6
223,0.737960414029658,0.384476247942075,0.510882864240557,0
239,0.0241091854404658,0.398961013415828,0.881035709287971,0
36,0.971439462620765,0.153368339175358,0.994256491307169,0
1351,0.499895318901277,0.339049890224295,0.282405249472892,6
1361,0.488856255851901,0.34028804144547,0.284367092857877,6
526,0.586120684577618,0.344219093606807,0.292172185680829,2
316,0.559367301373277,0.199642954557203,0.468516255216673,1
848,0.530726092669647,0.235096234641969,0.689274104149081,3
1142,0.490507249562429,0.392282936286936,0.275121047401959,5
313,0.553179922632407,0.351391268125735,0.400660182768479,1
525,0.589407918495126,0.241536896489561,0.743799093947746,2
540,0.586646045465022,0.162446356425062,0.338748163846321,2
1327,0.490348549345692,0.330446551898422,0.278383289548894,6
119,0.0708844684995711,0.392249047057703,0.0953769632615149,0
1096,0.496750623454661,0.369171522161546,0.273493706695685,4
1089,0.495826934946753,0.360650859267832,0.277938412684703,4
1150,0.492850583647882,0.402355928960215,0.273625808234062,5
339,0.559293787376955,0.435714380745776,0.481327895610593,1
739,0.531512827028055,0.445848122285679,0.538714389153756,3
152,0.266951042925939,0.193685196572915,0.201668302994221,0
220,0.0237877995241433,0.370923539390787,0.891453852877021,0
860,0.524995981475804,0.490432415436953,0.473717947443947,3
31,0.0445484363008291,0.575978810200468,0.27046952303499,0
304,0.558441645593848,0.256876302929595,0.671343512437306,1
1429,0.49109567809057,0.344290341137547,0.283432362513119,6
271,0.223616851959378,0.00526742194779217,0.786430106498301,0
154,0.627967607695609,0.433992103906348,0.121817480772734,0
1059,0.490144818310914,0.370115877698597,0.276192555203725,4
539,0.585288614325691,0.293223741860129,0.32884871175047,2
1011,0.487971223586464,0.369645677068432,0.275962984742786,4
1000,0.490759277860132,0.363895962235805,0.274186764305841,4
179,0.494108073879033,0.0801236482802778,0.589656153926626,0
1332,0.495515822201116,0.337758558361952,0.275697458204789,6
943,0.505328112083218,0.363033674760918,0.2845226425278,4
1449,0.499476941175266,0.337207108223707,0.284425588510157,6
92,0.424301214050502,0.508369295159355,0.776673526968807,0
599,0.584595122083556,0.0567583455005661,0.721411833376624,2
136,0.988315909402445,0.871086735511199,0.592578209005296,0
707,0.523019939169753,0.319684371282347,0.602732525509782,3
708,0.531967600674834,0.26887212744914,0.356098454981111,3
1293,0.497185548908108,0.398965842809627,0.27699347977148,5
736,0.526589674483985,0.189379865466617,0.425478666392155,3
1048,0.494415927637814,0.366890211264872,0.279595240995611,4
413,0.55368322134018,0.190202129818499,0.486687959358096,1
1446,0.49042706700684,0.332714022352195,0.271348086095871,6
695,0.587273986949585,0.380618864484131,0.488636499457061,2
24,0.136477283667773,0.489337708102539,0.733461440075189,0
426,0.553137388471514,0.455574764451012,0.711552203353494,1
950,0.494275831713223,0.371149951749365,0.274683812556563,4
358,0.556390510678757,0.212688021059148,0.52896210977342,1
14,0.72026102244854,0.747201282065362,0.935955377062783,0
463,0.554937940209638,0.0434579687891528,0.476607240340672,1
197,0.453616176731884,0.734525619074702,0.404917177278548,0
818,0.525389939756133,0.134533604420722,0.365112827345729,3
1333,0.496888780178876,0.336028972518033,0.279150154193866,6
214,0.302143338834867,0.242766174022108,0.335727751487866,0
782,0.5266133999452,0.208303704787977,0.730506576783955,3
686,0.591808430752717,0.479221355332993,0.371962542599067,2
877,0.527960956683382,0.238852627738379,0.577537002344616,3
791,0.529486995500047,0.3863456441788,0.517773863580078,3
561,0.586560255596414,0.269362364476547,0.728527134819888,2
1337,0.486673461436786,0.337377160262098,0.27961847743753,6
766,0.532137867140118,0.236802459158935,0.735319662909024,3
299,0.0521621073130518,0.228111623087898,0.794623838970438,0
480,0.556154114850797,0.272692882968113,0.460188263864256,1
86,0.979535093298182,0.350776830455288,0.700898826587945,0
163,0.798139539780095,0.66557705681771,0.328738404205069,0
295,0.881630143383518,0.605176046956331,0.188461180776358,0
629,0.588510409307201,0.201160530024208,0.669762914488092,2
562,0.592030871913303,0.135996393905953,0.27649042669218,2
676,0.584939724935684,0.341903528012335,0.579135488090105,2
584,0.591100751578342,0.115064173866995,0.351191626815125,2
486,0.553814139596652,0.0266677602659911,0.541257905727252,1
1175,0.489255188951997,0.385041763499541,0.27363411384385,5
800,0.52256855686428,0.358064904506318,0.711723623983562,3
242,0.371681558899581,0.523384964093566,0.174584955908358,0
153,0.323495137505233,0.671620222739875,0.775080784223974,0
729,0.524771916256286,0.147562022483908,0.535803751042113,3
1030,0.491909010099009,0.374062018977163,0.273873546034455,4
1471,0.495189294840545,0.335569855011877,0.275700060113883,6
1456,0.49578824902549,0.340842144530286,0.276765588773502,6
204,0.611719017848372,0.348047418985516,0.972844683565199,0
1091,0.488235162655039,0.364133082965182,0.283681732825245,4
1270,0.486933782220495,0.395992311504078,0.273994983781918,5
1171,0.489721811770152,0.386485920013798,0.281870177568956,5
832,0.525841888335999,0.157795787020586,0.610909091378562,3
838,0.526571819966193,0.0361702400725335,0.663135980791412,3
69,0.813181626610458,0.0805480920244008,0.360951839480549,0
1406,0.487351493132228,0.339580067092455,0.275867105554175,6
1241,0.486925075620096,0.398737276145305,0.282116771537132,5
665,0.58628376287641,0.181987998820841,0.492776308045723,2
478,0.556976810826454,0.301532511296682,0.259754193900153,1
489,0.556042055888102,0.122411288600415,0.531080716126598,1
46,0.748705744277686,0.808925782795995,0.881772792432457,0
557,0.589186385513749,0.098074881057255,0.647142013721168,2
755,0.526451039111707,0.197251548222266,0.437708736117929,3
1363,0.497127238993379,0.34026881324709,0.286156062515837,6
711,0.525019771689549,0.239762922911905,0.273420557216741,3
1459,0.499872457011392,0.329873028581753,0.278127981963618,6
702,0.524639977498446,0.076907279365696,0.413870964152738,3
520,0.589620137165766,0.346180215640925,0.558981773979031,2
310,0.554544003165793,0.34232301118318,0.623903043405153,1
501,0.589938836141955,0.496524767181836,0.413801967701875,2
1272,0.490104907753775,0.398027637637919,0.280212904429742,5
1331,0.49874939980679,0.338556125935683,0.269611366692307,6
1385,0.493616452737016,0.337113059259414,0.286206995357753,6
1098,0.490200005774355,0.37252729189963,0.278470114027087,4
1360,0.48740079524167,0.343588163886074,0.275309665852999,6
710,0.523231778668705,0.0597865041811019,0.395998977543786,3
783,0.525473420657218,0.0635760243050754,0.34777182766702,3
381,0.561771496329457,0.400740444939583,0.518915591598488,1
1172,0.487179392027105,0.404748518717359,0.273171431915073,5
812,0.527281501046382,0.48453266073484,0.478823620197363,3
225,0.604948152787983,0.51825913740322,0.40180254378356,0
1210,0.490400090159709,0.404955484399823,0.275084963254023,5
1027,0.493191441648073,0.376678767505434,0.282207493605189,4
1041,0.496524300008118,0.375138173002417,0.278919290544449,4
44,0.624802491394803,0.82868287153542,0.953845537267625,0
387,0.559495549602434,0.234723615273833,0.474546761903912,1
1146,0.486213843170297,0.402942350568758,0.276011751572174,5
241,0.0451769123319536,0.180885797832161,0.909987109480426,0
508,0.583040565259289,0.373982589854859,0.427472421969287,2
987,0.501256359142163,0.370047765876196,0.284212061098271,4
1454,0.495860587715163,0.327991996497259,0.270938684126621,6
985,0.490857888442567,0.366164103244317,0.270449443654064,4
798,0.522446685093455,0.384090753085911,0.267740783817135,3
291,0.181943718576804,0.904347121948376,0.444060288835317,0
87,0.291900241980329,0.201122886734083,0.530659023672342,0
476,0.559571671327576,0.35976323094219,0.64275967895519,1
138,0.446563659468666,0.385828176978976,0.22086776746437,0
202,0.617048581130803,0.2274152089376,0.47068392066285,0
516,0.58755093324231,0.239595182286575,0.56951160596218,2
1068,0.49678397137146,0.371621078973088,0.282243294638036,4
431,0.555551507778,0.104585633426905,0.400374063826166,1
703,0.532118407215457,0.328259715856984,0.64158475685399,3
1187,0.497502317246603,0.395970530654857,0.275955897631584,5
462,0.561033637411892,0.307529693632387,0.539188970183022,1
1252,0.497941085944236,0.405153117984242,0.258483321087512,5
973,0.484966734217278,0.363796591579199,0.276349514114774,4
656,0.587032824992202,0.476701365015469,0.340389497065917,2
15,0.125121169956401,0.240164539311081,0.554828513646498,0
669,0.585759119468276,0.313642202806659,0.335437998711132,2
79,0.917546340962872,0.223357455339283,0.0528647443279624,0
905,0.494854394113312,0.361819266761576,0.283685383394808,4
34,0.804563011741266,0.305639077909291,0.0107359765097499,0
591,0.58960978643503,0.063031659158878,0.291869079065509,2
761,0.524180411915295,0.278808608232066,0.706944277929142,3
830,0.527668316047639,0.120395262306556,0.717199519695714,3
359,0.55654371063225,0.0250286321854219,0.702271554223262,1
1149,0.500304776084273,0.395540399251329,0.276152365863841,5
1284,0.491959852920779,0.387912401969276,0.269768622152139,5
1309,0.489963555423679,0.336751945567387,0.271940759424844,6
221,0.719807893270627,0.755557249067351,0.00527764670550823,0
1120,0.484287580922183,0.398844275645658,0.276852798360225,5
42,0.0778954327106476,0.372615144355223,0.557264448376372,0
432,0.558630874925293,0.282114516408183,0.638358435314149,1
1376,0.485680320384845,0.337719357177053,0.27652961168448,6
37,0.484966466436163,0.194763341918588,0.666648483369499,0
1297,0.494370037438347,0.392856476223168,0.266815802648123,5
923,0.501760248360692,0.365105994835643,0.280270705704529,4
1058,0.494803569153165,0.36768526171539,0.280313171929938,4
1353,0.494256055093033,0.340332176470473,0.266424931728289,6
406,0.557914217254147,0.196750315884128,0.462642867071554,1
353,0.561229432874825,0.0759660500800237,0.658518001856282,1
320,0.557463396601379,0.287120840442367,0.284448296017945,1
778,0.5242338436516,0.149428327265196,0.437308793724515,3
587,0.588057981424499,0.450541849178262,0.368048717570491,2
493,0.561033452437259,0.206245805299841,0.478062192862853,1
1440,0.477268987602587,0.334962128551126,0.279896369809664,6
919,0.490304337611271,0.368510655561517,0.276405640826961,4
1282,0.498230453451489,0.401763347082684,0.282497533358639,5
1317,0.491702482831703,0.323716586891683,0.278370251747366,6
988,0.487345887136711,0.365941100235363,0.276284332570054,4
141,0.829440944828093,0.455848743207753,0.988711069803685,0
720,0.531656089834869,0.281274405005388,0.379373639542609,3
998,0.491893828529265,0.364179533801331,0.282638410182195,4
48,0.894014603924006,0.484260044060647,0.121903216699138,0
718,0.532065399377607,0.311514543415979,0.405311654158868,3
967,0.499178303457868,0.370463641211892,0.277026317931347,4
1,0.486386760370806,0.178273603552952,0.223610054235905,0
555,0.591269704045262,0.13664842355065,0.41615458317101,2
753,0.52932009762153,0.434513797680847,0.268455031746998,3
762,0.531239153002389,0.121916108345613,0.541478552110493,3
979,0.48778902668425,0.371367362422882,0.288436457325804,4
507,0.584578848087695,0.434309785999358,0.442877334612422,2
1367,0.487316089136289,0.326673669555222,0.279777013817329,6
1482,0.490762861769654,0.343794344428244,0.277920037982474,6
1167,0.490169850980536,0.407463842167567,0.278774690088882,5
1163,0.488456787928184,0.404643108052899,0.27944513209765,5
441,0.552662544264458,0.149254798819311,0.48927027261816,1
120,0.0455514460336417,0.737794915447012,0.957420714898035,0
682,0.584373412495479,0.18395751346834,0.483007887681015,2
328,0.555988740439061,0.231419134349562,0.650415040855296,1
609,0.591416455721483,0.47762955497019,0.564971518190578,2
1236,0.49941587010127,0.402821175676039,0.273112634391383,5
1407,0.489067811366439,0.335277825236419,0.29005344425588,6
499,0.555762892973144,0.468372211488895,0.547904084855691,1
394,0.555480564406607,0.489813675452024,0.457744710566476,1
277,0.906611643265933,0.122512681409717,0.829286962514743,0
1102,0.498196680096673,0.396927351677918,0.275905952660027,5
892,0.522859548889101,0.0481916463933885,0.512325773318298,3
768,0.523877833632287,0.266177499829791,0.572188977338374,3
916,0.494099304600406,0.363399368548048,0.276323277420325,4
1256,0.496689537700187,0.398565232461608,0.281204922579974,5
872,0.523377505836543,0.177018578327261,0.53290220007766,3
640,0.586243266209494,0.323578706174158,0.467214574408717,2
1442,0.483167331573062,0.337669377985946,0.275728511933896,6
758,0.527891181879677,0.320318948291242,0.510184032446705,3
1119,0.49309428350143,0.397594976230672,0.280383964959586,5
502,0.584756757996511,0.445090370764956,0.441961241257377,2
1113,0.492970589773604,0.39799045716098,0.280688342256938,5
759,0.527049954284448,0.0864307734183967,0.653651147452183,3
1458,0.482447112266109,0.338591781526652,0.286665272546153,6
717,0.52892566694878,0.499465043004602,0.569307928392664,3
93,0.622383491834626,0.130238546757028,0.958398981951177,0
7,0.116908248048276,0.879651703638956,0.61390000837855,0
137,0.222782398108393,0.340393870836124,0.392453919863328,0
532,0.587484526711051,0.272882620850578,0.283356491313316,2
418,0.556312459600158,0.477889026678167,0.595811738702469,1
1072,0.504415399711536,0.373354889023194,0.279946890097346,4
1348,0.50009944006113,0.336311145974655,0.281387330537351,6
1109,0.500974187255628,0.398088981632323,0.283162744252359,5
1093,0.489844647282167,0.374192046799839,0.284699959044134,4
196,0.601685971487314,0.220733197405934,0.772937425877899,0
298,0.414299632655457,0.931760986102745,0.980410716962069,0
102,0.737999889068305,0.241789011983201,0.403372665401548,0
245,0.195666243555024,0.21120566315949,0.844987728632987,0
386,0.555952584960032,0.188788966089487,0.584383989870548,1
1375,0.493086892125926,0.342633964447905,0.281274755695954,6
282,0.590430844575167,0.420893807662651,0.714135893853381,2
1320,0.489413272522722,0.335708468054507,0.287308489498875,6
1002,0.496795014400938,0.372410909781516,0.275877314680089,4
88,0.432189577491954,0.0452889115549624,0.748534166254103,0
1097,0.496527162607752,0.364414281248498,0.273102938254122,4
1412,0.490632514341197,0.339433780549434,0.274796361417912,6
416,0.555438425911125,0.291769544407725,0.345118734007701,1
841,0.524034598097205,0.447423898079433,0.724109292915091,3
1365,0.495552191637983,0.334081859440601,0.275675664114796,6
227,0.745279137045145,0.209060875931755,0.998069007880986,0
1044,0.489522474699279,0.364072317059837,0.281690486260626,4
1473,0.48806789979419,0.334024164307566,0.280840214921166,6
97,0.616838803747669,0.240435888757929,0.203068927396089,0
1392,0.491373775159534,0.335946156196739,0.277500067449017,6
777,0.523848232200835,0.472958383779041,0.740670224837959,3
1205,0.494909047261339,0.392428361605909,0.278018661410687,5
1366,0.49280023179543,0.341335331305123,0.286694615090309,6
1357,0.485059991892911,0.339552608055466,0.281532741931674,6
968,0.492213622523074,0.366340908162228,0.277143102007762,4
899,0.529769288874231,0.505706987273879,0.422431766591035,3
1494,0.494089459585416,0.330296004101122,0.273844110419772,6
970,0.490075265643756,0.361826650636799,0.271784649767512,4
1388,0.487597339197092,0.343141008609908,0.275191984687957,6
683,0.58579454287421,0.482668027793989,0.447114071180113,2
1127,0.481735431998659,0.404696627812466,0.278559848508059,5
1088,0.489382063818429,0.367105627010772,0.277119034187232,4
166,0.0229197375010699,0.047851343639195,0.565737422788516,0
1466,0.490788127027785,0.340083689023752,0.280796536139567,6
110,0.493414230179042,0.791764540830627,0.278243307955563,0
1301,0.497065983922239,0.337612890160878,0.279007192947128,6
613,0.585022661122494,0.348210595012642,0.740762450103648,2
1344,0.497161824530791,0.338022777356776,0.286357511046495,6
976,0.491379460232109,0.368497473507311,0.279204274702924,4
715,0.52964931672439,0.252294197143055,0.284793020645157,3
1076,0.496433037583372,0.361731448278897,0.279377500676293,4
633,0.585292291762307,0.153828815720044,0.500146077317186,2
150,0.399991765152663,0.164027304388583,0.202545241918415,0
1238,0.488229038964444,0.390704114236841,0.272220705741644,5
992,0.492991065094711,0.374835491014288,0.290818437100108,4
620,0.590066518743988,0.0938612734200433,0.721277294168249,2
400,0.555480994973332,0.0450688414741308,0.655215309886262,1
95,0.183512195013463,0.67749127629213,0.297947930870578,0
855,0.530919795166701,0.117444854974747,0.526748999557458,3
1086,0.496146808449965,0.367770520809468,0.275842743294554,4
1246,0.489235775207142,0.404936589069546,0.276730032227945,5
659,0.585965405572206,0.158825523382984,0.714885905804113,2
1134,0.497948734589627,0.397974688273177,0.290136148684326,5
1182,0.486925314743393,0.395959544820694,0.274801368895735,5
958,0.497444735888889,0.357363176901032,0.279622490773574,4
732,0.52426358090248,0.0959056563908234,0.703465341194533,3
1116,0.495343725722402,0.390290371581311,0.283042202644358,5
1410,0.497931206100236,0.337820955503108,0.260721546244501,6
809,0.527827187718358,0.0346082933712751,0.697373033338226,3
1084,0.49687976055754,0.371046237484994,0.283498707520664,4
534,0.589422643508297,0.330658288951963,0.342146380059421,2
438,0.555243400968611,0.205769782466814,0.250368785299361,1
472,0.559244889663532,0.418637427431531,0.350136692007072,1
1379,0.498870198651998,0.328493409066082,0.27689543134086,6
159,0.683797162724659,0.281818831572309,0.575330334715545,0
1434,0.486401390852541,0.343029145480892,0.278920069316096,6
1318,0.503519245480194,0.330048857302643,0.270232049658491,6
579,0.582952100017574,0.355110494350083,0.702100969920866,2
332,0.553608718232717,0.386856854357757,0.302934821299277,1
883,0.526793636409566,0.201102011068724,0.677769596525468,3
531,0.58546215982642,0.259149544453248,0.582548632938415,2
522,0.588608829202131,0.350917456485331,0.696731027169153,2
449,0.555300702087116,0.308997839037329,0.689704789151438,1
550,0.584843980791047,0.312965705455281,0.677568469149992,2
352,0.552791295959614,0.135503623681143,0.45423964348156,1
788,0.528477510109078,0.30269189986866,0.550977169722319,3
1047,0.488942366899255,0.369876879141896,0.285821051323077,4
913,0.493444844677404,0.363478430676076,0.269351097849029,4
454,0.554501234798227,0.202196298912168,0.368047726876102,1
878,0.530546691541094,0.434459074796177,0.420646222610958,3
168,0.427923248149455,0.107040777103975,0.151600935962051,0
901,0.48353797311106,0.374523151799925,0.276872829867656,4
1468,0.497611037050812,0.339126596053819,0.275741520660256,6
997,0.494251109383225,0.356138485893783,0.27617827707594,4
804,0.532051735394634,0.367914730380289,0.33034164744895,3
607,0.584407306478825,0.463482493115589,0.414405178814195,2
65,0.895358046051115,0.152805023593828,0.838367449818179,0
1280,0.493477627601853,0.388625017126799,0.275209525306657,5
156,0.155019734753296,0.107835797360167,0.385459512472153,0
373,0.557354231169447,0.425823683082126,0.615471188281663,1
936,0.496956374233115,0.365851178531581,0.278018864820563,4
938,0.490252680458696,0.361231756826151,0.282408412167333,4
1108,0.501117313298927,0.394419373237599,0.288097812426198,5
941,0.486993971612297,0.359529208847669,0.280480934129605,4
149,0.0521891850512475,0.340718440013006,0.341978707350791,0
158,0.378616223111749,0.452365085016936,0.396737460745499,0
1032,0.491098521574465,0.367310235924457,0.273677897962886,4
497,0.561207122895867,0.277444586437195,0.353609211114235,1
442,0.559524878836237,0.0301480246009305,0.327894549653865,1
873,0.530884502818808,0.488459889241494,0.429571352619678,3
1463,0.489249306856836,0.331937927619421,0.2724816911216,6
871,0.523964277191553,0.340826065791771,0.599334345851094,3
350,0.553635718517471,0.407335757091641,0.675907152192667,1
675,0.58737402520841,0.324168550944887,0.535843245289289,2
391,0.559591224100441,0.464437282807194,0.539228451042436,1
1015,0.491265668810891,0.366861994970285,0.275527509065701,4
348,0.558954708699603,0.134974911506288,0.395824503223412,1
598,0.584269831085112,0.125402010208927,0.451396304834634,2
834,0.524389503432903,0.437961254897527,0.385011253948323,3
893,0.527018595337868,0.134560226392932,0.664065494155511,3
1481,0.493398258602349,0.333261541524162,0.275082885217026,6
1419,0.491395213680223,0.332849463858589,0.272777174858281,6
77,0.766162395244464,0.916895670583472,0.416491905227304,0
393,0.558268844878767,0.406127177225426,0.298732842854224,1
991,0.499795833553428,0.36200666369109,0.268017775837149,4
666,0.585004361607134,0.0200591690838337,0.442359765130095,2
559,0.590091353957541,0.504991259123199,0.309214999037795,2
469,0.561914312082809,0.219110959023237,0.590640758234076,1
1227,0.494762357137582,0.402610652271184,0.281906080630495,5
219,0.790225265314803,0.805868940195069,0.552704265341163,0
1185,0.498007717278153,0.40263051863227,0.285160057177396,5
857,0.527751436494291,0.43424963967409,0.701691386592574,3
821,0.52954331709072,0.374091536551714,0.706413914519362,3
1166,0.490559568995419,0.395033255727436,0.274579062791464,5
1046,0.49621893771814,0.375663789792282,0.280270043664674,4
582,0.586617353037,0.446560153667815,0.651192866102792,2
723,0.53009714101674,0.485936141037382,0.746669215802103,3
362,0.555561328385957,0.411125933914445,0.627472751378082,1
1322,0.487556213932104,0.335477296924254,0.272493913280844,6
475,0.556293395105749,0.249502277979627,0.467201612261124,1
945,0.483815041753618,0.367682238111058,0.279899479374406,4
16,0.618170097470284,0.59225977351889,0.25620489497669,0
235,0.657024492975324,0.237317024962977,0.791301226010546,0
1207,0.489596210904392,0.395358414549008,0.287530924808351,5
415,0.554652195430826,0.12164958443027,0.53849964083638,1
756,0.527515935476404,0.213066567946225,0.614367766608484,3
1492,0.493040152742803,0.340939758984363,0.27707205438776,6
39,0.0379338942002505,0.692686770576984,0.135155773488805,0
1368,0.490428478551097,0.338460534047836,0.276577813904206,6
1181,0.491002609672785,0.403205971766182,0.275411500205899,5
989,0.497236921771176,0.361137646496121,0.276020895452254,4
529,0.587599267889746,0.235339501220733,0.696052547148429,2
1051,0.489412113602073,0.365939256234078,0.28567113652123,4
1262,0.49350809834924,0.395352992874957,0.28862615688078,5
326,0.556404838874005,0.369342453707941,0.62940446131397,1
43,0.332394374301657,0.327124861069024,0.567469628062099,0
404,0.560248966265936,0.473494269233197,0.555171925295144,1
1160,0.493845060070467,0.401364783844678,0.286013339918725,5
846,0.525025210373569,0.473735114024021,0.466371028637514,3
1223,0.490893437367964,0.3994324192645,0.281244931314754,5
385,0.559755085117649,0.228359508723952,0.264562661596574,1
89,0.428255021339282,0.691186510026455,0.10612471960485,0
681,0.582638897753786,0.112273850990459,0.619633794017136,2
851,0.53011055102339,0.200694460002705,0.431743676727638,3
1061,0.503133818038922,0.370272373188434,0.282814409511701,4
434,0.560870086932555,0.141752509097569,0.350054871826433,1
1389,0.488711750982256,0.325404299169107,0.279471270664736,6
3,0.104752966435626,0.132728098658845,0.529428019188344,0
1122,0.493559138591442,0.397952886699878,0.276728979102036,5
1460,0.483158643828557,0.337118919443692,0.275039366923874,6
103,0.672756232786924,0.331451667938381,0.990633294917643,0
366,0.55339276653016,0.116138427448459,0.486521593364887,1
1233,0.497125285360279,0.397750161305622,0.273585414371275,5
303,0.556551232389174,0.239760093088262,0.61513470900245,1
124,0.793922561919317,0.62488910718821,0.936774602392688,0
1436,0.483976467980497,0.336335609613104,0.286194707314031,6
453,0.554576491408516,0.0955295929918066,0.568594125169329,1
592,0.589654114232399,0.380492607527412,0.335546860075556,2
748,0.529585021727253,0.493639985378832,0.565532656107098,3
787,0.529060492913704,0.361425853497349,0.475694373901933,3
820,0.527903346533421,0.246173167182133,0.549132064869627,3
1100,0.490286380719991,0.354423020895932,0.272656847331592,4
772,0.530184644002002,0.100327760726213,0.268393894960173,3
628,0.592152216502,0.344188932026736,0.610187504161149,2
615,0.58393636449473,0.0188557118410245,0.72157738097012,2
75,0.0366812993306667,0.284386434825137,0.94263782328926,0
1431,0.498068108013124,0.33706702218081,0.279923763979107,6
1178,0.484525605979306,0.39821227885733,0.28220831100938,5
1396,0.495470289079232,0.338973532104641,0.279677664216382,6
1079,0.488731028153199,0.369321539671905,0.282786161003102,4
984,0.492816114950221,0.36605231416388,0.27837660577049,4
875,0.522638992797583,0.301871064864099,0.630966476467438,3
409,0.561559593956918,0.149205182143487,0.463167799590156,1
1467,0.488720433801287,0.33672695919285,0.282413808351838,6
600,0.59216686768923,0.0620443603722379,0.428567989449948,2
670,0.591812828043476,0.0888225622940809,0.537636147998273,2
1399,0.491534699460896,0.339279247559908,0.288589657421985,6
760,0.522917461225297,0.190958170965314,0.721623879577965,3
203,0.651926899794489,0.697965177008882,0.0110775833018124,0
898,0.526985392975621,0.197438036836684,0.602438699640334,3
608,0.582742121201009,0.356313942512497,0.675891765695997,2
621,0.585323068378493,0.47711802884005,0.658848071657121,2
1271,0.497576539182187,0.389783987547555,0.268209357522645,5
1441,0.495885127349827,0.335199478525439,0.276123045984089,6
910,0.485109575767233,0.369178001000082,0.282153282096242,4
662,0.589366027826909,0.410987685946748,0.525898709148169,2
504,0.586801287380513,0.10517916996032,0.725912412814796,2
131,0.338420506333932,0.939000898273662,0.0141565543599427,0
632,0.582324499445967,0.265874113701284,0.334109870903194,2
1219,0.487840749541031,0.390977013932454,0.275946259076551,5
450,0.553997193507385,0.14982152141165,0.314610647107475,1
182,0.0038295341655612,0.230673789279535,0.924300265498459,0
1461,0.49305917974805,0.331875702652465,0.281659961401601,6
1395,0.490876448233972,0.334047423311602,0.281215021993999,6
850,0.529957516905852,0.423553112940863,0.682627250626683,3
64,0.392003853805363,0.314596773823723,0.157733605243266,0
436,0.553400209464599,0.103728365665302,0.40734244401101,1
925,0.484523896518344,0.373615009731022,0.284145966671975,4
580,0.582531189648435,0.0744819049024954,0.669618608034216,2
1480,0.501463590717518,0.341553295614812,0.28159904309303,6
595,0.585062828068622,0.329987037624232,0.299598050606437,2
542,0.590400604794268,0.035646215826273,0.644215554418042,2
125,0.0899440553039312,0.0709209514316171,0.0369912264868617,0
1209,0.498578531665798,0.396210690921213,0.278810454784613,5
1444,0.488030338403419,0.341349031310223,0.281643921153514,6
1500,0.49568475321466,0.33503962473826,0.278041780762686,6
594,0.587825442310423,0.178980677318759,0.280680173379369,2
1261,0.487688282633024,0.395369828927137,0.278646291971058,5
847,0.522352277094033,0.451113451551646,0.373428440373391,3
22,0.557723959209397,0.685316544957459,0.894582736538723,0
371,0.554891950963065,0.244958499493077,0.543898372515105,1
1070,0.482973330074278,0.371848759514884,0.278814457853417,4
129,0.0151154885534197,0.632166979834437,0.42719124048017,0
133,0.0740117158275098,0.836812923429534,0.742788127390668,0
85,0.0484451174270362,0.181030183797702,0.316126809688285,0
647,0.585130432581063,0.0944428839022294,0.469410985545255,2
1258,0.490074547890596,0.398225412830132,0.278411830494495,5
1475,0.486675977995751,0.337998567493285,0.27001351643673,6
1200,0.489843595699024,0.396068376708294,0.275342161747954,5
1112,0.486953544393438,0.39916473124314,0.279540139553291,5
118,0.618311123456806,0.815644149435684,0.666567436885089,0
1394,0.488340002535148,0.347196856462669,0.284051179835593,6
764,0.524412874632981,0.0690123159904033,0.330881610233337,3
392,0.552603016588837,0.375712352152914,0.327324889437296,1
585,0.585951064017136,0.10116527187638,0.302056833007373,2
636,0.589178946821485,0.191984974709339,0.654372652713209,2
238,0.93156092427671,0.0418577492237091,0.780149367405102,0
336,0.558805216378532,0.466297131078318,0.579059296124615,1
127,0.603427817579359,0.796968088019639,0.0865674503147602,0
297,0.723284985404462,0.683159801410511,0.902487492887303,0
231,0.522816294804215,0.12453923583962,0.11501109553501,0
722,0.526634960386436,0.444685232639313,0.707170756370761,3
428,0.558013298197184,0.50956584343221,0.317017978010699,1
934,0.490408931231012,0.367359846695062,0.284049652678655,4
340,0.553491976119112,0.0124550689244643,0.503568173572421,1
517,0.583326656771824,0.109830629010685,0.734443310485221,2
770,0.524030527421273,0.31752538732253,0.566529276850633,3
399,0.553929555895738,0.408370500127785,0.695704956492409,1
1490,0.499080927682724,0.337747575317045,0.281465514020029,6
1155,0.490514377129404,0.403440914377744,0.281513906651014,5
134,0.90204806975089,0.156050398014486,0.104475142201409,0
174,0.0390781646128744,0.0299384540412575,0.442946925759315,0
1257,0.496103912120794,0.394749596761068,0.274291823972306,5
1291,0.486965407121969,0.401579508033594,0.27950128637451,5
1192,0.49467479697543,0.395104677698484,0.278537619831267,5
965,0.498463490132824,0.368339729977157,0.283762608038198,4
904,0.489684246588398,0.372317044150754,0.269569437792248,4
835,0.526891489385162,0.435575563390739,0.63254486345686,3
1078,0.490263627889633,0.371302277858734,0.287000089346654,4
157,0.0946347215212882,0.934773043030873,0.310232826974243,0
805,0.52610623894725,0.140361675573513,0.689135349658318,3
986,0.48944787963928,0.37838799307333,0.278942484131274,4
1403,0.488174092103978,0.336149495375058,0.274535704535827,6
448,0.556536885614041,0.279988542594947,0.743849960109219,1
593,0.583351066862233,0.0444773931987584,0.737436472275294,2
733,0.525618959909771,0.120685799093917,0.662899415311404,3
712,0.525408658934757,0.294829259673133,0.665711709135212,3
1302,0.486229402459842,0.344680646441938,0.273320588767125,6
384,0.553829323551618,0.287798204505816,0.249657492572442,1
1387,0.496729629551422,0.339987159353931,0.278725132520331,6
1374,0.494020766486235,0.335615064972597,0.276318569253379,6
1328,0.4942154619497,0.340498662731496,0.286788994130971,6
693,0.59106707142666,0.219739902811125,0.59038515209686,2
466,0.554681955135893,0.061532646114938,0.541101642139256,1
1347,0.495656207554288,0.333389203478374,0.284976701712752,6
639,0.590448634088971,0.102621715213172,0.673681041761302,2
785,0.525763627667911,0.072106118593365,0.674120527063496,3
578,0.592087659484241,0.299009272060357,0.551081076799892,2
1483,0.484121345794451,0.342431563783964,0.279520130468456,6
1478,0.492200633658117,0.332718284942225,0.275726583975619,6
368,0.561846355586313,0.174709643283859,0.308035271661356,1
859,0.526553294127807,0.0435398042201996,0.604853546898812,3
414,0.554449141954538,0.369837483321316,0.656602009851486,1
151,0.563531083753332,0.0132026257924736,0.505232859868556,0
1464,0.487782075582874,0.335445285475652,0.280781927976625,6
318,0.56225674028974,0.127985062939115,0.421107058483176,1
1018,0.487222833239404,0.366743216747254,0.279221098765479,4
1025,0.50110420803479,0.367918201541864,0.282113640979869,4
814,0.528104952718131,0.0538127056090161,0.552927975263447,3
29,0.9598136653658,0.953668172471225,0.402295358944684,0
1484,0.486197283166155,0.338322263313536,0.275355907697039,6
1057,0.493698593882172,0.370724882421621,0.276976631455769,4
322,0.559000080702826,0.167712148674764,0.32738122723531,1
781,0.531393206233624,0.128425711812451,0.29220274167601,3
1053,0.493816881403997,0.364039282076974,0.273288575141986,4
187,0.421563644660637,0.0927490980830044,0.435336973518133,0
957,0.497297459686576,0.365010674126707,0.272329227331137,4
1268,0.48764220356635,0.388545522674661,0.277286281881401,5
981,0.478625705991573,0.37148016255025,0.276752942765016,4
1276,0.485206992672669,0.402307798183217,0.276115704052567,5
50,0.0733761563897133,0.895028703613207,0.762543298769742,0
488,0.553990088202991,0.124402217147872,0.361367556219921,1
691,0.588873779880814,0.0575560987228528,0.725897667068057,2
401,0.554223046316765,0.405881358822808,0.725558328395709,1
57,0.627367794746533,0.892139977309853,0.236889830324799,0
1421,0.494468615553305,0.336077256408823,0.271264912380115,6
940,0.496921532616821,0.361888255050492,0.275839136013951,4
553,0.584642996930052,0.203139463718981,0.701121137896553,2
146,0.318068398162723,0.265742948278785,0.166184487985447,0
1359,0.4943444015414,0.331137644243121,0.273672393479197,6
747,0.527937099267729,0.37063309950754,0.521044242032804,3
8,0.318800922483206,0.332765917759389,0.399512402713299,0
862,0.528468948211521,0.291530610923655,0.726639722427353,3
333,0.559608215135522,0.0924598314333707,0.423018726008013,1
634,0.584966758263763,0.121429230947979,0.293048776173964,2
1125,0.495684278831558,0.401005240486924,0.284578952682506,5
184,0.271091449074447,0.951059484854341,0.608341457787901,0
301,0.557736327073071,0.170327558112331,0.257972534815781,1
1413,0.497423748463786,0.324067504637374,0.284081036745852,6
573,0.585038938601501,0.249149393569678,0.660007607378066,2
1193,0.492777697794161,0.396987724670735,0.28081949990554,5
1312,0.499588176618689,0.334108058970828,0.283603875394805,6
519,0.591926455732901,0.434821028308943,0.647775719128549,2
1204,0.484858122867613,0.396423265837566,0.281726429464787,5
317,0.556159821620677,0.443155103991739,0.635142267751508,1
1448,0.493531744027875,0.342780027067402,0.276335634322141,6
937,0.490267763569465,0.36963048032173,0.282453497065478,4
716,0.53027086060727,0.432469068607315,0.691170561662875,3
382,0.554942881304305,0.0445423746015877,0.652353704278357,1
664,0.588329296912998,0.47126532769762,0.606039822404273,2
169,0.359779711114243,0.29372819699347,0.0693242065608501,0
757,0.529752604980022,0.468920361646451,0.526719435653649,3
689,0.584437597885262,0.226031550602056,0.412052548793145,2
1226,0.486671851449357,0.406213648905468,0.278657574626784,5
962,0.487992175210388,0.36481812349822,0.277793504089476,4
903,0.492136137353207,0.367999429775035,0.275952127356483,4
694,0.589453165540472,0.133808529982343,0.424564337311313,2
1087,0.497399130244051,0.366022631263065,0.275613170205465,4
1103,0.491085138960656,0.399179768822895,0.281574043137654,5
377,0.561348226342816,0.396202057180926,0.543702319567092,1
915,0.483666342403208,0.372556047521962,0.276085254312111,4
215,0.0548522828612477,0.29584977356717,0.148766725556925,0
1324,0.488586014554448,0.339101932867155,0.285612553217811,6
200,0.125143694225699,0.142535446444526,0.101401085965335,0
1013,0.4960164890896,0.371980906825638,0.272884739090111,4
1121,0.487181772362801,0.397751437528122,0.268695057673366,5
527,0.583180061394814,0.0883314928971231,0.690799556160346,2
1063,0.493881118220071,0.362943715641568,0.27253732097394,4
62,0.462744170799851,0.133929952280596,0.802031636005268,0
731,0.526182603752241,0.172654688288458,0.451927431928925,3
67,0.120432697702199,0.679691570345312,0.54391215601936,0
844,0.524662585020997,0.42467518702615,0.684739502216689,3
1330,0.488261037332224,0.339776942574105,0.289017415133252,6
1221,0.482761526858454,0.400258596703185,0.27432953029631,5
398,0.561889995136298,0.0335972565691918,0.689782758196816,1
1326,0.48797344606415,0.332369170763603,0.273876968546345,6
1279,0.492071982125763,0.400174164649399,0.267215515968835,5
651,0.590009370215703,0.331946800276637,0.695544588565826,2
1443,0.488908157523191,0.347112364993789,0.271972544236789,6
926,0.488978276308862,0.369886606130139,0.279428917656606,4
886,0.522542609761003,0.375990824820474,0.308024966227822,3
1022,0.495816460814547,0.368215265833839,0.276745595180498,4
1462,0.490488360808792,0.334020415461456,0.27132845807433,6
523,0.588731265745591,0.411975022568367,0.421919832308777,2
279,0.958688626997173,0.497186359018087,0.356361617567018,0
1451,0.48966271200921,0.345833744810173,0.27413000025657,6
724,0.525469303312711,0.0960904701380059,0.684495180449449,3
9,0.77428191062063,0.521058100042865,0.77053044969216,0
1299,0.487575046910052,0.393180525075522,0.275134342054757,5
206,0.497635486768559,0.648232616949826,0.58346376917325,0
786,0.52518631526269,0.129660678375512,0.358567388332449,3
107,0.255177712533623,0.767660666955635,0.867907993262634,0
1074,0.488335574407835,0.366068021596241,0.2813257599898,4
1184,0.499088432093927,0.394916153107112,0.274895823685815,5
1009,0.493913282989973,0.36626630583344,0.270713681813893,4
1154,0.486631865093915,0.40031456430802,0.288703657047048,5
367,0.552580674425699,0.0782437300542369,0.25689817389939,1
444,0.557713220810983,0.133171793469228,0.31920291793067,1
82,0.364540170878172,0.249093428486958,0.739268657518551,0
699,0.588874461341184,0.107835578895174,0.60432943510823,2
1292,0.498298418966093,0.400290637605994,0.275944846554418,5
749,0.531998910743278,0.400229574576952,0.731524173240177,3
451,0.559666737583466,0.0713517116848379,0.291029689321294,1
122,0.762328497134149,0.87064001779072,0.5205846009776,0
721,0.531909595944453,0.0199343717424199,0.366532423952594,3
955,0.498612512200564,0.365842084405549,0.27992925067567,4
737,0.528548971742857,0.31606226162985,0.635565666900948,3
327,0.560042187441141,0.100807938422076,0.416548742633313,1
1340,0.487601065305479,0.338871253615539,0.283302678827443,6
744,0.529230825714767,0.219123117555864,0.372912155184895,3
217,0.965601905249059,0.244637278374285,0.313927467679605,0
1069,0.498216987299989,0.369487865290189,0.279115703335631,4
1095,0.493975708079683,0.360944422834174,0.270474351112367,4
906,0.489796422066393,0.368017762844554,0.263236858460804,4
1486,0.493733154024551,0.344744727826194,0.284704845587724,6
1191,0.484895523615187,0.400071166264777,0.27556810045188,5
843,0.525090422993526,0.458956210687756,0.5697379529709,3
186,0.806024903431535,0.174782379996032,0.289343864424154,0
63,0.46822372591123,0.120292007457465,0.4045405741781,0
1004,0.495307302187988,0.366886397360442,0.273372255139894,4
126,0.390425920020789,0.365403741365299,0.439399958122522,0
521,0.588821874270216,0.020303593412973,0.48122318899259,2
260,0.901212134165689,0.86787676718086,0.990235056262463,0
1170,0.489225622515993,0.398588182396011,0.29234287454318,5
1370,0.495063851360595,0.338905806279825,0.275420840787063,6
1247,0.493105131427655,0.402830018576624,0.273102133080212,5
1425,0.498886508313823,0.332208097871342,0.27296449739191,6
570,0.592038831834216,0.412228713673539,0.677177981426939,2
171,0.299747657962143,0.462111820466816,0.606624034466222,0
650,0.58675530398963,0.241906053666025,0.286518126679584,2
312,0.557526510760654,0.230763583956286,0.500375667423941,1
1065,0.481118266546443,0.370163718382499,0.275591790398084,4
752,0.530687212334015,0.168506518751383,0.518017029576004,3
269,0.146119725890458,0.011740222806111,0.727508703246713,0
696,0.582868871265091,0.487157209124416,0.55448821473401,2
1356,0.491147923193909,0.329245008150405,0.267966980902045,6
461,0.552699026193004,0.0434045963222161,0.353665502462536,1
112,0.913160064723343,0.951502840965986,0.833091853419319,0
794,0.531334653166123,0.0413930522510782,0.657589118764736,3
1295,0.495655841199949,0.394929312843948,0.284030184419847,5
96,0.198411561781541,0.142502482747659,0.34387241769582,0
1026,0.489406147361435,0.357843380104743,0.28725045661157,4
1264,0.490208726459774,0.399809579917183,0.278436944119831,5
1043,0.491306594815976,0.35866434305481,0.283183227065081,4
700,0.585980897117406,0.352888576849364,0.368255408667028,2
596,0.591325645160396,0.305457042576745,0.515555915143341,2
1118,0.498597085408957,0.40459771555317,0.266345806484931,5
917,0.493279258980816,0.358559375871042,0.274668734252765,4
930,0.48789535720159,0.370733841108802,0.278036713754283,4
370,0.560481142702047,0.359518631873652,0.606659608148038,1
483,0.561440698553342,0.401664588181302,0.535680410987698,1
909,0.491685281999899,0.367228578645166,0.284794055641677,4
728,0.522980732449796,0.147522443719208,0.491516310209408,3
490,0.556032879103441,0.114329445920885,0.445063597359695,1
679,0.588416736528743,0.421847742330283,0.62844835636206,2
236,0.0575059736147523,0.497656593332067,0.711209157947451,0
68,0.340789200272411,0.145615652669221,0.190057220403105,0
774,0.527245472318027,0.0233015527948737,0.694350377609953,3
911,0.49664404721246,0.367002953763138,0.279806810683639,4
932,0.486915661619129,0.367506090267067,0.278362077494874,4
1157,0.494669637424926,0.399921366167171,0.280125319594028,5
1014,0.482807864012136,0.371614326137488,0.272116473981165,4
1308,0.496370732960982,0.333103997173839,0.279438220919728,6
188,0.910280217649415,0.0102297342382371,0.508236592868343,0
218,0.935225752415136,0.170052897417918,0.0241099987179041,0
813,0.530076713250019,0.312420747056603,0.487483903137036,3
1180,0.483791583490845,0.399529342474338,0.272981788190069,5
84,0.795400512171909,0.863623780896887,0.0973590437788516,0
349,0.553118699237239,0.316090156603605,0.436895667645149,1
1224,0.497969590086351,0.388208015974069,0.260459702319225,5
1195,0.492540553901733,0.393316684450369,0.276252473586683,5
730,0.525252378541045,0.277960854396224,0.292175200139172,3
183,0.370007342658937,0.748698911163956,0.786567603936419,0
71,0.114334303652868,0.983443565899506,0.616638924228027,0
882,0.523637378956191,0.183327091555111,0.37270981813781,3
76,0.776216393802315,0.275174001930282,0.218906306661665,0
209,0.728142593288794,0.814881996251643,0.320820468012244,0
1090,0.487571534772051,0.37788428012444,0.280023414758079,4
894,0.52932797415182,0.433834780170582,0.259608505829237,3
1245,0.491082378464421,0.394505948541307,0.274586287248135,5
482,0.558070382268634,0.207569903507829,0.530099859414622,1
854,0.528153409850784,0.269004802266136,0.313887547655031,3
574,0.587651476582978,0.407694898010232,0.647773732733913,2
1138,0.481513653726429,0.404315553857716,0.284500819452078,5
90,0.149741049623117,0.757296174066141,0.887909944169223,0
191,0.572384229395539,0.399220256600529,0.551462498027831,0
816,0.527027971323114,0.0481067491229624,0.543034732993692,3
1198,0.489883276141042,0.403529489947786,0.282941618250326,5
1034,0.488710565012094,0.371568551289707,0.273957912061558,4
773,0.531091513128486,0.265220701973885,0.32636650390923,3
105,0.132503538858145,0.735666697379202,0.907606550026685,0
10,0.925894335843623,0.383016883628443,0.465555866016075,0
232,0.194879211718217,0.950299326563254,0.782474667066708,0
292,0.0550869256258011,0.173743611434475,0.77340307389386,0
738,0.530224990055431,0.0513764292001724,0.311549221817404,3
1201,0.492880737896409,0.395850135847641,0.279964351138163,5
833,0.532132210119162,0.311537816934288,0.294251181255095,3
1275,0.486306865387702,0.395991211322029,0.285861839521758,5
977,0.500591949817118,0.370277474955309,0.282212249876056,4
1019,0.483401026745813,0.354664620733831,0.27547309906992,4
1133,0.488848511244027,0.394452596302088,0.268417669120321,5
176,0.66984546999447,0.450722065288574,0.000193896936252713,0
402,0.559566771129612,0.0502098603639752,0.40458192799706,1
604,0.587923113442957,0.176596527616493,0.705787208466791,2
661,0.585336150801741,0.298115382366814,0.599628956825472,2
982,0.489201643739239,0.378454526354498,0.274429006021253,4
947,0.494749091168237,0.361960227350463,0.289172495549792,4
78,0.1137416488491,0.232317539397627,0.880294376518577,0
823,0.532119341769721,0.257285209419206,0.723103321460076,3
1422,0.493952942953827,0.332813758060047,0.276533700952386,6
162,0.170720399124548,0.495351833524182,0.333038266049698,0
142,0.867899967823178,0.512571641243994,0.211970878997818,0
376,0.55473408470396,0.376445570541546,0.5323364863405,1
492,0.557244416347239,0.281684935023077,0.469635845115408,1
1003,0.491400959746389,0.366923914987662,0.273014963376198,4
38,0.485930657945573,0.957547217374668,0.294389242539182,0
866,0.52269490884617,0.406228567636572,0.481344344164245,3
1023,0.509999009827502,0.366099964775775,0.275076034458299,4
471,0.55241363900248,0.0695538509637117,0.681406115018763,1
888,0.526555279062595,0.171159700420685,0.256338011310436,3
421,0.560493516726419,0.0600164746167138,0.401338989799842,1
356,0.554361958354712,0.0680870740208775,0.423684453079477,1
1020,0.497004214079124,0.372726068503242,0.287798594343161,4
512,0.584722942542285,0.19722197453957,0.728279779967852,2
861,0.525529740497004,0.277888253843412,0.31748954039067,3
657,0.588589747508522,0.352239535236731,0.65081300418824,2
1283,0.484493248978376,0.405681093419083,0.280747888255872,5
365,0.558832544137258,0.133473236509599,0.688777861837298,1
964,0.498420488084272,0.371293575955593,0.27804468891228,4
467,0.558153123005759,0.497481716843322,0.452278843568638,1
692,0.585793739310466,0.232785297720693,0.704261073796079,2
1135,0.491305409763653,0.395905319235271,0.268951795955077,5
1203,0.490850191942925,0.397031244266096,0.281744867299528,5
1107,0.492663360243226,0.403121201530506,0.275067410419963,5
1017,0.488195702333103,0.368708479601692,0.276745239384403,4
354,0.561657073725946,0.425696189678274,0.507152439863421,1
1036,0.487179006827885,0.371095310052047,0.282021622294738,4
59,0.297314386582002,0.417143339058384,0.264691470656544,0
395,0.553790350379422,0.454223592113703,0.491007909364998,1
435,0.561321551175788,0.221034423261881,0.55150758982636,1
864,0.5247396581457,0.0224507374688983,0.40810446832329,3
891,0.531600716011599,0.406760029657744,0.534398558503017,3
1336,0.484775337453965,0.337944749162485,0.27900342383985,6
189,0.113411747384816,0.236889075720683,0.421120771672577,0
1311,0.487458679124277,0.3367249108026,0.28100913033713,6
249,0.894647679058835,0.933094280771911,0.613739016931504,0
895,0.525300623534713,0.263141178106889,0.266997217619792,3
1316,0.496606970502743,0.334545531429465,0.282277430316241,6
626,0.591849406105466,0.0966841471847147,0.693862367724069,2
1189,0.488367625123123,0.396287229521775,0.270371573116121,5
251,0.788042386993766,0.0540214558131993,0.52955078613013,0
116,0.597678194520995,0.0966494104359299,0.860760645708069,0
346,0.554614967247471,0.28561373280827,0.479652876919135,1
1064,0.491552009646898,0.367744082321453,0.276019940426236,4
616,0.588694083422888,0.186623536329716,0.324967317702249,2
56,0.376495252596214,0.711592299630865,0.0633396864868701,0
921,0.498022792113394,0.37333885759384,0.279878974194356,4
226,0.0917095146141946,0.31193151534535,0.987372767413035,0
996,0.488829124293858,0.368268782057962,0.294677063804878,4
560,0.586602780774702,0.309001852106303,0.678420431865379,2
446,0.558122966124211,0.109155842615291,0.524437273805961,1
321,0.55233688083943,0.166402519145049,0.396831604605541,1
1242,0.489332549846377,0.398606430898429,0.283260961608945,5
1010,0.485854761743086,0.374530157598209,0.279103803386125,4
233,0.872220668941736,0.202429115772247,0.021865259623155,0
288,0.262816889677197,0.00594234373420477,0.924341436009854,0
417,0.558150643911213,0.313256265409291,0.502329905354418,1
1339,0.49172019026409,0.338565993424046,0.276130936920819,6
278,0.117299750680104,0.757204325636849,0.480740208178759,0
1426,0.489070740245244,0.343759121076485,0.276778324893056,6
363,0.553319147422444,0.311911604413763,0.728405154962093,1
315,0.55538690694375,0.0668692463543266,0.460850468208082,1
1130,0.488360362309685,0.405943497800459,0.26947634490477,5
510,0.590282526433002,0.0270020552445203,0.255056152655743,2
1066,0.486275448934983,0.370155723118363,0.279175927212867,4
286,0.946073811501265,0.083538347389549,0.847012093756348,0
331,0.561361678331159,0.389586204476654,0.326257306453772,1
132,0.767907678382471,0.328087790403515,0.570613466203213,0
180,0.336975493701175,0.981685514794663,0.549409029074013,0
667,0.589992929471191,0.223062062915415,0.317211869475432,2
47,0.739577631466091,0.281543793622404,0.00512410560622811,0
849,0.529910881093238,0.283688752027228,0.592415783274919,3
246,0.0376311789732426,0.638740666210651,0.641758983489126,0
767,0.532243338541593,0.0127681106561795,0.290334398462437,3
1430,0.493807284952616,0.333369240663216,0.28237463740869,6
1077,0.488924364132464,0.362937392053968,0.27636326162241,4
1016,0.490146553864672,0.364281534622602,0.276199968030862,4
1476,0.494565576490461,0.337339363841072,0.280548001720524,6
1073,0.487238812708945,0.363078561382858,0.275090677269943,4
1343,0.485747975066844,0.339659502355004,0.27437195858184,6
603,0.585684014896397,0.32507978011854,0.665932509303093,2
1054,0.488649930077909,0.366294545221481,0.28511052700638,4
1420,0.492342634215483,0.332953958869776,0.270117703607218,6
335,0.55236593401758,0.0778117625042796,0.412540142028593,1
780,0.528523041235749,0.349831947521307,0.365125625580549,3
575,0.586931940119248,0.153214707551524,0.517159968684427,2
329,0.559119541125838,0.507105795713142,0.440218328102492,1
810,0.531561100715771,0.0653482816880569,0.322510259062983,3
175,0.607341522118077,0.842922654468566,0.282174009131268,0
250,0.313346211332828,0.656533665722236,0.149926790036261,0
104,0.072514764033258,0.47356604761444,0.649184707319364,0
1411,0.499316962879684,0.348236549829895,0.27437579014798,6
360,0.558173615278211,0.132315054466017,0.580977060785517,1
422,0.560248280614615,0.463302646577358,0.353803693619557,1
481,0.556098572879564,0.342218325287104,0.382642830093391,1
284,0.738335211994126,0.77721523377113,0.787737041013315,0
388,0.554990474933293,0.0797912251902744,0.46182689240668,1
1265,0.492151831065347,0.396824652929173,0.27731983310074,5
1488,0.499529414785376,0.332214009099567,0.278480801845529,6
262,0.138920675031841,0.76640901574865,0.874356677755713,0
1377,0.49837142101607,0.340330180099739,0.272734909936697,6
1415,0.485776205977002,0.336246893721042,0.279747859338142,6
383,0.558689218286891,0.291096886666492,0.701162293273956,1
51,0.87927273567766,0.59316505654715,0.420018005883321,0
1156,0.49768540909574,0.401535231892436,0.27828222006361,5
263,0.185944895492867,0.631228218320757,0.134247629903257,0
751,0.529500055504032,0.0678925470449031,0.484047403861769,3
55,0.449075900716707,0.121200102148578,0.485784163232893,0
697,0.586806932268664,0.342226831871085,0.672151537565514,2
1232,0.493711043876953,0.39503836205417,0.277835968528354,5
1266,0.493762521162073,0.398121646856415,0.270863775392897,5
1216,0.491366584540061,0.394309482505977,0.278661984421037,5
677,0.588955189660192,0.286748142261058,0.579172267299146,2
1423,0.495215475339943,0.33591840801706,0.280356554114328,6
538,0.582452178932726,0.332378314854577,0.413552277092822,2
974,0.49093972723131,0.376122217806118,0.267776615481681,4
1129,0.490934538608714,0.39664854079439,0.271936007231178,5
1140,0.493063466872531,0.399194822793925,0.272515655693848,5
1397,0.49413484828321,0.342309250558475,0.282057070233465,6
161,0.420221101026982,0.216052521951497,0.733434140216559,0
867,0.530972943902016,0.18439606372267,0.448695527925156,3
1033,0.495426461584379,0.368571911541872,0.284332539675616,4
30,0.0456380860414356,0.47674478054978,0.56137801008299,0
273,0.352014148142189,0.0371557979378849,0.288863572757691,0
1408,0.50144511334781,0.347193346416502,0.277013491851718,6
929,0.492039247985665,0.360487015930115,0.277655419696212,4
455,0.557014514517505,0.509471298241988,0.723369287862442,1
54,0.494167374679819,0.252729561645538,0.408252632245421,0
803,0.529866680405103,0.0177340781548992,0.648548316163942,3
1206,0.49781013200219,0.388107798858008,0.283522677659189,5
81,0.495788301574066,0.530074788024649,0.541670155478641,0
1380,0.485925202040097,0.340930161171095,0.27426947524884,6
928,0.485856049595888,0.364162536917737,0.277974791970191,4
1290,0.48979166621808,0.404797024115994,0.282439751221757,5
506,0.584704037872143,0.39848064344842,0.249562490568496,2
1239,0.491090127683099,0.390279183399478,0.278639229455252,5
1244,0.48775971432081,0.395129900102573,0.284781096034652,5
960,0.488632375934814,0.363369505288152,0.274685084850809,4
192,0.584307562094182,0.718068736838177,0.146650359965861,0
1435,0.492685152610512,0.33998814353775,0.276187433387027,6
433,0.55302437213948,0.0328718642005697,0.55169955228921,1
870,0.530312915572431,0.0401779060950503,0.608412356418558,3
876,0.523588954010047,0.38820616719313,0.277356625488028,3
100,0.849689509952441,0.86032970668748,0.757646159036085,0
1169,0.496153110527884,0.398301112745877,0.281435515497384,5
793,0.525012710033916,0.418889053445309,0.440206236159429,3
147,0.229590689996257,0.996608399786055,0.595402060076594,0
706,0.530092436966952,0.128078197874129,0.38778347063344,3
452,0.553201663985383,0.441114449803717,0.38842659543734,1
1039,0.48902405327839,0.371396778005127,0.27207562083766,4
1303,0.482246551967805,0.33920395623172,0.276323093212821,6
244,0.148753745015711,0.0468579579610378,0.00564868026413023,0
257,0.81907263933681,0.801673354348168,0.0398970313835889,0
503,0.587891779725906,0.340669529093429,0.480060024838895,2
1428,0.491968816202762,0.334693365584882,0.268576941371464,6
1092,0.491729644792414,0.368052394105864,0.282181704692843,4
254,0.295679508009925,0.628212647279724,0.698077472159639,0
874,0.522758825498167,0.118140881112777,0.654334671981633,3
268,0.749978707870468,0.582055648555979,0.817721552681178,0
289,0.452212264994159,0.661996907321736,0.385223751654848,0
1006,0.49308962241265,0.359494731733139,0.278656988689837,4
106,0.246768245473504,0.568036735756323,0.861716760555282,0
465,0.555741732311435,0.301257693604566,0.344679448241368,1
797,0.530619581316132,0.25153285653796,0.482377169141546,3
18,0.631385258166119,0.767497982131317,0.548174643656239,0
427,0.559815222113393,0.0308026560116559,0.383040460711345,1
1453,0.500774382098445,0.337838825270856,0.27890742534771,6
40,0.432919505052269,0.669271703111008,0.806106010917574,0
281,0.092246288433671,0.186415435746312,0.416028505424038,0
61,0.361082889605314,0.374820047523826,0.0227520889602602,0
477,0.552883354898077,0.45481181696523,0.348895865911618,1
252,0.749110828852281,0.350344673963264,0.0858468569349498,0
1075,0.503156617034431,0.367387002277221,0.275870546319446,4
1248,0.493735851413555,0.398486777040637,0.275126376523643,5
1457,0.491576783457928,0.33801597116965,0.282904634356973,6
836,0.523377565694973,0.464128005015664,0.61011760677211,3
1294,0.487270383161743,0.393870405540372,0.281371160351564,5
627,0.583080392661505,0.218001333111897,0.527906647371128,2
1364,0.485397807473501,0.337298317237962,0.27878467330884,6
261,0.0831797481514513,0.239414325915277,0.0642354702576995,0
302,0.554747037324123,0.395954244234599,0.40829116369132,1
674,0.589651908383239,0.148042759904638,0.6018982388312,2
569,0.586908141544555,0.068083527428098,0.589262558682822,2
1199,0.503215004454684,0.392038959277529,0.273708611037911,5
165,0.241954284952953,0.406600198708475,0.711613699328154,0
1383,0.494476507481695,0.33392828523492,0.275650736048972,6
1067,0.492743362687069,0.366879439396367,0.275135334093228,4
1304,0.484962714272369,0.341444601664182,0.273235856474132,6
1489,0.49601348886122,0.342803762469254,0.275353609585288,6
1350,0.489218109912479,0.333947008875795,0.27780338195366,6
1035,0.485419497090627,0.366144594170859,0.271805094298651,4
1083,0.495084772897848,0.368148934099598,0.28542591346282,4
364,0.553134019628633,0.0783970170188695,0.351647026324645,1
881,0.524555385208223,0.243673321139067,0.574612776236609,3
123,0.180762910982594,0.743012580554932,0.802238164236769,0
1228,0.48977690427943,0.401004171549833,0.273636904267043,5
1164,0.503322042782871,0.394066190513782,0.275476793443473,5
205,0.854555152822286,0.145797365810722,0.659982885234058,0
1342,0.493472388120888,0.34920497533933,0.279460048793923,6
590,0.583902890863828,0.0622485849773511,0.475523561891168,2
924,0.489034949189239,0.366784195989138,0.280825787972178,4
754,0.529472528127953,0.252551402593963,0.601041622646153,3
1325,0.482839712753964,0.342425062632303,0.276977071403468,6
784,0.527376260824967,0.200678908079863,0.706004717107862,3
1024,0.493162956217478,0.360552342936582,0.274927513576037,4
337,0.553592918419745,0.42371169552207,0.350254345638678,1
719,0.523188079090323,0.32617523712106,0.560925552691333,3
602,0.585225947319996,0.0947699301643297,0.411291221575812,2
1437,0.493653638840516,0.338444327527994,0.273507417289115,6
1115,0.49769790595859,0.392295448520405,0.269673557204381,5
423,0.561395221701823,0.223154666414484,0.323978627170436,1
20,0.00983043387532234,0.824950270587578,0.364952977281064,0
1249,0.495502375289571,0.396537143972644,0.286905347837665,5
1105,0.487360486617,0.399170250195951,0.28204915296537,5
868,0.527194757200778,0.22097287774086,0.725138538819738,3
265,0.995867115445435,0.813713788986206,0.101207632338628,0
619,0.592241691735108,0.171620352705941,0.253393361764029,2
1289,0.489283417832795,0.391442388640154,0.276963167357501,5
863,0.530056615376379,0.0229432053631172,0.701803333661519,3
1145,0.491863909064439,0.399820506315941,0.282491485828114,5
66,0.0250393822789192,0.344051626976579,0.681716409977525,0
545,0.591786187349353,0.272525115916505,0.624361733044498,2
802,0.527303719886113,0.335224357713014,0.300920499442145,3
801,0.529579132348299,0.428900688001886,0.570927369478159,3
1485,0.492710441376192,0.325635442955967,0.279698074863024,6
445,0.557884327783249,0.356717437435873,0.358706600801088,1
839,0.523414033381268,0.0844282365171239,0.684850886650384,3
1491,0.492587305868221,0.342253989562133,0.282706953018057,6
1417,0.483432266825354,0.335542503979214,0.271525911056784,6
713,0.523009570352733,0.352030271827243,0.617880175309256,3
293,0.818078807089478,0.64100945671089,0.417082121130079,0
1373,0.495933143464096,0.339997934748382,0.279241670977723,6
201,0.778907290194184,0.33755467669107,0.481722999131307,0
954,0.497894530134127,0.360780729157856,0.284053489661254,4
305,0.561030989508145,0.235404153750278,0.333779818681069,1
1433,0.491345681721542,0.335874305475591,0.277654705720371,6
792,0.524465687368065,0.128257269435562,0.506719708628953,3
283,0.510873729130253,0.173241284675896,0.377097665099427,0
1143,0.494634074875531,0.393242629539159,0.276599551861097,5
222,0.801494169747457,0.0606809642631561,0.758926060516387,0
374,0.557297859319951,0.504861582932062,0.616852244432084,1
1162,0.498764968294563,0.392559960637842,0.274111601144943,5
889,0.526959465469699,0.173362199845724,0.727328126854263,3
725,0.522896400263999,0.454307082621381,0.277373202797025,3
91,0.110158836701885,0.119068493135273,0.619605861604214,0
1111,0.480789927525262,0.389731394508494,0.272870584932776,5
155,0.031241214601323,0.844801479484886,0.322870032861829,0
885,0.527715204178821,0.278582394402474,0.281950523564592,3
1334,0.487268601601297,0.337979401319098,0.284619215761925,6
1008,0.494469725020856,0.361545737063712,0.284838986807659,4
1314,0.487744002095782,0.349656490279264,0.28144674754707,6
1474,0.496239979364235,0.337489418789587,0.280105449968549,6
673,0.584376934482716,0.47822755521629,0.3978461796185,2
41,0.994934437796474,0.53537284466438,0.561914538266137,0
1213,0.493740601129813,0.399051589059401,0.278201772875483,5
109,0.284005791181698,0.0616100544575602,0.884847219102085,0
1056,0.495686305352912,0.36005817132418,0.278049085168707,4
1183,0.489632382474662,0.400229657521948,0.266771002354158,5
533,0.591209442017134,0.0886525091947988,0.485428244411014,2
405,0.559908180134371,0.166794941225089,0.413603442674503,1
344,0.558045466830954,0.0222143177408725,0.281420522322878,1
1469,0.489790058575869,0.333171178265161,0.280332058039659,6
33,0.862718165386468,0.232680767541751,0.0429630831349641,0
750,0.527931502077263,0.0357453191420063,0.31586272532586,3
160,0.604185955831781,0.00664540426805615,0.507258526748046,0
140,0.753474306315184,0.16868821834214,0.573418531566858,0
361,0.555898690088652,0.192210897733457,0.251101209386252,1
567,0.590452295469586,0.111081959027797,0.38143323333934,2
460,0.557681225403212,0.350815682834946,0.415063691395335,1
884,0.525316127170809,0.286708593880758,0.550051893293858,3
13,0.879123588325456,0.245361969573423,0.769128464628011,0
1498,0.493537839211117,0.333414444814462,0.282226455722827,6
1274,0.496975743033177,0.387472077247765,0.270889184733441,5
887,0.52434445141349,0.0610312916571274,0.604906433215365,3
403,0.560240932661109,0.138234831439331,0.610933543019928,1
195,0.177429817151278,0.699888901785016,0.160715322010219,0
963,0.488900019980299,0.37281936890899,0.278590995013864,4
1338,0.492222985567767,0.339528717960253,0.28092866653162,6
272,0.799703420139849,0.513826043112203,0.235407519852743,0
705,0.53165572910104,0.337682235217653,0.255100187682547,3
98,0.987392333801836,0.795149100013077,0.458438662346452,0
425,0.560409007458948,0.254616499575786,0.711823809146881,1
375,0.560325276006479,0.21668439945206,0.320424970076419,1
1005,0.490953046546967,0.373022426818961,0.276339570204802,4
83,0.875146984588355,0.911590758012608,0.265724895521998,0
1255,0.498021773162782,0.398701632343707,0.270206717570459,5
49,0.890081766294315,0.209656275110319,0.852366447914392,0
1346,0.485109843200937,0.332693678262342,0.270557675312273,6
412,0.559650532610249,0.247555900528096,0.348185125575401,1
27,0.313605593983084,0.528585730586201,0.671409834641963,0
1404,0.482613867902864,0.330572346883708,0.27980106393514,6
1349,0.490362013340364,0.341925677395093,0.276934433786365,6
1132,0.49233329873751,0.397062309032516,0.284998777425053,5
45,0.175542684737593,0.951854855753481,0.459863987984136,0
470,0.561636088655796,0.350740035809576,0.402773287217133,1
1237,0.489870713032746,0.395024349847888,0.273671672508333,5
115,0.542356785386801,0.96917979279533,0.692503443919122,0
552,0.590548829268664,0.125423932611011,0.460058006527834,2
26,0.496735211694613,0.0126404147595167,0.790242910850793,0
637,0.582664304957725,0.388721705460921,0.622314881253988,2
372,0.556244702825789,0.0184933132724837,0.407944240560755,1
840,0.53007620586548,0.20625768257305,0.272479459247552,3
1479,0.496940318181339,0.341162048992644,0.273228342747088,6
631,0.591415637482423,0.464762583887204,0.491769684664905,2
458,0.562070135707036,0.278770954045467,0.338874429883435,1
240,0.456419375957921,0.430381835671142,0.458273125579581,0
734,0.528073533799034,0.0808361394330859,0.619929554359987,3
571,0.589076913343743,0.412062720442191,0.452238709619269,2
253,0.979629531037062,0.00424672733061016,0.273869940079749,0
714,0.529568797205575,0.326769152120687,0.399791838903911,3
1371,0.491319277241474,0.333360853910265,0.276859469819219,6
1254,0.491850546269611,0.396458957867519,0.27612838702315,5
193,0.66329084080644,0.254317759303376,0.569727548630908,0
19,0.470453664194793,0.634940280113369,0.552093067904934,0
643,0.588995049574878,0.0458450095495209,0.404584768181667,2
1355,0.493772485374221,0.327680189415043,0.280617133608449,6
1372,0.491424927879673,0.341402847215866,0.272214443839909,6
817,0.524133723969571,0.160031399969012,0.249489701772109,3
819,0.52594778617844,0.170286724623293,0.384805009188131,3
111,0.573270302033052,0.374356730142608,0.684076331090182,0
378,0.56084147292655,0.0188336450839415,0.667743029957637,1
1495,0.497917398827834,0.341138577820332,0.289097516660319,6
890,0.522380634117872,0.414488416793756,0.294144707336091,3
1158,0.484995301339954,0.402332796623553,0.287040865040255,5
1470,0.495963234776674,0.338800139258998,0.276645866213486,6
918,0.487321309075972,0.363812857759472,0.279261195334382,4
652,0.585357558762189,0.165018432005309,0.721841019415297,2
439,0.558566680005752,0.150693428167142,0.497773646563292,1
581,0.585150479408912,0.442189366254024,0.35009873455856,2
99,0.279551791260019,0.599949908675626,0.176101667573676,0
148,0.35988411330618,0.183966799639165,0.831249998416752,0
1218,0.492979596556408,0.394232651145891,0.271412554846108,5
1382,0.490335540275445,0.344155077120047,0.276868992892763,6
790,0.523840024375822,0.317280140286311,0.330804596957751,3
456,0.561137711415067,0.137323002377525,0.289627109258436,1
1117,0.491757827677614,0.390391959106977,0.283470532329175,5
468,0.556013880332466,0.0902772933943197,0.50664727257099,1
668,0.589339617961086,0.246247071470134,0.386571935098618,2
243,0.540877034654841,0.979106154525653,0.197421496501192,0
546,0.586887105412316,0.0966894649202004,0.488808478415012,2
306,0.55274626706494,0.0315345679875463,0.635076381801628,1
144,0.792742514284328,0.135720262303948,0.864594717277214,0
25,0.794441937468946,0.0158601189032197,0.513822294538841,0
1345,0.487141939179815,0.340545446642562,0.283115609073654,6
1220,0.488793468183487,0.401988628291827,0.280828036525772,5
1234,0.498685275868103,0.401981894662657,0.283759955979684,5
1007,0.495187605951728,0.363706692481091,0.276957500208573,4
266,0.519607690861449,0.107097054598853,0.180921914987266,0
173,0.755787189351395,0.230617122491822,0.865125880809501,0
588,0.590231193914078,0.0592288151849061,0.283852554811165,2
1126,0.493900835482794,0.397384153680827,0.278377688705037,5
498,0.555601301763672,0.463962350785732,0.579383012908511,1
653,0.587421901770868,0.410184547700919,0.453992274077609,2
630,0.58746589174727,0.133671638485976,0.738045776565559,2
789,0.529705500828568,0.278635547310114,0.374316625250503,3
509,0.591751172121149,0.148686807067133,0.727945287083276,2
1222,0.499184813383279,0.404936225186326,0.280809695738684,5
524,0.582850380539894,0.401262730173767,0.317162587959319,2
228,0.818166057113558,0.0154290760401636,0.654898608103395,0
858,0.527779459732119,0.506372750899754,0.26088456932921,3
1042,0.494808102207844,0.370993337937229,0.270440483559574,4
927,0.491620140445457,0.363096473995158,0.272067268345582,4
17,0.705274917883798,0.341566957067698,0.984028072562069,0
852,0.523003279007971,0.215175830340013,0.698687602370046,3
1267,0.48966159316582,0.394398448023738,0.279688791892775,5
117,0.994573852978647,0.871900293743238,0.132885383674875,0
1445,0.496465031616276,0.337682881744757,0.274866880369188,6
1177,0.493791564163825,0.384816943527435,0.290248359658109,5
993,0.490606508036754,0.365327728073159,0.281477426942587,4
1390,0.482499750346489,0.337926662484092,0.275107348021745,6
1432,0.501180665028028,0.341213864817078,0.279366189818084,6
914,0.50162919216846,0.373961866894653,0.283266823647866,4
369,0.55721837508725,0.347479200852103,0.58315196884796,1
1243,0.484270620037002,0.394847517766533,0.283079451591715,5
551,0.585437900009565,0.154673205502331,0.717211187654175,2
1354,0.490660969401451,0.34241955626088,0.285506128566723,6
407,0.558358838020358,0.34655243686866,0.383105159807019,1
709,0.531797134985682,0.455302947945893,0.461088952911086,3
1472,0.484814912423512,0.341944218650968,0.280758109725695,6
1259,0.482427746972528,0.401569222344461,0.288312628070457,5
1186,0.499339154046708,0.398465215752828,0.281036231501511,5
1208,0.48615998102681,0.395357147082155,0.282715291243211,5
411,0.559087099966127,0.250109691219404,0.252818720019423,1
999,0.495520623418181,0.370114697963312,0.284004824070966,4
167,0.912545175524428,0.734670959645882,0.0292206099256873,0
1060,0.488654391036471,0.367523764394672,0.272020330207339,4
975,0.495932831181657,0.372637290260374,0.281547656780842,4
1151,0.493477481081352,0.397186285324145,0.278530005884853,5
1384,0.494753058251746,0.342659718761694,0.279195225916821,6
946,0.496178332882191,0.366189501391412,0.273014502086875,4
742,0.527198427908588,0.386661334708333,0.601574278622866,3
1052,0.501902124412576,0.363985232950426,0.274022202369335,4
234,0.773564915638417,0.757011415902525,0.431149072712287,0
1277,0.494742885951241,0.40217623163518,0.277837944720882,5
270,0.762049091747031,0.333721931325272,0.0326922340318561,0
824,0.527465620352887,0.0844973698724061,0.471281946240924,3
357,0.556162922068033,0.0893318041227758,0.679972361493856,1
831,0.524815140101127,0.401700385776348,0.624105849256739,3
380,0.560074675099459,0.502424329565838,0.738004804193042,1
1190,0.492430846886806,0.4013967198017,0.271302175796738,5
544,0.58643390356563,0.140247091348283,0.548253952129744,2
190,0.823558151489124,0.770895448280498,0.595975238829851,0
473,0.55747332475381,0.344748452235945,0.528756548836827,1
1094,0.492865924534512,0.3670244264682,0.269913263851158,4
2,0.321119626984,0.756378136808053,0.381485680351034,0
1217,0.48310937522606,0.396954311707241,0.267654172858697,5
1174,0.493220033628595,0.40260835759695,0.281280284631221,5
198,0.0950001489836723,0.401677307905629,0.260953179793432,0
1477,0.491251341477519,0.340739581536138,0.288786547892308,6
11,0.5013246324379,0.885410249466076,0.204542265273631,0
1358,0.487141524949793,0.338796531258297,0.284338056068186,6
514,0.582893215843942,0.44177138088271,0.729148563765921,2
343,0.558740118804854,0.382758741779253,0.345833010808565,1
1101,0.487803977625463,0.396531317257664,0.278730366287016,5
1071,0.487656663144761,0.366604872282942,0.274928341752864,4
491,0.552775737480261,0.388816467765719,0.715930828428827,1
440,0.554511227731127,0.0586136306403205,0.448312366101891,1
170,0.293221324915066,0.889609425794333,0.915519854752347,0
135,0.464671459048986,0.120579030830413,0.830165806459263,0
547,0.589527924878057,0.0917382200015709,0.691739738755859,2
939,0.496366238989221,0.374566318604728,0.276942854826775,4
212,0.477186507778242,0.86323977750726,0.121965400176123,0
746,0.528182145066094,0.154248582711443,0.327316411258653,3
224,0.245806278893724,0.712015581550077,0.049082089215517,0
951,0.49512123921369,0.370230577439538,0.28986985720518,4
795,0.526602455861866,0.453500809310935,0.505202194512822,3
1496,0.493058016888699,0.342490078017601,0.277819959926294,6
638,0.591395431263372,0.234633413190022,0.721922237612307,2
275,0.406161161372438,0.286703941877931,0.67399019584991,0
769,0.523744336073287,0.290595318586566,0.747880133404397,3
625,0.592251288630068,0.0557172593427822,0.310975493001752,2
961,0.490892592409818,0.364473254415621,0.27068308623181,4
210,0.0155927680898458,0.906277236528695,0.901178632630035,0
113,0.488173520425335,0.820567487040535,0.770992767531425,0
566,0.591535909436643,0.323398222611286,0.545330105419271,2
1455,0.491322474143197,0.33857545859381,0.27353904178123,6
379,0.55291548677953,0.294157639890909,0.703622873476706,1
1136,0.495494902690632,0.39630627090797,0.272617755063135,5
355,0.553282306150068,0.100693257688545,0.743048715009354,1
837,0.530724129320588,0.255189723381773,0.262513121892698,3
164,0.437747251940891,0.324477175017819,0.523788991617039,0
114,0.271648194408044,0.134300003526732,0.775504062417895,0
1230,0.490525875479755,0.398720087939311,0.284185415394416,5
763,0.525318364382256,0.352156717376783,0.509363705129363,3
389,0.553885614462197,0.179178668814711,0.400023728446104,1
280,0.894568402320147,0.88755292352289,0.33988896664232,0
1029,0.481336708222239,0.371297847103159,0.280777676826123,4
1285,0.492539780989321,0.398916611613625,0.277569155899332,5
1497,0.484167461804787,0.334203588081738,0.278856606706858,6
597,0.587928163225297,0.376685356767848,0.439974363031797,2
880,0.527509284431581,0.329006279632449,0.710618521273136,3
1321,0.489718828099632,0.338534964697055,0.271033154271394,6
990,0.486650005793085,0.373473581817417,0.274487339395117,4
869,0.530536396584939,0.172543548792601,0.641112463735044,3
685,0.592273225667887,0.279833105555735,0.482577901752666,2
563,0.584962744347286,0.394318520720117,0.702259643538855,2
518,0.586746033118106,0.0440592651022598,0.387470870814286,2
345,0.558318687949795,0.317780232802033,0.61111912697088,1
1001,0.487956386843635,0.37411504592861,0.272724101037035,4
484,0.553694155048579,0.425215080194175,0.482560130488128,1
684,0.582436322933063,0.314312259596772,0.562794408132322,2
654,0.589523798713926,0.119448628555983,0.453116888133809,2
1037,0.493568841063572,0.368218518858425,0.279990062711395,4
410,0.556776669083629,0.432904677977785,0.69422550459858,1
1055,0.493560552650641,0.365435221864366,0.273319011231299,4
1168,0.496325839563551,0.395358731307042,0.277812310126849,5
845,0.522441755589098,0.12394884780515,0.373388191289268,3
1414,0.491632076916627,0.344600660050928,0.278889650834061,6
258,0.395572170848027,0.893283649347723,0.968297020997852,0
1173,0.495998444225422,0.397990027639403,0.278103233431086,5
1131,0.49318113860066,0.400983440137221,0.280616428305626,5
1188,0.49210768691795,0.393298059678379,0.270545441034848,5
978,0.504775663144695,0.362182731965474,0.279363990567517,4
264,0.712551433593035,0.933809079229832,0.60845707799308,0
1300,0.483699500201327,0.398601450869233,0.27326956146816,5
58,0.752148092724383,0.249518980970606,0.85891948104836,0
1028,0.498202546609895,0.375575847881643,0.278315518284961,4
396,0.557822087816894,0.359057671786286,0.287234223401174,1
479,0.56121400651522,0.441641819477081,0.673738840804435,1
931,0.492244435142575,0.364174914401569,0.275846753792897,4
1287,0.488692977877005,0.405555814938514,0.282927382658042,5
796,0.523264262010343,0.154957665759139,0.511642326554284,3
1409,0.486043074167807,0.335477526619414,0.279812429065778,6
623,0.586787587895524,0.408866514847614,0.484992041788064,2
294,0.242193789454177,0.971814832882956,0.511925804428756,0
1165,0.49034238042599,0.406493364047695,0.277291255061584,5
1082,0.485593275726758,0.36269559272286,0.284970312713648,4
1427,0.493032413534375,0.332994270215624,0.279715700873982,6
586,0.589382826131769,0.196529958443716,0.31667950337287,2
276,0.940189165296033,0.642292231088504,0.82026445842348,0
912,0.484576531638364,0.379449219220358,0.272832717886271,4
994,0.489846833994134,0.371968661157161,0.27378029005019,4
822,0.528264375526924,0.36903764475137,0.586016678321175,3
494,0.562032466169912,0.478800804750062,0.541890104836784,1
447,0.557789166285656,0.39984535954427,0.294426422985271,1
94,0.0826394900213927,0.831413033418357,0.103196991840377,0
920,0.497402736343827,0.370339208282436,0.286697127534743,4
1176,0.492805492656703,0.403022121706817,0.280914995266845,5
829,0.526411046413705,0.123404292552732,0.603583313710988,3
956,0.487108830770863,0.373410642976212,0.278228691309447,4
815,0.527953524356708,0.0318700457457453,0.251410624897108,3
437,0.554625019170344,0.378467555786483,0.306640749401413,1
618,0.586906958585605,0.0471681388327852,0.630777067923918,2
556,0.584401714988053,0.318330271565355,0.355189017322846,2
334,0.555326419731137,0.473265303811058,0.394552594819106,1
300,0.217879611300305,0.903277467237785,0.798795277951285,0
741,0.526261973299552,0.0931174811441451,0.571307770279236,3
530,0.585054117725231,0.28720165793784,0.693319320050068,2
1031,0.500587236556436,0.364413299020379,0.271240193046387,4
487,0.552495925044641,0.193449040572159,0.290638138959184,1
944,0.489766690371169,0.367001111325047,0.267826799722891,4
52,0.923357783351094,0.956621811725199,0.473218470346183,0
842,0.524365321241785,0.219623705069534,0.435193286463618,3
1307,0.489266546446521,0.335415418421652,0.276550898024224,6
247,0.0126083248760551,0.308897973736748,0.0523551229853183,0
6,0.0875737792812288,0.647701403824612,0.949803047114983,0
735,0.531645816604141,0.0821766206528991,0.51692013728898,3
1137,0.489398202812943,0.395754129704936,0.277251037713261,5
740,0.532167119910009,0.0473039000527933,0.432851050817408,3
1045,0.492892076583314,0.365932162121268,0.289343012574521,4
511,0.582317500468344,0.225560604291968,0.599396807327867,2
314,0.557933252423536,0.478221907443367,0.587963627371937,1
1310,0.494403532942755,0.337326339251924,0.272082227174192,6
949,0.494318893288797,0.368650544115083,0.281643727904923,4
1050,0.489267542185469,0.373839827393315,0.277535585592386,4
983,0.494656627888782,0.372550389238594,0.273946077261391,4
641,0.5890060796123,0.232533747027628,0.505106020555832,2
1278,0.494098023160388,0.398931514124671,0.27787937052972,5
213,0.664896754315123,0.993716347729787,0.370961423730478,0
32,0.664335404057056,0.784414790570736,0.83735175174661,0
663,0.586116687704343,0.380743197561242,0.318590397434309,2
1323,0.496040028583442,0.337489740626982,0.283311205334597,6
338,0.553461007499136,0.26120293494314,0.503303807065822,1
28,0.16185459215194,0.777166052721441,0.549491889076307,0
1352,0.484882007106318,0.333050504999152,0.280802101601901,6
1123,0.490196500799696,0.39594411635636,0.280462910193111,5
1231,0.480431219853101,0.400547924986174,0.286025845902001,5
771,0.525070122082252,0.334747807169333,0.30273795472458,3
1080,0.493025202326821,0.377214483695714,0.28104129909391,4
139,0.362629936542362,0.501565560232848,0.717316887807101,0
856,0.527994600855745,0.325590215902775,0.701204678462818,3
672,0.58876877695322,0.299329411634244,0.323972207680345,2
1240,0.49358597137717,0.397047499369948,0.277032488557783,5
1281,0.494276113161656,0.410288932642208,0.27268678344858,5
807,0.525803556733299,0.0664006645558402,0.640751951211132,3
1398,0.497620531455186,0.335591789010323,0.267819506066807,6
1269,0.491796634511324,0.403221352821174,0.268395947467666,5
1225,0.496835854402551,0.390657983283172,0.276514178503294,5
953,0.486844833044269,0.356750905676549,0.279697866483958,4
622,0.58440557399299,0.229491401859559,0.47410077364184,2
543,0.589137977461796,0.043255756655708,0.364089683350176,2
185,0.985107008134946,0.333891331451014,0.344227188965306,0
216,0.497938552172855,0.524501972831786,0.761587715474889,0
1038,0.494219230092942,0.368344278981654,0.280341081367626,4
1438,0.501260630103991,0.338248302963978,0.277679440467312,6
21,0.983760647010058,0.772765659959987,0.849991495488212,0
589,0.583446803612169,0.430923801311292,0.601249711890705,2
1211,0.486959229448723,0.395332018335371,0.274295718840026,5
879,0.529224721062929,0.175441182847135,0.265888516511768,3
966,0.492440432538929,0.374411698610389,0.286952222563098,4
528,0.590277247491758,0.0145848872372881,0.571484453347512,2
1439,0.494532789190076,0.335716579220875,0.272235351020472,6
1273,0.491173293704873,0.389943688844753,0.282631511058702,5
564,0.589185787816532,0.316219422896393,0.479155950434506,2
1400,0.4939860761385,0.333792734706267,0.277853699581286,6
828,0.531599978471641,0.2148954448523,0.519504645909183,3
1040,0.487457904522392,0.364090287418188,0.279077253051523,4
1179,0.487555571830915,0.399127930410914,0.274914646795165,5
779,0.529901816574857,0.335403299354948,0.417873744457029,3
342,0.559382882949431,0.126201582769863,0.327701914892532,1
296,0.731780371395871,0.185337508330122,0.71856921329163,0
565,0.58755791123258,0.0356470008147881,0.728682808647864,2
1141,0.494345250901968,0.397312100719965,0.269869516899234,5
896,0.523727050479502,0.250190079608001,0.537836373737082,3
1049,0.486160091651719,0.364583763758799,0.288107604825038,4
537,0.586023773562629,0.0698544220533222,0.295463618193753,2
307,0.554404250006192,0.371454194816761,0.479101196001284,1
73,0.0552669716998935,0.589184611337259,0.326176611939445,0
1298,0.492348523550072,0.39341381803428,0.271926823001115,5
178,0.89806630439125,0.878164439462125,0.416758524486795,0
776,0.529716495359317,0.121654869685881,0.717559498804621,3
1110,0.494482437806966,0.395140553397099,0.283274383649927,5
1286,0.496378687734036,0.398863489276083,0.279083658934695,5
1124,0.489272567348725,0.395753226990572,0.268892792307193,5
1159,0.494630680339239,0.39769901042777,0.274551405167619,5
35,0.68693585600704,0.152447075583041,0.454773618606851,0
1081,0.493548826793207,0.373624850731275,0.279117458787527,4
952,0.484870191702577,0.367355189062198,0.275046186594489,4
496,0.55330252795713,0.391049546469003,0.432934453082271,1
701,0.52402151792543,0.50030027939938,0.249323384091258,3
933,0.489169826446895,0.368842247129438,0.277887760897318,4
397,0.557289562830702,0.318876012740657,0.569953377428465,1
1402,0.501292518190772,0.328810325498309,0.280577470332816,6
485,0.55345806207275,0.0169060909422115,0.679094408592209,1
1062,0.496815307232462,0.366272401757109,0.277679816078895,4
678,0.583644579709508,0.16192528901156,0.583040407113731,2
825,0.529903009457048,0.420645085792057,0.375173869612627,3
583,0.584437606967986,0.0836937848245725,0.502285623527132,2
1381,0.488864794601319,0.346632614960921,0.275857181156178,6
1021,0.49563668466589,0.36974660931722,0.282047040693592,4
420,0.560586493061855,0.467112547764555,0.594118709629402,1
743,0.528454186005984,0.485783789702691,0.365296162269078,3
229,0.7400044684764,0.111399387940764,0.699810080230236,0
646,0.582620601393283,0.11364672430791,0.529765533935279,2
347,0.557263506855816,0.490136760682799,0.337464312976226,1
72,0.142039651516825,0.826027460861951,0.625250405166298,0
1306,0.495316166442184,0.331473808116852,0.272543769873729,6
464,0.55481716594426,0.366072284686379,0.659773557982408,1
1405,0.495650162505835,0.339014018707991,0.273595519950433,6
424,0.555378214563243,0.242614435660653,0.697240872494876,1
1229,0.498826287968161,0.406033538276828,0.279974134752749,5
495,0.557193322095554,0.372782448935322,0.458060666406527,1
1114,0.493503539624812,0.394197288707259,0.275545743231074,5
1313,0.490590521972523,0.337043011077816,0.28051880061812,6
1251,0.496292799566675,0.400701896857349,0.281124372051174,5
775,0.524039539487567,0.289475861052051,0.5309641627362,3
969,0.489188058305982,0.372418816012477,0.280268550318181,4
995,0.489480394561254,0.363898933938559,0.272582854546276,4
500,0.556627454750706,0.268128559738398,0.685228697326966,1
1296,0.484755673108154,0.391997819838661,0.275233852929111,5
429,0.556743372236379,0.474691903265193,0.551449935487472,1
1197,0.486199234010958,0.403393887968071,0.278276116602046,5
1391,0.498897904450752,0.337573751059008,0.277253377592825,6
457,0.55595949168317,0.0922822858439758,0.313832144089975,1
5,0.122142030159011,0.697576077422127,0.325624499237165,0
660,0.588114078484941,0.0135104904649779,0.641277514933609,2
1305,0.492424846873349,0.33020941598769,0.279056509747886,6
1260,0.496984342879981,0.399387288296621,0.274931856147339,5
648,0.589000821230002,0.194888838147745,0.297786368941888,2
799,0.523202390447259,0.0953241459093988,0.442923443694599,3
290,0.934859887231141,0.61921007046476,0.497623670147732,0
128,0.232942204456776,0.752872596494853,0.254502976313233,0
248,0.568088491680101,0.814271135954186,0.740715539781377,0
671,0.582559245277662,0.31122266203165,0.426095038373023,2
655,0.585880367280916,0.243630907661282,0.384596807137132,2
726,0.531883836339694,0.177214836049825,0.686483732261695,3
60,0.18095560465008,0.60502742510289,0.258053391939029,0
727,0.52787565400824,0.0403676323359832,0.656031567207538,3
605,0.582331417892128,0.303034372441471,0.478808448603377,2
1493,0.487154986387177,0.338476847723859,0.269458528158413,6
935,0.497202275862133,0.360169039761086,0.284639292906958,4
1401,0.491570395923965,0.338745927700951,0.287634132796333,6
145,0.76917252317071,0.461053500650451,0.512236511334777,0
1465,0.495533017465953,0.335080852278027,0.28054850646537,6
1341,0.496531706052777,0.337463962701275,0.271698935609589,6
1214,0.498169631815833,0.401176710946321,0.281666753290282,5
1253,0.484566680005658,0.399588675314403,0.281325034059481,5
1452,0.485068002440867,0.345915982140347,0.279432417687044,6
1378,0.49118013486159,0.339084687627277,0.270250290608845,6
942,0.498137446228507,0.37236907201276,0.282133261998986,4
1128,0.489577980567117,0.405008995557387,0.276978524100653,5
285,0.947215813444927,0.679697739426047,0.474941915133968,0
211,0.957313855877146,0.20410319743678,0.80503504909575,0
199,0.256362161133438,0.806201417697594,0.192345878342167,0
959,0.494423693818252,0.368423653287527,0.283854994490042,4
1499,0.488010805175015,0.342109858511681,0.285270089238197,6
121,0.51255577406846,0.0142535080667585,0.129230162827298,0
207,0.705654666759074,0.245048003504053,0.059120301855728,0
548,0.588698497244623,0.36280114732217,0.550960544683039,2
972,0.490224496494855,0.364794007897863,0.283020905876479,4
1202,0.488465218906498,0.394798043058184,0.277413897355795,5
549,0.584988957399037,0.228187588904984,0.699003603612073,2
1012,0.492495119927201,0.371606891284281,0.273773882720226,4
256,0.479613541159779,0.450263614067808,0.180334103759378,0
1288,0.495415678759793,0.395946826366135,0.27470675741621,5
177,0.516412753378972,0.465087809134275,0.00091951247304678,0
172,0.0473152627237141,0.797718565212563,0.77418902493082,0
311,0.560999495270662,0.0703172114910558,0.453415128355846,1
1250,0.495592016786087,0.392326664705234,0.275246410492359,5
688,0.58877047093818,0.326637503039092,0.407381232548505,2
208,0.325164665700868,0.66267872764729,0.773776315385476,0
536,0.588475096488837,0.143981386837549,0.308547977893613,2
513,0.588988269465044,0.45388012942858,0.646496262704022,2
902,0.491389525815759,0.368919071138551,0.277998104097821,4
1085,0.49254788215848,0.369790934325587,0.276830702514017,4
74,0.701326890382916,0.916407842421904,0.10100801079534,0
635,0.588841908413451,0.0247747999848798,0.413063964643516,2
319,0.56110901882872,0.0979671957204118,0.482683874154463,1
4,0.646723247598857,0.296003356575966,0.465059408219531,0
230,0.736332730390131,0.730472104158252,0.733447825536132,0
645,0.583426777701825,0.164110621251166,0.406787232682109,2
1148,0.485769371210144,0.407776254501274,0.281637470963096,5
690,0.583864060693886,0.181186029035598,0.441503194812685,2
459,0.556540794565808,0.261595943523571,0.356571165448986,1
704,0.528001479208469,0.0178633084753528,0.497768459562212,3
698,0.587290362177882,0.084010574198328,0.616369213745929,2
515,0.582788713595364,0.327095520147122,0.292833939846605,2
351,0.554374072968494,0.139193472149782,0.262770686252043,1
1161,0.490474683220081,0.392193179914321,0.272136792271492,5
1418,0.497803781335967,0.335923846893747,0.276305325822972,6
1215,0.495181004676338,0.391601072722113,0.281769057303074,5
309,0.559145393380895,0.367450816486962,0.337994035170414,1
443,0.556517318459228,0.224871456786059,0.65813130857423,1
558,0.588893313489389,0.195882439427078,0.443494345829822,2
143,0.218186366837472,0.721840898972005,0.0260814917273819,0
408,0.558116125050001,0.264987545600161,0.618089983658865,1
853,0.530500958184712,0.132211418519728,0.599306221073493,3
907,0.497455565527859,0.369053720269492,0.274310885678614,4
572,0.585632737930864,0.0839105400256813,0.697529194364324,2
765,0.524708319830243,0.214712614007294,0.653103442466818,3
612,0.585587057864759,0.389251800184138,0.440694123343565,2
474,0.558967955212574,0.323110763728619,0.375033046770841,1
1386,0.493570943720471,0.339233606187376,0.278419172405283,6
541,0.584712639495265,0.291599284904078,0.376365985209122,2
330,0.555016708760522,0.279880825476721,0.52872108174488,1
1106,0.498091847318713,0.398220043211353,0.277856555719846,5
617,0.587119459840469,0.224589882581495,0.595519049977884,2
649,0.586082757515833,0.40440897915978,0.620211719837971,2
259,0.66615242161788,0.816632121102884,0.323354787891731,0
811,0.531222982578911,0.290138489380479,0.542611949914135,3
308,0.560654779544566,0.422400792059489,0.295752475806512,1
287,0.47469369135797,0.589022218016908,0.195049534318969,0
1104,0.503336873291424,0.399168412338836,0.266656068873205,5
194,0.906127805123106,0.883037328254431,0.0869347066618502,0
610,0.586614732483868,0.305885769124143,0.670609845034778,2
900,0.530315154092386,0.219368054694496,0.351985115860589,3
614,0.591425953640137,0.354941813554615,0.333462797407992,2
101,0.191728616598994,0.512113661738113,0.936452393652871,0
23,0.449976528761908,0.520377517212182,0.468215918634087,0
12,0.491095294710249,0.851169021101668,0.503025233978406,0
577,0.582902418631129,0.199338576453738,0.544194322149269,2
687,0.587585424380377,0.0266912947874516,0.503501769225113,2
568,0.589013063416351,0.30480940551497,0.332916358788498,2
80,0.742143835639581,0.588196736993268,0.898138051386923,0
341,0.560151207013987,0.486795167601667,0.561594848125242,1
1235,0.485269570840899,0.398109476008915,0.280928815200684,5
576,0.589007909190841,0.433705353806727,0.25423092902638,2
535,0.583940206407569,0.0553697342285886,0.572808507434093,2
624,0.588525290340185,0.349218786507845,0.447055881447159,2
1315,0.487356790218164,0.335347022095871,0.283611728620981,6
255,0.804060880560428,0.209380240179598,0.403346091974527,0
1212,0.491571415523262,0.389802030737989,0.287566571725353,5
1196,0.489515070923179,0.397232216967799,0.276537772958506,5
325,0.556134747834876,0.13342290178407,0.487245057546534,1
237,0.952747866511345,0.392855261452496,0.978612412931398,0
980,0.49957329835259,0.37727191018038,0.28008092597255,4
948,0.495814074318225,0.362386255594355,0.28307917764356,4
1263,0.492018840847674,0.406164986411878,0.281114229621471,5
658,0.58472735788906,0.50267505266238,0.488092706142925,2
611,0.584030682158191,0.196835006866604,0.567465097131208,2
1416,0.491258967628143,0.34161829965113,0.27813784187375,6
865,0.529788737904746,0.132687238091603,0.490791133674793,3
1152,0.493948607801488,0.395368103990717,0.279090186760987,5
1424,0.490852145285671,0.336837400977955,0.28146836142197,6
70,0.869562437525019,0.0265005689579993,0.740217268234119,0
1369,0.490338391215394,0.339683717093714,0.275546728570918,6
971,0.49591864094145,0.365120260905451,0.27553721379741,4
644,0.587266088901088,0.252390986238606,0.254009360168129,2
390,0.556718466538005,0.106457972945645,0.675166118727066,1
1393,0.489024626613189,0.321956714739492,0.272951293089805,6
808,0.523370299320668,0.441049728821963,0.659518427751027,3
1447,0.494302688830569,0.336241388036572,0.272753047032852,6
1450,0.485750724258873,0.330378129864619,0.274592892287332,6
267,0.405684186844155,0.596750288968906,0.674763650167733,0
642,0.587723760281224,0.255710596730933,0.357078417390585,2
827,0.522716252026148,0.454839083994739,0.674645959585905,3
680,0.586751669975929,0.0529654670273885,0.572595702204853,2
908,0.494965987850388,0.373683702912916,0.276952659221672,4
274,0.65416596410796,0.0111004682257771,0.993467148160562,0
1194,0.491544374828179,0.398506830233038,0.272101393417301,5
