401,0.406741283091251,0.232686321809888,0.339849215117283,1
996,0.380602582367137,0.320506159542128,0.811750607565045,3
1069,0.466358791076925,0.335051361320152,0.348991707224728,4
989,0.375914420676418,0.31058626503218,0.621079827193171,3
606,0.431812775731087,0.545893504377455,0.732476084725931,2
1081,0.456374567306859,0.35276846685444,0.343723784884926,4
78,0.221596694318578,0.564375216374174,0.734156050952151,0
486,0.41043838720303,0.633256151550449,0.811478532385081,1
756,0.440892540845089,0.175864157243632,0.37891776766628,2
1183,0.459712700895756,0.346921446163996,0.343159203782436,4
614,0.436225224325899,0.257319219736382,0.640795328421518,2
1580,0.463798898679763,0.323326269342912,0.341812636888939,6
318,0.342409332282841,0.653165898751467,0.248904185602441,0
962,0.378296871662606,0.562478877115063,0.524571397225372,3
1026,0.469554980676915,0.343856088181492,0.340433950133662,4
1459,0.462911359558403,0.31676656872317,0.350270080432691,6
76,0.241709634196013,0.29495777352713,0.751293468987569,0
939,0.380756891553756,0.516468095337041,0.415967270149849,3
1093,0.465381809598762,0.343226558127194,0.344683797264733,4
133,0.69969318411313,0.595323567511514,0.0440612013917416,0
930,0.37381307285279,0.570519948587753,0.387648630188778,3
124,0.795142305316404,0.357314569409937,0.00634106760844588,0
988,0.375368658413645,0.300109589798376,0.804236631956883,3
860,0.37926708381623,0.40273161905352,0.411423303652555,3
242,0.108631203416735,0.920602838974446,0.0575101785361767,0
1147,0.469427702436766,0.347239390443237,0.337833698416487,4
466,0.401689678051043,0.364494229992852,0.529227226157673,1
1276,0.472976283165239,0.3729527550876,0.351767983918131,5
657,0.440459640091285,0.544745192606933,0.341378976241685,2
231,0.177891701459885,0.0162919461727142,0.187209104886279,0
632,0.434541464161594,0.602322667697445,0.618074824567884,2
512,0.40606076783035,0.486079350207001,0.737324797548354,1
1335,0.461789386856695,0.376808738551705,0.342718061366618,5
57,0.341053531039506,0.0816360297612846,0.757143918890506,0
814,0.378680406203494,0.507302017509937,0.350150717771612,3
55,0.941679059527814,0.142731975996867,0.291851863730699,0
1133,0.470896761822854,0.350228727305913,0.345568069094797,4
178,0.820693735498935,0.652387355919927,0.483004040550441,0
273,0.214761853450909,0.15430590743199,0.447135487105697,0
968,0.371450748629868,0.319344244874083,0.706119969603606,3
932,0.372832624441944,0.654130416316912,0.454070165404119,3
521,0.40767806267133,0.411466727242805,0.585774339968339,1
1478,0.45216133151907,0.311444720704313,0.34195642731925,6
746,0.437615960990079,0.632631283462979,0.734763541258872,2
1301,0.463367790658544,0.371029711770154,0.35162937138552,5
62,0.989743808517233,0.696192481322214,0.73228566441685,0
71,0.767201318405569,0.885952726705,0.553070889087394,0
922,0.380371100350749,0.299426324875094,0.606982338824309,3
1115,0.464586742224961,0.345394601743693,0.3477144928537,4
309,0.643221506616101,0.358250427059829,0.975038530072197,0
739,0.440934619044419,0.312586047197692,0.335517972009256,2
941,0.377845296398737,0.319179263291881,0.454030159511603,3
1135,0.467754827578961,0.337427226763709,0.343317937924617,4
585,0.406566108462866,0.370337033970282,0.727677142363973,1
1585,0.466564535031534,0.309394810442116,0.337973074590819,6
1350,0.455901520574831,0.372924544823064,0.339342456199044,5
367,0.336488813394681,0.701265405630693,0.0865922975353897,0
1197,0.463703383427195,0.348885115813729,0.354732710721629,4
334,0.424129287246615,0.616739858174697,0.700741152046248,0
1243,0.464929722122851,0.372125997679223,0.34879469498019,5
1513,0.466072036889211,0.311967707243205,0.339882404007254,6
14,0.415052788099274,0.197887385264039,0.888920388650149,0
613,0.435005851427559,0.312014628760517,0.817702142521739,2
584,0.405834114577156,0.646590395341627,0.604628316010348,1
1351,0.468164054824406,0.37414339489407,0.337553667692094,5
1501,0.470693052117546,0.302966299587075,0.349586995113914,6
673,0.4408137756004,0.595107955136336,0.600278454832733,2
936,0.376946675803047,0.261992064747028,0.811798900831491,3
1148,0.456940737009538,0.339993441842838,0.343349802344267,4
250,0.71151720918715,0.987344439141452,0.796532914275303,0
1374,0.460882565237808,0.381732718549481,0.345700229799074,5
94,0.15780088561587,0.452640248695388,9.62172634899616e-05,0
235,0.28810896910727,0.776578544639051,0.0602758585009724,0
803,0.373092614130583,0.592102552624419,0.724309197510593,3
552,0.402805745410733,0.349373220326379,0.747906738193706,1
20,0.739016208332032,0.464187619043514,0.0750719201751053,0
1560,0.465641669061378,0.31680229657978,0.345312170668126,6
1233,0.469609113323025,0.368892143226418,0.340475959289005,5
222,0.372052875580266,0.108082759892568,0.54851566394791,0
666,0.440529641436879,0.63362004221417,0.356796373613179,2
1543,0.461975312723711,0.307304228392067,0.336946461382727,6
1206,0.467214057102095,0.376358362540891,0.351386321823914,5
1398,0.455385968935339,0.378857200995823,0.350978404672285,5
1307,0.464173156033412,0.374688155826743,0.347262019620992,5
474,0.407528613924515,0.322175051528029,0.336413446231745,1
1455,0.465215344214344,0.311235307462624,0.348838573774724,6
354,0.850388027494773,0.0442620308604091,0.0750653399154544,0
1425,0.452589817914675,0.315721301414965,0.344707165049908,6
893,0.376107160032261,0.602499091508798,0.338595500099473,3
648,0.441438836271409,0.373775371559896,0.694695730926469,2
1411,0.465252100961868,0.311355859966111,0.346602325971054,6
1018,0.46128413713967,0.343967684816153,0.348826055525591,4
873,0.371900527179241,0.367219521757215,0.388822868466377,3
719,0.436890975353308,0.293410080927424,0.730111645418219,2
977,0.380420594944153,0.3047220593784,0.433095555286855,3
1370,0.45771650227324,0.37446744044365,0.338089503723186,5
948,0.378972291967366,0.18874328895472,0.429353888495825,3
1181,0.471425344384488,0.345934310696912,0.346254841145974,4
1028,0.464761855278064,0.340508882355141,0.348777314809322,4
1508,0.458137986130557,0.314545020125871,0.344373678769998,6
1215,0.464816994604601,0.371370240883293,0.341380079667032,5
251,0.435066093225032,0.282987793674693,0.562242041574791,2
432,0.404042492283043,0.368817326938733,0.346708511002362,1
1464,0.471307646497241,0.324122861357351,0.341674498346162,6
183,0.604244712274522,0.208963325479999,0.153496514540166,0
879,0.374319826173596,0.418426023656502,0.698554678121582,3
961,0.376032129751984,0.647499210410751,0.489559012581594,3
855,0.372285313108005,0.431950208940543,0.387067155563273,3
362,0.720772555097938,0.413312675664201,0.837950131157413,0
672,0.435051219277084,0.603315831487998,0.5332064187387,2
815,0.378591822744347,0.590661340020597,0.741088523296639,3
404,0.403970890156925,0.405243723862804,0.549714926281013,1
1467,0.466997890392663,0.306386118601195,0.347348356166397,6
675,0.434747054027393,0.659520155843347,0.487188924569637,2
1142,0.472934230103999,0.33991368292156,0.345067910140718,4
1302,0.460497159164744,0.376872435911755,0.337472556739044,5
485,0.40654630783014,0.196988127985969,0.498986971913837,1
1339,0.465814599887512,0.374471958168183,0.346669532688225,5
175,0.994167272234336,0.827564880484715,0.814960706979036,0
253,0.983062659390271,0.670237107668072,0.624797955388203,0
525,0.403854435130488,0.488693310157396,0.727025630534627,1
1221,0.468217515986957,0.372592046323685,0.347994504579426,5
940,0.377784977799747,0.500685020210221,0.374341825139709,3
1014,0.468960596577986,0.343580541287684,0.344724366133655,4
475,0.402213929055724,0.628370386175811,0.385930023039691,1
630,0.437782541026827,0.6128067483427,0.460289512528107,2
1567,0.465570463189799,0.321091857898569,0.342041408344715,6
800,0.438752437706571,0.47371650938876,0.603636436862871,2
1313,0.469950809672937,0.372522397658606,0.346392517404381,5
1376,0.469342190226647,0.373143608061541,0.345247085716598,5
348,0.240014597540721,0.414028090657666,0.677024969365448,0
513,0.403878505553585,0.362338405894116,0.422538759768941,1
310,0.0764424551744014,0.152946185786277,0.617988820420578,0
1388,0.470143244869608,0.368976807425319,0.348439604467915,5
395,0.808363243471831,0.804153716890141,0.244886865373701,0
785,0.438745225830935,0.585366307967342,0.354009161121212,2
566,0.402630813801661,0.476058580190875,0.461341668851674,1
335,0.255347270984203,0.713950282428414,0.194001489086077,0
1111,0.460393886657371,0.342264620008141,0.345201519631028,4
878,0.375568918299396,0.173062184685841,0.808243146399036,3
966,0.376280628773384,0.472391116758809,0.650214414810762,3
1214,0.460047811669699,0.373244423962372,0.351927630099935,5
1031,0.468153375194884,0.339734323705461,0.338811210457378,4
281,0.0718359688762575,0.655048224609345,0.621103926328942,0
493,0.407401143838652,0.653676560358144,0.410647131036967,1
792,0.431451199483126,0.629696962167509,0.474917492712848,2
27,0.261879248078912,0.143808596767485,0.455111925490201,0
536,0.406544888587669,0.512615857622586,0.480716249556281,1
1107,0.455951135388118,0.338211524293366,0.341075584774059,4
1329,0.463857155058611,0.374340554015432,0.336539231879457,5
511,0.407151526529342,0.382116600382142,0.4244112506276,1
1555,0.474774451453554,0.311895130731992,0.350891694615254,6
697,0.43604137219023,0.58079579481855,0.775268383091316,2
603,0.434216963432264,0.521775954030454,0.387717721285298,2
1101,0.46669723752724,0.351517076017308,0.353192857436956,4
70,0.994591350900009,0.157518416177481,0.775185470702127,0
789,0.436062931264751,0.490670541278087,0.825308995670639,2
1386,0.46846427666559,0.370692338322372,0.338963699277525,5
1294,0.464431651136486,0.377109253583649,0.338309446353897,5
1504,0.470313924726425,0.312010735392963,0.351789314732815,6
651,0.437163673129398,0.393622076814063,0.604725419427268,2
661,0.440600869872142,0.445046351151541,0.757017855881713,2
1312,0.464637976855018,0.36258068231746,0.338898233368179,5
975,0.380063940372784,0.245188338076696,0.750531797180884,3
483,0.403676710713189,0.460263659805059,0.52391946525313,1
973,0.374099169673864,0.181412271782756,0.783597086323425,3
849,0.378975902367383,0.299984157411382,0.634769645752385,3
1310,0.457061276419732,0.362454294606646,0.349552122931892,5
928,0.37150200472679,0.194603865710087,0.425871074781753,3
1305,0.464779903697124,0.376367320152441,0.347793405049966,5
196,0.732606041477993,0.538580677006394,0.811317094601691,0
1232,0.471913492163151,0.369908130861178,0.335355532304756,5
1139,0.454072185632918,0.347645468567677,0.344674639156205,4
1541,0.468990681482992,0.303455546685439,0.341335356601138,6
471,0.40908451350173,0.617449016170576,0.544834092725068,1
412,0.408475189278834,0.226048259506933,0.707472097710706,1
601,0.435402095213067,0.30134813124314,0.732875284622423,2
1242,0.463671238926348,0.373960612036479,0.343936655087414,5
695,0.440878361565992,0.392806244408712,0.533594577922486,2
1534,0.461593598582304,0.316665934446168,0.350743907488357,6
425,0.408689351987559,0.636058115959168,0.682559220003895,1
1262,0.459266539975998,0.374844548985724,0.353209068520468,5
1439,0.468383768944883,0.305884308275449,0.347324309199033,6
1290,0.468023117014516,0.375455560346016,0.341415385439609,5
1358,0.465720196682118,0.369879786880172,0.352809096060284,5
1536,0.464774460582804,0.303723169482094,0.335609436698895,6
102,0.0339572997763753,0.0979378384072334,0.0765945159364492,0
456,0.410337393216323,0.419230018835515,0.39397518534679,1
244,0.8809055138845,0.213061654707417,0.705182893900201,0
8,0.142742375610396,0.207802732009441,0.715974538121372,0
110,0.091936508892104,0.188730902038515,0.703164528124034,0
999,0.381318287015893,0.293001432996243,0.342757642501965,3
1571,0.469691192891819,0.305932817366307,0.342250022872972,6
77,0.297592412913218,0.757135375868529,0.267753957537934,0
145,0.905571655137464,0.417370043229312,0.0412040571682155,0
1441,0.464603250552746,0.313276621113215,0.345550971653651,6
643,0.435979363245424,0.409611894725822,0.802231600042433,2
1051,0.472250340858467,0.348599686310802,0.347012787181202,4
103,0.57999603706412,0.623182153329253,0.775235580746084,0
974,0.371716425560881,0.364972072164528,0.564574197400361,3
1529,0.467850059934292,0.312002466754298,0.336275707339007,6
484,0.405969915841706,0.621303945407271,0.738547530956566,1
262,0.4500892017968,0.423157761571929,0.573111201869324,0
659,0.438777218852192,0.29131448417902,0.36562067491468,2
347,0.970014120684937,0.471443635411561,0.0519039381761104,0
980,0.373299701274373,0.295047012832947,0.438736187759787,3
1482,0.465408927349686,0.319152260931787,0.347318246088097,6
419,0.403092566630803,0.520655687176622,0.513200696208514,1
1291,0.458186981550781,0.375877459213788,0.344414575981671,5
72,0.771068292437121,0.549479125067592,0.412221669219434,0
886,0.37427828611806,0.544833434838802,0.488733998965472,3
97,0.0844813175499439,0.252972120884806,0.386214824859053,0
911,0.374658238755073,0.514631581585854,0.415950533584692,3
1412,0.46891268826808,0.313665589968854,0.346221285316375,6
1488,0.469271184010714,0.313078387491237,0.339525744282097,6
1152,0.464382962084453,0.337061102885502,0.345935238601068,4
1228,0.458091002468731,0.360465418580448,0.347336781026458,5
74,0.639153210679069,0.754705656552687,0.58251168881543,0
444,0.408067046091892,0.603680461039767,0.414012050023302,1
489,0.407689276337624,0.41679857308045,0.754854180850089,1
90,0.734002210432664,0.142638694494963,0.760043274611235,0
1061,0.466787825229157,0.341732614181553,0.341600153629559,4
212,0.476392949698493,0.381062978878617,0.612624709494412,0
1176,0.457648752004975,0.344365640580078,0.341221607394557,4
1421,0.467614244461849,0.315355097615263,0.337182231370693,6
981,0.375194832691923,0.338701602164656,0.507154133869335,3
1132,0.463782061611367,0.353500169522605,0.348733295106866,4
1287,0.46089285443216,0.368856407260925,0.348851316330791,5
677,0.440445291735232,0.528195122932084,0.382742275483906,2
1164,0.468554657780656,0.345909136642692,0.34859630725494,4
49,0.600154530256987,0.305134689435363,0.65215490036644,0
106,0.62252486939542,0.687934293411672,0.449442820390686,0
21,0.846689958358184,0.645541212055832,0.129955676617101,0
159,0.135696457000449,0.596438305219635,0.825875534908846,0
199,0.970918122911826,0.366211999673396,0.129471955122426,0
824,0.371855758954771,0.388315145019442,0.635947934468277,3
1231,0.469368042520908,0.375428258007956,0.346662734808096,5
589,0.406245819814503,0.31475342947524,0.419542414252646,1
228,0.629160096868873,0.792325305752456,0.47425728617236,0
1283,0.464999692330235,0.373813538293959,0.356102357287122,5
1353,0.461844772015294,0.365419348994242,0.339116581509695,5
116,0.791631059255451,0.667390688788146,0.864256417145953,0
698,0.439285409026779,0.449190078629181,0.734853042056784,2
895,0.375349347791635,0.620576070365496,0.386615878320299,3
491,0.402066804869101,0.243250748235732,0.711672576609999,1
1395,0.477587667826107,0.372814180141989,0.354019202357443,5
1038,0.465250599047623,0.343307374667557,0.343391081453709,4
1562,0.477113568558102,0.308208621408215,0.343357630847597,6
1083,0.462579273159045,0.344964029591858,0.348163916751271,4
752,0.436834298607428,0.616864554677159,0.527389940572903,2
480,0.407586974448059,0.315105637977831,0.346048566629179,1
543,0.409663335892838,0.224367425055243,0.52809625514783,1
129,0.309251208789647,0.39623933006078,0.0262275310233235,0
67,0.724942409433424,0.134642445016652,0.230889890808612,0
1309,0.45621144563178,0.370650293744197,0.336691042362312,5
1557,0.468009451149196,0.312160745331714,0.345084772097675,6
164,0.0824295117054135,0.858542109373957,0.107679516077042,0
1419,0.47287202927708,0.313134981957071,0.334371297294258,6
684,0.432434692422394,0.468938242737204,0.333608980174176,2
363,0.333759136963636,0.444066239986569,0.314189409837127,0
545,0.407844364976045,0.472702125180513,0.464993918081746,1
1199,0.464082561528205,0.341660430979378,0.339791234153542,4
330,0.848477229243144,0.269094908609986,0.979607175569981,0
1577,0.474202834743154,0.318617482225746,0.34989681811803,6
685,0.438586640525609,0.361343303206377,0.477508093928918,2
1282,0.460174084802641,0.377352450556305,0.346258670416992,5
89,0.496635565767065,0.620889354962856,0.24865455343388,0
1451,0.460936747240435,0.309608072258992,0.340157220533865,6
180,0.254341766238213,0.929289457621053,0.79006214090623,0
1289,0.4705264784737,0.375021134252581,0.348049373468291,5
336,0.101092020515352,0.181111747166142,0.356024393578991,0
858,0.381398291252554,0.306899634166621,0.360021350090392,3
118,0.41552118351683,0.392346787266433,0.755323783028871,0
58,0.72981122857891,0.888467043638229,0.560433272505179,0
332,0.414947769371793,0.650360038736835,0.140686879400164,0
764,0.43705135966884,0.582340013212524,0.511725824093446,2
121,0.813599161570892,0.270732840523124,0.397637648740783,0
1599,0.46681743962528,0.309139870248025,0.34347372252684,6
629,0.434139616452158,0.179900315916166,0.656079027219675,2
364,0.506635222351179,0.785273410612717,0.510111365700141,0
784,0.433461055846419,0.451851997035556,0.821772728231736,2
68,0.79829770559445,0.0271851667203009,0.0704485385213047,0
1333,0.465520379229946,0.370864158582301,0.333891519927485,5
823,0.371819296404719,0.622262601368129,0.787549388245679,3
1039,0.466992905947298,0.342205654564883,0.333203801112091,4
1306,0.455502060298329,0.375777034027008,0.340355264479923,5
1156,0.467819880343978,0.34769779786995,0.342126045805255,4
889,0.379877875202801,0.660238538961858,0.511113486485556,3
1474,0.469389581195545,0.303459462231583,0.336587450786249,6
904,0.378138213250786,0.321631708042696,0.366292512509972,3
436,0.409885926172137,0.614155121706426,0.468551400117576,1
765,0.440242445052136,0.543374953302555,0.793491371790878,2
1114,0.463421364299932,0.345590610387284,0.334189011351834,4
496,0.405488964123651,0.376951282820664,0.342827372951433,1
924,0.374084917921573,0.625729443714954,0.726776142488234,3
865,0.37559957663063,0.519194076163694,0.764702252461575,3
994,0.372093094852753,0.315995912626386,0.538001612527296,3
1538,0.46224726620848,0.307063905289311,0.346361209622879,6
995,0.380857634916902,0.545155495963991,0.646214208099991,3
1527,0.465599755755301,0.316540050375754,0.349568711782127,6
1404,0.465411648968769,0.311074408918924,0.347613715877233,6
1106,0.456906808668669,0.335291779797565,0.339087090110434,4
529,0.404822808988392,0.488033256237395,0.80441199883353,1
59,0.64202611381188,0.368414857424796,0.933300348231569,0
830,0.380503769048955,0.485775995044969,0.477012807503343,3
313,0.0903090958017856,0.617551803588867,0.45566499303095,0
935,0.37170986793004,0.62186335362494,0.409813835052773,3
794,0.433526002122089,0.405664684693329,0.692325730109587,2
291,0.946116978535429,0.664736080449075,0.811835116241127,0
308,0.754618359263986,0.161578746512532,0.335312554845586,0
267,0.0414586653932929,0.604243760695681,0.754764258628711,0
1077,0.461590523345432,0.342805357400534,0.345292436771299,4
819,0.380031043493655,0.468527562194504,0.354191903374158,3
912,0.372524396579247,0.654001001245342,0.697073568822816,3
191,0.147121203364804,0.845716305775568,0.456490239594132,0
420,0.406243428073358,0.489355907868594,0.552079999237321,1
1034,0.466819109109469,0.343382625284343,0.344519257225525,4
963,0.372969662726391,0.597027039132081,0.409129899693653,3
1499,0.47855487458747,0.319373605651726,0.339838433378599,6
481,0.405939830811694,0.340955190337263,0.649003966827877,1
268,0.227439641486853,0.0784810602199286,0.461153759155422,0
780,0.434201732627116,0.49647587093059,0.434737924719229,2
1471,0.455317290033523,0.311654570316904,0.355142861251327,6
609,0.43412416675128,0.538755551306531,0.451338841230609,2
319,0.624406721908599,0.500473477179185,0.225257292157039,0
1280,0.455542793482276,0.362488422402532,0.339831004181082,5
749,0.435396622335538,0.505508694890887,0.444603124400601,2
1526,0.467791475811395,0.312987089646377,0.342110703964796,6
1009,0.460445031159401,0.340965579348982,0.345336843519297,4
377,0.561338022584096,0.106142469681799,0.0504215378314257,0
596,0.409339312522207,0.41536028762348,0.466047133086249,1
1241,0.470752914328952,0.372781963374346,0.335075077227348,5
1192,0.451462086989092,0.338451547541585,0.345963079352457,4
600,0.405455293501727,0.623565700696781,0.794017137726769,1
374,0.356694910908118,0.690056714229286,0.391032929765061,0
1112,0.465805412292249,0.35162178301502,0.341077650830899,4
270,0.0290859513916075,0.375234269769862,0.934263261733577,0
822,0.373634592627641,0.336123691266403,0.680924882995896,3
1483,0.462369568841165,0.310457993408037,0.338540321313677,6
533,0.409565609165002,0.414399799867533,0.809172880486585,1
1437,0.462913697690665,0.315410813722122,0.353452527741655,6
517,0.402982824214269,0.288557599741034,0.450936872279271,1
1008,0.463917659122703,0.331531199298003,0.345723952371531,4
696,0.438226856144611,0.343782311631367,0.65714255545754,2
1303,0.465168461822396,0.364797397914849,0.344746966741325,5
482,0.404896300407127,0.177764084399678,0.554179528146051,1
877,0.38077799153747,0.212556632212363,0.738532598828897,3
184,0.451051764655858,0.668365569785237,0.0812916031572968,0
927,0.376868715239689,0.29499800640624,0.408645788324066,3
619,0.434502840626519,0.443753864127211,0.382221197360195,2
172,0.504167056642473,0.151239667320624,0.466327368281782,0
256,0.691437748027965,0.589013159973547,0.755222343606874,0
1218,0.464458352514277,0.36317397992364,0.351449606640204,5
588,0.407593717700802,0.597034312412143,0.513478428591043,1
943,0.377349473012146,0.481367904669605,0.46733315277379,3
1044,0.463053328060559,0.345342406248997,0.346735914590362,4
916,0.378478138807695,0.406564280367456,0.517319702776149,3
1387,0.462721434921644,0.368156005422584,0.344138236968105,5
982,0.376812023206148,0.514637576276436,0.348657947033644,3
1359,0.463724857574927,0.372982786769737,0.352287912900157,5
802,0.372037287540734,0.486982013308443,0.610421006102115,3
1108,0.462453535466378,0.34296456016088,0.341802373835011,4
503,0.40552160421852,0.458189194183797,0.523577098851092,1
1075,0.465730623225345,0.343819331101883,0.351949103852337,4
153,0.678997855400667,0.298123557819054,0.923486817162484,0
1600,0.458754227725753,0.319926899969473,0.334677022307489,6
259,0.956100586336106,0.30568736162968,0.255135804181919,0
1321,0.462864032896863,0.379964300803909,0.336483906672024,5
844,0.375901806200855,0.184409623360261,0.393847304047085,3
61,0.477615533629432,0.941724109463394,0.256677799625322,0
1429,0.463504245967374,0.314639917806878,0.342177688091307,6
258,0.964920349884778,0.175422109197825,0.327861195895821,0
1578,0.462769576851365,0.322933629494853,0.340506927749436,6
881,0.380028204522096,0.64026079964824,0.444201605627313,3
149,0.636811844306067,0.13584281783551,0.010046471375972,0
1238,0.462397369649553,0.372263557998026,0.339753698713988,5
392,0.474627380724996,0.123650352703407,0.975389928789809,0
1368,0.470373746183652,0.378328074629503,0.350227774421501,5
46,0.380397958448157,0.975359075004235,0.524929972598329,0
1468,0.459694704776412,0.321707509154384,0.349348680504674,6
1382,0.472850462380689,0.368794896125742,0.34531095045486,5
1236,0.460968993051193,0.375278143634627,0.343836938666941,5
383,0.94818737404421,0.506418764125556,0.58643367048353,0
1137,0.462916144731413,0.339588035705548,0.336090303023058,4
782,0.432576156873256,0.205255877319723,0.602777489111759,2
1167,0.457175088514044,0.344215374589235,0.350814216762504,4
592,0.405708803620655,0.489416742441244,0.462820687913336,1
627,0.438634689704049,0.407461207220331,0.823555027600378,2
892,0.377708054760005,0.4494733058149,0.811033384874463,3
1510,0.462293367501303,0.317033313979008,0.348037531957655,6
836,0.376410345146433,0.284771787794307,0.690022674039938,3
1420,0.460181290081577,0.312487327523376,0.345280378598176,6
706,0.436864679902792,0.642076650145464,0.38356237008702,2
393,0.132512928685173,0.228338361950591,0.0611106746364385,0
1440,0.46973556642352,0.31762953454247,0.338701460152315,6
714,0.438395461987238,0.670279764081351,0.734206502442248,2
813,0.379327437011525,0.445494982390665,0.655854852171615,3
437,0.410416070879437,0.425121798506007,0.349259173963219,1
331,0.706860541366041,0.586664151167497,0.284193814964965,0
1460,0.458944288396059,0.304317585215549,0.349058588496849,6
127,0.862145689548925,0.941390273859724,0.331388417398557,0
1363,0.467460021253301,0.377930749486647,0.344704775201799,5
731,0.434672049493529,0.36274449781049,0.521278617787175,2
925,0.379458692094777,0.568626391910948,0.584780580014922,3
1278,0.463960526325758,0.372991883930667,0.342696562031094,5
418,0.407250203008298,0.582462751632556,0.687938046641648,1
530,0.407189065946732,0.536825058609247,0.665499179507606,1
969,0.371917110073846,0.421192715037614,0.753038880764507,3
1281,0.461680797876598,0.369044769866979,0.345290999913631,5
1341,0.464255103758769,0.366436372599651,0.343287999523989,5
1380,0.468878630235752,0.373676701395681,0.338361545900444,5
1036,0.472435676104741,0.340304972536754,0.344411495865761,4
579,0.402961831090506,0.484074615966529,0.504253261140548,1
1520,0.465327682576887,0.317050012492314,0.347652870577855,6
636,0.438713761719409,0.364132064953446,0.68183806783054,2
161,0.39850637386553,0.100139191839844,0.683070084545761,0
54,0.944979506079108,0.0242411612998694,0.0942160976119339,0
269,0.857066036900505,0.955672782845795,0.0437560526188463,0
741,0.431699433075264,0.51282451020088,0.795033809263259,2
953,0.377713680851739,0.447597241704352,0.349096985650249,3
1349,0.475806728020385,0.368979902160759,0.339439979751781,5
655,0.43197034857003,0.312324052071199,0.381159612676129,2
538,0.409084034399129,0.575699072191492,0.65693795774132,1
1579,0.465043852568067,0.319819639146021,0.332879036122043,6
828,0.374933976656757,0.248444875678979,0.373113958281465,3
220,0.615025497740135,0.483255289262161,0.204543075989932,0
1457,0.459435704479606,0.315073472769689,0.345002872777832,6
984,0.376095212930813,0.377024512249045,0.500253739999607,3
87,0.594223762163892,0.297117240261286,0.983361174818128,0
265,0.677638669032604,0.105479709338397,0.246021816739812,0
469,0.41109751855256,0.432671099063009,0.457306486670859,1
1540,0.469673012799954,0.307947060461392,0.343821344770698,6
550,0.406973341996782,0.629995288187638,0.454040934680961,1
470,0.401559963496402,0.242250973335467,0.376154942438006,1
1575,0.467840621802689,0.316520355048607,0.343717991265062,6
1223,0.46272699845677,0.376604762177207,0.335333694715545,5
568,0.409409638391808,0.656609254865907,0.550427948008291,1
48,0.156915823696181,0.0626102285459638,0.224808385595679,0
162,0.915465096244588,0.625924215186387,0.519635298522189,0
866,0.377617621666286,0.57388980567921,0.707399439299479,3
689,0.441085245131981,0.636064238823019,0.470012838137336,2
790,0.439145382314455,0.567968546506017,0.777288419893011,2
1327,0.464030197004058,0.368408404351828,0.344568701184693,5
520,0.405685855522752,0.345143994875252,0.813791225198656,1
394,0.452003523241729,0.839138800743967,0.323201552731916,0
964,0.378403018056415,0.611838218267076,0.389539367170073,3
140,0.790671906899661,0.996985877631232,0.782037074444816,0
1320,0.463501253380181,0.386242334248047,0.343871592516955,5
1177,0.459693282391262,0.345669334538219,0.340271464980368,4
263,0.663924951571971,0.0568037542980164,0.418336973525584,0
276,0.617509132251143,0.466535688145086,0.120326562784612,0
979,0.37898817766225,0.228120981226675,0.632705190684646,3
322,0.295322248945013,0.862938528880477,0.28344435384497,0
350,0.518824601080269,0.247474811505526,0.416253783041611,0
1384,0.46030085232339,0.378015669492156,0.340478975700471,5
1352,0.470453618383617,0.369826966945119,0.350954675488768,5
1584,0.464424921828329,0.316536076302092,0.347241746202667,6
870,0.373945580741856,0.302453266782686,0.6351127527887,3
1037,0.471910605204361,0.345895133320112,0.341025890819035,4
1102,0.466347378511757,0.343036103672891,0.342076639091976,4
519,0.408507105472963,0.540740511124022,0.362492783344351,1
132,0.465297527611256,0.734958985121921,0.926751459715888,0
406,0.408900331926998,0.64528395186644,0.663262156769633,1
900,0.377551977001131,0.248089627688751,0.542666020570323,3
531,0.408927278507035,0.602766627655365,0.403668516431935,1
1213,0.472121233762562,0.374518037368842,0.347307101514758,5
1432,0.467702947560772,0.305936546988223,0.340835381585527,6
1121,0.460680159549152,0.347251238210054,0.347796039550409,4
727,0.437899820297025,0.427850321494043,0.391897325986065,2
234,0.592070667771623,0.292484426405281,0.977234635269269,0
299,0.240083175012842,0.195368241751567,0.192057910608128,0
1493,0.46448182965334,0.314444462705138,0.343383725554757,6
650,0.436646359513979,0.279842708120123,0.676165427896194,2
1200,0.466871549129132,0.344626554833597,0.339220247676891,4
462,0.403111728157382,0.337191225355491,0.806829202454537,1
188,0.187674716580659,0.0640335932839662,0.789116595406085,0
1193,0.458610843248916,0.339987226299974,0.349507016223666,4
919,0.371982455858961,0.588541524345055,0.49745669180993,3
1024,0.460598416880952,0.339854842113167,0.342566032855974,4
53,0.315955230034888,0.324921872001141,0.5241211312823,0
415,0.403692052764818,0.435428469767794,0.674781959503889,1
635,0.440164453405887,0.534887062129565,0.454237524187192,2
1071,0.464466909007939,0.345069160939797,0.345938028167824,4
130,0.666300723329186,0.403347596526146,0.281328451121226,0
504,0.401882853379939,0.419145498750731,0.792124875821173,1
126,0.887387053109705,0.713826000923291,0.206911013228819,0
1463,0.455879580031669,0.310624211247513,0.349950384534019,6
818,0.378998030084185,0.21107793492265,0.729596841498278,3
1594,0.461595671297138,0.307865605217539,0.344856470465194,6
1145,0.470587368409179,0.338980132039049,0.338316580167101,4
660,0.431503507341258,0.572733584418893,0.512884080642834,2
817,0.381105931485072,0.530467017181218,0.533162866486236,3
896,0.374998572356999,0.23702330745291,0.822862634784542,3
382,0.410256554372609,0.0275054932571948,0.286176941124722,0
1424,0.46143781407757,0.314069533180872,0.346835316447204,6
260,0.760785139398649,0.176979353185743,0.380928925704211,0
1525,0.451716724524902,0.306216686329522,0.34128486730703,6
26,0.378794195828959,0.799143157666549,0.748814381659031,0
1364,0.458292478235676,0.367344944191337,0.351016479332507,5
44,0.520368025870994,0.782341113081202,0.542034814832732,0
1068,0.47573264241758,0.343612722887976,0.345916411607443,4
18,0.465624502394348,0.924343936378136,0.0612024874426425,0
206,0.657865061424673,0.455294820480049,0.121641254983842,0
1163,0.469749498067322,0.346907932216584,0.351944811418561,4
391,0.254083648789674,0.1838661020156,0.108982156962156,0
1255,0.473466385951013,0.363746603173505,0.346347123499403,5
888,0.374347456395626,0.308962027053349,0.705334066296928,3
1030,0.470496655056126,0.331923443375827,0.344634399437973,4
997,0.376555000643712,0.474561865767464,0.729137225658633,3
1417,0.462210522707339,0.311522723513532,0.339648364689537,6
353,0.996501345885918,0.410073049133644,0.226488396991044,0
423,0.41107955153333,0.175386206805706,0.614992958493531,1
171,0.539802215062082,0.0620180619880557,0.522219496313483,0
1296,0.470914674764802,0.380382776104557,0.347042864200137,5
680,0.433978199404664,0.559358509350568,0.672708334168419,2
81,0.506991864182055,0.397502400213853,0.140769397839904,0
341,0.319963859161362,0.496289306553081,0.812554624397308,0
230,0.50246937177144,0.0440970794297755,0.815015587955713,0
351,0.174310743575916,0.571221264777705,0.695254089310765,0
867,0.371831281578634,0.270571385836229,0.641097596497275,3
1033,0.468995408113724,0.339850833155942,0.34516097093544,4
799,0.432665134028066,0.436546432296746,0.712660374585539,2
365,0.600744538009167,0.628369881073013,0.953178631840274,0
1205,0.468593244249149,0.37529113203222,0.349956606714568,5
312,0.581196415703744,0.0816214305814356,0.562127347104251,0
1247,0.469049784383498,0.36411768620115,0.353389095727334,5
1103,0.45504324880273,0.339214003602454,0.346206045519737,4
957,0.372979429857805,0.64191194109153,0.361571165733039,3
278,0.0790610238909721,0.545450334204361,0.444399342639372,0
317,0.162027990911156,0.626720192842185,0.382164718583226,0
115,0.0754881487227976,0.637622291455045,0.102453994797543,0
665,0.432938960706815,0.637403995008208,0.362969431560487,2
567,0.405656477999874,0.264533020881936,0.600821778876707,1
494,0.403007941863034,0.671449119318277,0.629782366915606,1
1265,0.458308855085762,0.382793060571211,0.336543716814465,5
978,0.375461112065241,0.546312968223356,0.687882393482141,3
125,0.860366821289062,0.232612524414435,0.896082032704726,0
580,0.406840124013834,0.664660370536149,0.397731119999662,1
39,0.35539016709663,0.58213953464292,0.565697048790753,0
899,0.375873695821501,0.485511354147457,0.551095398142934,3
2,0.78861843328923,0.500434432644397,0.446090921759605,0
311,0.804991291370243,0.299661767436191,0.936804560944438,0
1000,0.375433319902513,0.416751911258325,0.777690070099197,3
1393,0.467065088803359,0.369310892060633,0.349177706311711,5
173,0.864343772642314,0.889009956037626,0.847505919635296,0
907,0.379629702190869,0.425273782899603,0.628462281427346,3
1224,0.470021862362205,0.3782651665743,0.340802848255526,5
840,0.372134878500365,0.457781883515418,0.355249743326567,3
1250,0.458758196157353,0.37405653180295,0.34077115503055,5
458,0.40877332434291,0.205056021432392,0.614950826857239,1
612,0.434751599654555,0.617054798617028,0.354915405041538,2
826,0.376763971627224,0.522968879528344,0.507351048639975,3
560,0.410337800919078,0.194747710227966,0.420712864841335,1
495,0.404803909510374,0.288358082273044,0.537962595350109,1
1410,0.46056727593475,0.315224585269579,0.35191805024892,6
1346,0.461510721547275,0.374490935289049,0.349621194921302,5
1040,0.470752128067751,0.338801236466226,0.34387792863448,4
906,0.374464820199646,0.414286515652202,0.55464948376175,3
776,0.433853330714628,0.513113474450074,0.401860292069614,2
1120,0.453810768756422,0.344273504100198,0.344740891896837,4
1582,0.453392120795514,0.315104756836173,0.344712730058119,6
1229,0.46775306343876,0.37938706321287,0.343505243522822,5
570,0.40861152372323,0.46561221962329,0.808852044050582,1
177,0.453291630372405,0.13876978890039,0.896231705788523,0
857,0.378942061436828,0.570394023647532,0.581624307320453,3
730,0.436156746398192,0.66361622067634,0.516231730696745,2
343,0.452922079013661,0.281204404076561,0.898205991834402,0
1060,0.473095345700579,0.344796287073481,0.346597238795448,4
1258,0.469191763964007,0.369092846772677,0.339627125006916,5
1537,0.470289795964975,0.306411957865077,0.341825551936569,6
426,0.406037838116754,0.587907380401157,0.390346173429862,1
1117,0.47206405489878,0.347808729563674,0.335815858192602,4
384,0.694248362677172,0.919309390243143,0.386283531552181,0
634,0.438429929094855,0.402915358170867,0.547870298963971,2
1598,0.467290109970057,0.306558098126441,0.343316449188236,6
1054,0.46877037250525,0.344244897584818,0.337155960793814,4
1263,0.463901579060835,0.37511865200595,0.347582121588038,5
837,0.379139957295265,0.300637618382461,0.528537283535115,3
144,0.331824566004798,0.727899283403531,0.914342574309558,0
1479,0.469743570046647,0.314122885410202,0.346868918638591,6
158,0.558681803755462,0.79243754176423,0.722679474856704,0
1318,0.452882604509375,0.382112263005785,0.345206237335164,5
73,0.395355175249279,0.724896707572043,0.0268885041587055,0
1048,0.471998193042104,0.341360474027857,0.350418766881848,4
681,0.434908434974495,0.256848482042551,0.504375397460535,2
150,0.591683826874942,0.838953573489562,0.450087519362569,0
1227,0.45473201110967,0.364789338045924,0.350688300246169,5
1235,0.4697559295613,0.375413901663152,0.337041676147723,5
1273,0.469600556631316,0.381323636073218,0.350153368557488,5
1089,0.4606885986242,0.336154665101833,0.339803076832139,4
1519,0.458129662264781,0.311710138852894,0.349644804533738,6
890,0.374351787385531,0.518543920340017,0.352609266294166,3
991,0.378217471735552,0.197547310707159,0.552679759217426,3
825,0.378282812281977,0.204385546478443,0.420074589899741,3
683,0.436426440021023,0.590596741507761,0.410016135079786,2
450,0.402035227033775,0.521721235103905,0.707565208664164,1
638,0.440616055529099,0.417323390697129,0.805185824516229,2
1403,0.462690051746791,0.327184544812166,0.344925771072542,6
306,0.624071957077831,0.381731095723808,0.373939925571904,0
1573,0.451616745862705,0.308962091275106,0.344109332605364,6
381,0.631990756606683,0.0398976136930287,0.19788157264702,0
1285,0.464688292385492,0.373868337419505,0.339266415100878,5
1422,0.458798297089442,0.306517024395704,0.33798851694275,6
1203,0.470921846123585,0.364426976882397,0.338327681454668,5
1414,0.45918093735634,0.317831621158227,0.338387418545294,6
571,0.403818674895447,0.27521604669746,0.373811220633797,1
1433,0.46044292996309,0.309849195441742,0.337327139839074,6
1416,0.472163037644111,0.312038676746036,0.342319075168656,6
1105,0.466846792779744,0.353183666305677,0.345199467542185,4
1326,0.464375713392394,0.36517345703651,0.345600462094918,5
859,0.372708430686034,0.398410007799976,0.710238876403309,3
211,0.118471087422222,0.295470084063709,0.930253353668377,0
1480,0.457380169100505,0.309700758380422,0.349466404424802,6
198,0.951957371551543,0.618214400019497,0.345206754049286,0
594,0.409768329630606,0.516345460293815,0.780164594645612,1
1344,0.467629246225434,0.379284138489562,0.334582426417087,5
37,0.949080358492211,0.449300209991634,0.719586860155687,0
702,0.441436699703336,0.351001418172382,0.693851849879138,2
85,0.0139515351038426,0.17348346230574,0.954918518429622,0
1343,0.463231755937419,0.373158107398122,0.350576137478818,5
1405,0.466487518744201,0.307722140892884,0.348292377960603,6
4,0.545328149339184,0.415697000222281,0.213145093759522,0
122,0.24295175424777,0.0378943360410631,0.484707672381774,0
970,0.37231820109766,0.281050139432773,0.768848813720979,3
52,0.236488269641995,0.770322555908933,0.217706056078896,0
154,0.395414847880602,0.756431221961975,0.579213376389816,0
1434,0.470272502691496,0.311416346664526,0.337822889000176,6
926,0.373318577706814,0.525291535980068,0.825825498905033,3
883,0.377720722144004,0.526918118563481,0.53818699659314,3
492,0.409452290725894,0.552730484493077,0.4618977032369,1
990,0.380210084845312,0.604551944276318,0.506867492571473,3
1377,0.458607543602203,0.371816451508308,0.346249405374999,5
1191,0.472490546914969,0.344741699196056,0.342863232016357,4
1461,0.470999874951464,0.313451867145622,0.346253071940878,6
1174,0.463676670912614,0.342268916183609,0.341421507089593,4
1589,0.464728590921175,0.310849710125692,0.351448850176735,6
950,0.373005883996375,0.519762731483206,0.382630323874764,3
266,0.486866163089871,0.864942017477006,0.462550014723092,0
441,0.404461870165542,0.279137975163758,0.721939705545083,1
1254,0.46077323545313,0.369346432262568,0.341785854900982,5
422,0.409621558212675,0.446598230139352,0.694965201080777,1
1260,0.469637670355767,0.375244882045182,0.338598590866413,5
1481,0.458609756939308,0.313148336791962,0.339837725115766,6
1436,0.46118099381269,0.317618161518398,0.346875413099556,6
497,0.409768183624838,0.576267815986648,0.385312910191715,1
7,0.414589729625732,0.325355647131801,0.048320920439437,0
663,0.438138005011715,0.501368756266311,0.520258647506125,2
174,0.466388951288536,0.702434589387849,0.607072751503438,0
411,0.40996120207943,0.291924893367104,0.732333356980234,1
1453,0.464334921910583,0.316639957375801,0.335896491084936,6
551,0.408582840105519,0.480520264105871,0.568081040168181,1
541,0.404439432336949,0.644712297571823,0.643925587879494,1
874,0.376585904515814,0.652930576913059,0.68373460136354,3
205,0.897694867569953,0.801703157369047,0.158376523293555,0
1472,0.469254722537496,0.310908739696773,0.344617072758094,6
621,0.433054514278192,0.42381622151006,0.714935593423434,2
95,0.0442611565813422,0.694094116333872,0.313704735599458,0
1408,0.454517857517299,0.317642278349374,0.34978422986577,6
1531,0.471656482183726,0.312038218218231,0.353076020481543,6
169,0.251567909959704,0.809480542549863,0.502851462457329,0
286,0.120967848226428,0.376358799869195,0.813377632759511,0
607,0.439529628094751,0.562888595252298,0.348070707637817,2
956,0.376434035454877,0.372441477002576,0.409353488241322,3
1063,0.466466591908391,0.337933646793472,0.341575737147361,4
443,0.402653134409338,0.45429392948281,0.60700938582886,1
1409,0.463519717074074,0.311216262149254,0.34984211456824,6
876,0.372526287739165,0.45259377323091,0.557171840337105,3
1514,0.458503224841985,0.309204141667821,0.337084446161394,6
1032,0.463747512256879,0.348515813919386,0.347332420986609,4
711,0.440889798845164,0.381576557969674,0.722996418247931,2
1444,0.459499588052634,0.30688429497993,0.347079019991676,6
658,0.435310538252816,0.670077168592252,0.772170547628775,2
421,0.407138132399414,0.21719696871005,0.73812204436399,1
597,0.407930329341907,0.557331038732082,0.694149636547081,1
80,0.749123458052054,0.894027756759897,0.0590387675911188,0
179,0.633759586373344,0.641881290590391,0.0242323351558298,0
1004,0.46139203665494,0.331599969911272,0.348946253647784,4
217,0.47402909421362,0.367395746754482,0.148968940367922,0
1078,0.465084345442275,0.341755212678136,0.347559116696621,4
905,0.379948296719231,0.56175216215197,0.432267691940069,3
405,0.407667709556408,0.422981546586379,0.576423045364209,1
754,0.438210411889013,0.333650773367845,0.431334868888371,2
1128,0.462917299305098,0.338762237626816,0.35432653883126,4
214,0.595086546381935,0.99785975413397,0.984600372845307,0
548,0.40843956964789,0.585415447223932,0.725723176728934,1
1442,0.463745957670441,0.311315944647912,0.349344213390489,6
459,0.410839627110399,0.660725938947871,0.405518934945576,1
1095,0.468030856019221,0.34459809335226,0.336554506301817,4
380,0.269285983871669,0.926206558942795,0.259576655225828,0
1220,0.451841623015926,0.377816197636061,0.343212659774251,5
264,0.35244291392155,0.855893379542977,0.444875402376056,0
523,0.404604114466347,0.2217727226438,0.625365402782336,1
798,0.438738944833167,0.392241714382544,0.337677092873491,2
564,0.408230374020059,0.578689682972617,0.506954135838896,1
146,0.293862500227988,0.899306083098054,0.191503378562629,0
1162,0.463881350215717,0.345839278019859,0.343057061019319,4
693,0.436550336077344,0.174202666361816,0.544788777595386,2
1267,0.468239185515182,0.377711544325791,0.348844236173569,5
842,0.378362909127027,0.474918346945196,0.791519497870468,3
748,0.435325311464258,0.215719850244932,0.523022643523291,2
221,0.230370254721493,0.812790127005428,0.0620892576407641,0
913,0.372184026949108,0.661644205078483,0.439363289740868,3
410,0.408608046029694,0.335457222047262,0.74147397140041,1
864,0.376770985291805,0.382459878665395,0.494440104812384,3
750,0.43593157554511,0.175051126023754,0.652717530960217,2
1447,0.459811949147857,0.304620514555114,0.344776477630522,6
642,0.438414240935817,0.50952551139053,0.576402977341786,2
581,0.403189234694,0.635757926828228,0.604445892269723,1
1535,0.460991610230016,0.313885518059774,0.341739569599385,6
516,0.402365647030529,0.263472882192582,0.338557768380269,1
1454,0.470877390334557,0.31623634938914,0.347113911250435,6
1545,0.465966797666883,0.32780178190298,0.343268593842925,6
1516,0.470336594467895,0.323749546467006,0.343781521788472,6
237,0.121544087538496,0.288771961349994,0.470175205962732,0
1045,0.463831404556116,0.344751379669276,0.347124950227059,4
914,0.376415048828349,0.607908527343534,0.388416773057543,3
165,0.819973512552679,0.611216068966314,0.843705342384055,0
1342,0.474852418358911,0.381790896364907,0.339090594179337,5
388,0.392228135839105,0.853554887697101,0.180686591658741,0
1116,0.461680077437052,0.350347303252736,0.339448782143818,4
1524,0.464767915644171,0.311120161862688,0.341805696677187,6
1490,0.465561029637632,0.311528709521681,0.339435648403873,6
1511,0.464845690951465,0.316618162773833,0.347262255300163,6
716,0.437197652230971,0.217848256556317,0.743998894584365,2
1182,0.469535629141367,0.340687006195908,0.346794061390921,4
168,0.0174492734950036,0.527193841524422,0.729912287322804,0
1492,0.46841425368184,0.320358515260213,0.344013350000926,6
41,0.478721544379368,0.396224561380222,0.512335385661572,0
33,0.124112569727004,0.00674072722904384,0.261918666306883,0
1365,0.465273807068949,0.360324365081317,0.340265209094006,5
1428,0.471177590848912,0.313484042178034,0.34790486697598,6
225,0.553970099892467,0.150170523440465,0.593910205410793,0
1074,0.463000074768717,0.343815706770753,0.350147495544923,4
971,0.375876274891198,0.387429955159314,0.574280921253376,3
360,0.36964459111914,0.123651352711022,0.205947705311701,0
355,0.560454769758508,0.867229371797293,0.623857181053609,0
181,0.0286386422812939,0.519551072036847,0.575022731209174,0
120,0.0829275955911726,0.429889841238037,0.497351821046323,0
376,0.577846724307165,0.614929512608796,0.925225117010996,0
1356,0.463782133586536,0.374250385282731,0.347912930094464,5
1005,0.456360976145371,0.333970078515057,0.342580151021144,4
1159,0.464333286029758,0.340313283360889,0.345225958426998,4
321,0.520887423539534,0.0778883751481771,0.869987997692078,0
704,0.440218029778916,0.231661712843925,0.553469921112992,2
91,0.515607144683599,0.494745697360486,0.711229912936687,0
1292,0.464604578545342,0.369766933847758,0.35045444507843,5
257,0.0254596068989486,0.826929952250794,0.175881643081084,0
674,0.435037158511113,0.65310282537248,0.455436284770258,2
1547,0.459999648778409,0.318948528781684,0.34354165345327,6
369,0.83571348991245,0.386506523936987,0.0156341057736427,0
428,0.401638370121364,0.511713013262488,0.446509823203087,1
1225,0.463382833413508,0.368378300377574,0.342218558071647,5
207,0.171569999307394,0.196168402209878,0.0417337745893747,0
910,0.373533064553049,0.359297050023451,0.624539830256253,3
119,0.532466352218762,0.659594268072397,0.560313389636576,0
1506,0.461262219510962,0.318387826493121,0.339853650657718,6
213,0.969842820661142,0.0651333990972489,0.335239899577573,0
289,0.0430710418149829,0.365021421108395,0.512618691893294,0
240,0.705431955168024,0.797928228741512,0.158674001460895,0
1266,0.475184132776925,0.356421411071066,0.341556239251889,5
352,0.80122021981515,0.576101700309664,0.906266662990674,0
1345,0.46442324535793,0.3721100366341,0.355760865503706,5
378,0.596329266671091,0.953384295338765,0.770651920931414,0
84,0.444313448388129,0.566387302707881,0.445332966046408,0
463,0.405056170048192,0.263889206084423,0.622108940966427,1
793,0.437537005448248,0.413571292045526,0.359170142444782,2
1275,0.472533070590916,0.371385028758763,0.337454321649145,5
717,0.436475021638908,0.575681589753367,0.588302665855736,2
1322,0.460376356079995,0.37137079615965,0.34010489653235,5
277,0.33020366425626,0.621992817381397,0.454416724387556,0
6,0.130645522614941,0.0608074241317809,0.121113806962967,0
505,0.406164867510088,0.282092482643202,0.587234506383538,1
1334,0.462536748526242,0.371249418240633,0.344035925508811,5
93,0.785493078175932,0.294006913434714,0.420854343101382,0
320,0.324607919668779,0.760626620845869,0.211182847153395,0
366,0.960369055392221,0.27495313086547,0.444243928417563,0
766,0.43864495098358,0.306366819515824,0.732243432081304,2
583,0.411233142411802,0.407039028452709,0.660309559199959,1
1246,0.463905217350651,0.375117636280229,0.358619159406799,5
757,0.436639874307439,0.669426932907663,0.644817942287773,2
1415,0.466861826173417,0.31363213278923,0.344040765860444,6
1299,0.466964015226392,0.375687023127517,0.338034771292124,5
1073,0.470339950761477,0.346812621971034,0.348871028046636,4
1056,0.467916865828586,0.344099506905471,0.346950122039138,4
1486,0.4571928603938,0.318925988218823,0.34884952279829,6
758,0.440550261808094,0.595663802558556,0.733093050774187,2
10,0.453323014779016,0.678034254815429,0.171120535815135,0
1315,0.462562782555184,0.368442192225932,0.342751038620825,5
808,0.378781929605175,0.314813618757762,0.351348293363117,3
903,0.377988972475287,0.606584465689957,0.36490708834026,3
537,0.406515919615049,0.258138007577509,0.446379025932401,1
705,0.43980664649047,0.259922801028006,0.611709926393814,2
894,0.37664458132349,0.180636419542134,0.661659499630332,3
763,0.439723564963788,0.269270203984343,0.549987604143098,2
1234,0.465118963468655,0.373617580445878,0.35062249393415,5
920,0.378561165758874,0.178265820117667,0.418554673553444,3
128,0.996250188210979,0.940513401292264,0.789139960892498,0
163,0.443051398033276,0.159142298391089,0.0621789263095707,0
591,0.410028872014955,0.65155372696463,0.53146574262064,1
611,0.435717509863898,0.265496960934252,0.377474397420883,2
1466,0.466242818954982,0.30938505303321,0.344708043760034,6
407,0.402888046647422,0.496903737983666,0.401315634720959,1
1570,0.461919707159828,0.312287323579093,0.35185076868874,6
60,0.605867662467062,0.250106956576928,0.913805952994153,0
408,0.403362558768131,0.448759838216938,0.477783172624186,1
104,0.982738596852869,0.812943877885118,0.943900688318536,0
1149,0.465196512574906,0.342004626207132,0.347211781813104,4
1222,0.46211090357404,0.366862506835993,0.33928106305053,5
75,0.210388757521287,0.449203607626259,0.0372055564075708,0
1172,0.46931219123275,0.351362861607922,0.34350774747279,4
795,0.441020371930208,0.421943704923615,0.771527371718548,2
767,0.439299988099374,0.463431329908781,0.552271549589932,2
1568,0.468232469507329,0.309703671088349,0.341291827483959,6
1252,0.464348655092459,0.374510725635942,0.336006971850295,5
1390,0.464010327466759,0.370985572496625,0.357726937118932,5
615,0.43716766783502,0.538647161191329,0.332552371080965,2
1443,0.465849237278594,0.319766676065056,0.339967692448541,6
1509,0.462701977826092,0.314739765466203,0.337041742855666,6
954,0.373393230745569,0.633043837943114,0.812291510170326,3
555,0.407278586879838,0.294430509535596,0.710989990737289,1
1196,0.463756434824995,0.341339710246856,0.336565510421112,4
1295,0.463532545425677,0.376018982205676,0.344009201959404,5
301,0.00671661039814353,0.687079787021503,0.239761263132095,0
733,0.435840370343067,0.549377559660934,0.813811505911872,2
283,0.949756478890777,0.487114671617746,0.157269929768518,0
192,0.817318376619369,0.293490393087268,0.367254551267251,0
1284,0.465234709792659,0.377826037702013,0.344757436045464,5
1556,0.46566268020475,0.315342552258535,0.348980688476553,6
202,0.518593601649627,0.180689713452011,0.935982362600043,0
762,0.437352170043159,0.607364797824994,0.498508416581899,2
1476,0.469793080793832,0.317616486014934,0.338933102263205,6
1064,0.451709967251833,0.347205290134882,0.347562693839075,4
740,0.439165249923244,0.397358134016395,0.507019447511993,2
1323,0.460341007248974,0.370629207951056,0.345806772233033,5
417,0.404797204786446,0.608676388137974,0.719460689695552,1
1086,0.464906882799806,0.345360732083455,0.352118194198921,4
1201,0.46563875993751,0.380179350503191,0.348016839401885,5
839,0.375210450293962,0.390997635177337,0.569484725827351,3
287,0.609411575132981,0.318621249170974,0.0836130122188479,0
778,0.436438126410358,0.40804767687805,0.356673890724778,2
869,0.380930477760267,0.316965784854256,0.633158983197063,3
1085,0.465471704768595,0.34612101610177,0.342924304566928,4
707,0.432472533367109,0.633914724201895,0.759627320221625,2
868,0.371586783675011,0.281074184319004,0.366600458160974,3
9,0.649712886661291,0.544658303959295,0.736714883474633,0
134,0.210128066595644,0.0109406157862395,0.607375751715153,0
339,0.538495330605656,0.564557837322354,0.298350945115089,0
1279,0.456938291535774,0.368204451353112,0.347585411419884,5
875,0.380146635172423,0.517757754051127,0.740448976983316,3
587,0.405659463393968,0.468212854675949,0.820268628653139,1
668,0.439809371863958,0.5846500945976,0.611414271872491,2
671,0.437599557293579,0.181305134994909,0.593235647073016,2
32,0.575971585931256,0.479200082132593,0.322601641528308,0
565,0.407378909047693,0.417249095719308,0.792140330653638,1
960,0.3724335782649,0.282387710153125,0.48467818996869,3
724,0.435526055197697,0.407865977706388,0.824638769146986,2
1371,0.467022593457455,0.365427161453027,0.35686075062241,5
200,0.810679648537189,0.276178224012256,0.063622112153098,0
1548,0.469080846641578,0.312815866467602,0.348344851901788,6
1413,0.466126800931882,0.31792270520653,0.344804036942676,6
11,0.944185530301183,0.209342526271939,0.219148613745347,0
232,0.612125843763351,0.327602532226592,0.734739628154784,0
229,0.259732065722346,0.0771576520055532,0.61763455462642,0
1022,0.463721823478593,0.34553444937306,0.333353401214985,4
1268,0.463767687703041,0.374438544652359,0.348294717582506,5
438,0.406845777104609,0.564776881691068,0.807486809440888,1
254,0.630945740500465,0.193330898182467,0.751728052739054,0
1357,0.464963893209297,0.381499922499669,0.349439811026023,5
304,0.377435023197904,0.597558516776189,0.445019456092268,3
1146,0.466116484061147,0.339805909378827,0.347617727143002,4
1399,0.461463823241379,0.376146536130293,0.344627923168684,5
1270,0.460765358285059,0.382079427492777,0.339036527020125,5
1010,0.464800220588962,0.339889023599529,0.342035937019606,4
715,0.433709984419402,0.35692369597964,0.600547629408538,2
983,0.371546375253238,0.447360581578687,0.564073943998665,3
1473,0.461567459529616,0.305619167509912,0.340896590209245,6
522,0.410631747900043,0.3363729567267,0.345335640246049,1
1219,0.455662494751638,0.375124949829832,0.342994908708564,5
703,0.432050561178476,0.64908971786499,0.735219599911943,2
610,0.434304036756512,0.556351987272501,0.528251423849724,2
1138,0.467148646164833,0.350684179860318,0.344097253810016,4
747,0.434429791281,0.19443955689203,0.825314829708077,2
1096,0.46978799411314,0.339718419132274,0.334667904413604,4
23,0.741373806027696,0.569867528509349,0.125001555774361,0
358,0.161101162433624,0.339932644506916,0.634070825297385,0
1452,0.465637541482965,0.312080975055094,0.348591733573281,6
744,0.435375226764008,0.213485904014669,0.697171470732428,2
633,0.437753594904207,0.573805745667778,0.575841780402698,2
1559,0.457266297874044,0.305877756455633,0.346884819519015,6
1119,0.458356570191018,0.344570286394117,0.339513515543605,4
573,0.410136321294121,0.386720376065932,0.649706278578378,1
987,0.380068063540384,0.473195228353143,0.412027938873507,3
923,0.372255530254915,0.229778308980167,0.35359402152244,3
1595,0.467629473634114,0.313766773735486,0.347367813498001,6
526,0.402233734440524,0.561961202626117,0.408655243576504,1
1208,0.474597947692149,0.373622047301424,0.338982359826613,5
79,0.834499696502462,0.841112949419767,0.441592023009434,0
40,0.411525085335597,0.0317889584694058,0.510902546346188,0
773,0.431722527293023,0.53556836231146,0.331601981539279,2
372,0.081593070179224,0.593240831280127,0.421840754570439,0
96,0.578462220262736,0.856759342597798,0.769972727866843,0
708,0.433130649668165,0.630468202615157,0.721889632404782,2
1431,0.468539290046007,0.320828461146207,0.354832414438371,6
1180,0.463263812744525,0.347434043323719,0.336607204933411,4
1050,0.460686337786783,0.349646753374532,0.351376768576074,4
22,0.341241980204359,0.307440732140094,0.296711982693523,0
770,0.435095503446646,0.521710876119323,0.341222353163175,2
182,0.394352921750396,0.970816822489724,0.588684545829892,0
1288,0.463979094321112,0.370468103465772,0.338630831283178,5
556,0.401715137602296,0.565237458772026,0.681491028983146,1
1297,0.464940315007874,0.366494437403402,0.35101890568047,5
575,0.40415635852376,0.354106179066002,0.345818061730824,1
166,0.253751201787964,0.810166985727847,0.634127545403317,0
501,0.408324157036841,0.270773219736293,0.616246341029182,1
1554,0.459823414875476,0.303822621878255,0.350771535109785,6
726,0.431787585506681,0.348126901290379,0.463940321351402,2
1507,0.468678506055526,0.316599550463335,0.351306925284247,6
1216,0.463964412288226,0.378931686189754,0.335762075415248,5
847,0.374130984824151,0.429299772810191,0.520079297595657,3
623,0.432738021030091,0.479016327043064,0.735048821894452,2
1058,0.464298512194171,0.344022688747866,0.332402314351074,4
185,0.0947925967629999,0.131591875338927,0.372247474268079,0
880,0.372684338204563,0.254554161196575,0.424901979509741,3
1123,0.465752603961059,0.335180335824783,0.348054336162126,4
226,0.891580398427323,0.025552946375683,0.487964910687879,0
1512,0.469371562612618,0.320550958514518,0.346581174809009,6
891,0.374803612746764,0.499408625392243,0.632983468938619,3
574,0.41046402297914,0.396208456577733,0.496670378022827,1
1564,0.465443959837219,0.319244065815553,0.33706649762259,6
1558,0.482455222716574,0.31486699351556,0.345226656865563,6
345,0.00513984309509397,0.695624954300001,0.469989123754203,0
1256,0.452328411333778,0.376607227168032,0.342603074484018,5
349,0.866553071187809,0.81042947107926,0.584804275771603,0
1337,0.460749493958429,0.375870120922201,0.348890800716951,5
821,0.378982830839232,0.446435333439149,0.702689186669886,3
816,0.373487733993679,0.215691109979525,0.703553983592428,3
718,0.433110640633386,0.29193445420824,0.660011111642234,2
1072,0.45906868842984,0.351790272046908,0.346256568883093,4
852,0.372402783241123,0.501384034380317,0.732989539741538,3
461,0.40241870559752,0.174969514110126,0.483367925160564,1
1134,0.467799239171705,0.348660737890715,0.345334341479042,4
720,0.432309492703062,0.234786933730356,0.722250666585751,2
218,0.109591194661334,0.589022357016802,0.830293290317059,0
1308,0.455189255812102,0.37713374173838,0.332291506153854,5
413,0.40994782785885,0.524409709707834,0.499627823126502,1
186,0.358441920485348,0.476167226443067,0.172948952065781,0
109,0.746632385998964,0.573188340524212,0.569950924487785,0
781,0.431650026391726,0.593461413145997,0.46049602527637,2
390,0.477572473697364,0.824334366014227,0.452934388769791,0
498,0.403310517647769,0.422862119367346,0.586023622425273,1
255,0.977338681230322,0.36721807019785,0.573988302610815,0
735,0.433305276029278,0.646887417160906,0.667984816245735,2
1379,0.460264302001079,0.365578116415506,0.346994879743827,5
1587,0.457799434101241,0.318583886077365,0.343110775702131,6
1271,0.465279426998747,0.380286609401695,0.344727087964262,5
1355,0.460967087037658,0.373085126806242,0.342219925388803,5
430,0.405121039946098,0.531800865754485,0.816334497067146,1
810,0.376564990538172,0.584662879211828,0.474111620336771,3
473,0.409220633145887,0.61880867856089,0.816052873851731,1
247,0.759067315142602,0.333506270777434,0.00428899587132037,0
1027,0.46755230025004,0.335845577397434,0.329403126270435,4
1049,0.466023873775727,0.340635695900542,0.346815687356945,4
325,0.191461447859183,0.180618890328333,0.727524898713455,0
1088,0.465216648174167,0.337248758224889,0.345559839317085,4
346,0.780982274096459,0.361042836215347,0.423619411652908,0
578,0.409298571569379,0.648067463864572,0.498693009256385,1
558,0.409546914796811,0.316439993306994,0.430854814941995,1
1498,0.455365108115141,0.314991263844804,0.349181488153776,6
1012,0.465599776747881,0.340723165119292,0.346484998566798,4
1348,0.460593817682829,0.374612668275259,0.338350026949921,5
645,0.434740347627085,0.479016297822818,0.402282740105875,2
1438,0.467317550260804,0.311309570068519,0.339919487024044,6
1245,0.462563361331481,0.371508816187938,0.340978741753661,5
1549,0.46407368094932,0.309445183036591,0.354811111650773,6
138,0.826014856342226,0.155230036238208,0.841301540145651,0
885,0.3808099151426,0.215114600933157,0.798998123034835,3
1127,0.460408776440351,0.340404533018725,0.342485590140672,4
387,0.216753938701004,0.328662345651537,0.366824733093381,0
1324,0.464420628550755,0.368090476866196,0.340069839968607,5
647,0.43866206447361,0.253336864500307,0.725467621581629,2
1047,0.452093304122936,0.348387962497927,0.347237199104928,4
1080,0.469924681859098,0.342358958523066,0.331087505320696,4
1583,0.46907240160801,0.311617208032322,0.33773124665573,6
942,0.372376059188973,0.360294467629865,0.436713788891211,3
723,0.440677958258893,0.214393748063594,0.574763048207387,2
901,0.374835369477514,0.262328201415949,0.351573090651073,3
300,0.846580026205629,0.997207764303312,0.969824298052117,0
1530,0.457149214529997,0.313992291377396,0.352699670974149,6
274,0.894983586156741,0.150219072122127,0.288610462564975,0
1542,0.461580006480614,0.308331736600932,0.339398205454714,6
599,0.403436496437062,0.463881196314469,0.354543113848194,1
1124,0.463891991352834,0.33800045837826,0.341057383898857,4
736,0.435903111891821,0.520560915325768,0.446255584363826,2
561,0.405280016206671,0.25289785801433,0.6485206350917,1
743,0.440636406410486,0.610508181597106,0.424561678781174,2
1445,0.463625640848247,0.307967645802152,0.34640126445646,6
92,0.843869755975902,0.16171087208204,0.487121052108705,0
1053,0.464004990167009,0.340900988133045,0.346996933662979,4
24,0.741628119023517,0.580238718772307,0.390519441803917,0
1186,0.459446260741646,0.344504199326894,0.348443868903494,4
1366,0.459020080261668,0.367818852347538,0.341145091903464,5
17,0.903810370713472,0.97385637066327,0.0661273384466767,0
327,0.0313727352768183,0.381635366240516,0.150836229790002,0
1251,0.459707115051438,0.383099329388248,0.33983298317492,5
38,0.784384690690786,0.427777388365939,0.812537657795474,0
690,0.438296599183232,0.3953940322157,0.702087462414056,2
477,0.406032423377037,0.353306062845513,0.741616303101182,1
535,0.40659628451569,0.512550014164299,0.517150572268292,1
219,0.643715115729719,0.106031060218811,0.789389554876834,0
846,0.375925689307042,0.450390852498822,0.461283576441929,3
1094,0.460825492663963,0.336689872331713,0.352598095401354,4
506,0.403737253190484,0.611620031273924,0.738996828207746,1
524,0.40694571073167,0.54398125000298,0.601869812118821,1
1406,0.470007281783687,0.315891708990589,0.34613859393874,6
314,0.531552072614431,0.936376943718642,0.92472195555456,0
117,0.149853069102392,0.647833588998765,0.900491487700492,0
951,0.378531612697989,0.273939741868526,0.361193830380216,3
604,0.43463602720527,0.63876103234943,0.773641515173949,2
1057,0.459813264129582,0.335627316375871,0.35253915396244,4
1011,0.462922111029965,0.344908666778374,0.346607791454103,4
1500,0.461995692770625,0.316398793500656,0.343241066936415,6
216,0.0379041526466608,0.202643952798098,0.465751958545297,0
1593,0.459350491405683,0.311295136945088,0.333173290308889,6
141,0.0452298147138208,0.340471338946372,0.904427030822262,0
783,0.436348738402594,0.334077690122649,0.547433475847356,2
1458,0.466051992143814,0.318070268029735,0.342292085198768,6
1328,0.462383385269437,0.371383631429617,0.340074990973574,5
82,0.453643064945936,0.722055402584374,0.854201545473188,0
796,0.432964854750317,0.463564505777322,0.668906001374125,2
1248,0.469734235153943,0.370435493506134,0.356333172902005,5
324,0.188485994236544,0.0570793023798615,0.698566433042288,0
1563,0.468077170941003,0.306314801521297,0.345940817126664,6
375,0.217476784717292,0.518136118305847,0.567601661430672,0
500,0.403601532178,0.366027482412756,0.342937234207056,1
812,0.381367133646272,0.624319038446993,0.362684799940325,3
1272,0.46917063189363,0.367604272944622,0.343703913666236,5
148,0.93496977374889,0.324887501774356,0.239538047695532,0
434,0.403894236914348,0.375653070374392,0.41437345801387,1
1470,0.463806615619969,0.313629479190209,0.33561331175281,6
528,0.404119897948112,0.182622008118778,0.558604464866221,1
1178,0.456300861367925,0.337789168547888,0.344687580814024,4
788,0.432551856222563,0.208426866307855,0.439216015394777,2
1141,0.4698325474637,0.346383581346864,0.335038415639772,4
540,0.405468213073909,0.605266389530152,0.61553993227426,1
1391,0.467681277333965,0.373719296142478,0.342166083084053,5
1015,0.473331425485688,0.351055591575193,0.3430068928434,4
210,0.934327215189114,0.350728756049648,0.281466955319047,0
732,0.434157578677405,0.22424021710176,0.394276592647657,2
722,0.440452364592347,0.445047460705973,0.344775259611197,2
1207,0.47448224502987,0.372564034986371,0.345201041812192,5
453,0.409368351015728,0.383590312651359,0.768354398547672,1
779,0.431785992314108,0.292124160425738,0.547814341378398,2
1590,0.459488514692821,0.312264570143636,0.345925926519375,6
1002,0.470517460004094,0.338362953437627,0.336825345949389,4
1062,0.459967987500838,0.336847821325726,0.340514032628182,4
965,0.373022043693345,0.377974654641002,0.60348653816618,3
1331,0.463720956950242,0.374345074495987,0.340217272781206,5
1495,0.461513238980148,0.317354351548771,0.328541425643518,6
805,0.375840288919862,0.401854392001405,0.783002901589498,3
616,0.436699891041499,0.227282843412831,0.500488106161356,2
514,0.408178151920438,0.431702894484624,0.489235064364038,1
1198,0.471479799393754,0.339521574714042,0.333907106464943,4
738,0.437153647576924,0.381159445713274,0.589575445861556,2
1574,0.468736333307882,0.322705265367101,0.334769606340991,6
379,0.487722759367898,0.915113919181749,0.0572306155227125,0
1210,0.461600936715902,0.375327890952104,0.337608030673981,5
617,0.433489656089805,0.204197818040848,0.773763540317304,2
586,0.404701188083272,0.508356051729061,0.600910220993683,1
451,0.408190542203374,0.203537849336863,0.626008619554341,1
47,0.24063080153428,0.63653738098219,0.586021391674876,0
1544,0.454310578727887,0.319171722857844,0.337731292969863,6
42,0.354167587123811,0.360552205005661,0.747431660303846,0
1340,0.470468517543229,0.379116200469827,0.344683364611508,5
108,0.819775503361598,0.683437135303393,0.364665790693834,0
1597,0.47063142335602,0.324241827921336,0.339673130215721,6
502,0.407108229652513,0.380857666116208,0.760789975174703,1
1397,0.458205124878633,0.379496554911653,0.340717530888173,5
1070,0.456539708229143,0.347747754261554,0.333277575847041,4
1253,0.474686283621838,0.370372366555922,0.347037380860475,5
1021,0.459119927730775,0.341364541909804,0.340139389672601,4
389,0.278627297375351,0.833241394720972,0.936492900364101,0
938,0.379387157063466,0.245458901952952,0.661692308844067,3
288,0.202022754354402,0.530447026714683,0.680100926896557,0
252,0.386267203837633,0.149704683339223,0.495842062635347,0
295,0.376077391672879,0.461452891584486,0.537166435737163,3
1161,0.462963948695704,0.343823673772932,0.349694267121497,4
467,0.409060147195123,0.387272268743254,0.683688029064797,1
340,0.907047719694674,0.949403961887583,0.29345373949036,0
1502,0.463130005462813,0.315898809339951,0.348208572263184,6
682,0.434876173555385,0.205613740463741,0.694304790697061,2
101,0.993091342272237,0.606380119454116,0.633229285012931,0
508,0.407007811237127,0.248337091505528,0.789562015328556,1
1565,0.460917589547627,0.314711827089844,0.343978106986223,6
370,0.0179758351296186,0.616082412190735,0.594044028315693,0
293,0.276690261438489,0.920096390647814,0.234816767508164,0
768,0.432170365180355,0.338914465717971,0.736827322281897,2
1023,0.470675178941048,0.346079885364144,0.346342251497445,4
65,0.683805109001696,0.0735424410086125,0.315463635139167,0
507,0.405666653043591,0.579838947486132,0.585611672140658,1
772,0.440057400951628,0.554280072310939,0.622204937622882,2
1539,0.467037458192915,0.315623783760431,0.352001135534721,6
590,0.40310754286591,0.254315168922767,0.427010070648976,1
1113,0.465556182860628,0.341333411424085,0.340504992235132,4
1462,0.464601250063968,0.319210109771056,0.346598799730036,6
1317,0.469446964600558,0.371739044744245,0.340677695391835,5
1496,0.474434424665407,0.31005444206585,0.342776767878859,6
1354,0.470820870113431,0.385628136054568,0.344956654927305,5
1588,0.469255208146886,0.317903974914309,0.345868285756378,6
1185,0.4599566467548,0.337419246254199,0.345291854520382,4
83,0.40263608051464,0.814271872863173,0.468779796501622,0
1523,0.458089623362796,0.308899315333622,0.344515325131454,6
454,0.407257114942186,0.557654418959282,0.426451963256113,1
1143,0.45721758415986,0.340555709300686,0.341653645576929,4
1373,0.470917636545494,0.370924376846212,0.345439330296289,5
416,0.40637844446348,0.433974661841057,0.81426451576408,1
1325,0.466705096400335,0.373409859298367,0.342969141765783,5
123,0.0674948878586292,0.199890430783853,0.843345066066831,0
547,0.40200868781656,0.554935941682197,0.810031697619706,1
759,0.433167930273339,0.270602290029638,0.791231681709178,2
1230,0.470915187049331,0.376284837474144,0.350286166219896,5
976,0.375560108595528,0.244498527701944,0.670251371106133,3
728,0.435556735438295,0.29705102390144,0.617893490823917,2
236,0.986333716427907,0.342718477128074,0.211978673236445,0
1372,0.470063838686369,0.372438873951989,0.346189537105003,5
176,0.831597957992926,0.977120914962143,0.749596040230244,0
691,0.435314592630602,0.379727010242641,0.456312530557625,2
1293,0.473586959657409,0.370706964124336,0.339089736935895,5
1249,0.468136316592278,0.377769965439001,0.334052681107414,5
19,0.777910835342482,0.840243979590014,0.262461595702916,0
1402,0.460895483456264,0.3111993577763,0.337215096432623,6
1430,0.464861953007675,0.31830373171614,0.35006991467333,6
1017,0.470480519112584,0.33650327907483,0.340130453119407,4
1465,0.46463060169794,0.311770139392741,0.338547477892267,6
112,0.458313765237108,0.915593970334157,0.101961199892685,0
1065,0.463860038399568,0.350454376952205,0.344623239538591,4
371,0.588702282169834,0.594295135466382,0.811279609566554,0
949,0.38106126421364,0.496539561171085,0.634516219724901,3
203,0.685202215798199,0.357118239859119,0.543686079094186,0
841,0.376341220422182,0.29870300097391,0.590983003377914,3
1067,0.47036245717635,0.348977613831743,0.347050258592836,4
99,0.0384491228032857,0.558825538493693,0.699944859836251,0
669,0.440995763335377,0.513817385281436,0.409578416962177,2
326,0.0441974063869566,0.651324391830713,0.585970618994907,0
342,0.250383981037885,0.415761946700513,0.175453939242288,0
577,0.403958157522138,0.201614251919091,0.616296403226443,1
460,0.407932045564521,0.562115361075848,0.738237153738737,1
787,0.437721281729173,0.499898719694465,0.813452543574385,2
1304,0.458968146023662,0.36930325730878,0.354902881015192,5
582,0.41140471215127,0.294978045951575,0.789080806192942,1
424,0.40206716402201,0.502931725909002,0.391052270191722,1
1,0.585450675338507,0.330486275721341,0.608788228826597,0
909,0.380335538887885,0.176180787128396,0.34351439261809,3
862,0.372447638942394,0.413574438984506,0.404047084390186,3
439,0.403196500090417,0.588724902458489,0.633264444419183,1
1173,0.469015712354661,0.329321011449482,0.343175460120351,4
1240,0.465416575814664,0.370863409332889,0.347591438145278,5
399,0.207963924389333,0.383974685100839,0.244469113415107,0
854,0.371846855785698,0.609956268197857,0.334922493435442,3
1239,0.466790805006295,0.370632431042276,0.341419779951648,5
139,0.853648350806907,0.399758794344962,0.729243558831513,0
701,0.432366406440269,0.185898145986721,0.747165956767276,2
227,0.338109519798309,0.72125889454037,0.927916043903679,0
557,0.40959240740398,0.23908576820977,0.732451891177334,1
576,0.408793021151796,0.263513836637139,0.738839421421289,1
1269,0.459434479524526,0.370823531613388,0.338488925603525,5
275,0.479717746144161,0.325038709677756,0.929932975210249,0
1184,0.463650293818755,0.342863285918133,0.334724129962519,4
1300,0.45936525276904,0.37932287319602,0.34658713407852,5
209,0.356812346260995,0.590077619766816,0.216423689154908,0
725,0.439763831468299,0.249502517725341,0.782121852389537,2
1209,0.459036873510845,0.380327890922138,0.345271581134942,5
233,0.217284281505272,0.549423699965701,0.979330660076812,0
1515,0.473174765925127,0.316615173124172,0.337980783071884,6
151,0.861503926804289,0.381260866299272,0.910509955370799,0
1407,0.464991612674617,0.321430280594219,0.343299994288611,6
107,0.564652857836336,0.662584357894957,0.995297155808657,0
224,0.0590533767826855,0.635869594058022,0.0613817328121513,0
618,0.437126238124911,0.581597094517201,0.409075028961524,2
368,0.956257148412988,0.330476763658226,0.572042190469801,0
1099,0.466027894298513,0.341180599089913,0.348873619654534,4
1244,0.468167348151319,0.373770676924771,0.34485313876972,5
656,0.433448629658669,0.591506571485661,0.414599400479347,2
50,0.235687988111749,0.913397294236347,0.18008099636063,0
1394,0.473082477819645,0.375088428043532,0.34247413837083,5
1175,0.467963485542465,0.342445933466144,0.335634351806977,4
396,0.596250060712919,0.623744857031852,0.0745562792290002,0
284,0.451339957071468,0.440652277320623,0.0579184065572917,0
897,0.375244857862126,0.619852142967284,0.383321467321366,3
646,0.431971235009842,0.528036264330149,0.811283183982596,2
1392,0.461541491729429,0.376272217249631,0.354390351097588,5
1423,0.471300866437595,0.310726837189811,0.34759016606773,6
1494,0.46295648209518,0.315899403710174,0.351782377368226,6
692,0.434745287203696,0.618889686046168,0.483614356489852,2
694,0.433279760135338,0.672452988428995,0.527761354926042,2
1001,0.461805288626579,0.346663298305931,0.339932845928727,4
641,0.431931263937149,0.204510582936928,0.689808382303454,2
1446,0.466301762416633,0.324587390741553,0.338840736096964,6
1155,0.461585767459575,0.343879847816084,0.339313658109911,4
1154,0.462442559409145,0.342083747498689,0.34293727873927,4
136,0.964937600539997,0.817115467274562,0.0814112976659089,0
1489,0.458461388086305,0.322429222091797,0.3462953023663,6
622,0.437454374250956,0.372682068240829,0.699875029851682,2
527,0.404525271716993,0.475692404294387,0.411258689826354,1
1389,0.467920104443267,0.372293854268099,0.336056428870147,5
13,0.465552799636498,0.0953820033464581,0.637471982045099,0
1211,0.468522418601574,0.373177386457698,0.344058937970689,5
208,0.109223926439881,0.49326378875412,0.192409836221486,0
88,0.381796718109399,0.42240826273337,0.840595192974433,0
465,0.402288481281139,0.182567155198194,0.808909747982398,1
1369,0.464132858392649,0.371458327165454,0.339854093980477,5
1202,0.468545573115266,0.36296230060099,0.342035656274995,5
605,0.440181827829219,0.65117144593969,0.761395238689147,2
851,0.373345478451811,0.49705465612933,0.78963302297052,3
640,0.431452990546823,0.314161657216027,0.408544365782291,2
510,0.408667692579329,0.590168875502422,0.591703495243564,1
559,0.404038398463745,0.445612637186423,0.78724252502434,1
542,0.40171923493268,0.325290320068598,0.367854404845275,1
5,0.739605854731053,0.984265938401222,0.283835737034678,0
1330,0.468127106489689,0.366213135272587,0.349209265351487,5
147,0.853494471637532,0.385872078128159,0.0454291731584817,0
1477,0.472772026180583,0.317244664850431,0.347483110218275,6
1059,0.4668028521714,0.347720727778543,0.341339030894023,4
64,0.00986222899518907,0.404455222189426,0.769191234838217,0
670,0.438466980450321,0.659922213270329,0.327940107439645,2
28,0.136636037146673,0.552839561831206,0.486100264824927,0
1257,0.471696999362086,0.380809994775326,0.340719395456257,5
1561,0.467208747791949,0.313722883189745,0.349101119588084,6
170,0.410243263468146,0.755538333440199,0.478275483474135,0
271,0.551675446797162,0.997307139448822,0.399751418270171,0
296,0.973488045856357,0.156284811440855,0.745658653555438,0
35,0.403791882097721,0.618499201023951,0.417048874078318,1
29,0.929484405322,0.197776815388352,0.0414354032836854,0
1194,0.455830549837324,0.333885157334225,0.352375049840157,4
197,0.896807148121297,0.447286593727767,0.904465649276972,0
239,0.783518499461934,0.523458470124751,0.0978071403224021,0
908,0.37880419453606,0.315240532718599,0.372853329172358,3
238,0.224319065222517,0.355561828240752,0.53685828554444,0
487,0.405183531264775,0.258208602643572,0.603752376162447,1
328,0.380757505772635,0.607011989690363,0.00926742190495133,0
43,0.555690487613901,0.593198602087796,0.924368511652574,0
992,0.371538763504941,0.628291549487039,0.760685867280699,3
30,0.737375645665452,0.41677891369909,0.153686008183286,0
452,0.410876838990953,0.362094137328677,0.742968539707363,1
937,0.373178585106507,0.463503778772429,0.413323819637299,3
1469,0.467954623477604,0.31207098872173,0.333840811917986,6
625,0.439485011829529,0.337631313339807,0.762362577486783,2
572,0.402934243436903,0.248416740191169,0.798018056084402,1
1450,0.45937541738577,0.314573974314429,0.34092928627255,6
760,0.440152202032041,0.50118703043554,0.69647653598804,2
1400,0.466468892243857,0.373977640664065,0.344551251975175,5
602,0.439358524547424,0.183538116258569,0.666953293373808,2
1041,0.462131214042979,0.338927914905459,0.345617414499299,4
1375,0.464909672870362,0.364916558396165,0.357326111568151,5
397,0.0710780166555196,0.493665613234043,0.32282651681453,0
1484,0.461517161019652,0.307275817974827,0.34187457224237,6
1100,0.461337160987341,0.346944878208073,0.346043649369978,4
1264,0.46844095246744,0.373405683062783,0.339290133574047,5
1125,0.46122539555511,0.339752296416688,0.352025519118783,4
721,0.437166374921799,0.283099117898382,0.41060870338697,2
1298,0.465808746058113,0.372858992679516,0.331197374234641,5
699,0.436245143876877,0.500393945467658,0.441707116202451,2
986,0.378346110396087,0.592504771053791,0.685632274136879,3
1131,0.460577498067257,0.342469548479508,0.345859134530404,4
1204,0.470262988316511,0.371676371453342,0.340729791268148,5
66,0.510723004583269,0.830774996196851,0.746084134094417,0
194,0.686103272251785,0.648188879946247,0.615086115896702,0
249,0.421233233297244,0.902300885412842,0.655567031819373,0
167,0.242594173876569,0.370726976310834,0.831999976187944,0
853,0.374826196238864,0.303883834369481,0.765405606245622,3
1385,0.472440979154215,0.376125676249924,0.342921013655397,5
1136,0.467531876865695,0.34073830702291,0.346538464888438,4
1157,0.468938597798255,0.344793149923106,0.337690311192578,4
1066,0.464538954158398,0.344664709471224,0.341467979752633,4
329,0.856604928616434,0.344364088028669,0.1204176065512,0
1090,0.462440664540705,0.347168923777556,0.347269014321655,4
302,0.703428875887766,0.11816328112036,0.741835655644536,0
1122,0.455297605748224,0.348889788347205,0.356965120137582,4
546,0.406770144216716,0.575656378734857,0.635819490766153,1
156,0.0245895197149366,0.955563386902213,0.491378414444625,0
649,0.433858928531408,0.243499024049379,0.683992335340008,2
433,0.403683041466866,0.578849600953981,0.614183069788851,1
947,0.373013492627069,0.400751006649807,0.410529668675736,3
712,0.432238435223699,0.424483294342645,0.822946642409079,2
958,0.380004997157957,0.26124200373888,0.401144680916332,3
863,0.373041711307597,0.282787617272697,0.466083351289853,3
190,0.0145263075828552,0.950146168936044,0.315250484272838,0
700,0.432468206475023,0.37465150791686,0.571163858519867,2
282,0.63949084142223,0.744986420730129,0.681774427415803,0
1226,0.465444897738868,0.377197813625097,0.337328325624389,5
1237,0.460759964649947,0.361831332855021,0.340824020966018,5
1079,0.459452277225822,0.341416932987612,0.347926295887443,4
653,0.434100440929178,0.186388457287103,0.747518775169738,2
51,0.342077126260847,0.207707400433719,0.392075086943805,0
745,0.440551871235948,0.193771394644864,0.598307008505799,2
931,0.373654364899267,0.467145274486393,0.341969751752913,3
553,0.402664888771251,0.347566593298689,0.545845940941945,1
63,0.354317434830591,0.86301679792814,0.370657280785963,0
1517,0.467461813431046,0.318381889502384,0.340815029865805,6
1503,0.479566731550412,0.319442875145731,0.336659878866703,6
933,0.373381799790077,0.436359468707815,0.495434261858463,3
241,0.617047140141949,0.39826135057956,0.0734957554377615,0
431,0.406006029108539,0.236598044726998,0.414470076444559,1
1118,0.473083293521702,0.347875958919056,0.347385321726432,4
1126,0.473934592148151,0.351786824369296,0.343197796655061,4
298,0.880609934683889,0.942733723204583,0.701845729490742,0
955,0.375097506854218,0.297579974960536,0.582055624341592,3
385,0.543244927655905,0.367638565832749,0.634938935516402,0
820,0.374233600362204,0.284474789025262,0.497878095717169,3
1552,0.466218600306573,0.314944105095575,0.343213389857077,6
534,0.401997317657806,0.486552215041593,0.691682473872788,1
193,0.154311303980649,0.90984226972796,0.171433589886874,0
1581,0.458905073686967,0.308270531411764,0.345468892653055,6
729,0.438120112339966,0.485816940059885,0.652650269097649,2
294,0.846308443462476,0.321669754106551,0.107320305425674,0
1025,0.460439419041913,0.339828612122029,0.344467487418546,4
1035,0.465957908621019,0.34167388172203,0.343363703624029,4
1042,0.459607210543172,0.34458773582563,0.348367618526553,4
449,0.406405714356806,0.561053475225344,0.723840295453556,1
333,0.280541270272806,0.899770200951025,0.158470119582489,0
1551,0.461147330131637,0.309671950077788,0.342119475358009,6
737,0.436204519064631,0.479764716210775,0.817519586882554,2
337,0.168954198015854,0.268901111092418,0.742188994539902,0
1553,0.465952344342508,0.318387048516262,0.346100607425959,6
620,0.432767183422111,0.422228625137359,0.749258379801176,2
1144,0.461619160084052,0.337219549506035,0.346906565912218,4
835,0.373027041221503,0.451585984532721,0.654607584117912,3
806,0.375523746320978,0.443003846192732,0.609892862616107,3
1528,0.457126169831884,0.311928865322608,0.334547733592174,6
887,0.373318151216954,0.323372963443398,0.705186085077003,3
1518,0.461624971309663,0.306756706792999,0.346066806298123,6
845,0.372151078635361,0.482125590182841,0.398818822810426,3
598,0.409257185973693,0.535126119945198,0.535641052760184,1
945,0.377711168758106,0.235729710175656,0.822336011915468,3
801,0.38008168514818,0.475512845534831,0.697035486693494,3
624,0.437242169431411,0.426858314871788,0.394565006135963,2
944,0.381142239628825,0.594525658618659,0.347942703869194,3
917,0.374918572837487,0.4888860138366,0.418704694253393,3
872,0.377668911865912,0.270863504940644,0.39701984054409,3
15,0.534992502536625,0.937642972217873,0.81219050870277,0
882,0.376831895720679,0.299106195662171,0.818553210818209,3
1316,0.469806114410678,0.369240959467224,0.351853362294884,5
1091,0.465507187968502,0.340762190544768,0.345323950748468,4
215,0.413721674121916,0.848436110885814,0.375232316553593,0
1383,0.459015447385726,0.368072146686514,0.343343800798935,5
751,0.440586797862779,0.202342225331813,0.426022354280576,2
1360,0.464758611924676,0.370595133009063,0.346500212829588,5
898,0.378886173202191,0.323072847304866,0.474219397641718,3
742,0.432486523815896,0.316197979240678,0.695560935768299,2
856,0.371521599357948,0.194786929036491,0.778743602102622,3
1129,0.459077797984481,0.331806094561883,0.342061793443643,4
918,0.378342725783587,0.375699404720217,0.785039789858274,3
985,0.374955984200351,0.353988602035679,0.717973366379738,3
1277,0.469546641050576,0.374740240457364,0.346715392387323,5
1576,0.468676302808342,0.319533670024875,0.348636568558363,6
1338,0.467590138114067,0.368819550146467,0.340424268192668,5
1084,0.47012536724202,0.341522550706548,0.341526740835502,4
769,0.43146635187557,0.605036142840982,0.53895776567515,2
457,0.409675855459645,0.351988962944597,0.686552511993796,1
687,0.432755362037569,0.308915410982445,0.656489237793721,2
157,0.91710001998581,0.893070638878271,0.460510978242382,0
967,0.379345955327153,0.290118723502383,0.658702201675624,3
1505,0.4599188277563,0.313067747912291,0.337482352987636,6
972,0.376483378678095,0.29776384527795,0.560180411557667,3
1189,0.464008895929156,0.337104832687607,0.340729754558404,4
435,0.409103057796601,0.307393103931099,0.473906469182111,1
1449,0.466728164977818,0.306978528704638,0.344973935631438,6
791,0.4400861437805,0.433760170335881,0.547028834815137,2
1497,0.462026342051136,0.314487481174693,0.346885854191207,6
414,0.403229765044525,0.26521277599968,0.758922185515985,1
1361,0.465285115882178,0.365251668300182,0.343246000968274,5
1151,0.458556745434522,0.350331056635298,0.337205113185585,4
952,0.373707732942421,0.598692372418009,0.489207945181988,3
554,0.406094056314323,0.646900500962511,0.632940098876134,1
1052,0.454763264809529,0.34815794734993,0.343421751162828,4
100,0.31199087947607,0.406720398692414,0.628216122742742,0
36,0.964974398724735,0.439633721020073,0.0119997763540596,0
1098,0.470816316914461,0.342527288384366,0.351117508364923,4
1274,0.460362286537919,0.37719848922298,0.347621858057509,5
1165,0.471605880627058,0.345281091196221,0.350905383841364,4
1596,0.460408766437554,0.312370792053329,0.351488432920988,6
688,0.438710851040669,0.426439603301697,0.736880691139959,2
679,0.441085635481868,0.597519804467447,0.342602676944807,2
563,0.409721488112118,0.525799362547696,0.719116714317352,1
539,0.408111919884104,0.581290748878382,0.54756679374259,1
569,0.409604892320931,0.202141463500448,0.696526300511323,1
187,0.184393243165687,0.174530071904883,0.141405249247327,0
1169,0.472688656781941,0.347363749410093,0.339264094218698,4
455,0.406139685502276,0.557737395260483,0.365294155082665,1
338,0.897843147628009,0.759358821436763,0.353770998073742,0
1046,0.459460439516758,0.338116979592844,0.345646860166736,4
12,0.0584929916076362,0.982927750563249,0.172357874689624,0
871,0.377475304037798,0.268522863718681,0.408661322435364,3
1418,0.464455912664102,0.314089628787616,0.344620889872464,6
1546,0.460403351997426,0.326895352246167,0.335711891102679,6
243,0.0750863433349878,0.8406132387463,0.588722794083878,0
356,0.828843911411241,0.648404124425724,0.127373110502958,0
1188,0.461138816329623,0.340375852855602,0.344945609608629,4
446,0.40932554700179,0.391243243217468,0.384844740619883,1
1087,0.472426874675092,0.3360895337061,0.338597402165768,4
488,0.403527304236777,0.30689706732519,0.537836872274056,1
1336,0.449495487773681,0.372647909861645,0.342125499629875,5
386,0.971931115025654,0.197208631783724,0.912867102539167,0
921,0.379248192000669,0.437234879680909,0.599454167531803,3
1150,0.466259592114164,0.340398757953733,0.344016551885471,4
946,0.37994359804783,0.538180903973989,0.543508096016012,3
593,0.403840873639565,0.566122797643766,0.751768049434759,1
440,0.410371851036325,0.44034887207672,0.497565890895203,1
1055,0.470194726446022,0.333893074309781,0.342513797686622,4
644,0.436260533928871,0.588061185996048,0.619356716400944,2
959,0.378423865584191,0.197500624321401,0.701456265058368,3
479,0.40849719193764,0.570919937314466,0.774983295821585,1
884,0.375476155327633,0.621238431870006,0.330787675105967,3
279,0.696443734224886,0.390922436490655,0.43279694695957,0
315,0.188004842726514,0.732457731850445,0.757596380542964,0
1591,0.466916538348983,0.306144386535568,0.340652311395836,6
1572,0.473595171270331,0.31486845134,0.347656877488578,6
1168,0.458350335171197,0.334425824458799,0.343738281810662,4
316,0.158430502284318,0.125961381709203,0.232156157959253,0
292,0.586152751231566,0.0833239385392517,0.998406440019608,0
1187,0.467378330607312,0.347493203329044,0.343738439237756,4
662,0.433370012857486,0.553568311128765,0.431951325270347,2
515,0.406492023030296,0.60869594917167,0.370238225557841,1
201,0.182920697145164,0.469314012909308,0.420915556373075,0
447,0.408252465431579,0.563853062083945,0.440401239437051,1
1130,0.466969575617376,0.345109088157594,0.343879863033792,4
1367,0.466093225960244,0.372481047298449,0.345250598274149,5
804,0.373086149608716,0.26018647660967,0.536794117186219,3
490,0.408243693197146,0.197118657152168,0.638794364291243,1
1029,0.459562904697742,0.344844859001297,0.349313648945408,4
464,0.40534148347564,0.483546014851891,0.499927147757262,1
713,0.436899289037101,0.367430012533441,0.532105942023918,2
307,0.135149269131944,0.48865770525299,0.292150500463322,0
829,0.379379392357078,0.314313673507422,0.771631450275891,3
272,0.23401195416227,0.500004194444045,0.917399750556797,0
1217,0.457761281308876,0.366320784026081,0.340642592034715,5
223,0.280131123261526,0.341666250489652,0.583194996230304,0
400,0.890154582681134,0.174935421906412,0.608048445312306,0
111,0.773779884679243,0.174227452138439,0.28451718040742,0
797,0.437005128553137,0.261163968336768,0.501866144128144,2
1110,0.460256930068271,0.343239985266106,0.351007059929646,4
402,0.405349054685794,0.61307855763007,0.672188293654472,1
1347,0.467712632999085,0.380568553138017,0.337736804073387,5
303,0.196233213879168,0.203024665126577,0.177181942854077,0
246,0.324459995841607,0.243272851686925,0.121230669086799,0
429,0.405053496058099,0.315032537770458,0.736692434060387,1
160,0.0924910996109247,0.48777746479027,0.846516108606011,0
1020,0.463803256176637,0.343833838569885,0.357426897027762,4
1550,0.462404542600999,0.311171909807729,0.334084684296372,6
777,0.441106009101495,0.217313579376787,0.731300160754472,2
1195,0.466401863136432,0.341604091406945,0.334774321586664,4
114,0.0266532157547772,0.100084549048916,0.639195336727425,0
403,0.404076011206489,0.183985987654887,0.462276381091215,1
1013,0.467760129115612,0.345807092290976,0.338749123458737,4
664,0.439683621323202,0.520539366616868,0.459595387452282,2
472,0.404263023152016,0.271082576573826,0.53344616224058,1
755,0.435111310372595,0.449781202105805,0.35119097866118,2
31,0.423273143125698,0.629757067887112,0.763349942862988,0
1378,0.464663122519442,0.37839508747836,0.346593058597159,5
811,0.373421102333814,0.513233006326482,0.424812122364528,3
1319,0.463660720434617,0.370010932326954,0.343073454870973,5
1396,0.463168588831025,0.365511371688856,0.341687641141082,5
1485,0.46153672043136,0.311064095211621,0.340302798270133,6
137,0.575516489800066,0.834893245948479,0.0104062359314412,0
1160,0.457265997094692,0.340833986124528,0.339208754634308,4
1286,0.460010322815681,0.379948341210678,0.356239301345629,5
1212,0.465130974745508,0.371311078185057,0.343659132729404,5
595,0.402564704127144,0.536741834925488,0.676881447550841,1
445,0.403278215420432,0.287512556742877,0.423269689548761,1
775,0.431819111907389,0.340259215771221,0.447989284526557,2
1076,0.465383042371307,0.332930327563019,0.341838047586135,4
652,0.438673758951481,0.539437846723013,0.652193240937777,2
834,0.372371816174127,0.488466141722165,0.369629424181767,3
113,0.474231557687744,0.264580271905288,0.298711950425059,0
753,0.438428929753136,0.260035368707031,0.38281931495294,2
809,0.375812702695839,0.416474391333759,0.791195402503945,3
686,0.431850531713571,0.575543347257189,0.61010876740329,2
915,0.37424567129463,0.333171703247353,0.552168367430568,3
1158,0.464293953955685,0.343145819505604,0.346763099569645,4
544,0.410696451868862,0.314509179419838,0.407003037864342,1
1166,0.476767596856975,0.347135368692884,0.331199716270725,4
69,0.454680528491735,0.449817715678364,0.397095201769844,0
344,0.449918075464666,0.788566122064367,0.380067783407867,0
86,0.677720909938216,0.196445508627221,0.852842403110117,0
1261,0.465285105683075,0.371490134754464,0.347726519133009,5
448,0.404289176659659,0.452464690757915,0.452359438757412,1
1153,0.46930731173241,0.344501478820422,0.340581295800002,4
105,0.813261975999922,0.775269706733525,0.279706962173805,0
1007,0.467295923846481,0.351934686331303,0.326163172905044,4
195,0.0696110767312348,0.15594144561328,0.573578477371484,0
628,0.437262051892467,0.42223791833967,0.515973071218468,2
245,0.291672114050016,0.313943954184651,0.967771202325821,0
667,0.435914650915656,0.32814843938686,0.719006250030361,2
297,0.958449729019776,0.483861303655431,0.720123773440719,0
25,0.152047624113038,0.478226478910074,0.480125105706975,0
305,0.585253432625905,0.399963509757072,0.161657298216596,0
280,0.985830700723454,0.142945647705346,0.922350961714983,0
1019,0.458916173211834,0.352393436386425,0.340472666434152,4
807,0.380297629062552,0.353913031495176,0.348175105522387,3
1456,0.45930976514268,0.320466287210269,0.348091796648154,6
1475,0.464767854102117,0.318437215040554,0.344917151714664,6
1190,0.468395812156082,0.343894342534534,0.336556819482092,4
833,0.374127639443614,0.411655547074042,0.791283409576863,3
827,0.375373769190628,0.363969437638298,0.402828704798594,3
1082,0.468887708722512,0.343363113609195,0.345369888421431,4
1521,0.458495821505822,0.304223787713518,0.341141353398569,6
518,0.403240765954834,0.357069045631215,0.358079730416648,1
654,0.432190310980659,0.516788982064463,0.57797832286451,2
934,0.373578646623064,0.641155736148357,0.349971152143553,3
131,0.698149489471689,0.110099299810827,0.569605528144166,0
1179,0.464173761818061,0.343854463633467,0.340467804856158,4
774,0.440020245867781,0.50258053499274,0.488216205965728,2
1016,0.465226589506425,0.339516027170535,0.349416463682605,4
1522,0.454274655864788,0.310230100851827,0.349008216006894,6
468,0.401690258942545,0.430308107263409,0.417243159259669,1
1569,0.464649189122045,0.320794968476079,0.351913020307246,6
398,0.687708857003599,0.627632954856381,0.355672685196623,0
323,0.729616724886,0.679340444505215,0.869460216024891,0
248,0.137110121315345,0.161487931385636,0.999522249912843,0
3,0.950459884479642,0.496506518218666,0.955047784838825,0
631,0.437569240857847,0.485161197697744,0.511977735091932,2
861,0.380746638686396,0.585312688234262,0.588517849799246,3
189,0.330744402715936,0.386550991563126,0.811821728711948,0
1104,0.468567836483658,0.349859430300681,0.337586820676985,4
1448,0.460689718091116,0.310717707436606,0.341230378016963,6
608,0.44047354347771,0.610433475207537,0.349103809916414,2
476,0.40206682211021,0.172940832423046,0.423957789666019,1
442,0.409788765267003,0.323295938991942,0.499373982194811,1
1171,0.464985185625232,0.336934585948754,0.342563699378505,4
373,0.471749438205734,0.381175325019285,0.659688520245254,0
1362,0.45750606906159,0.376851963710407,0.348828788043854,5
152,0.230525561608374,0.122827394166961,0.853936187690124,0
1533,0.466388790634213,0.318844378793029,0.342485190921249,6
676,0.436902461166028,0.245449033426121,0.335110080894083,2
734,0.436755549965892,0.218562263972126,0.821821792167611,2
143,0.66197235439904,0.89264562423341,0.463676830753684,0
1259,0.456339390969793,0.375691859785683,0.339958410907638,5
1109,0.460096345444216,0.340313083804717,0.349663056975381,4
626,0.431483466287609,0.445689455117099,0.568841579486616,2
499,0.403383919224143,0.246685985568911,0.62113272678107,1
562,0.403621541673783,0.339005549182184,0.670784202055074,1
709,0.431662937391084,0.217743652965874,0.58190344995819,2
1532,0.476695646311286,0.312740258748873,0.338885864835409,6
1332,0.459417724174546,0.372052432110395,0.347069096402748,5
786,0.434760188015644,0.608559566526674,0.693606687826104,2
1006,0.467263453401086,0.342404737810032,0.332595693081545,4
848,0.379124072506093,0.492215661192313,0.819906611810438,3
359,0.60454431315884,0.838773186551407,0.790260749403387,0
1427,0.463072837201056,0.308514667334586,0.357209691235049,6
850,0.37173887844896,0.509685698291287,0.347511152387597,3
16,0.825249278917909,0.794033874757588,0.3210762552917,0
409,0.408575238196645,0.406624895613641,0.775901748798788,1
1314,0.470854415972154,0.380809547246499,0.347424921412596,5
1491,0.468669221921455,0.3260964937141,0.345370737534301,6
1401,0.474397186722577,0.31546071217041,0.337664487903617,6
34,0.849903823575005,0.995306375902146,0.740054902154952,0
45,0.233452748507261,0.229986638296396,0.478933012345806,0
509,0.410424360185862,0.308040881738998,0.505204665125348,1
290,0.6025855850894,0.242279842728749,0.756259496090934,0
1092,0.468795280753723,0.340686884953405,0.348499934611852,4
1140,0.46406535177187,0.343542839981988,0.344400954050543,4
771,0.440448636836372,0.598224356281571,0.618277314817533,2
993,0.379402600415051,0.581200342136435,0.476792062283494,3
155,0.0721438589971513,0.396511600352824,0.309583257418126,0
1592,0.471231927538567,0.312680612950505,0.341549153319996,6
1586,0.476004119072642,0.316324988082638,0.349852772491281,6
843,0.376111454102211,0.551090210885741,0.402253299485892,3
1426,0.457847920755143,0.317833334067793,0.339110987189752,6
678,0.436026778696105,0.634664517804049,0.388902149745263,2
56,0.900530528509989,0.22641783580184,0.267583612818271,0
478,0.406347328177653,0.502326248423196,0.510001382790506,1
357,0.149700527312234,0.369877619436011,0.923155185766518,0
361,0.654296464519575,0.070476075867191,0.986124768620357,0
1003,0.459318063396848,0.336847427320029,0.346340752235899,4
1435,0.462267643504902,0.314288855837801,0.344214020748937,6
639,0.436246640428435,0.479817315447144,0.603373927995563,2
1043,0.459992467494422,0.338280026508018,0.348785429372996,4
204,0.39586574328132,0.665019407635555,0.00686020217835903,0
1097,0.455960376644578,0.344940840768564,0.338429864837006,4
261,0.482826697640121,0.539847645908594,0.487086171284318,0
710,0.440438054690603,0.457019696105272,0.782002381165512,2
1170,0.463840900840495,0.34074574224098,0.341227143545447,4
1381,0.466284491492914,0.366319800441265,0.345463467668966,5
532,0.406622578606475,0.372164700040594,0.421067036804743,1
838,0.380039678288158,0.579500607191585,0.735090074478649,3
285,0.883534317836165,0.308967017801479,0.553755827248096,0
1311,0.471248515072643,0.364367322019264,0.341704657063369,5
427,0.406644016965292,0.492129144701175,0.550638316199183,1
902,0.377255311992485,0.291739951446652,0.684388542431407,3
998,0.372574374405667,0.496286731306464,0.367911918205209,3
549,0.404044619752094,0.508106542844325,0.384807928116061,1
832,0.379572951032315,0.438598455837928,0.342989812837914,3
831,0.376997657110915,0.5559862770373,0.657655024668202,3
98,0.0791548360139132,0.672907460480928,0.838405933463946,0
142,0.576349411625415,0.291248670313507,0.405430200742558,0
761,0.432971069281921,0.460061701689847,0.650000549154356,2
1487,0.464572040512584,0.308842589126492,0.346108561885674,6
929,0.377120486851782,0.417213204642758,0.695965537102893,3
135,0.399757811101153,0.212591490475461,0.560688855592161,0
1566,0.465971872204164,0.307759644323964,0.339333507795012,6
637,0.434897709989455,0.537385428883135,0.715976822189987,2
