170,0.996447127545252,0.948324849130586,0.316619043704122,0
1535,0.617625324188698,0.465219462352764,0.661188941117405,6
1302,0.618402483662863,0.52648326889615,0.652528145901764,5
528,0.352153261094354,0.281111378013156,0.782237521768548,1
967,0.322037097951397,0.0441533127101139,0.745890438253991,3
101,0.318087090272456,0.713231567759067,0.509252712596208,0
957,0.327794093075208,0.481182284443639,0.72344679122325,3
901,0.319704588085879,0.220135293691419,0.524084169929847,3
207,0.47673778119497,0.470819880254567,0.188023703638464,0
18,0.340517934644595,0.504446121165529,0.928757491987199,0
830,0.329006273699924,0.369367958884686,0.753792099002749,3
1306,0.617268852665487,0.520575490610734,0.656310247425896,5
1462,0.616749323380192,0.472940002913395,0.649770076679371,6
198,0.586204836843535,0.639136867364869,0.763923469232395,0
1209,0.609582728244209,0.519740663917815,0.648937375535716,5
205,0.225513254990801,0.653836453566328,0.90866710129194,0
760,0.382214019093662,0.455357322841883,0.639857136690989,2
1018,0.614149870709763,0.491136126228179,0.657823114297792,4
838,0.320177006511949,0.0833417530171573,0.525007016886957,3
501,0.352430591117591,0.222579689254053,0.545449870452285,1
1345,0.608541827918291,0.528692564869087,0.65947129715234,5
475,0.355406000807416,0.103333629341796,0.890964232315309,1
1096,0.616886498562704,0.499977484961817,0.657766764203688,4
1282,0.607061728596226,0.525222824779407,0.652993562116105,5
412,0.353068439844064,0.202126486133784,0.463747335993685,1
750,0.383351071462966,0.142448841850273,0.754871683707461,2
222,0.861211363226175,0.325313620502129,0.9964130516164,0
1194,0.623487217640497,0.4918413830097,0.658886055135253,4
996,0.322701316012535,0.110160979814827,0.602936686994508,3
22,0.321148322662339,0.771536985179409,0.220945530338213,0
671,0.385754010356031,0.397180177760311,0.574382675392553,2
755,0.386816215906292,0.296245232829824,0.487964730407111,2
1121,0.611169325479909,0.490967365968306,0.65947006482602,4
1383,0.608245120750435,0.524372907414421,0.661307495712208,5
175,0.0283345521893352,0.0764020872302353,0.22687256988138,0
290,0.568533204030246,0.515764984767884,0.139797370415181,0
936,0.323605883794371,0.231733488873579,0.901056603691541,3
1220,0.601707870331301,0.518817992007665,0.648077385369179,5
721,0.389350237865001,0.232714013103396,0.883832756942138,2
1207,0.612466938689563,0.526453026978457,0.646181328486367,5
945,0.321318995472975,0.145632152003236,0.60397318394389,3
439,0.356353726696689,0.146107207308523,0.631203682441264,1
1027,0.615264820217154,0.49012042962441,0.65879405560944,4
1043,0.609290812457557,0.486164620569402,0.66178391329707,4
1324,0.615882330998387,0.527216622089617,0.654999945018563,5
380,0.339088476728648,0.938090795883909,0.753345493460074,0
553,0.352476163841784,0.305605567200109,0.636302402289584,1
167,0.107258681673557,0.262325671501458,0.352523260051385,0
1023,0.611982587237892,0.49540190668968,0.661285835151854,4
922,0.323505049103405,0.164895690535195,0.493300634715706,3
300,0.479663428850472,0.10293249017559,0.457991709001362,0
1063,0.610209132240189,0.491576681845307,0.653341537809261,4
456,0.352181868946645,0.255098153511062,0.760720803332515,1
607,0.380105232452042,0.383357068779878,0.5191156151006,2
532,0.355169335701503,0.463013360649347,0.516024293773808,1
233,0.345500417985022,0.432177825830877,0.37071811966598,0
388,0.345708891749382,0.776106459321454,0.755690272897482,0
1439,0.618027806215494,0.466767737815491,0.648004182302959,6
96,0.677307651611045,0.923603534698486,0.200318867573515,0
1339,0.628196991351442,0.52155890248639,0.660965935524941,5
1584,0.619895888364507,0.466748465042797,0.661692848226106,6
1223,0.611967391169198,0.520289661296727,0.659526390980741,5
783,0.381052656327374,0.00646105830091986,0.697204827610403,2
603,0.380267263895366,0.335841510700993,0.788303863070905,2
247,0.289707331219688,0.0909801628440619,0.2157313588541,0
182,0.0131343151442707,0.79025879339315,0.995581177296117,0
785,0.386154153773095,0.482671464351006,0.455714655737393,2
1544,0.621666526601535,0.461804060581535,0.657450209292758,6
1109,0.616520675499488,0.485540482413347,0.666062493628262,4
1569,0.62266797241034,0.453865745516395,0.654032698602223,6
347,0.347342202207074,0.11551914527081,0.272473576245829,0
566,0.354734338512644,0.204194611078128,0.857487338874489,1
983,0.329049066605512,0.113691319269128,0.76461869168561,3
1218,0.60958009190622,0.527765056518754,0.652639232299897,5
1203,0.622948500836157,0.522597505625443,0.648081543950805,5
872,0.325197998466902,0.338885009544902,0.658758675260469,3
470,0.350133566162549,-0.00135948285460469,0.58246468140278,1
291,0.404767805943266,0.810354743152857,0.42693170462735,0
685,0.386037322084885,0.229758209805004,0.909116917685606,2
821,0.32859635974979,0.436972222430632,0.488529570912942,3
1308,0.614288514336006,0.536028377238535,0.659873514813802,5
1504,0.609141507803093,0.467095608311645,0.654709668470828,6
800,0.38537166896509,0.206348970206454,0.54309841284994,2
1499,0.601030263457357,0.462016686866192,0.65176529156338,6
1551,0.611858396598338,0.466009177221375,0.660493115101753,6
1377,0.617033969615291,0.531024751735011,0.652733266420396,5
949,0.320553124579601,0.132314840704203,0.799722948041745,3
15,0.966811647871509,0.732323305914178,0.922906880965456,0
105,0.676502563757822,0.9894672955852,0.759597139898688,0
1098,0.61567436172599,0.488761487518894,0.653368873045537,4
864,0.323222012654878,0.123605088237673,0.487036130437628,3
1512,0.615624103713646,0.471040722867512,0.65271736448461,6
1330,0.620588868411056,0.52271074077242,0.653312895930595,5
1104,0.619250832154781,0.496217979281341,0.654053066710288,4
652,0.384775234947447,0.0678332529729233,0.530475789611228,2
92,0.60215510125272,0.851228764280677,0.453691764967516,0
766,0.388154569105245,0.385399476066232,0.845284635480493,2
976,0.325873007797636,0.309724014624953,0.622734843683429,3
665,0.382897161901928,0.134553672769107,0.619639010680839,2
624,0.383020852289628,0.426820557354949,0.542313877539709,2
1176,0.61172398161734,0.498398408465183,0.658086785128073,4
1150,0.613653892523383,0.492799423475876,0.660503035465363,4
645,0.383051995271817,0.109196369675919,0.690379418013617,2
659,0.382702605985105,0.430750549444929,0.69136050476227,2
310,0.291047360980883,0.534939595963806,0.0879274881444871,0
907,0.323684203657322,0.414425143995322,0.727196491719224,3
1049,0.601486726842932,0.486340488422279,0.660916585151442,4
718,0.380927408193238,0.193943138490431,0.581416805204935,2
414,0.353094123874325,0.0142238568747416,0.615066041750833,1
194,0.779079233529046,0.362138493917882,0.418490945594385,0
971,0.320146868843585,0.429244102467783,0.799041366367601,3
202,0.827735484112054,0.422827066853642,0.170411230064929,0
1514,0.612535108115447,0.464591194154567,0.654528928993438,6
511,0.358095387779176,0.111465602670796,0.763204548554495,1
1270,0.612125156370827,0.520437179630508,0.654344560483935,5
1014,0.619137426593115,0.487199054503912,0.659440686177594,4
1486,0.616848926929023,0.465368884856391,0.649980713187857,6
32,0.472757672891021,0.680635202676058,0.51837041368708,0
634,0.380714839918073,0.228096331725828,0.560067669302225,2
416,0.353273729826324,0.368176939571276,0.865561591507867,1
19,0.216430376283824,0.398753376677632,0.616414708551019,0
898,0.324994003283791,0.234494596160948,0.830554593750276,3
1445,0.611186160378147,0.464277459346889,0.649573913433179,6
263,0.718216862529516,0.831808559363708,0.445485714357346,0
74,0.956994449952617,0.226096027297899,0.775555048137903,0
522,0.35143517334247,0.214165650447831,0.452356251468882,1
1328,0.61410488301098,0.519126904540511,0.657617980405993,5
98,0.664928549900651,0.238554590847343,0.100882207741961,0
727,0.385326582880225,0.466457988740876,0.87512840765994,2
613,0.38863660420524,0.320990593428724,0.884952264185995,2
770,0.38566240526503,0.222034441563301,0.69414470884949,2
472,0.357022076102439,0.353859920077957,0.767064244532958,1
276,0.448631697101519,0.963523986050859,0.487415508134291,0
1312,0.612504890010209,0.52867379447225,0.649045622461949,5
91,0.986536997603253,0.374940302921459,0.243063105735928,0
372,0.114700481062755,0.0835244543850422,0.983734383480623,0
1548,0.612678173743187,0.475357880072036,0.648733540310146,6
118,0.969798629870638,0.463493314571679,0.225628865417093,0
1404,0.618114024793808,0.462804019471814,0.658919912089568,6
1129,0.617520158762272,0.491405687429001,0.663503459862116,4
1360,0.610054079932131,0.528081046234319,0.663830848340814,5
122,0.408887068508193,0.248121849028394,0.932039839215577,0
224,0.879204522585496,0.434565345291048,0.294155430514365,0
942,0.321753516686149,0.177817716170102,0.728940722113475,3
488,0.357144784736447,0.061227253312245,0.4585464338772,1
1268,0.611422012494971,0.529193121441379,0.657121140919362,5
1028,0.612319550310762,0.49309058252027,0.655573878406758,4
1002,0.621547011481381,0.48774536320667,0.654671760823144,4
142,0.168698714347556,0.0312622128985822,0.546984925633296,0
1277,0.617446348017355,0.529024703266538,0.657170979979052,5
1206,0.614142117116392,0.522579083556661,0.654291625255685,5
698,0.384918943813536,0.0685793522512541,0.644966160110198,2
1580,0.605358251270463,0.465682118255691,0.657667064174148,6
209,0.370748542016372,0.585854534292594,0.926939588738605,0
687,0.386608108142391,0.00939959208481017,0.801270049228333,2
576,0.359336815110873,0.17446256140247,0.866865700506605,1
900,0.32680722374469,0.101617553294636,0.702573173260316,3
1133,0.612604256452337,0.493493235190853,0.655144148787366,4
1170,0.617018898877615,0.503172974388437,0.655189023105337,4
837,0.325092854981776,0.0825142157496885,0.603728837729432,3
1475,0.620176095815892,0.465575851316545,0.658494231877074,6
260,0.944898029090837,0.720878347055987,0.0564802926965058,0
1117,0.614157282956843,0.479168742673522,0.656053163941492,4
1522,0.600079237898253,0.464637795145667,0.650447857707411,6
708,0.384461079959292,0.259778423025273,0.585753136593849,2
417,0.350519092231989,0.197100370912813,0.75039162770845,1
179,0.70603872416541,0.746751124039292,0.942027306184173,0
1373,0.625699829629714,0.529837319629901,0.655656372478712,5
237,0.695507067488506,0.438495003385469,0.163505249191076,0
819,0.325563471938949,0.0696284781675786,0.660086130537093,3
1447,0.620928254902631,0.472344153579602,0.661708645390885,6
269,0.963442715583369,0.656696498161182,0.343265963485464,0
285,0.177386885276064,0.505830612964928,0.0927903943229467,0
1175,0.608846419895138,0.484733466635932,0.654611770638588,4
1055,0.619542259459517,0.495306705250707,0.659884681041709,4
1347,0.610759332086218,0.521200868945936,0.653877750662678,5
1527,0.613580739752762,0.456292732961469,0.656307683456176,6
1583,0.61824454526718,0.459886576254325,0.653591803248031,6
742,0.386087238199543,0.341004120092839,0.639180466579273,2
1490,0.615848307500278,0.464846008205721,0.642816138038737,6
858,0.328942721490748,0.0769045050488785,0.794466904411092,3
244,0.088517353637144,0.232895680470392,0.128040029434487,0
1572,0.614455092031207,0.469905057683633,0.650394401145459,6
1578,0.610455763505996,0.459190003173735,0.65661450338564,6
110,0.230837502283975,0.0228286616038531,0.874202382285148,0
1210,0.61280066423323,0.522514871733567,0.654727606372354,5
854,0.32872018936323,0.285437613865361,0.674963947199285,3
620,0.382004325438757,0.118367495504208,0.876718548755162,2
549,0.357741570477374,0.146624447451904,0.782464575767517,1
1061,0.612833176144188,0.493226258754001,0.660519514580099,4
719,0.387366679874249,0.293353959126398,0.468820258788765,2
1587,0.619382069651268,0.470390656068388,0.655436203758998,6
1576,0.619072647084517,0.450217446921228,0.655925157067027,6
797,0.384880859318655,0.475248654861935,0.931182732968591,2
1513,0.620634572631967,0.460560048542302,0.653629262402977,6
850,0.321173037725967,0.367820028122515,0.641627705469728,3
164,0.661423595622182,0.829296548152342,0.380187321221456,0
288,0.291765489848331,0.431863342644647,0.22245566197671,0
1455,0.618305099091662,0.463157258265237,0.660829862951802,6
729,0.386751774756704,0.282570308214054,0.897424160665833,2
1425,0.621499736429243,0.463845520020258,0.65170565494012,6
810,0.328199362093583,0.183678067312576,0.565356188034639,3
840,0.326167782098055,0.0990295952884481,0.750019871094264,3
642,0.383482106733136,0.365141816926189,0.689357773330994,2
1495,0.616313645690429,0.466032209954467,0.658592803292709,6
677,0.381050014446955,0.48174659688957,0.480388859566301,2
1068,0.60898846906245,0.490839578444879,0.65218025923189,4
1570,0.614513906596948,0.465936834148608,0.653663535022892,6
435,0.356494879524689,0.10109661242459,0.636052537988871,1
622,0.386417538023088,0.136380938836373,0.8871128664352,2
1196,0.608828896005995,0.495506163342214,0.665102342672208,4
1449,0.615125802293088,0.47441086804885,0.651442128945043,6
1051,0.615344884703322,0.495751652734878,0.65603181282994,4
1429,0.613411197195527,0.455661673701725,0.648541895203623,6
824,0.325466096466407,0.141544432635419,0.635146851697937,3
235,0.818944479105994,0.783427148824558,0.29143549525179,0
861,0.327637667125091,0.394813461485319,0.500985138048418,3
242,0.424188124015927,0.0538418642245233,0.837690047221258,0
531,0.356039082205389,0.470986034045927,0.490461537777446,1
589,0.35909374252893,0.466959608858451,0.560260880086571,1
585,0.355813632565551,0.183882360137068,0.719257489242591,1
307,0.129843045491725,0.986073954030871,0.0201265993528068,0
884,0.32087615654571,0.130715013039298,0.824795144656673,3
1566,0.620199810862953,0.455095329150996,0.65326261601381,6
940,0.327455206790473,0.277030424587429,0.765717193880118,3
1450,0.609578576882936,0.466244093623858,0.650605289970592,6
7,0.420565380482003,0.420198384439573,0.380099210888147,0
965,0.320054191399831,0.375993721093982,0.588688630308025,3
1443,0.618307988187396,0.468092298609495,0.651394143514212,6
726,0.383728994361591,0.0128808807581663,0.46275795919355,2
978,0.328177547408268,0.411442120932043,0.748210925539024,3
625,0.385566515568644,0.371018634783104,0.697766172862612,2
474,0.355074913550634,0.0210995006142184,0.587577896122821,1
1409,0.617646917413354,0.457967503937219,0.663553880780178,6
1019,0.619473963265816,0.496723214202211,0.658677847265993,4
484,0.351056684020441,0.297753963642754,0.687862991518341,1
571,0.358082372690551,0.121181136020459,0.776812199084088,1
758,0.38061640648637,0.159818482026458,0.601775687816553,2
1294,0.615122512833076,0.524130622055979,0.645762598644754,5
540,0.356139700117055,0.494084102474153,0.747264925902709,1
1281,0.613144860664418,0.519339534791902,0.658434943018884,5
1438,0.609678369566647,0.46885181642531,0.650759830376666,6
1298,0.60824264487098,0.5164861416057,0.654702388739309,5
208,0.537450971314684,0.113238997291774,0.0737789780832827,0
37,0.237877123057842,0.285640404792503,0.761646607425064,0
399,0.144108440261334,0.698594467248768,0.58049349533394,0
805,0.329557824081276,0.410509616858326,0.874300324753858,3
875,0.324986384098884,0.47257656827569,0.703739716950804,3
369,0.742658726638183,0.40211230609566,0.0905375019647181,0
792,0.384723817624617,0.0522586722159759,0.909126782836393,2
1199,0.603779269588861,0.495734280167141,0.65761726748695,4
859,0.322756815971807,0.381188071356155,0.670535229658708,3
774,0.387087933239527,0.224428035109304,0.61323358938098,2
375,0.933916919166222,0.92479217168875,0.385694487951696,0
1025,0.614360792563351,0.495886310843634,0.650573272156748,4
939,0.324335597832687,0.408562021469697,0.455948718637228,3
1315,0.622350445316118,0.514828497510141,0.662566484756974,5
17,0.0474176832940429,0.587556314421818,0.350247779628262,0
1435,0.613683639709586,0.464962424546366,0.650526283036235,6
924,0.320052009583451,0.454220087639988,0.852768119820394,3
674,0.384440050011035,0.0682125827530399,0.538018214912154,2
896,0.32298737084493,0.325663608289324,0.454372843774036,3
951,0.324436367675662,0.204053085669875,0.752517356816679,3
631,0.382388771828264,0.0372133569559083,0.543758610193618,2
1401,0.609276159059321,0.460838398220426,0.645115350658082,6
1335,0.61528878539102,0.521795579597851,0.655778217979274,5
877,0.321387264789082,0.0575516082113609,0.464834832283668,3
1118,0.607895830088552,0.494890270608465,0.65550268516329,4
39,0.120315043954179,0.728770095622167,0.819314925000072,0
70,0.693356883479282,0.614090000279248,0.189062271732837,0
614,0.383442807164975,0.444656388624571,0.715271844225936,2
761,0.38646964147687,0.281143310386688,0.872355531249195,2
1588,0.61359714350204,0.464111761909549,0.658397616551511,6
481,0.35592737394385,0.240683571342379,0.556755374465138,1
359,0.374087942764163,0.394204715499654,0.577526323031634,0
231,0.148065067827702,0.375570421572775,0.0152720499318093,0
975,0.319981090375222,0.40353772523813,0.511543656047434,3
315,0.975784410256892,0.611061890842393,0.0275699773337692,0
1560,0.619065675310691,0.46951764675308,0.657361533763578,6
1219,0.614882061671225,0.51531608785347,0.651604720127531,5
443,0.349906979270745,0.155268550408073,0.780732950591482,1
1479,0.612062986180746,0.459410390457341,0.648395240378534,6
1273,0.620398644609751,0.522570384091675,0.649945449381228,5
545,0.355654349594843,0.0700795309618116,0.57310605449602,1
126,0.647062187315896,0.988894212758169,0.827587776118889,0
692,0.38770543331746,0.100320678693242,0.638633032026701,2
712,0.388859869823791,0.145758543536067,0.477673638775013,2
655,0.381456768519711,0.223618855839595,0.734060821635649,2
885,0.329187729549594,0.0220705624902621,0.887863914994523,3
257,0.145755151985213,0.349119887687266,0.839459453243762,0
835,0.325425814257469,0.0739505785983056,0.927008751244284,3
646,0.388354990114458,0.39579026310239,0.754304639110342,2
1299,0.612408456572924,0.529800218503875,0.651956225328268,5
203,0.652652042917907,0.773612271528691,0.445010984549299,0
1382,0.612959977390077,0.5196246441413,0.663200198793657,5
55,0.325614646077156,0.218299625441432,0.414075955748558,0
1167,0.617944194239053,0.505157411668464,0.651222470713854,4
1596,0.617263445003745,0.462221430700673,0.656908547657894,6
480,0.352691248578485,0.422587583679706,0.667410365468822,1
1000,0.328050375652965,0.267196083115414,0.918884503818117,3
962,0.320979976898525,0.392018331820145,0.578241806523874,3
1301,0.620536184401257,0.529858598844366,0.661283483956007,5
647,0.383394081655424,0.0616551329381764,0.64949755712878,2
1457,0.602047312638042,0.457222288247255,0.658024977488835,6
658,0.387777813863941,0.210656679607928,0.59602828247007,2
950,0.323374174407218,0.157148738647811,0.701300497911871,3
398,0.385980726918206,0.499503247207031,0.555633793817833,0
485,0.355216592622455,0.130203101108782,0.682698559644632,1
929,0.324316685465165,0.18754542528186,0.514294656505808,3
664,0.380203772347886,0.468190783890896,0.711944859987125,2
673,0.387896867191885,0.235246498859488,0.592799636465497,2
1110,0.614183183050797,0.491981447898157,0.652543433783779,4
769,0.38219003240345,0.179558983095922,0.872450216952711,2
383,0.951322743669152,0.315925266826525,0.407512350240722,0
1598,0.60988086527208,0.462977364400177,0.648729750317906,6
489,0.356334357685409,0.158660148992203,0.821198882930912,1
866,0.323844829997979,0.433321754587814,0.939228200982325,3
127,0.616851445054635,0.550109591800719,0.484649418853223,0
1069,0.6198011578995,0.489451250545448,0.65808214411709,4
331,0.607230783673003,0.887013074010611,0.0451228222809732,0
842,0.323262226141524,0.234417118388228,0.838511210912839,3
250,0.377168986015022,0.858939912170172,0.266178261488676,0
1539,0.606431481231183,0.469719943169581,0.647203989277671,6
1214,0.621207801667415,0.529865811200583,0.65192036459235,5
1229,0.616364678945219,0.527893281047765,0.660953711239223,5
494,0.352948177633807,0.187330757058226,0.555110844480805,1
1009,0.609934966441335,0.490740650423202,0.647120317743544,4
440,0.357853724749293,0.272329331864603,0.793438797397539,1
304,0.292348221875727,0.434181239688769,0.684438594151288,0
1236,0.617486223285065,0.517726803913355,0.658936882259015,5
145,0.101493097143248,0.196139876265079,0.486461176071316,0
1472,0.616679890515301,0.470300784113021,0.648159940394957,6
1173,0.615971364253101,0.489454959402318,0.651622144419946,4
1010,0.614027689535637,0.496412584627238,0.660309084512535,4
454,0.35644002284389,0.329107645573095,0.699632737599313,1
1165,0.622014909160754,0.505116095720883,0.65622172197589,4
254,0.787575872382149,0.348818713333458,0.554078340530396,0
286,0.802244728198275,0.2149124792777,0.403354759793729,0
402,0.352596030409914,0.0694274561479688,0.580522303283215,1
1476,0.613433444383146,0.458022175634448,0.650158160987958,6
1048,0.614243499078252,0.507122111753675,0.648439700681831,4
757,0.380682655321434,0.357866640808061,0.889409340498969,2
178,0.712214734172449,0.953224428463727,0.43672842043452,0
1442,0.614841785518546,0.465529164572457,0.656061201682917,6
5,0.262622127309442,0.182812221115455,0.465565388323739,0
280,0.435969775775447,0.40319524356164,0.542505701538175,0
419,0.351448257991578,0.159834132785909,0.87773890204262,1
699,0.386088368811179,0.0624790949746967,0.528055136953481,2
284,0.112318056402728,0.798959948122501,0.377112109446898,0
156,0.107201516395435,0.366893769707531,0.359842530451715,0
1558,0.614160339819904,0.464778399317057,0.658918913345504,6
356,0.498879773775116,0.339026495814323,0.00866703013889492,0
1064,0.61736221427024,0.498636053036861,0.65508234107635,4
1283,0.613212623518224,0.524807751305615,0.668082622577493,5
1245,0.617968313206025,0.525053344121218,0.657475501928618,5
675,0.383286922157276,0.169359613000415,0.903673284500837,2
523,0.354774941394571,0.274617367680185,0.836115756467916,1
524,0.350247660637833,0.44660237992648,0.523468035552651,1
1577,0.618546205431479,0.473063369807228,0.655363892633965,6
575,0.352076083112042,0.278974041598849,0.678543770615943,1
377,0.522484748857096,0.204058397561312,0.142763886600733,0
217,0.37273367960006,0.436718847602606,0.621708937687799,0
1297,0.609024144476324,0.514624598364125,0.66120673345044,5
694,0.386948548234068,0.129443171224557,0.480374262714759,2
1492,0.6127467617356,0.458117009212648,0.657734195317871,6
1498,0.617545683775254,0.466610071346141,0.665013081321958,6
161,0.346147187752649,0.576778265880421,0.290083368774503,0
604,0.385906465067528,0.257902245642617,0.878092869697139,2
1131,0.615245973425067,0.501058413110742,0.660588826049855,4
1367,0.60671438038541,0.525535965987499,0.653340179202097,5
880,0.324406152651645,0.395852055307478,0.761240021372214,3
573,0.357878417219035,0.356397263496183,0.922847881843336,1
772,0.388683674153872,0.322092221840285,0.7179198901169,2
693,0.385807854391169,0.182842624862678,0.55948565043509,2
1310,0.607412761173667,0.523535342039914,0.649645190413424,5
865,0.322049588831142,0.0521447042934597,0.511114372801967,3
1211,0.616487236936576,0.517823667352194,0.658903612207931,5
345,0.964529963908717,0.0194573185872287,0.493968860711902,0
308,0.390599429840222,0.101548732724041,0.663639322388917,0
1139,0.606081524203334,0.496737897624977,0.647285684747451,4
982,0.320602528548334,0.127483118698001,0.561888795392588,3
736,0.389350210647099,0.348474301071838,0.811487565678544,2
1448,0.612669266629679,0.461097207462267,0.651649165866977,6
160,0.625876092817634,0.863907706923783,0.52013246412389,0
839,0.327747030279134,0.372162644774653,0.554191435151734,3
1137,0.60866703649135,0.494779728632067,0.650734353815075,4
964,0.321207331789192,0.00144917159341279,0.808181199757382,3
181,0.954037256306037,0.521474748849869,0.842086571035907,0
1189,0.622152198420727,0.490268148209663,0.655084151949019,4
608,0.388026760926005,0.489914102852345,0.706121012382209,2
252,0.631704697618261,0.296932372963056,0.756888167001307,0
54,0.459315431769937,0.0838379831984639,0.749841534299776,0
1005,0.607140981048999,0.490343193828788,0.657172568422738,4
913,0.323193051812705,0.0305373042589054,0.633136531501077,3
1451,0.618208591927102,0.461828250700733,0.653920267912668,6
1517,0.62266065351852,0.470162202390325,0.659145189585921,6
1426,0.616091470180085,0.46480510400262,0.652113069429965,6
384,0.343391369096935,0.144361998187378,0.347964402288198,0
213,0.868992185452953,0.326123390812427,0.744224256370217,0
999,0.327740216734819,0.106420874851756,0.518912338931114,3
529,0.357010078548919,0.359056043112651,0.492842210154049,1
1192,0.620477542837752,0.490425093009545,0.654978815044717,4
339,0.97710377164185,0.0796037125401199,0.764495864044875,0
1400,0.614191783367547,0.525025085138525,0.650189238203916,5
1525,0.617641610446088,0.466795799675526,0.656837945247141,6
906,0.325093141836114,0.189271530858241,0.870780261978507,3
728,0.381203103668522,0.265008724434301,0.474408544646576,2
147,0.833877333207056,0.773523987969384,0.0983528648503125,0
113,0.541083938675001,0.334802778204903,0.157534352503717,0
583,0.358709909832105,0.0704994489438832,0.943665663292632,1
1423,0.617268843547559,0.464846752182944,0.662727707242896,6
348,0.365748767275363,0.910725204506889,0.822096295421943,0
171,0.349035741528496,0.435664823977277,0.821740518556908,0
1556,0.612177104522238,0.457018504833901,0.656038086941586,6
1190,0.619672556189548,0.496703708313734,0.654027584742635,4
705,0.389240977449808,0.164157674321905,0.858958504791372,2
716,0.380029281205498,0.127418376179412,0.461973228654824,2
1280,0.606666780571731,0.522133259009724,0.655959001137024,5
1084,0.616172215747072,0.49777115824799,0.653856937587789,4
180,0.100099264644086,0.976555427536368,0.711196839343756,0
409,0.355431843737606,0.23737490598578,0.932036222005263,1
448,0.353452663421631,0.214922232925892,0.455601397482678,1
853,0.326117292733397,0.102174117835239,0.807247204869054,3
176,0.800735957687721,0.611054769484326,0.581563602667302,0
1370,0.613361582812575,0.521613400384135,0.659739990556858,5
287,0.157384916441515,0.318319339305162,0.989151728106663,0
927,0.326441318586003,0.347916456428357,0.935667779692449,3
985,0.321796227358282,0.437114346795715,0.467345388652757,3
1582,0.613372565160996,0.468485944474756,0.66056493283708,6
910,0.320888502933085,0.0516226392006502,0.691876131738536,3
771,0.384412776937243,0.256773627735674,0.927340514073148,2
851,0.3222459209105,0.161775771551766,0.599404683732428,3
767,0.388186984276399,0.1132382895099,0.63741356220562,2
1221,0.611546244713062,0.526746306339409,0.657791895891761,5
116,0.0706288667861372,0.395236192969605,0.869290681788698,0
503,0.350665902884211,0.354236552980728,0.847392750484869,1
1363,0.610443616588465,0.524196929459398,0.662912403092754,5
1077,0.616232217140566,0.494105592943222,0.643943011258574,4
221,0.125497271772474,0.932111232308671,0.585754927713424,0
281,0.256512970197946,0.670032157562673,0.283026000950485,0
997,0.328864727350883,0.1327750868164,0.928076491504908,3
42,0.356753253610805,0.450669433921576,0.559374504024163,1
354,0.0736467079259455,0.922198410145938,0.0883072463329881,0
1533,0.614925618850827,0.460320547765443,0.656475333408015,6
1452,0.613804938617751,0.454300408316341,0.661993553144036,6
570,0.353452621223405,0.280586838396266,0.460043831542134,1
1212,0.619148455319081,0.525539553245851,0.649608308862944,5
1008,0.617669624538327,0.50513460772858,0.658697872714335,4
836,0.324167105238885,0.223596945311874,0.680711831944063,3
365,0.967466694768518,0.471380018396303,0.681774151045829,0
249,0.129703827435151,0.156543046468869,0.542645696084946,0
616,0.382227124611381,0.445333661418408,0.9012353555765,2
1099,0.617720002711469,0.499632283343854,0.658856629708094,4
1350,0.616318848998192,0.526782230184615,0.651053488534758,5
404,0.354877714149188,0.352115799696185,0.61136153228581,1
886,0.325284293969162,0.181896522082388,0.696070282184519,3
632,0.384676755990367,0.386426245816983,0.871814729575999,2
1332,0.614860272054934,0.529071768205145,0.655264405049637,5
496,0.35127344018314,0.236682357289828,0.615454688831233,1
144,0.957849539583549,0.239816048415378,0.406656739069149,0
1230,0.615471265277899,0.532661408947787,0.656141161537992,5
445,0.355245178656187,0.227001369954087,0.65746039703954,1
1161,0.611360680494646,0.489864759213785,0.650463599068807,4
1187,0.617757333489745,0.496491783055441,0.665057764854705,4
1111,0.612952376467935,0.494435028528547,0.656599816039557,4
283,0.587208087788895,0.590173040051013,0.0274006568361074,0
799,0.381187953287736,0.315801149955951,0.771850511943922,2
623,0.382505695766304,0.0732679727021605,0.918088469002396,2
1342,0.613344115779037,0.527814712984655,0.658384137266188,5
363,0.0851539641153067,0.151392927626148,0.500616353936493,0
314,0.936148778302595,0.0326775920111686,0.515225382754579,0
53,0.877997626317665,0.434382771607488,0.491829143837094,0
83,0.300526272272691,0.955112351803109,0.212208583252504,0
100,0.137847827980295,0.719071157975122,0.562925030477345,0
1097,0.612020903473703,0.498790147446526,0.658327195821339,4
425,0.358060812975746,0.355668031633832,0.635769105679356,1
715,0.387202771678567,0.178594264457934,0.861169340717606,2
428,0.359103047689423,0.280143772973679,0.601271307491697,1
869,0.319912855867297,0.209682014910504,0.863580027408898,3
1271,0.608243270371626,0.520932070346165,0.65371491887066,5
746,0.386858397754841,0.075976865622215,0.652659252099693,2
841,0.321733040474355,0.209212115057744,0.447424294822849,3
477,0.353558539871592,0.0171890096040443,0.616690140264109,1
552,0.352347564422526,0.242022456275299,0.523698157211766,1
355,0.0872476163785905,0.953585408860818,0.980718250852078,0
514,0.3595840351074,0.288392988871783,0.581237932597287,1
1052,0.610956774093822,0.498496147843305,0.672100360572589,4
1248,0.614291146658379,0.518632271841054,0.651833790856979,5
1205,0.611798441325845,0.52548075553426,0.659489289801372,5
1501,0.611740164930697,0.452820345613857,0.659766241150074,6
990,0.324707297845744,0.280970282759517,0.479754309798591,3
813,0.326264471341856,0.159222333598882,0.711523590655997,3
588,0.350630544906016,0.347841977630742,0.487476611090824,1
754,0.381883467503358,0.138606739486568,0.87492626211606,2
903,0.320960294350516,0.155882105603814,0.565912783076055,3
775,0.379988664470147,0.255336932977662,0.501598316757008,2
845,0.326210837240797,0.188641840498894,0.606833930057474,3
272,0.94999423972331,0.311205191537738,0.192822868702933,0
1239,0.614270245124402,0.519723033391093,0.650537425602465,5
1437,0.613761225349706,0.460516895444457,0.656713502439255,6
89,0.310183508088812,0.297370958840474,0.283651666715741,0
1529,0.623228142295396,0.461338804334463,0.642758265562836,6
1156,0.596136597494079,0.493487450612866,0.662481565184742,4
376,0.0930930697359145,0.157013462856412,0.415623595938087,0
72,0.484575029695407,0.339731405489147,0.155740465037525,0
789,0.384245711334515,0.28007013166789,0.512979445676319,2
547,0.351080868623685,0.430196468508802,0.628284314344637,1
1086,0.616332032413042,0.492770271029317,0.660051149725611,4
1561,0.608694241266222,0.467879980814902,0.648951009378993,6
744,0.387634457864333,0.439756920468062,0.562920970190317,2
1418,0.612806810326909,0.469445655792815,0.65212908313124,6
1515,0.616854750797896,0.462696494496782,0.660647441206391,6
852,0.320153987659141,0.241046174336225,0.724938505957834,3
1160,0.62082779998115,0.495407131132983,0.66001314981653,4
447,0.358017075937241,0.376417971588671,0.697951736673713,1
1419,0.610982892870915,0.456881393019364,0.66164535576167,6
1257,0.608100175150643,0.526277213427072,0.65747913039237,5
206,0.044002843555063,0.621502756141126,0.579577521886677,0
1392,0.609386986354793,0.523391596791468,0.652535804349295,5
1307,0.614531808196715,0.518728499369362,0.646602852182665,5
1269,0.617888738349536,0.52047725742081,0.653478877133634,5
1318,0.618444990819276,0.532294827715161,0.656725313355199,5
681,0.386721374772023,0.433054536487907,0.525345935765654,2
954,0.329101148336195,0.214552782964893,0.491691950638779,3
1552,0.618472931237622,0.458226563621612,0.652022673675418,6
1349,0.608553549822098,0.522008052407272,0.655264205128982,5
155,0.615767266834155,0.121813673293218,0.283583014272153,0
1184,0.620071981173326,0.4896403712349,0.654620394087012,4
1511,0.60611646249569,0.462329576539476,0.663196203750126,6
1162,0.612845549249248,0.493761196895231,0.646990787933375,4
829,0.323827210525051,0.0227231774711982,0.620608419459313,3
1142,0.606242023086079,0.497766398546239,0.650522955800567,4
84,0.949417232302949,0.297556190518662,0.321164997294545,0
1327,0.621599364574313,0.531939728754613,0.655815998864555,5
268,0.608425240730867,0.343708272092044,0.169068103423342,0
1251,0.616720159440477,0.522612677673199,0.658803114760123,5
1260,0.61783200403681,0.526665985102655,0.649191143603469,5
351,0.730488693341613,0.676681978628039,0.286848844494671,0
87,0.216115286108106,0.648192351451144,0.55533869471401,0
173,0.576459816191345,0.564653680892661,0.480597539804876,0
657,0.382084493299481,0.358474624250084,0.822671260149218,2
50,0.387347321724519,0.50248946598731,0.352548195514828,0
561,0.352834256966598,0.0932733045425266,0.693876439868473,1
64,0.609441575594246,0.255238464800641,0.714590179501101,0
200,0.512166237691417,0.964271131204441,0.335676064714789,0
1521,0.616616540615045,0.45292012710365,0.658662448910218,6
567,0.354566469017882,0.493172943498939,0.502471236907877,1
937,0.32777654690668,0.0596698046661914,0.906442720605992,3
271,0.266303453594446,0.279191154753789,0.264365811133757,0
403,0.35376257839147,0.0147666941862554,0.62903235880658,1
29,0.857807409483939,0.45326017239131,0.0755443947855383,0
1313,0.625270270897899,0.524771538296266,0.654710056125212,5
1226,0.618472406499997,0.520152121950064,0.648426727385047,5
1056,0.61525720102459,0.494663455209815,0.647934015946989,4
1291,0.61362590562483,0.530642670411453,0.651066760763193,5
1006,0.603093554618656,0.498622771630764,0.654775114873308,4
809,0.320865166806616,0.295964408107102,0.540869514271617,3
371,0.624409400857985,0.441830857889727,0.507708425400779,0
463,0.350860348932911,0.274406372127123,0.83554646121338,1
191,0.317136715631932,0.586751800961792,0.294813754269853,0
121,0.135350981960073,0.781018683454022,0.0748160073999316,0
106,0.370337789179757,0.76380087598227,0.200021941447631,0
1287,0.621772422020188,0.523919618115977,0.65301727910156,5
1494,0.623596946217619,0.456943688817318,0.660268170020484,6
1592,0.624404709103549,0.457673442192889,0.650316603331988,6
60,0.505159132648259,0.280636789510027,0.95676170475781,0
1016,0.61017226618323,0.487049700938657,0.659380394331992,4
394,0.249572758795694,0.58830530801788,0.0199201826471835,0
267,0.839649400440976,0.535200504586101,0.75814950093627,0
1390,0.614741783470863,0.523788378482065,0.65306547492831,5
1364,0.603495956653712,0.522717439016701,0.653137745871531,5
277,0.773731194203719,0.359858634183183,0.206488534808159,0
433,0.353253967589699,0.301928278431296,0.714748639892787,1
1340,0.609395471132115,0.517633370925264,0.654062406118679,5
879,0.326787661237177,0.259995798254386,0.846347822155804,3
1047,0.608205977561401,0.487571499477381,0.657476837028124,4
533,0.35475221345434,0.17340853207279,0.872149372752756,1
1314,0.619847493365939,0.525279054190237,0.657054328727348,5
1115,0.613756101214529,0.492208993617676,0.663811668563513,4
229,0.433511213865131,0.700802061473951,0.25271896016784,0
188,0.266656882828102,0.874072238104418,0.827585948631167,0
483,0.355196566414088,0.367481226590462,0.746469715540297,1
595,0.3513864608109,0.323697663517669,0.865997942327522,1
1204,0.620494496791894,0.525092416097241,0.662675757339004,5
219,0.295535855693743,0.965123040601611,0.0249211501795799,0
159,0.769362124148756,0.978201399091631,0.794091722927988,0
680,0.385848814356141,0.197301714587957,0.510594832291827,2
374,0.54153081565164,0.0419400329701602,0.896795047679916,0
1600,0.603695610902156,0.466692458987615,0.655582531806084,6
578,0.349803042602725,0.248915161960758,0.828443023888394,1
778,0.387695781018119,0.271230371925049,0.538914184365422,2
1191,0.606937110484293,0.494000030981308,0.650230964814928,4
1062,0.61085413476674,0.495945064466085,0.66010573790919,4
1198,0.61642718735751,0.491829308118357,0.65412859332452,4
541,0.355452594826929,0.311396590806544,0.5282494522864,1
1309,0.610448519725775,0.523051907152109,0.654310510458333,5
867,0.328348777908832,0.0549443550640717,0.828386143245734,3
446,0.358115170064848,0.308782599773258,0.904976592445746,1
1557,0.613854750434896,0.465581493740793,0.655129098123401,6
1553,0.617311072758242,0.465028810565119,0.654660800897599,6
420,0.349870107534807,0.434514872636646,0.796185568952933,1
1082,0.616028933358817,0.504131392774515,0.655844536356199,4
1088,0.615325873872651,0.503905250347147,0.65224568192361,4
515,0.358237815808971,0.317120674788021,0.885431376565248,1
13,0.733922699932009,0.907034063478932,0.153393877670169,0
406,0.35913711756235,0.266946490295231,0.859457075991668,1
605,0.381739279592875,0.132417351263575,0.53027187071275,2
1351,0.61542577119347,0.532096853362336,0.659354306705319,5
1181,0.613697050375351,0.484871755046663,0.656504382606197,4
651,0.381316639787983,0.261572408513166,0.646849047788419,2
309,0.112357964273542,0.438877212349325,0.715692344587296,0
197,0.904300173511729,0.489556827116758,0.855177097953856,0
1066,0.617255510235825,0.503846992908706,0.659414277231037,4
1341,0.613113764677057,0.536953892452604,0.66158554385335,5
1391,0.607558694466244,0.527816176868008,0.650778928823401,5
815,0.323732545885723,0.0110276177525521,0.719280165084638,3
1163,0.607553279196413,0.491510174753023,0.662119221602265,4
460,0.350254705443513,0.276491440855898,0.558233015285805,1
361,0.704867806052789,0.781761564314365,0.732162856962532,0
534,0.350088233859278,0.0988582228543237,0.47477706107311,1
1021,0.609442992034667,0.486594638186777,0.661597946717705,4
1375,0.617748508119081,0.52760555722531,0.658374702202157,5
662,0.37991260206094,0.216674387245439,0.678866175631993,2
138,0.918162292335182,0.759266380453482,0.647638086462393,0
223,0.917154481401667,0.96471547242254,0.580721752019599,0
611,0.380094366080593,0.278320240462199,0.789457099093124,2
1080,0.619469427811345,0.491184155974953,0.660621582785196,4
763,0.385540469521657,0.202390014682896,0.849046951322816,2
1172,0.610271954431008,0.495508908502314,0.656759748747823,4
1168,0.611184197168693,0.494392094282187,0.656160086628792,4
732,0.389129719238263,0.446657897578552,0.839007855090313,2
1305,0.617213061238212,0.51576585903937,0.65793686567969,5
988,0.324935628545936,0.352645098022185,0.910792087251321,3
977,0.329222679024097,0.349543313053437,0.727823895099573,3
904,0.324128293902613,0.316092882561497,0.540428283205256,3
258,0.113867230713367,0.778200854547322,0.0184674214106053,0
520,0.354774080140051,0.381349908560514,0.67869605536107,1
1089,0.609750766759063,0.48463598573005,0.661540769792356,4
911,0.326647862906102,0.04454569905065,0.514987506601028,3
1231,0.616610713430448,0.514239662292431,0.65537271598949,5
195,0.74307918548584,0.304763631429523,0.363939464790747,0
825,0.325451658586972,0.0415704193525017,0.494888739008457,3
1102,0.624002315082302,0.480578283451656,0.662618852264515,4
462,0.35692066936288,0.271418283949606,0.465029377886094,1
335,0.540427526226267,0.500765584176406,0.610732094151899,0
149,0.643219893565401,0.836162399500608,0.258547065313905,0
1169,0.606941169547862,0.503573383750122,0.660878644690065,4
925,0.323030897604767,0.35570533820428,0.618068780098111,3
992,0.327273552382831,0.0273722108919174,0.880351613322273,3
707,0.382100172934588,0.482595005910844,0.696097060735338,2
704,0.384088058802299,0.363439279398881,0.837832627282478,2
1126,0.620837468395341,0.491087461263823,0.660380665144696,4
956,0.32929057789268,0.409719660901465,0.873493636655621,3
1132,0.612570573984927,0.503264766262394,0.653390706692997,4
424,0.358498231344856,0.419083348615095,0.489415844832547,1
542,0.356443423849996,0.141994651313871,0.500276279216632,1
391,0.692669996758923,0.276633027009666,0.642937280004844,0
458,0.356481303735636,0.171803738130257,0.649214180931449,1
1247,0.604167225764031,0.51896044622719,0.654584611425271,5
1410,0.615610550352842,0.46781594482395,0.663807554155401,6
893,0.321907157660462,0.42638034503907,0.841033777617849,3
1502,0.621144544444175,0.465178786932006,0.657721698446758,6
183,0.36640291986987,0.539797492790967,0.221060949377716,0
959,0.323406143370085,0.24096433960367,0.875394784309901,3
1433,0.621302419082444,0.457555172965358,0.660687929832506,6
279,0.108562669716775,0.349997819866985,0.902083825320005,0
899,0.324752228327561,0.283373423176818,0.47666781260632,3
1467,0.621029758949349,0.457890398856315,0.659589678078089,6
239,0.848556384677067,0.728873057058081,0.43054457847029,0
818,0.327657511194702,0.200371764856391,0.936176942009479,3
225,0.131867177318782,0.366780140670016,0.674745687982067,0
1508,0.606967688738124,0.467110321120051,0.657942831709366,6
73,0.974313977174461,0.928814002079889,0.518055077875033,0
1394,0.615159774089565,0.524293369735022,0.661241992913697,5
1510,0.608078593768228,0.465383363616369,0.651847228356926,6
411,0.350380619179923,0.214823925774545,0.789967843377963,1
521,0.351759446423966,0.297955692303367,0.491861890349537,1
41,0.446001062635332,0.119400921510532,0.998430900508538,0
1432,0.608122155079641,0.465980914648269,0.664724599419125,6
360,0.182918761158362,0.988382328767329,0.208619887474924,0
1103,0.605000897556062,0.502664455849414,0.650268367281028,4
102,0.955256341258064,0.979535471182317,0.267333084717393,0
1520,0.6109756915763,0.459618433488947,0.654488383713696,6
919,0.325966790600214,0.349448537011631,0.727192817186005,3
430,0.350259318607859,0.383837518887594,0.486048596957699,1
1352,0.613126990504952,0.517721266181661,0.65916511231275,5
1575,0.614589576067856,0.467046097882298,0.653450403949825,6
362,0.214037785306573,0.531013869913295,0.31309011625126,0
1325,0.606946203859391,0.524873844112649,0.661237197204069,5
1565,0.61146013004537,0.462510342368489,0.650268366079768,6
1362,0.611899377596314,0.515543021209128,0.645947643513125,5
2,0.485011539189145,0.0286490933503956,0.990144800161943,0
961,0.325978638669476,0.478512399271131,0.732091271714307,3
305,0.0723119382746518,0.263135970104486,0.288389980094507,0
1188,0.612937230580428,0.485975593088795,0.654846279107836,4
860,0.325285601147916,-0.00297693731263277,0.681048304471187,3
1183,0.614372459121711,0.503315699241749,0.655837229366774,4
596,0.356691642147489,0.144076742953621,0.891763685550541,1
344,0.795024852501228,0.866838096873835,0.789195536170155,0
1054,0.621839324737156,0.488079826447485,0.653565899437364,4
656,0.387803680773359,0.481602877518162,0.940585172665306,2
994,0.321480859036092,0.181203776644543,0.64427264505066,3
28,0.262667453149334,0.386800422333181,0.23684414406307,0
1106,0.616734671479552,0.484965124401467,0.654923638407643,4
57,0.0123723761644214,0.848119526635855,0.468873450299725,0
6,0.156315775588155,0.0209936697501689,0.56005532713607,0
352,0.139076126040891,0.72954010986723,0.885982407489792,0
930,0.323259748611599,0.159935665107332,0.558062447281554,3
1250,0.617053548674871,0.519771699019008,0.653554925144531,5
162,0.992682284675539,0.772972395177931,0.637026913231239,0
572,0.350798281733878,0.0197475826367736,0.515992607851513,1
85,0.314155799569562,0.521896690363064,0.225919363787398,0
34,0.236257119104266,0.332553267013282,0.245612843427807,0
11,0.445432094624266,0.668912816094235,0.194360243855044,0
389,0.197587215574458,0.14794604643248,0.907105292892084,0
1469,0.607376284004596,0.465986411133096,0.652435067787819,6
686,0.38539933667751,0.349618427013047,0.511522994074039,2
1263,0.614803376425901,0.522375219471671,0.65767016124426,5
748,0.386686719753779,0.46879346286878,0.712638480286114,2
777,0.387196443348657,0.290598580869846,0.573151047970168,2
8,0.544588792836294,0.529638909501955,0.157067843712866,0
455,0.356911829935852,0.109249229100533,0.861014360026456,1
136,0.708332143956795,0.537909470964223,0.768634447827935,0
1453,0.61302449749125,0.465920295370462,0.659755654582833,6
115,0.0595764021854848,0.725866653257981,0.0750101304147393,0
1374,0.61678049137723,0.526936212568509,0.655117870030724,5
768,0.384706479939632,0.17765950250905,0.639986641868018,2
172,0.00112046021968126,0.666561471996829,0.121524051530287,0
1152,0.610350642399383,0.495780983332865,0.663834842939623,4
499,0.351356591498479,0.391766172624193,0.735399215295911,1
1321,0.621792014188022,0.531341059038359,0.662438695761759,5
1216,0.616082178053672,0.523931350871104,0.653727757397698,5
410,0.355128635009751,0.100795483589172,0.778684208565392,1
984,0.325964927619789,0.493255760427564,0.726930965832435,3
1215,0.614119038639993,0.524193779302349,0.651634130483559,5
846,0.328381673521362,0.234993720217608,0.545823200535961,3
1532,0.610075252575212,0.463613804918713,0.657685727116427,6
152,0.849044263595715,0.880928683327511,0.667794220149517,0
253,0.799157083500177,0.589144033379853,0.845250147860497,0
25,0.149300858611241,0.615077015245333,0.467212109593675,0
648,0.388453946120571,0.461016781302169,0.814154724287801,2
1550,0.613393943325427,0.4615528086261,0.65528179940359,6
621,0.381761812670156,0.234637104463764,0.720991642726585,2
337,0.853650091215968,0.148912056116387,0.631128220353276,0
640,0.388152503711171,0.42311676396057,0.527702881535515,2
536,0.351446167086251,0.0489099744241685,0.478125231037848,1
1343,0.615314724569985,0.520042412923973,0.651908982224196,5
790,0.381547473981045,0.437722303112969,0.904705705167726,2
920,0.320332081385423,0.0340446973219514,0.555134990997613,3
1524,0.604618216494975,0.464042879585987,0.654293206332134,6
1519,0.614066166550227,0.467873282296628,0.649811692046169,6
228,0.101022687274963,0.436812407104298,0.882387750549242,0
1125,0.620534482727782,0.499166312769637,0.656710757356708,4
580,0.355442980513908,0.104040582105517,0.516882159677334,1
490,0.356230716677383,0.447974808886647,0.580859549739398,1
587,0.359094656917732,0.359852142771706,0.587960292748176,1
1108,0.611970725013801,0.492380251820983,0.657015213503091,4
993,0.329608168124687,0.220480794925243,0.559204462612979,3
40,0.165114318253472,0.535764011321589,0.619959502946585,0
1026,0.616777616951127,0.490230619818809,0.659377762620132,4
1579,0.615365132146411,0.461505137368554,0.642057611116012,6
782,0.386110308782663,0.241159387654625,0.809433542122133,2
190,0.164645813172683,0.971628028666601,0.324282657820731,0
90,0.887869703117758,0.264227813808247,0.320040785241872,0
386,0.81339430087246,0.916046075057238,0.952086154604331,0
969,0.327682213897351,0.149128736369312,0.702432769164443,3
16,0.865155775332823,0.407859554514289,0.655902108643204,0
238,0.485975494608283,0.268976951017976,0.369866300839931,0
1179,0.618424383617566,0.488091601851355,0.66288800002536,4
500,0.354154910608195,0.2261346868705,0.663883426971734,1
779,0.384944249375258,0.390376624907367,0.90163611730095,2
1276,0.605954432378523,0.53459588401268,0.651304972322158,5
1393,0.609415468052588,0.528180607515059,0.661428270044767,5
1029,0.610818193467371,0.494100795806549,0.656642345034908,4
1493,0.622642385344765,0.471348793459554,0.656878046958623,6
1355,0.612374403327762,0.52781665022831,0.662397883769507,5
298,0.599210956832394,0.278265013359487,0.842326435260475,0
538,0.358308586685453,0.244519381341524,0.652446428360418,1
88,0.900008323835209,0.379489158047363,0.175964006921276,0
1421,0.610902404863492,0.461177566578143,0.655655755252707,6
1564,0.60980620019984,0.472044379658959,0.655606234765683,6
630,0.388650421681814,0.0180393621791154,0.914114633039571,2
1323,0.611918869967465,0.530799192866748,0.659469849305613,5
535,0.353807161836885,0.440158719336614,0.670000539091416,1
909,0.32221083332086,0.35185183272697,0.833343660272658,3
1384,0.617741529977816,0.528003843394061,0.657232392738906,5
146,0.870092932833359,0.249733888776973,0.297302007675171,0
51,0.83091980475001,0.0164477657526731,0.412068706238642,0
832,0.328131071452517,0.0704946932615713,0.891041713580489,3
148,0.901847104076296,0.910022406838834,0.191168677061796,0
43,0.960480557521805,0.541774241020903,0.862170173088089,0
1083,0.621631959723414,0.491764906882082,0.653401002787843,4
1001,0.60921269314375,0.493116649247108,0.650998905541017,4
1536,0.619723017568013,0.478757033945298,0.644488720140915,6
1571,0.614756381790275,0.465246397782252,0.651518916720994,6
204,0.522898013936356,0.337564080255106,0.72068944061175,0
1182,0.606033770646152,0.497622528340774,0.65887524435785,4
328,0.942104183835909,0.881405035732314,0.315992385149002,0
141,0.255377826513723,0.246825579088181,0.715555190574378,0
563,0.354736001996789,0.141989236371592,0.896066571050324,1
1135,0.616475615130441,0.495529437285082,0.662272724435428,4
473,0.357472172062844,0.274511351739056,0.536994137614966,1
10,0.393004956189543,0.999065706972033,0.691435794811696,0
739,0.382891304928344,0.362887982884422,0.836671066749841,2
972,0.321494526274037,0.132132765860297,0.620621011755429,3
513,0.357646086211316,0.421254216367379,0.624624412902631,1
995,0.320922007369809,0.0660023688338697,0.490250376914628,3
1146,0.61463352418011,0.492038722864689,0.659142881623804,4
667,0.386084289713763,0.487841218849644,0.791214470914565,2
1141,0.618615658338556,0.493019263214212,0.65360915440879,4
1148,0.607286158117377,0.494536287449143,0.652308304665634,4
1157,0.61568760663767,0.495818564358288,0.650024083730021,4
1354,0.620491767792125,0.526562855655563,0.651653662972179,5
1289,0.614289237495104,0.522319357239633,0.658635084171162,5
1414,0.607747637834457,0.464212622692253,0.654198789155794,6
780,0.388851985868532,0.0204228044254706,0.698875088640489,2
1542,0.606069979827908,0.463490662692013,0.659650177397972,6
668,0.386153324279003,0.135006369813345,0.872018221230246,2
560,0.352134799961932,0.175529358815402,0.88147647602018,1
1567,0.613808836582921,0.466212117104893,0.655378079289356,6
788,0.38099263003096,0.170912224589847,0.929747243458405,2
546,0.35737129536923,0.139766479516402,0.740217435336672,1
1122,0.611399858315656,0.498518633269163,0.647185767485717,4
1034,0.616109749597936,0.491454474053862,0.656894670639719,4
1095,0.618369298811409,0.496791869137342,0.652532139226926,4
1361,0.617138522629162,0.519680172465468,0.658373522737456,5
1482,0.609360538163877,0.470982342210451,0.651243367477262,6
735,0.389639228913002,0.0558223424246535,0.775548473396339,2
1153,0.612619374615722,0.489673362434146,0.664781945356306,4
299,0.500666912877932,0.110778223723173,0.145113801350817,0
1365,0.60629207241448,0.522688883000561,0.65261531608246,5
1116,0.61778179057682,0.489991007791084,0.657015485357991,4
186,0.560145812807605,0.0984671725891531,0.93645475525409,0
641,0.387306059456896,0.0204552120063454,0.944144667056389,2
803,0.323381857865024,0.0938882535789162,0.537480314890854,3
256,0.449051339412108,0.771759859053418,0.84745073877275,0
1042,0.620750503014713,0.488306400217194,0.65757739052388,4
255,0.170415378408507,0.314934387570247,0.328066955320537,0
773,0.382133008709643,0.413224173733033,0.575414100242779,2
1127,0.621929182563283,0.487516091090777,0.655858814083073,4
316,0.500271510099992,0.909997241804376,0.972188915824518,0
847,0.326951762721874,0.0800270287087188,0.529256186611019,3
1024,0.615304888265527,0.485298721911441,0.654479016272808,4
1011,0.61440281898582,0.494654486962547,0.660356838672614,4
423,0.357346722122747,0.0746739842230454,0.89775063963607,1
368,0.304812819231302,0.983366985339671,0.823499295394868,0
103,0.815169746056199,0.574904673267156,0.176584845408797,0
811,0.327123147288803,0.348680921620689,0.829724982893094,3
1112,0.616459357317765,0.491310282630557,0.65041232421876,4
437,0.350192309059203,0.0367461947258562,0.59650985377375,1
66,0.823318823706359,0.850834550568834,0.928136362461373,0
991,0.321535552490968,0.204133303859271,0.695032935519703,3
1075,0.610502723534643,0.493869450225899,0.65685182282148,4
1123,0.61926162149913,0.489190528017868,0.658359809815801,4
895,0.328842548136599,0.376732420315966,0.728734650462866,3
733,0.384096495916601,0.26988699499052,0.473889331729151,2
565,0.357397035805043,0.346479379362427,0.76078595132567,1
935,0.323913215501234,0.0153928358573467,0.7449293628335,3
1241,0.612652654778876,0.527666192812228,0.65589176421578,5
517,0.359160253715236,0.325777671555989,0.663434746605344,1
112,0.264214453054592,0.0229219892062247,0.0610243631526828,0
1144,0.621337520991984,0.492532688600609,0.654523129709819,4
1128,0.616784773803519,0.498630865852552,0.653814516813201,4
784,0.385330559976865,0.0154315686319024,0.720529133733362,2
230,0.496324995066971,0.796549396822229,0.0454140508081764,0
415,0.358580553880893,0.479980016499758,0.90248223177623,1
801,0.323279178994708,0.269682014151476,0.781596211181022,3
1378,0.61290867068619,0.522274234832811,0.651798145370696,5
702,0.38384981991956,0.278400780423544,0.750222960999236,2
143,0.308979003457353,0.777062206529081,0.30904990923591,0
1581,0.610129723715036,0.463527410137213,0.658004949882639,6
1538,0.619344270319188,0.465430284714665,0.648922254572291,6
482,0.359225005994085,0.0109143922105432,0.532561426446773,1
1136,0.609629301530884,0.494384750906895,0.652711686782549,4
1286,0.610941684276001,0.525080247199436,0.657651410286876,5
720,0.389593718994874,0.457611696468666,0.463830539654009,2
1015,0.610005374545867,0.489486771392486,0.654393995055227,4
30,0.730351294390857,0.693406321108341,0.101883604191244,0
660,0.381690063879359,0.210189336002804,0.709620229830034,2
422,0.35069141285494,0.391397288441658,0.473256594082341,1
1507,0.606993186385916,0.472441516763283,0.66075383980169,6
163,0.352487236494198,0.522327995859087,0.841279854299501,0
1092,0.619657666760876,0.489276706127409,0.6527913638948,4
61,0.696846126578748,0.55789032811299,0.54576708865352,0
804,0.324536333729047,0.217489592521451,0.765298628760502,3
597,0.356434054234996,0.248436955641955,0.946867825975642,1
45,0.920200173044577,0.450311349472031,0.658869719831273,0
1459,0.615305736368011,0.464324474629922,0.6559065018146,6
468,0.352971818619408,0.11122414006386,0.620352879096754,1
444,0.357629904195201,0.331014826800674,0.779036396695301,1
943,0.328551812835503,0.487301564333029,0.613159055868164,3
989,0.319945670620073,0.390051568183117,0.768409600877203,3
124,0.319383812369779,0.798251991858706,0.492735057137907,0
498,0.359590105379466,0.384035692922771,0.820691921329126,1
187,0.319406740833074,0.0592968319542706,0.72961599053815,0
381,0.411834127269685,0.0654852024745196,0.96397396363318,0
1586,0.618105338424667,0.469051365656894,0.644800737843156,6
1279,0.611596117086274,0.526215397762628,0.655919511086456,5
491,0.35736791059142,0.0381366044981405,0.615992540540174,1
1407,0.612416831756628,0.471998685177707,0.654508221519035,6
358,0.444987975992262,0.523170891916379,0.685127477394417,0
1530,0.613825952182013,0.459434936454831,0.642582718597148,6
1243,0.616884617587463,0.526700831723454,0.643499891995191,5
1358,0.612791041039066,0.519959817705436,0.649223209381083,5
1589,0.618200248869829,0.459063053000969,0.658093894759623,6
743,0.384779924286995,0.165387438749895,0.639167920383625,2
318,0.00904639693908393,0.636999227805063,0.797565578715876,0
1228,0.61244410793753,0.52546713097964,0.661906802727474,5
1039,0.615982592220756,0.499116481556421,0.653847463169968,4
892,0.323935291562229,0.308893881412223,0.904273785464466,3
1336,0.622900580906837,0.533364654103163,0.646956881268859,5
923,0.321836039051414,0.146474333386868,0.490422874619253,3
574,0.3593790545105,0.422321576415561,0.70338215008378,1
212,0.491423964966089,0.695081835146993,0.800521041732281,0
251,0.146152777597308,0.352830384392291,0.166058636503294,0
530,0.353609010719229,0.292874283180572,0.496356527484022,1
1422,0.615743132219715,0.465550072618093,0.663070007202472,6
97,0.92074790247716,0.451865655137226,0.632249984424561,0
1379,0.61944941853536,0.517655534837519,0.64827054504908,5
856,0.321755835171789,0.346524974470958,0.836158081004396,3
1388,0.608552667579495,0.525824231764548,0.647338302329133,5
336,0.679629295598716,0.0770671730861068,0.751661746995524,0
1381,0.61600816687159,0.524399131033288,0.654254947996186,5
1406,0.613317758492457,0.464359731472895,0.661574894977697,6
1322,0.613218537480717,0.523670876829866,0.65630876436193,5
1329,0.611386624528799,0.525005268170399,0.657500596151854,5
678,0.386653447502758,0.3921563743148,0.548375710193068,2
93,0.974067132920027,0.362060777144507,0.922358958749101,0
1031,0.614988106515264,0.497237711405281,0.654959348943248,4
915,0.320923794466071,0.157135127834044,0.893234539707191,3
1304,0.60783524874893,0.520905486688702,0.65570554001044,5
963,0.32711854940746,0.236512726079673,0.739823081693612,3
293,0.260286226402968,0.761179565452039,0.0670872167684138,0
134,0.542010895675048,0.51433628378436,0.969549073372036,0
321,0.716773527208716,0.575456416234374,0.176753454376012,0
393,0.370856676716357,0.769956832751632,0.870710193179548,0
968,0.321743778674863,0.359981688577682,0.65305810123682,3
270,0.313387400936335,0.757886142702773,0.563359490828589,0
1233,0.620735689473797,0.523133341438059,0.662953903670509,5
1185,0.605365711170882,0.493645118992262,0.655413653384314,4
638,0.386784707803745,0.0519969789544121,0.694767794501968,2
938,0.323255495857447,0.37532473555766,0.851165261748247,3
392,0.741443919716403,0.735561983659863,0.562684607692063,0
9,0.133673495845869,0.349053460871801,0.79944664449431,0
598,0.350854565263726,0.318170453212224,0.893869552575052,1
764,0.382747387671843,0.141815436794423,0.568973907432519,2
1147,0.613947888232224,0.490153193379866,0.66253330934818,4
150,0.116132947383448,0.280620455509052,0.820874924305826,0
1537,0.615847451550908,0.469209224839726,0.65239084101336,6
1545,0.617136087253134,0.46273435318192,0.658164830457569,6
261,0.403587783221155,0.919874892104417,0.825826824177057,0
1180,0.612922568759741,0.492557500256465,0.65584051214983,4
323,0.35143125988543,0.698020964162424,0.640680650249124,0
1411,0.614046264167344,0.467440172889267,0.662576243438054,6
24,0.973862419836223,0.51411432097666,0.340659308712929,0
941,0.326733899766114,0.273687515431084,0.502177442004904,3
338,0.0333968512713909,0.729785008588806,0.496239775558934,0
1041,0.616235296729024,0.489445267564232,0.661219954416515,4
289,0.144390224479139,0.906860048184171,0.797482053749263,0
1523,0.617730029582738,0.467868275805381,0.663924028809936,6
1045,0.621308556539885,0.491624293356467,0.66430382870224,4
418,0.351578410901129,0.120346037694253,0.720835223025642,1
1174,0.624688733542088,0.500489555176553,0.654407066534463,4
1078,0.613469821075347,0.500219547160595,0.648453587323114,4
1081,0.615066084046473,0.511289246066494,0.649621040921873,4
1145,0.614216603362047,0.495900287346715,0.645913579250923,4
1518,0.613084319201708,0.468008997629799,0.653364350194736,6
395,0.263266352005303,0.273980548605323,0.8815181045793,0
905,0.324600830131676,0.482599611533806,0.463547274516895,3
987,0.321445349613205,0.069286908977665,0.761983117251657,3
826,0.322163048291113,0.165375942154788,0.516214450867847,3
599,0.356291672030929,0.305624145688489,0.45299538532272,1
725,0.383190830652602,0.237832815176807,0.893806348368526,2
1488,0.616312793841112,0.46967068238225,0.661129179974311,6
601,0.387659875568934,0.207960071181878,0.66749651292339,2
1436,0.606646682425287,0.470040981020526,0.662893925946489,6
1032,0.612381826356409,0.490794454150157,0.644606023913004,4
952,0.323256933635566,0.205296665569767,0.652316371025518,3
189,0.938937553903088,0.402362893102691,0.582691708113998,0
319,0.621342552592978,0.130575788905844,0.0688335942104459,0
889,0.32110771296313,0.451844314369373,0.803713523130864,3
68,0.452052531763911,0.908791852649301,0.409894056152552,0
1195,0.608793197474569,0.491509082623356,0.656949845984208,4
525,0.353615760593675,0.128089440427721,0.770079840021208,1
1372,0.624991659146599,0.523746709313061,0.660676101505958,5
385,0.290815140120685,0.920379896182567,0.168852225877345,0
1317,0.609315998790877,0.518576223509128,0.658569001408629,5
1549,0.607038544104325,0.46880878011839,0.653441002803463,6
1497,0.6171580401322,0.469545012016104,0.644028297564191,6
1290,0.614321548616949,0.52856251243164,0.655117920864658,5
734,0.38089373875875,0.0435938616516069,0.658666087477468,2
579,0.354565188395791,0.388801655406132,0.667381819500588,1
1244,0.615090367826182,0.520760597508166,0.659190603870523,5
908,0.323365399802569,0.424728229315951,0.872012621420436,3
297,0.446145649068058,0.709097125101835,0.677572582382709,0
931,0.325724093241151,0.331019831029698,0.500745638436638,3
220,0.217964774696156,0.472532917745411,0.388245000038296,0
1593,0.61608166616343,0.468928818849922,0.663707872500162,6
683,0.381833801118191,0.468584828567691,0.638520695897751,2
434,0.352284498559311,0.0377477299422026,0.496528452192433,1
619,0.385987023757771,0.44151208086405,0.48958543355111,2
52,0.823690065648407,0.330930606229231,0.119414466666058,0
741,0.38234372563893,0.205223258724436,0.917367329867557,2
1599,0.615660395510306,0.464418988651701,0.653433344493084,6
762,0.386209852157626,0.0248916334472597,0.792322884127498,2
236,0.299612700240687,0.354998275870457,0.39238308602944,0
1331,0.6253351040616,0.526921184784636,0.661384438955824,5
95,0.35160713433288,0.332983570639044,0.732517187250778,1
1138,0.617898161919993,0.490336064131678,0.650429187354752,4
111,0.990402583032846,0.447520843939856,0.0950923324562609,0
1526,0.615747439211728,0.465498391991121,0.659000519183031,6
1338,0.604667786674793,0.52328821387737,0.653908480208211,5
466,0.355569704703521,0.167902915296145,0.613990750093944,1
44,0.828928617760539,0.3733296233695,0.404475602786988,0
577,0.358721677486319,0.0551734408596531,0.673545244312845,1
1440,0.616507279008593,0.460516455587179,0.650794784292156,6
637,0.37991404882865,0.390268704527989,0.563515404635109,2
1541,0.618490268058863,0.475864144902509,0.649385953949821,6
333,0.882356872083619,0.876991435419768,0.360721858451143,0
1590,0.613167075213781,0.46418358475776,0.654284194856354,6
1428,0.607687903799315,0.458114988797167,0.661167990206433,6
1166,0.609950964844379,0.493200316049275,0.653329683138803,4
1573,0.625108215980616,0.465842860520226,0.651567396881826,6
12,0.935475254897028,0.626326175639406,0.173537943512201,0
1164,0.619501587571862,0.495856625289061,0.653327289844394,4
492,0.35837391451234,0.0580134315183387,0.855563587206416,1
479,0.356364111825824,0.192883910052478,0.827058509970084,1
196,0.333552576601505,0.660427104914561,0.0136113951448351,0
874,0.327047518615145,0.204794943006709,0.564155794610269,3
711,0.381026504386682,0.492531670979224,0.849840003810823,2
876,0.323317320975475,0.0342316633556038,0.890046034287661,3
357,0.508701889542863,0.204048515763134,0.25270777521655,0
808,0.321690621168818,0.460180474468507,0.542418407672085,3
119,0.0440798182971776,0.112292349804193,0.730897813569754,0
1124,0.618756111022552,0.493401033834391,0.660865193535524,4
1292,0.618692128995899,0.527024042525187,0.655543786497675,5
507,0.353096408473793,0.0464476810535416,0.837239848496392,1
1057,0.611732000682286,0.489880886943019,0.651337251277847,4
970,0.328926026548725,0.490155004919507,0.72794972632546,3
934,0.325453160672914,0.0904510151827708,0.877765354863368,3
1500,0.606071711529797,0.466369183483021,0.649747779434243,6
1353,0.617345865908677,0.521937416018974,0.652820198807284,5
378,0.218023630790412,0.0174442771822214,0.643550152890384,0
452,0.353062473831233,0.121504162927158,0.713112901360728,1
184,0.84675162518397,0.422137854620814,0.0596378091722727,0
682,0.387262832769193,0.298046248988248,0.746109623042867,2
1420,0.612827112222485,0.468348147460181,0.656083647508549,6
14,0.650341324042529,0.625676597701386,0.371377661591396,0
756,0.380165176205337,0.39846292862203,0.703517854260281,2
1554,0.619225726371554,0.464371625598917,0.650375803935724,6
438,0.356472027439158,0.396138697653078,0.587984884320758,1
275,0.227335149655119,0.469786924310029,0.453465840080753,0
436,0.351765738818795,0.461348007339984,0.756647314457223,1
1012,0.614026585894835,0.49645854817816,0.66281530827787,4
914,0.324121881958563,0.435055886534974,0.668149909633212,3
451,0.35484500733437,0.0162642672890798,0.906034320523031,1
441,0.357565355550032,0.362232155073434,0.776774231623858,1
690,0.386477772730868,0.139883449557237,0.821655483264476,2
1446,0.611605375175419,0.468507130465336,0.654289786357996,6
981,0.324032540742774,0.0453501014504582,0.914764371979982,3
562,0.358309553021099,0.486530701303855,0.831493425695226,1
1326,0.616158530672101,0.527871722828588,0.661450428307154,5
724,0.380857597317081,0.324819779279642,0.821143880998716,2
77,0.069407896604389,0.0187349710613489,0.828670663991943,0
1417,0.626411485373282,0.460873305009447,0.659995109335686,6
128,0.88585542445071,0.413594586774707,0.7952504332643,0
46,0.460348716704175,0.780828728573397,0.88799909199588,0
1159,0.609858960992555,0.497321877384362,0.657749632850484,4
564,0.358289071782492,0.219087534840219,0.638803600729443,1
890,0.319685716759414,0.437281180080026,0.469848064985126,3
551,0.357922015520744,0.155484835058451,0.874819682608359,1
302,0.233533495338634,0.833452166523784,0.85908331698738,0
109,0.760776079259813,0.0698192927520722,0.892358319368213,0
495,0.350136078116484,0.107520553888753,0.890571241546422,1
1246,0.620950481917322,0.533189270511391,0.652978387412868,5
1101,0.615494664633511,0.487422278439334,0.661647633645636,4
1594,0.614178067457907,0.465016045860116,0.656178867076491,6
1004,0.620529132228081,0.483890468231143,0.657914352587038,4
1149,0.615088694625267,0.503486492961783,0.653688832222432,4
509,0.35573805891443,0.0913905011489988,0.785595089709386,1
510,0.358846910814755,0.26630591917783,0.638940002233721,1
765,0.3805318028084,0.0305915028089658,0.48054977033753,2
1463,0.614867258571942,0.473598037952918,0.655643666678955,6
1100,0.613569341193113,0.49443092512913,0.659068663907426,4
1396,0.609637744133108,0.527740803953667,0.658685724138534,5
881,0.32800163526088,0.293423814023845,0.646995946695097,3
700,0.381885055447929,0.239940705033951,0.481669643940404,2
1399,0.613276328957257,0.522670202747163,0.651891964798851,5
292,0.255120628979057,0.311590532772243,0.262749437475577,0
1454,0.611563103564778,0.460774467185347,0.655353797156934,6
1563,0.618384765420185,0.453823005272282,0.665429042473007,6
1344,0.614615262165195,0.531543303040065,0.654579641559737,5
20,0.700375087792054,0.23133601131849,0.863266443833709,0
556,0.350527201534715,0.156772821582854,0.723796347202733,1
519,0.350600112606771,0.477043919404969,0.762640051823109,1
1234,0.606754006812661,0.519711847544234,0.653251886832465,5
581,0.359474115353078,0.320312484889291,0.547475772025064,1
469,0.352104683420621,0.353957227920182,0.558977592666633,1
67,0.659585942747071,0.0981829320080578,0.278273285832256,0
1120,0.613577513117415,0.491592943106452,0.651181304197538,4
1478,0.616798408807581,0.460192616266627,0.654623927134022,6
157,0.765384481055662,0.938088361639529,0.277274545282125,0
628,0.386055527299177,0.457934563537128,0.470396189182065,2
643,0.388687671765219,0.0518879925599322,0.90543485111557,2
311,0.933621971402317,0.464958142954856,0.833291902206838,0
1371,0.615414520398307,0.524021817983984,0.661304381697406,5
243,0.289367201039568,0.115468818927184,0.288904945831746,0
334,0.645060283597559,0.999624475603923,0.432986915577203,0
807,0.326649309559725,0.036172936228104,0.613007337949239,3
1249,0.61551018096959,0.523379804731061,0.666627967201134,5
1496,0.601137078023136,0.466837082301945,0.658697319468604,6
828,0.329647841218393,0.223756491811946,0.607604395411909,3
1044,0.61064242989947,0.501594627687299,0.65601273185734,4
1485,0.612204211279594,0.467887141594477,0.661872325837,6
59,0.447346793254837,0.336108631454408,0.417306121671572,0
844,0.329538370110095,0.0516178946942091,0.839835069654509,3
450,0.358546460270882,0.462884964910336,0.718599611823447,1
1093,0.614354594905246,0.499176422241693,0.656968791507696,4
1413,0.620749442338048,0.456765580028959,0.65192617759171,6
1114,0.61584683278708,0.492139550146433,0.651201545595527,4
1303,0.608168828488512,0.525045564339525,0.657039469033987,5
427,0.358365918458439,0.401249366253614,0.684751154202968,1
1040,0.607465544340627,0.482467619783555,0.660740169938389,4
1067,0.604628090989913,0.495790853089821,0.648952103207844,4
833,0.32663982992759,0.22648544262629,0.79976013051346,3
654,0.388076059997547,0.0266039824578911,0.815417821216397,2
1468,0.615757438141383,0.465840139409074,0.667462283663809,6
125,0.420993399806321,0.572002156637609,0.987140690209344,0
1555,0.622151723941777,0.465947469654553,0.650720001313934,6
814,0.329457869427279,0.450321987876669,0.876927809021436,3
457,0.354767295490019,0.374350839434192,0.741378452442586,1
201,0.345667300047353,0.960211172001436,0.833168700104579,0
776,0.388941528790165,0.436252004955895,0.556545488000847,2
1035,0.607790763057671,0.490305781319285,0.654250865093332,4
1368,0.610443198420464,0.530762304228937,0.656591618731806,5
1470,0.603538561529854,0.465589932564129,0.658231657412819,6
1037,0.622730014032409,0.492209633095918,0.649114815186731,4
584,0.35874350928003,0.429052349785343,0.770080712321214,1
1267,0.612289503006277,0.525663660197543,0.656122331216507,5
31,0.130342107499018,0.294742218451574,0.157119713490829,0
1473,0.613627294185954,0.462485761997463,0.657182743798652,6
413,0.35722474178765,0.410621686745435,0.78141113340389,1
1197,0.612800919913161,0.491526351389442,0.66105503204861,4
431,0.354393380745314,0.388993732188828,0.756897474452853,1
27,0.273795902263373,0.383214071393013,0.329596992116421,0
594,0.359539788630791,0.123320356965996,0.491985446005128,1
131,0.995923217386007,0.316502515459433,0.357925438787788,0
1487,0.616447906253599,0.467366674504405,0.652879280650536,6
1516,0.619093618949825,0.455531931780518,0.658188332336648,6
1359,0.615792451307034,0.525346207507185,0.658429723743264,5
1201,0.625101560300703,0.536630406853467,0.648097656348633,5
133,0.37233131332323,0.511526384856552,0.0463088180404156,0
582,0.35566165271448,0.34237564066425,0.761538616893813,1
600,0.359632770698518,0.489225092716515,0.558491652761586,1
759,0.389624742120504,0.0201221318216995,0.932773028779775,2
123,0.97931603086181,0.209151257993653,0.0359523498918861,0
1272,0.614369717914762,0.520336590247075,0.656384519160395,5
486,0.35552651374368,0.232827288354747,0.448741609044373,1
791,0.383969419286586,0.082783512910828,0.867350842035376,2
508,0.354215512333903,0.21521174502559,0.689299414330162,1
1238,0.614108040725266,0.520589987582691,0.650245601816109,5
329,0.965701250592247,0.0324241141788661,0.631269605597481,0
554,0.355299364745151,0.291501313005574,0.606722368556075,1
862,0.324999327529222,0.0696540622971952,0.611255512735806,3
132,0.796755653340369,0.196765370201319,0.899438500171527,0
1113,0.619762836411892,0.494673607320644,0.653708541071028,4
1295,0.620938146615438,0.533263694064314,0.649998265438247,5
798,0.388435790028889,0.308399507682771,0.774401200516149,2
1217,0.613919575370098,0.532781461069736,0.652856419869516,5
400,0.0914446234237403,0.228678152430803,0.942087135510519,0
325,0.477583531290293,0.611574004171416,0.00358440703712404,0
234,0.735122394515201,0.853010864695534,0.162609467748553,0
327,0.0201447117142379,0.136745163938031,0.857344979420304,0
947,0.325784477596171,0.154682990070432,0.614549752837047,3
1253,0.615550512119772,0.522929023512031,0.650793435294802,5
1509,0.613032952299188,0.46049950139522,0.655667658049803,6
802,0.323623644651379,0.408264191728085,0.824635245418176,3
730,0.384494335677009,0.485652737691999,0.570813931338489,2
81,0.332759863696992,0.326418506447226,0.249037412926555,0
274,0.0256830968428403,0.928710295585915,0.779478066600859,0
1087,0.612735432917533,0.49953651268437,0.647268449573412,4
165,0.133009938290343,0.366312185069546,0.312383310403675,0
139,0.549360235920176,0.933943287236616,0.690573200350627,0
569,0.357755488418043,0.0170180261135102,0.809940259018913,1
816,0.324032681549434,0.0442859621485696,0.521341688861139,3
586,0.351688297751825,0.340218376391567,0.765165948588401,1
23,0.636838665232062,0.285866900812835,0.870272750034928,0
1543,0.607569630711132,0.461824133950884,0.651137911468678,6
887,0.32566142319236,0.260180224804208,0.448123114928603,3
1130,0.616717389663665,0.491503337479209,0.651439925137481,4
4,0.050731158349663,0.432019545231014,0.643687482923269,0
518,0.350817634731066,0.145937259565108,0.524925546185114,1
506,0.352913201602642,0.00359969809651378,0.861962516140193,1
1480,0.612020523511034,0.464348075589463,0.659985776974899,6
1,0.902063739253208,0.625636897748336,0.759813900105655,0
666,0.384477035070304,0.382708123442717,0.64834087730851,2
663,0.389194256321061,0.0774994793115184,0.792990065691993,2
820,0.323074322971515,0.0266065275296569,0.772562055196613,3
104,0.042623532935977,0.26174787292257,0.686969832517207,0
737,0.389356417853851,0.179701687791385,0.579912246833555,2
1431,0.613611218402123,0.465027847756639,0.658437308110371,6
324,0.116783891804516,0.301360419951379,0.567952735815197,0
1540,0.606963245701779,0.465914331863093,0.648557086910855,6
516,0.358100105861668,0.191914774151519,0.525286004575901,1
684,0.385685341742355,0.364997158199549,0.568357201921754,2
1208,0.608413069828109,0.525709168367027,0.650524029784112,5
266,0.207327583571896,0.207325844326988,0.912751156836748,0
330,0.434883627574891,0.965468597132713,0.639989896444604,0
79,0.916833851020783,0.956407810095698,0.886074573965743,0
166,0.988384812371805,0.582353987032548,0.562662615440786,0
65,0.905132143758237,0.108107571257278,0.341989681590348,0
1444,0.61893925290026,0.464000342454982,0.652777883398392,6
1477,0.619466526488293,0.465795110118881,0.647704360907445,6
245,0.738521575694904,0.698365499731153,0.890563883585855,0
232,0.0658787477295846,0.0924787702970207,0.430647528963163,0
544,0.35490495869657,0.471661782031879,0.872129201469943,1
471,0.358612737813965,0.426685662032105,0.648274557595141,1
1258,0.617295081896683,0.517207257246503,0.654641654274676,5
543,0.358742188124452,0.0906341168098152,0.782632754812948,1
497,0.353034774921834,0.244711949280463,0.780673898220994,1
635,0.380324777669739,0.270075872913003,0.832161600515246,2
493,0.355299787705299,0.470751045178622,0.640525930025615,1
822,0.327521987569053,0.0481203962350265,0.584584234445356,3
636,0.388376155509613,0.202270189905539,0.463270376366563,2
1007,0.619334402727723,0.493076231326086,0.65616894709585,4
955,0.323428793232888,0.335852393088862,0.575851152464747,3
174,0.824703248916194,0.700754502788186,0.574435125105083,0
26,0.930031001800671,0.499181485502049,0.949611034244299,0
1415,0.617560741084262,0.464484076438893,0.646499830571691,6
745,0.389597043420654,0.297642308892682,0.554540474829264,2
426,0.350366426880937,0.491143187065609,0.813974037580192,1
1397,0.611719663577375,0.522168546886967,0.658721388116227,5
154,0.878419816493988,0.661154713714495,0.96115423925221,0
644,0.384716969872825,0.295408858708106,0.85955377521459,2
56,0.100894896779209,0.261169728357345,0.845414197072387,0
343,0.79285393236205,0.161634596530348,0.491958083352074,0
794,0.382609256785363,0.379077849234454,0.672489026375115,2
108,0.435730020748451,0.379241934744641,0.0475307817105204,0
1038,0.610298710847887,0.487288508223611,0.645615438131143,4
1242,0.600548224828968,0.522791519998711,0.651965374734389,5
709,0.387286238817032,0.219704455486499,0.598794757435098,2
153,0.114692906383425,0.74643484945409,0.932184430537745,0
795,0.383829050331842,0.387494728574529,0.733623812370934,2
1013,0.619449665416264,0.501939094491612,0.659262670530311,4
973,0.324313889776822,0.462011121236719,0.833195763104595,3
35,0.653338578995317,0.544963261578232,0.994787110481411,0
1595,0.611648520136826,0.461197571029179,0.654062948162093,6
3,0.832606372656301,0.408623620169237,0.506000155583024,0
1405,0.613444710383546,0.463384960105227,0.647902205382133,6
214,0.339629045920447,0.102469325531274,0.671587130753323,0
1265,0.613886937722637,0.52349297931674,0.658049000643501,5
1398,0.612763160995518,0.524996678245506,0.652262982868433,5
1376,0.621401088192178,0.531736747528261,0.649494882847864,5
669,0.383066656799056,0.096443752781488,0.931926802895032,2
99,0.390776589745656,0.511641759658232,0.841540316585451,0
710,0.38648652424803,0.0416037359042093,0.66247406443581,2
689,0.381738604006823,0.330030335485935,0.536251705884934,2
752,0.386022867336869,0.0610322096850723,0.899469994637184,2
696,0.388884353854228,0.393973504798487,0.829718666430563,2
1073,0.619866246809588,0.489202627486994,0.64759134716931,4
210,0.836982934037223,0.836766342632473,0.996569879585877,0
317,0.563537277514115,0.744249855866656,0.52843724633567,0
966,0.320548644920345,0.429485450289212,0.478213598183356,3
713,0.389429228825029,0.166804603324272,0.71230925670825,2
226,0.593135489150882,0.753845810657367,0.833477089414373,0
502,0.357552163875662,0.233478094125167,0.625427910406143,1
265,0.629721860866994,0.680653760675341,0.509812804171816,0
633,0.38736842026934,0.0688303313450888,0.668064942630008,2
1171,0.607596852621888,0.489649590440476,0.647135178408324,4
387,0.475152799161151,0.290001667803153,0.316145846853033,0
1380,0.618456336338122,0.513340434106029,0.645299613392905,5
863,0.328428635462187,0.287875685980544,0.500810043234378,3
273,0.549499198561534,0.825859840027988,0.841011654119939,0
958,0.328438067338429,0.0013814193895087,0.799619687884115,3
168,0.905620549572632,0.294375126250088,0.277718393830582,0
1562,0.617900129490955,0.467970451899786,0.654824591125928,6
796,0.385218112496659,0.472507592896,0.774453859124333,2
555,0.355918646794744,0.0578002693597228,0.53904974302277,1
135,0.624847245402634,0.0753002592828125,0.245901718037203,0
114,0.18319427780807,0.543913625180721,0.0635272916406393,0
1416,0.618947942618105,0.464018692317599,0.658292645884658,6
912,0.328879489838146,0.199149406072684,0.838139562681317,3
1235,0.618697612419044,0.525701885018463,0.659191409957251,5
610,0.382982363896444,0.265690955705941,0.860891753388569,2
691,0.382319964636117,0.250563910719939,0.937110752495937,2
948,0.327141514020041,0.184498707903549,0.560467189690098,3
559,0.359405965050682,0.0831533920951188,0.572501471079886,1
1489,0.617605015355804,0.463973965083043,0.657782647713801,6
1402,0.615377002511445,0.465545920416923,0.652403450204237,6
714,0.388062381404452,0.447262181225233,0.559810114256106,2
557,0.350958032752387,0.376275299256668,0.900954333180562,1
1334,0.615335867197427,0.524079669285916,0.649651327782496,5
199,0.521555359940976,0.410858642309904,0.972273278515786,0
1134,0.613763971825513,0.500617516174375,0.650303587191567,4
627,0.386829379333649,0.419451502640732,0.621073805657215,2
504,0.353585689964239,0.222374712256715,0.664591495809145,1
21,0.0469746799208224,0.935541112208739,0.0507329835090786,0
1143,0.617231413898742,0.497566289565865,0.657343614814319,4
1320,0.617029233918502,0.520336722993096,0.65737999820788,5
591,0.357598948390223,0.478351619001478,0.675532270502299,1
408,0.354010570959654,0.479573827376589,0.713219646993093,1
1403,0.615775474303495,0.458068470315269,0.655398582877012,6
548,0.352978072732221,0.100347090652213,0.500288482219912,1
1559,0.616998616086381,0.460497079908005,0.658868117338109,6
1003,0.620641039649856,0.485289609430198,0.664448488829392,4
723,0.386770601961762,0.0433068722719327,0.838412302359939,2
751,0.38523701439146,0.181175276776776,0.823980291420594,2
527,0.353891734501813,0.138196742418222,0.622405174234882,1
1471,0.611344481278147,0.460792939260404,0.66095008621349,6
158,0.314081340096891,0.180495037464425,0.127324579982087,0
278,0.102655355352908,0.917493287241086,0.275446893414482,0
1264,0.603075760287439,0.524020625267098,0.663774538873077,5
848,0.32052043298725,0.0814795582788065,0.692165733012371,3
48,0.256011813646182,0.0511986562050879,0.605972582940012,0
1333,0.618068889018507,0.519280246906932,0.659258964438903,5
353,0.783002806827426,0.91475421236828,0.505487834103405,0
1483,0.605134345342675,0.461125841749628,0.655306184162604,6
946,0.323425655029714,0.366620121197775,0.690535032935441,3
979,0.328331249381881,0.427560473699123,0.594887079834007,3
960,0.321738867764361,0.0250179080991075,0.783576953387819,3
312,0.0867314925417304,0.791563298553228,0.881057247985154,0
1151,0.608799386007693,0.487981449749555,0.6541173792028,4
75,0.210169130470604,0.210453521693125,0.401487421942875,0
401,0.356544412893709,0.143230590643361,0.827523010829464,1
49,0.770972269820049,0.258638804312795,0.465444050496444,0
1060,0.611706085680727,0.494355393898273,0.655412008374055,4
1369,0.620212565744393,0.525857482161788,0.664541803739758,5
465,0.357662004302256,0.0791290012653917,0.708012448204681,1
332,0.459688177332282,0.0417410370428115,0.715583178447559,0
58,0.432900390587747,0.39228309574537,0.666804521111771,0
1293,0.621564581132477,0.521717851487876,0.656476850999886,5
1254,0.622624027869587,0.517244465336029,0.661593630571546,5
364,0.479139826726168,0.275218712631613,0.849051353055984,0
843,0.324344895842951,0.312991000036709,0.787966346181929,3
1278,0.618588773015418,0.527509629221669,0.659610922665733,5
1474,0.609646539570912,0.46579168501644,0.656813195233572,6
1085,0.614033640701713,0.495021261530753,0.664483822554954,4
429,0.354694888617378,0.493490877351724,0.655794004257768,1
69,0.533788796747103,0.751371637918055,0.957852604798973,0
857,0.320387736849953,0.0312205892056227,0.941551319137216,3
512,0.355917260809802,0.0301435312954709,0.826129805343226,1
974,0.320170394417364,0.00184550429694358,0.546413502353244,3
505,0.356561169992201,0.17603769202251,0.71783352624625,1
618,0.38847044107737,0.336819542013109,0.733923590788618,2
1274,0.611089220268293,0.526771018827223,0.651839979243771,5
1385,0.619341586599393,0.526796354917509,0.654586611750345,5
248,0.134712905855849,0.312874790048227,0.233442539582029,0
1091,0.612232854368185,0.492447995123324,0.656259725352822,4
817,0.326635594137479,0.408511699317023,0.638853167346679,3
396,0.303597237914801,0.668030625674874,0.51916152285412,0
1186,0.619039954225808,0.484006676391026,0.658577441863675,4
1070,0.608367729088209,0.497843438708349,0.655256306369404,4
1036,0.61396019361135,0.493557042192087,0.663120849545332,4
670,0.386055221839342,0.0909383137710393,0.529315034556203,2
558,0.350570885750931,0.267169010848738,0.504477312834933,1
1366,0.617904065622777,0.526199870670839,0.654152442162728,5
849,0.321241313996725,0.486603344231844,0.646790463989601,3
722,0.384643660897855,0.445821164781228,0.764179697423242,2
1020,0.62234357896539,0.493407228583216,0.652146567495531,4
697,0.380723309670575,0.310315992706455,0.790248271473683,2
672,0.388696869134437,0.235461452766322,0.578688610624522,2
282,0.817749296780676,0.290715150767937,0.134392879670486,0
731,0.384802159117535,0.258889370737597,0.611075448966585,2
537,0.358815763844177,0.453179395315237,0.664103417936713,1
464,0.355246825930662,0.403244951646775,0.919463465502486,1
944,0.324935045575257,0.394880041852593,0.757791796629317,3
1466,0.610867804135076,0.466009753864103,0.66241703336377,6
303,0.120808260748163,0.575899546267465,0.907434075605124,0
1534,0.615723300422719,0.460454067532546,0.652836371025594,6
442,0.358146560050081,0.305683373380452,0.69043344205711,1
894,0.324793742066249,0.416108689876273,0.764788254210725,3
918,0.327251488212496,0.38284866840113,0.478583917650394,3
868,0.323885972527787,0.45811745445244,0.882977644377388,3
834,0.324297902057879,0.294395671132952,0.511968030757271,3
747,0.385065692828503,0.251245977380313,0.866755790938623,2
928,0.321480938869063,0.0794732129666955,0.492354043340311,3
1224,0.611697353018961,0.520973023386168,0.655733681448764,5
706,0.38945967284264,0.215435458137654,0.648892173357308,2
916,0.329230473637581,0.201641402230598,0.516053087241016,3
1503,0.616051587846662,0.472167469503464,0.658344352432313,6
980,0.32945103680715,0.188283683406189,0.625877216504887,3
871,0.326064665662125,0.229745538462885,0.866946811135858,3
71,0.755067946389318,0.694790604989976,0.141889248974621,0
193,0.781471108319238,0.518795864190906,0.769930592970923,0
738,0.384087579930201,0.0315049157012254,0.640099678933621,2
661,0.388404605221003,0.460132284113206,0.493788548093289,2
1296,0.617376030031517,0.519844277327959,0.652842908178739,5
888,0.321007357172202,0.401855380297639,0.905154504510574,3
855,0.324584322709125,0.369633024698123,0.819167157448828,3
487,0.359273709119298,0.144121750397608,0.637071254011244,1
241,0.261388405226171,0.845272848848253,0.950122867943719,0
1053,0.612798802438109,0.499815409253273,0.647227130065467,4
629,0.388967911677901,0.153426079917699,0.601822937186807,2
1348,0.613032949303158,0.533010473472424,0.653481598388818,5
453,0.356390172285028,0.475111822737381,0.920521061331965,1
1585,0.620869067281198,0.465022921203116,0.659663160276776,6
294,0.612108267378062,0.15565050044097,0.117037879303098,0
461,0.354745797924697,0.464239059272222,0.574385204282589,1
526,0.351781837104354,0.405181178497151,0.833882195921615,1
539,0.358757950617,0.454043685481884,0.925329848239198,1
676,0.387370991832577,0.114346586889587,0.860450529307127,2
1050,0.613770090452278,0.501180942787381,0.66185153775881,4
917,0.324904274255969,0.224275557813235,0.646842794888653,3
921,0.328459827988409,0.43850947546307,0.513941946486011,3
130,0.740094260545447,0.701546121621504,0.188726998167112,0
793,0.386471688423771,0.0262866002973169,0.629902008734644,2
1158,0.611725162303434,0.494013814103865,0.658692557826182,4
1107,0.617614284425821,0.496851735313981,0.654713709221087,4
1460,0.614597771192812,0.467563796512872,0.656430120136761,6
342,0.983438498107716,0.542446677340195,0.177287437487394,0
1316,0.620327445805396,0.523123484769489,0.661456562792353,5
1232,0.614764129495591,0.52800438537661,0.653747451886599,5
703,0.382400414648,0.179476801911369,0.582993274834007,2
740,0.382167255159002,0.120932857063599,0.675700491108,2
240,0.200693162856624,0.866942111169919,0.614474827190861,0
366,0.251822827151045,0.922525814501569,0.468701917910948,0
80,0.748845127411187,0.0876528569497168,0.773883057758212,0
1456,0.615047826107915,0.468780524588186,0.650705128910519,6
117,0.528867724817246,0.121734815882519,0.266527567524463,0
1058,0.613912645735449,0.491096014035717,0.649373079557865,4
609,0.387830881241243,0.430482532852329,0.481269815051928,2
151,0.0823238475713879,0.718751235166565,0.08440270437859,0
615,0.386856193610001,0.407094405405223,0.631662487681024,2
262,0.11137417354621,0.0817390617448837,0.0963515376206487,0
612,0.388747687097639,0.298383479611948,0.738045136490837,2
177,0.610320359934121,0.245706467423588,0.547649204265326,0
568,0.354706003605388,0.439116106624715,0.869971181312576,1
953,0.324133591502905,0.144771225424483,0.595950303180143,3
379,0.767815335653722,0.772853509057313,0.672601262107491,0
1275,0.61516921506957,0.518313386204389,0.647373435317327,5
873,0.329480792135,0.0209991639945656,0.588058592448942,3
215,0.341828525299206,0.8943638401106,0.865125884534791,0
1030,0.617453648478189,0.499938741274216,0.655704814233623,4
1074,0.615298446917951,0.490570101938125,0.651793688548229,4
1252,0.608851471274395,0.512384612899041,0.652320175735405,5
382,0.204074315028265,0.558748862938955,0.629048839211464,0
76,0.985626249574125,0.371425318997353,0.274091294966638,0
1591,0.617961136036992,0.467371152812562,0.660217974336279,6
350,0.398427215171978,0.15785233094357,0.00254556909203529,0
653,0.382467597194482,0.27380678083282,0.738043379085139,2
346,0.669987539527938,0.290601305896416,0.683660977287218,0
753,0.3855141746765,0.213360449322499,0.525171362725087,2
94,0.0224811681546271,0.287747583352029,0.263315435266122,0
47,0.52111750561744,0.725474528968334,0.715239439858124,0
107,0.440803443081677,0.853446939960122,0.547790053999051,0
1022,0.607160293053475,0.498325015399501,0.656470519948296,4
626,0.381676002859604,0.391404689662159,0.906679598079063,2
1547,0.616650512298733,0.456654481419343,0.654191758411394,6
313,0.99239636072889,0.515936782583594,0.456994721200317,0
688,0.388833685300779,0.496192294778302,0.794801635015756,2
998,0.326493186121807,0.125296419858933,0.795535148167983,3
749,0.388913999288343,0.393126466567628,0.58005444186274,2
340,0.560275117168203,0.659317535115406,0.457523286808282,0
1259,0.613597184264028,0.525285098981512,0.661849908614071,5
120,0.593258005101234,0.765174200991169,0.68323309905827,0
1140,0.612564482557532,0.490151337727497,0.653185180212375,4
812,0.32720672737807,0.0225338154938072,0.767548928200267,3
1531,0.613809888420324,0.473011036656141,0.658801593876375,6
1119,0.616417210681874,0.496258791951058,0.646154133562153,4
1506,0.619246079353713,0.475243735579799,0.654101739886156,6
679,0.382571329178754,0.421481823571958,0.826465167733841,2
1568,0.609555633152808,0.457023668157955,0.654170611713906,6
1356,0.608506650324564,0.528063332605228,0.659626541966477,5
421,0.354175949734636,0.153992227069102,0.669164318405092,1
1337,0.62937581224279,0.527946043650904,0.662533311649556,5
1505,0.617556622251498,0.458762588222609,0.650194982155386,6
216,0.0484037927817553,0.918962072581053,0.607075286097825,0
1434,0.611898380698918,0.458750930954783,0.655254398433591,6
1430,0.611724651888459,0.459179042767681,0.657823138954884,6
602,0.385123807538766,0.231578700733371,0.806572987861,2
1284,0.616118735881102,0.512987152897743,0.65454406395823,5
1528,0.604409022471689,0.460573256731359,0.649481737282144,6
341,0.0837382723111659,0.222306720679626,0.678311843192205,0
902,0.322701538209803,0.182474236260168,0.654540631384589,3
407,0.359320739258546,0.156791053619236,0.914546302100644,1
397,0.780349498847499,0.796685203444213,0.305024646455422,0
1288,0.612684791232798,0.526333768661274,0.656186096276621,5
649,0.380106640241574,0.411366622569039,0.765054321079515,2
449,0.350351864993572,0.29714192498941,0.827779118833132,1
1178,0.621087443799075,0.492121643631052,0.649969658719086,4
897,0.32409076530952,0.21523192259483,0.939645907888189,3
1574,0.618880842001672,0.46350906701946,0.642885588743081,6
592,0.355359783817548,0.190433785924688,0.473818823276088,1
390,0.0798038546927273,0.5683437010739,0.938857200089842,0
405,0.353322067437694,0.0341687742853538,0.524141551973298,1
1240,0.617202399187246,0.520021247238902,0.654299494830752,5
1227,0.617007932282794,0.527336453860229,0.658478008818614,5
432,0.353898213447537,0.439001556509174,0.490610648109578,1
370,0.825858164345846,0.722310977522284,0.477600365877151,0
701,0.386686243584845,0.197717997967266,0.873477755510248,2
650,0.385981803715695,0.461579665914178,0.628546940209344,2
467,0.351129521690309,0.19370899037458,0.641445852164179,1
1059,0.614454812844411,0.50011993500123,0.661845946391896,4
295,0.270402065245435,0.715880006318912,0.0383104456122965,0
878,0.325416830333416,0.429478611238301,0.839854375389405,3
933,0.321493581277318,0.30235461066477,0.833510122075677,3
1395,0.612697732580394,0.532110224481074,0.659974753636468,5
717,0.389510071408004,0.317458580853418,0.709934160741977,2
787,0.38640663882019,0.493955855746754,0.817749252938666,2
593,0.352567254800815,0.438711765129119,0.737087914533913,1
264,0.0969100820366293,0.565258977469057,0.644623101688921,0
1255,0.629907160467524,0.524101984542129,0.664392068862707,5
185,0.0923337053973228,0.760830469895154,0.716667109169066,0
211,0.651346255792305,0.291728027397767,0.195483918068931,0
1202,0.619039474161568,0.526216942351191,0.660928412260282,5
882,0.319753742832691,0.138395984331146,0.86246935678646,3
786,0.389650035961531,0.0146106931148097,0.449563081888482,2
1458,0.613965011546682,0.464257433796119,0.652099094932652,6
478,0.357393311830238,0.371429887972772,0.619943733490072,1
1387,0.616223881572546,0.527816910399491,0.651645749872353,5
1427,0.615748462829734,0.467538823504992,0.653021063997292,6
1079,0.615283184114882,0.487961700831276,0.657475001349717,4
1357,0.618472987671017,0.522884785270796,0.660688762763524,5
218,0.461083324393257,0.534249366959557,0.977919830009341,0
1319,0.623120444004617,0.518636250976082,0.658625498030667,5
1546,0.618797358846504,0.470463289774444,0.656160908122034,6
1065,0.62321326856926,0.500285825617648,0.653884778077023,4
1155,0.62272123024469,0.482530066330388,0.671300181434431,4
301,0.908873514272273,0.442112487740815,0.518589674727991,0
1424,0.619832947784502,0.475301510905878,0.656541495082475,6
227,0.489799282513559,0.892582927364856,0.553738198708743,0
590,0.353487307853065,0.403297374164686,0.802553914766759,1
1213,0.612860465991135,0.524955850999798,0.659702271988604,5
38,0.387753517832607,0.700144856004044,0.749261277029291,0
306,0.554476293968037,0.704099527094513,0.507314697606489,0
1261,0.609332529890406,0.530205319593657,0.65260725395742,5
1177,0.617040207771375,0.492016979465345,0.654452866380913,4
1484,0.616323189877689,0.461591222635353,0.650930886864301,6
86,0.52846801863052,0.658971679396927,0.450223546475172,0
326,0.171380596701056,0.380824867868796,0.337140649324283,0
476,0.353196381188463,0.106973984884098,0.587137793004513,1
373,0.891838162904605,0.693890080787241,0.961342097492889,0
1256,0.597410550932446,0.530944753589439,0.658088558113838,5
1046,0.613461741438262,0.500325972245236,0.661132814956561,4
1311,0.614464498611977,0.524988955321507,0.654453077673045,5
1300,0.612399737452329,0.526269391729206,0.649887060238225,5
883,0.319804665313568,0.328380546206608,0.828058524802327,3
1266,0.617147763567468,0.531173692664159,0.65488093482142,5
1094,0.617105492001765,0.480587120569011,0.65787024442911,4
870,0.327217911304906,0.431419762573205,0.889781983965077,3
827,0.328101215572096,0.201527423597872,0.710321451001801,3
36,0.357407015748322,0.697110665263608,0.811758747091517,0
82,0.489952544216067,0.100537096615881,0.996012773597613,0
1389,0.600809729240824,0.526246517582095,0.657336197082049,5
1105,0.621873399607462,0.491446522464646,0.652869981448006,4
1346,0.621956380678079,0.530282172676469,0.650327174410644,5
367,0.552534072427079,0.512562124058604,0.689836849458516,0
1017,0.610021084030937,0.487150127419955,0.648089115825566,4
322,0.970588383032009,0.0539151350967586,0.108363264007494,0
1200,0.623336507654486,0.496095332453572,0.650566548013173,4
137,0.820616995450109,0.0289654624648392,0.61242702533491,0
296,0.0352027476765215,0.859486516797915,0.0278397276997566,0
1237,0.62340436356423,0.527230201253035,0.6517877695425,5
62,0.678462802432477,0.980896435678005,0.235830427380279,0
1285,0.617054386427745,0.525290432496014,0.656696354561236,5
823,0.32519292418845,0.00155762957874689,0.840954536269419,3
986,0.320113492035307,0.362062877300195,0.629732167045586,3
1072,0.608260700290192,0.496771192411203,0.663896719128749,4
169,0.439176027197391,0.510339834727347,0.669183869380504,0
459,0.354145763132256,0.2760123410495,0.733080025226809,1
617,0.382251006092411,0.344817695231177,0.473457461269572,2
606,0.386093245891388,0.341672074538656,0.840912762144581,2
1481,0.619935730712214,0.462449456658032,0.654193810162718,6
831,0.322467639697716,0.231185639183968,0.707641396252438,3
1262,0.62691636506377,0.524272866295215,0.659720919115839,5
1441,0.609550231252036,0.462372997156951,0.6546911525452,6
192,0.821704984176904,0.948740840191022,0.0177443658467382,0
320,0.195884486427531,0.972107144072652,0.86829465883784,0
1386,0.613595172509188,0.520069485277862,0.652769865810771,5
129,0.528771905694157,0.0356541422661394,0.492224479326978,0
1464,0.623960265113014,0.467683513190995,0.651138962959632,6
806,0.326081329372246,0.465701293339953,0.90489122509025,3
781,0.388510189703666,0.298300397139974,0.480595007236116,2
1465,0.604161629670091,0.465508574364646,0.651898186678014,6
1071,0.617686244089835,0.501581185841349,0.651584787692391,4
639,0.387312163517345,0.254694297118112,0.666292647644878,2
259,0.253891051514074,0.614527225028723,0.521625428460538,0
1461,0.612339348532284,0.463305155957243,0.66370755420569,6
140,0.869123473763466,0.00774953560903668,0.623711298918352,0
695,0.387944861878641,0.0144205906195566,0.751039835088886,2
1154,0.624448014743738,0.507927753952636,0.6554424118672,4
1076,0.606959849447712,0.488806056376991,0.650538064819456,4
1408,0.61083850724971,0.464259109002608,0.646779989378934,6
1597,0.621081070905524,0.473681571644613,0.65434429807893,6
891,0.326401459611952,0.191867668670602,0.702238544286229,3
932,0.327200385057367,0.180817107460462,0.813962740404531,3
349,0.376016952795908,0.372609577141702,0.766222482779995,0
1225,0.617404313820086,0.512523115142002,0.653788650373704,5
926,0.324340571050998,0.0441657834686339,0.543261285102926,3
246,0.790266891941428,0.95954703562893,0.636093633715063,0
1491,0.616865606033256,0.463563795142404,0.658581139200167,6
1222,0.617804905376776,0.522193681082233,0.656453071176266,5
1033,0.618150739040718,0.501974794798417,0.661279937212776,4
1412,0.623960309916994,0.457874562725595,0.650700612015263,6
78,0.518465960165486,0.195010041352361,0.70526885217987,0
33,0.834942498244345,0.179680633358657,0.953746096231043,0
1090,0.617518244250387,0.493255388366576,0.658279323304185,4
63,0.163690532092005,0.0476661901921034,0.932505635311827,0
1193,0.615887862821699,0.498931352125265,0.651987697700954,4
550,0.357689737475012,0.0172477644169703,0.910905912332237,1
