1198,0.395860304784879,0.730012542144833,0.461013461241812,5
196,0.797788891009986,0.259755978826433,0.852565260836855,0
95,0.438992615556344,0.055259644286707,0.854442062554881,0
1489,0.401829345806647,0.670602461956595,0.463221485763757,6
893,0.218682475029491,0.287098501808941,0.430715868668631,3
1411,0.387893634310083,0.659963502209356,0.450323280768554,6
54,0.806524259736761,0.631952894851565,0.984312768559903,0
105,0.532725166063756,0.431740322615951,0.0568292271345854,0
153,0.64227511617355,0.379283880349249,0.379836361622438,0
1043,0.396397609683346,0.699229433128818,0.45471154842856,4
753,0.218428653783631,0.131364194210619,0.447017468814738,3
1008,0.386916091595992,0.696118990766491,0.450904706787081,4
616,0.275480066738091,0.538210053229704,0.424382353154942,2
1201,0.39075854916475,0.726082353897965,0.456716097533373,5
1128,0.399602871068947,0.724722760082658,0.456441861075757,5
1373,0.400860318055329,0.664537588116469,0.443014893894316,6
121,0.174660373479128,0.315101842395961,0.955879235872999,0
15,0.938586235977709,0.3707722092513,0.0146136665716767,0
647,0.277995742077474,0.367988400626928,0.366720895352773,2
674,0.284122012516018,0.143317192560062,0.720727390679531,2
280,0.0576616416219622,0.317277835449204,0.41902465117164,0
865,0.218427249151282,0.527990773902275,0.568205001833849,3
716,0.215002691731788,0.583426818950102,0.360173141537234,3
841,0.221169987162575,0.129872723249719,0.691221320140176,3
296,0.788570756558329,0.0772328106686473,0.793698267545551,0
1189,0.394976403678522,0.725253170238152,0.450447618899513,5
930,0.403171550652542,0.698270096872128,0.453410527770601,4
1169,0.392241558782782,0.7201792351656,0.452884578501443,5
542,0.283636722411029,0.346631569322199,0.699079252732918,2
607,0.281622202389408,0.200331266387366,0.526380310370587,2
265,0.432142935227603,0.134451389079913,0.580774185946211,0
1375,0.397666167779232,0.664964788815623,0.453581064867434,6
850,0.216356387014966,0.455984275555238,0.657670276775025,3
1,0.835672624409199,0.149735675659031,0.43211100413464,0
355,0.250284010074101,0.359810529625975,0.779166600154713,1
679,0.281789458424319,0.310429944656789,0.701392826810479,2
249,0.736106960801408,0.444925729883835,0.00910190469585359,0
367,0.253543757849839,0.617886030697264,0.614268443966284,1
16,0.371007973793894,0.51597878546454,0.0220837963279337,0
1494,0.400215003465376,0.662942082312557,0.456053678834622,6
419,0.245080198275391,0.139506627921946,0.645963943866082,1
837,0.217394372697454,0.170446833712049,0.683720709127374,3
162,0.578483047196642,0.659912720322609,0.765995805384591,0
144,0.199715530034155,0.839859524974599,0.417771402513608,0
871,0.219136611171998,0.230693450546823,0.606804469204508,3
324,0.246736222673208,0.551003436441533,0.580310583417304,1
529,0.274849733910523,0.467250608257018,0.573136247880757,2
1442,0.401321769734918,0.670836860200039,0.454198004733602,6
1344,0.394877480306503,0.669768445577398,0.450055659732001,6
1492,0.401486076452445,0.66440468491228,0.451986519378896,6
733,0.223642323315144,0.138280824176036,0.592836494278163,3
1280,0.40119585504834,0.724181385041291,0.455434386907576,5
1030,0.395940263195583,0.691246992451687,0.456550114234861,4
833,0.217624826296233,0.262935930397362,0.536282344325446,3
775,0.218723876788281,0.376207919209264,0.453242850443348,3
132,0.507283591665328,0.451453244546428,0.808839544421062,0
1447,0.384730717124399,0.665200630340683,0.46085076925741,6
1452,0.393991669242706,0.659222690791642,0.455449012912489,6
599,0.274861045989674,0.380063187330961,0.369169920519926,2
194,0.071772973285988,0.692768451757729,0.807566778501496,0
1033,0.399622806539479,0.695462750473349,0.446380703415099,4
1451,0.400520935085434,0.658369837496949,0.466011947022057,6
342,0.246039409083314,0.169283053954132,0.465751445572823,1
1163,0.400555654740761,0.730331597839543,0.453836073951001,5
1052,0.398000415138501,0.696228198409719,0.450634859841517,4
47,0.753649013815448,0.621273304801434,0.118977657984942,0
765,0.219559652477037,0.248524804483168,0.776238407078199,3
345,0.250996424092446,0.427903229603544,0.451193300262094,1
802,0.218642112102825,0.562146961106919,0.334488037694246,3
655,0.276613811890129,0.592745767324232,0.575765679776669,2
414,0.248475304339081,0.259269517031498,0.729578065522946,1
962,0.397326123078825,0.694418479123489,0.44798092331819,4
1011,0.386662934390702,0.692816956438271,0.452503100372292,4
430,0.247702782563865,0.348054730915464,0.388135318015702,1
268,0.951461910502985,0.452491151168942,0.270657939370722,0
173,0.0718593213241547,0.565028899349272,0.483053589472547,0
193,0.451957918703556,0.178800264373422,0.254892317578197,0
1144,0.395458568404493,0.727562293937914,0.453951493056351,5
1237,0.408545140610572,0.716412522217604,0.453126547646611,5
469,0.251708225964103,0.140851730015129,0.563547770795412,1
929,0.400228005818738,0.694335441894329,0.453689455638193,4
682,0.279409688010346,0.175839342409745,0.555282316938974,2
1154,0.399179148860147,0.721682677642434,0.45628848623335,5
635,0.283794311047532,0.495879853726365,0.637874692748301,2
1352,0.397451014203034,0.658790770217363,0.452487285584911,6
33,0.597245792392641,0.810168755473569,0.231160457013175,0
216,0.0445713959634304,0.269597954116762,0.0292861622292548,0
1351,0.403413551121465,0.664008726145719,0.45366213752436,6
1067,0.396628936397497,0.69854282385653,0.449891095829422,4
683,0.274480957214255,0.355979095329531,0.33609021299053,2
68,0.95647196075879,0.470935407560319,0.576312561519444,0
1025,0.390805537328891,0.696434758008684,0.460431560503349,4
1281,0.403650230315037,0.724337932665882,0.444828925297438,5
927,0.386958752635918,0.697385274835005,0.451074646307531,4
618,0.28049023603322,0.200836940552108,0.54371801072266,2
485,0.253731831156183,0.297080884571187,0.386858366732486,1
88,0.226131388451904,0.850611669477075,0.0862030156422406,0
1097,0.396699809054748,0.697889011535497,0.456307705460551,4
1251,0.390939757020335,0.730835162151549,0.457005970481437,5
1417,0.403187810119084,0.670566057122616,0.456425430901484,6
1453,0.382474985031,0.644425132717132,0.451036199033666,6
550,0.281500088742469,0.278280885890126,0.761556351510808,2
316,0.252882780677173,0.233778071007691,0.75628599729389,1
459,0.24688113756245,0.246898187790066,0.742118714563549,1
843,0.222073296606541,0.341472124448046,0.379208317678422,3
1098,0.396106394810893,0.69923795976167,0.456318455086149,4
1206,0.395670238963533,0.726685018451601,0.460520115768173,5
1408,0.396436666364665,0.672411260992897,0.448595846015687,6
1364,0.402299780152121,0.663270024223045,0.457418543195784,6
1308,0.397677509010316,0.668133749208389,0.455482532286558,6
1124,0.403674679469911,0.727897262613844,0.456106719503615,5
1290,0.398836396852362,0.719869031939716,0.449201953059691,5
844,0.217296895524487,0.318096360540949,0.340925426175818,3
704,0.217612949048635,0.448124928516336,0.720793046010658,3
782,0.214346985782031,0.162738190731034,0.787387854955159,3
466,0.244406227082945,0.388758004526608,0.610738368774764,1
619,0.277351999874227,0.602635461720638,0.391784639284015,2
48,0.854042082559317,0.538522847462445,0.330381778068841,0
1049,0.400086934726346,0.702395145090389,0.45985125812756,4
73,0.495426491135731,0.209871846716851,0.735693589784205,0
1478,0.390547190763844,0.657995887849978,0.446682647418814,6
668,0.280152571420185,0.20407593739219,0.717462666635402,2
1282,0.395711947837815,0.729169362379906,0.455110806671074,5
517,0.278120370614342,0.408426354522817,0.562688215938397,2
1050,0.38516554696814,0.698544177045065,0.451534979957333,4
1416,0.397516249354717,0.670103639826439,0.456061969767665,6
1388,0.394744107547137,0.666566246642679,0.454397041924345,6
1423,0.394422523866838,0.667299906221125,0.458310711914974,6
1068,0.396902096974784,0.69136269290288,0.44987358872574,4
181,0.983353854622692,0.80403930740431,0.736388832330704,0
71,0.0464055098127574,0.888434755383059,0.312783408677205,0
568,0.281208394013811,0.517328298417851,0.802604217617773,2
1100,0.401880844058999,0.705384946523707,0.449386526718503,4
378,0.248174211378209,0.421983796288259,0.555559289827943,1
1337,0.404115859409906,0.666050929689352,0.461591232031237,6
1106,0.397493509335535,0.726368083218324,0.453738612292435,5
596,0.276500223728363,0.424592713359743,0.473433237359859,2
189,0.763290534261614,0.359382347902283,0.724235604284331,0
152,0.180107132066041,0.829059066716582,0.457439959282055,0
649,0.275530193273444,0.435567982378416,0.32455163106788,2
1132,0.408103713737855,0.720171194919919,0.45430615162108,5
1156,0.397759127179115,0.729791326092679,0.454023345465964,5
124,0.0279851050581783,0.107258419040591,0.251945159398019,0
116,0.950625615427271,0.113083268748596,0.451093451585621,0
1181,0.401198795805168,0.726795715074611,0.455901326835092,5
188,0.0231291523668915,0.25502593931742,0.124467188725248,0
923,0.401020446681044,0.695242477865838,0.463066612341244,4
23,0.395907233236358,0.23441189317964,0.181866204133257,0
1319,0.396538215299912,0.670883811321506,0.448220602859185,6
283,0.632447975222021,0.475063240621239,0.88945258082822,0
555,0.276559878450353,0.608747399644926,0.778219322860241,2
350,0.246054140713532,0.26951707561966,0.42233925180044,1
973,0.399182846103762,0.69931252464801,0.455336621646169,4
1460,0.399627683886626,0.666618374599188,0.44763552086352,6
1146,0.402610818870574,0.719228691646145,0.453008349424516,5
1078,0.394463471424482,0.689592616092943,0.465084339538594,4
377,0.253624692484736,0.493013823521324,0.767820961261168,1
998,0.397141778980752,0.696408450058351,0.457719329123362,4
107,0.81150643969886,0.365512347547337,0.935237722238526,0
839,0.216873168381862,0.541080402559601,0.770914647681639,3
589,0.279110753950663,0.261155639775097,0.585856308182702,2
1092,0.398368720542859,0.699851570496011,0.455729533342503,4
368,0.253962563013192,0.609750899486244,0.595608382439241,1
1294,0.397029301824955,0.711803970836977,0.45421153109213,5
70,0.87580512277782,0.194136016536504,0.221843035658821,0
1345,0.39510264336016,0.658141026128444,0.458169593618096,6
69,0.313668115297332,0.378443910274655,0.095529802609235,0
84,0.567739609163254,0.583212836878374,0.126408348791301,0
163,0.752145297126845,0.996820637723431,0.899607218336314,0
1289,0.391795695921388,0.728475549117053,0.449259154569733,5
1040,0.396251458319295,0.695010192232712,0.461770386914472,4
677,0.279465602792334,0.217601944925264,0.616881837905385,2
1302,0.394980136301394,0.657580363508022,0.45592520414461,6
1312,0.400762587105291,0.665631108794078,0.461520541187257,6
974,0.392618527750012,0.697603509538288,0.447892128331608,4
1328,0.397456581521393,0.664008312207651,0.4599015818466,6
905,0.38677114058947,0.693584466199991,0.452590304773978,4
1053,0.398408972329536,0.682986858704745,0.455196165738295,4
416,0.247359438582789,0.425474709598348,0.753651976888068,1
498,0.250064803264104,0.293120252899826,0.770492343301885,1
922,0.389992347859557,0.698553743922093,0.455374119640375,4
401,0.248177245846018,0.535426503513008,0.544372507673688,1
38,0.343104342464358,0.714152579428628,0.870829711435363,0
1354,0.392020432509446,0.664587369886917,0.457078535770325,6
627,0.277946020390373,0.383787284255959,0.389918147772551,2
1425,0.401110610843297,0.668709368936404,0.446747840973769,6
1315,0.401198854836597,0.669602442448527,0.459721897189579,6
1255,0.384956008583711,0.727862840967453,0.453865542334912,5
1232,0.391371590729799,0.717962160691551,0.451906557192208,5
1087,0.397546563184827,0.692725282220507,0.46228002565128,4
8,0.292619355255738,0.709216933231801,0.527090997202322,0
851,0.221966391648166,0.128413903526962,0.581585303717293,3
1295,0.388535645505668,0.726116972255358,0.459874594093276,5
1002,0.387929526486701,0.692042738583327,0.452608731856313,4
1187,0.401114196092717,0.723640620988102,0.454364540897038,5
314,0.253275650548749,0.348876775824465,0.363329562894069,1
713,0.221835692706518,0.379980823141523,0.650292093469761,3
1491,0.405740637075965,0.66092534808655,0.456254238220625,6
609,0.281911260955967,0.478536658571102,0.69802510861773,2
413,0.249038175151218,0.214407510007732,0.475984074710868,1
586,0.278748389545363,0.441018087090924,0.417724412120879,2
5,0.243024493800476,0.158121267333627,0.667795359622687,0
620,0.27742516515078,0.568433576729149,0.740804622950964,2
848,0.218394459921401,0.407034371513873,0.420607341406867,3
236,0.1649276309181,0.945151339517906,0.903901312267408,0
875,0.222664711570833,0.130233841598965,0.537855001003481,3
137,0.481452175183222,0.640519801294431,0.616586908698082,0
835,0.222464051081333,0.561595039325766,0.803242148901336,3
1241,0.393523664737141,0.72640656564929,0.454751064852061,5
770,0.216636841853615,0.163168175029568,0.365530635649338,3
580,0.280450384430587,0.226840380579233,0.550660054734908,2
369,0.250202601735946,0.48097461857833,0.34299292631913,1
1483,0.397834066274861,0.65813853849896,0.453605701162976,6
246,0.935039559844881,0.769549715099856,0.236168066505343,0
199,0.495719910599291,0.539498703088611,0.0675573693588376,0
1130,0.397687076594661,0.734987038535025,0.445541596043578,5
866,0.219045118950307,0.499570474261418,0.605533410049975,3
869,0.223632248770446,0.568382700439543,0.631694601452909,3
546,0.280894011487253,0.555136810173281,0.322069535683841,2
317,0.244533682572655,0.400845806812868,0.335587347694673,1
966,0.399458540884294,0.698360310563116,0.45596371161385,4
141,0.924463848117739,0.955300330417231,0.926024385960773,0
1370,0.397591013581286,0.661141320794555,0.45688302749905,6
1482,0.400729379201953,0.671257838192516,0.449676530333957,6
1313,0.399750937781273,0.660943466790017,0.45239495246707,6
1455,0.394918898141422,0.666848046239877,0.45249773897572,6
247,0.08050875691697,0.958689082879573,0.824358262354508,0
592,0.275931163041387,0.314743999275379,0.333747285488062,2
1121,0.393870278962837,0.72711831048346,0.457081656422383,5
796,0.216398298917338,0.534068661392666,0.678364608157426,3
1272,0.398990287439877,0.729060181721586,0.451024964178824,5
334,0.247691458184272,0.23102187179029,0.567316345125437,1
1001,0.393741554354705,0.6960056595417,0.456493616704318,4
363,0.247395640469622,0.159232521895319,0.724846756504849,1
3,0.427474684081972,0.257588155800477,0.438429642468691,0
282,0.0942105106078088,0.101228002924472,0.414026334416121,0
228,0.263727850746363,0.183546772226691,0.620378525694832,0
98,0.840486352564767,0.180259550223127,0.103029675083235,0
58,0.951730397064239,0.309205313678831,0.39468344906345,0
928,0.402227624861634,0.697830140417837,0.452365498916529,4
667,0.275684630738106,0.45554576755967,0.433248581667431,2
605,0.280667074322701,0.131474338355474,0.760703214863315,2
136,0.280508658848703,0.800290326587856,0.63941176654771,0
312,0.25145754899364,0.421769472653978,0.354880040232092,1
168,0.479974450776353,0.0988659157883376,0.221948026213795,0
526,0.278356808170211,0.339196656364948,0.786258895602077,2
611,0.276586721923668,0.555004071095027,0.689010971412063,2
1230,0.399071017470205,0.731035369068393,0.455586626976049,5
492,0.250685353509616,0.61100637097843,0.771775980782695,1
1063,0.392486206377589,0.693445607978283,0.455858341578491,4
1250,0.400365572715509,0.71941931704439,0.453317114438549,5
1036,0.394092386991497,0.696391181298463,0.450162353366184,4
1310,0.391071442344437,0.655235452341673,0.452098997361971,6
1386,0.397103524160081,0.669527820886189,0.457767165301685,6
93,0.976201971527189,0.736471167998388,0.0500094960443676,0
195,0.191487771924585,0.652437679003924,0.501078396104276,0
910,0.393320711315016,0.69456227346624,0.460695062461057,4
1438,0.395738066681731,0.667391029156773,0.465897458865734,6
197,0.841401259647682,0.187511100433767,0.513733265921474,0
1166,0.389204923889449,0.726471075384754,0.44802238447506,5
502,0.283779472713359,0.274367621168494,0.503431964037009,2
810,0.219843206282239,0.426373116206378,0.655634292238392,3
460,0.250558944663499,0.602076834533364,0.411171595170163,1
1234,0.395157012974584,0.727066625790245,0.462865561369596,5
1213,0.402988165755893,0.731363187821102,0.45805049611916,5
1466,0.396368118924062,0.667318235740174,0.452068748100458,6
272,0.931895744521171,0.481573834083974,0.926741178613156,0
360,0.246924918419682,0.386938485200517,0.587054211134091,1
123,0.421827438287437,0.439100468996912,0.60344691388309,0
912,0.405962843281269,0.700680708046741,0.452787632193125,4
887,0.215954631438944,0.306537212920375,0.368917637458071,3
344,0.246534126824699,0.343235438340344,0.776128106820397,1
293,0.511325431056321,0.138931561028585,0.39780727494508,0
1012,0.408241069313758,0.702995100002593,0.454482909164897,4
548,0.279832743678708,0.310872712056153,0.354440382285975,2
1227,0.392891807338664,0.727932456391499,0.448832807553997,5
340,0.248959231234621,0.247335604508407,0.557878180127591,1
629,0.28346860192949,0.399028265033849,0.637819674517959,2
92,0.577246040804312,0.556360373040661,0.105109412688762,0
557,0.276950714143459,0.499469898291864,0.625491651310585,2
1239,0.385238872361543,0.731100729843783,0.449434234496144,5
46,0.77470992738381,0.523600199492648,0.326070753159001,0
1304,0.406947453950351,0.667316123269084,0.467722327956972,6
507,0.281459407915827,0.5855169640854,0.442161561525427,2
1463,0.392654569146809,0.67150108439632,0.456527117821929,6
402,0.250017929286696,0.232549404492602,0.71277414560318,1
6,0.251121771521866,0.310960335889831,0.29539399407804,0
202,0.323492315830663,0.0533751281909645,0.945310847135261,0
301,0.252448194548488,0.469607694074512,0.564898675959557,1
1103,0.388814100527119,0.735946108703651,0.452022219797348,5
877,0.219838541159406,0.463207239867188,0.584009239636362,3
1461,0.404073189297895,0.668637456849881,0.460515890625856,6
1015,0.396025865444039,0.691749727645958,0.453802155056639,4
628,0.274270390220918,0.24873118288815,0.684020500117913,2
452,0.245047575477511,0.333609022432938,0.377022889396176,1
814,0.216593226005789,0.250223712064326,0.468401919188909,3
760,0.217910749448929,0.321915319189429,0.482056857855059,3
356,0.248102941894904,0.617379068979062,0.790645148325712,1
931,0.395588519188983,0.699137503751268,0.453714177941921,4
1182,0.390387138504785,0.733353047224206,0.452855765015751,5
1270,0.393233462860124,0.725002497744137,0.459464050554887,5
1363,0.396033754767238,0.652291325469753,0.450724529803967,6
1347,0.395417809571254,0.668409715617628,0.456372333293984,6
994,0.394039279151912,0.69519387706369,0.454510277568746,4
705,0.217763432427309,0.552108618314378,0.540794448764063,3
995,0.399390569822842,0.692079930616728,0.45341278785139,4
336,0.253154584306758,0.351952461060137,0.604660619120114,1
436,0.245625092340633,0.513032922404818,0.739379706513137,1
1305,0.403409298911794,0.665232170027495,0.460024592966799,6
172,0.808680139714852,0.470345035428181,0.981813463615254,0
686,0.279546079740394,0.548948985291645,0.344947750866413,2
968,0.398880692022698,0.687374039884908,0.458808596267472,4
115,0.0961950547061861,0.65153129468672,0.624542213743553,0
1358,0.399623342696201,0.663410362031573,0.45550562704095,6
1467,0.407203760703612,0.662232445936518,0.462422072119111,6
1263,0.387629188415502,0.733552763277366,0.463853186101007,5
1072,0.392616641579452,0.688441780194505,0.457889166813444,4
991,0.390163250204517,0.69864450185613,0.445987507844036,4
992,0.407494102244301,0.691157679022979,0.45474889311445,4
1188,0.397031498624256,0.71925906804948,0.456631528869277,5
742,0.220308622489683,0.521346418070607,0.668899972410873,3
167,0.101205158513039,0.852038507116958,0.888423393247649,0
28,0.245418195147067,0.039480630075559,0.345253026811406,0
1339,0.403115742248207,0.669798893740138,0.457833574651201,6
593,0.274846302671358,0.383704959880561,0.335828151390888,2
1450,0.399434513094561,0.661654356271556,0.453753413430878,6
315,0.249424989984836,0.509419207461178,0.35763559229672,1
895,0.219379367141519,0.177505970001221,0.40325515223667,3
187,0.414750382304192,0.506027133669704,0.689739686436951,0
1007,0.398257154205599,0.70039929163175,0.449065331091251,4
582,0.28279872688232,0.277996603399515,0.523519020946696,2
310,0.245735422533471,0.3597550886916,0.402039010729641,1
220,0.47608983470127,0.545243504457176,0.778086070902646,0
37,0.166964108590037,0.662529825465754,0.678007095353678,0
577,0.276702790700365,0.306864816462621,0.716387396049686,2
210,0.209604343632236,0.54209544416517,0.0306562739424407,0
287,0.066862401785329,0.608156363712624,0.624243776313961,0
371,0.246343848304823,0.281952977529727,0.46425693302881,1
178,0.336252956418321,0.846631817985326,0.273902589455247,0
1141,0.382945889441174,0.730073431940814,0.452921004341919,5
1323,0.398986441012717,0.653955173133914,0.458862894052128,6
1018,0.401205937156994,0.693011658582065,0.455188788000602,4
1204,0.398594046145196,0.717258791991969,0.458044303493015,5
208,0.00188638945110142,0.681930668419227,0.669702551327646,0
1297,0.394142652566004,0.724529890377096,0.454573554963919,5
965,0.387319159757272,0.696285979155657,0.453013100439276,4
214,0.824527147458866,0.887752109672874,0.75759417982772,0
346,0.250441673262976,0.423088629031554,0.327691626455635,1
1109,0.392721595855564,0.72415466126115,0.452271562609198,5
719,0.222903865701519,0.381151070003398,0.569186289981008,3
1336,0.400008764494333,0.662412120122293,0.463009082325081,6
572,0.280168879260309,0.340665902127512,0.479106029099785,2
212,0.360368330031633,0.0960204559378326,0.263020110316575,0
192,0.895676112500951,0.529736202675849,0.657192254438996,0
60,0.856128762708977,0.652224604506046,0.912605965044349,0
207,0.135750752640888,0.215427940711379,0.980238386197016,0
1112,0.406654180443725,0.727461208873062,0.456184519028903,5
451,0.247057410180569,0.272754396544769,0.782860521646217,1
569,0.282542227467056,0.237601791857742,0.533739241724834,2
681,0.280396547680721,0.404326215968467,0.698361121071503,2
244,0.0371544563677162,0.577499976148829,0.469692089827731,0
304,0.248743572172243,0.329356893780641,0.764336009696126,1
816,0.223837489874568,0.496992365457118,0.720577412704006,3
838,0.223072761395015,0.468004393624142,0.576559788617306,3
1488,0.389161628857538,0.666330597076175,0.463542284244309,6
913,0.395415920907782,0.695409647033666,0.452163402871206,4
231,0.485011782729998,0.976587729761377,0.573535532224923,0
997,0.392504752514158,0.695876862657292,0.452422517859176,4
404,0.252350201518275,0.142460962524638,0.341187852388248,1
774,0.222962960612495,0.447887055575848,0.730957240168937,3
1243,0.393055585152141,0.725562601290869,0.456221603307335,5
901,0.402485549264467,0.695597427598914,0.458855654337773,4
562,0.277370330537669,0.37618079490494,0.383875756128691,2
52,0.0524850669316947,0.107104125199839,0.492395277833566,0
1179,0.388532721514267,0.725053058325749,0.456215387031295,5
1131,0.392375445612684,0.728485389514027,0.454563107415311,5
1377,0.399288810236649,0.656892207646376,0.443894028420657,6
1004,0.397397193563318,0.699669510472824,0.458674133441061,4
584,0.277688522078097,0.129694094997831,0.490903274924494,2
800,0.222549762332346,0.451678140205331,0.545727599365637,3
860,0.216381079412531,0.314009117661044,0.321855071769096,3
1340,0.394796278797372,0.662306632938434,0.451767551278569,6
706,0.216297618988901,0.404570069164038,0.460511106369086,3
1216,0.396901313579216,0.731844452219192,0.446128745710003,5
894,0.218301651959773,0.359773674164899,0.61827225512825,3
737,0.21437066329876,0.388308106921613,0.672734465869144,3
134,0.836188524030149,0.131105682114139,0.900127960834652,0
1249,0.401461572620943,0.729733048246752,0.458351603875326,5
1287,0.391834567977903,0.723084554079018,0.456266432347771,5
76,0.207502556964755,0.026477136882022,0.703166187740862,0
1457,0.394901281580934,0.661112871719722,0.45624019960605,6
520,0.277550357221626,0.254317644867115,0.375358763104305,2
410,0.245511089037173,0.298076502629556,0.770347917173058,1
158,0.670596721116453,0.91760664479807,0.626730779418722,0
1185,0.402055131159363,0.728845920803079,0.449927861323323,5
142,0.422974481247365,0.297360948752612,0.814008210552856,0
361,0.244627631055191,0.57942810410168,0.394323772238568,1
477,0.253613206765149,0.545088050537743,0.672662883601151,1
1024,0.399266530834675,0.707659288579017,0.45357992280747,4
1039,0.402484441378504,0.695391253406069,0.453972841777974,4
678,0.282742853725795,0.544056768529117,0.349074330134317,2
1279,0.398728273698141,0.72110494896576,0.460659913231821,5
827,0.216964147777762,0.300564146135002,0.814187551336363,3
545,0.279261755826883,0.59579300112091,0.708270311076194,2
500,0.245737931211479,0.312612869078293,0.321083788014948,1
166,0.454184103757143,0.407586152432486,0.152778331423178,0
579,0.276562023977749,0.17769336886704,0.728275474580005,2
437,0.250750773630571,0.126457146485336,0.813566317269579,1
1197,0.40165706624301,0.725063124235688,0.460074126126382,5
811,0.216070103908423,0.294239993905649,0.557130591315217,3
478,0.252403344959021,0.395497300545685,0.69873731113039,1
86,0.126504831481725,0.689763269620016,0.406511006178334,0
1446,0.394628659291083,0.662105073764229,0.457203869156906,6
201,0.410874187014997,0.716200142400339,0.992302185855806,0
553,0.283354769856669,0.316394572611898,0.63424547535833,2
1091,0.395242398087892,0.700329008254363,0.453491651128126,4
118,0.00215104292146862,0.210490935714915,0.352618474746123,0
1277,0.39916681047526,0.726670278058911,0.462624050011703,5
140,0.446473880438134,0.420897353906184,0.299973473884165,0
1117,0.399359482595632,0.732296403607262,0.448959525093784,5
1474,0.391945436688637,0.665745061652978,0.45520076508844,6
1471,0.405176645299161,0.670931893730173,0.452234906677749,6
571,0.275044317527209,0.259604354039766,0.45621079702396,2
636,0.282406806137878,0.378018082934432,0.806763556273654,2
854,0.216370414840058,0.243188810767606,0.335562558914535,3
743,0.221931391111575,0.171719881473109,0.661547379055992,3
741,0.21442486675689,0.507481732871383,0.416470451932401,3
691,0.277195179881528,0.470336472149938,0.471672353055328,2
1229,0.396252672623185,0.718747608340048,0.455108086941707,5
101,0.198275378905237,0.329807527596131,0.184171693166718,0
184,0.903181937290356,0.279608533252031,0.787382764741778,0
384,0.253338916581124,0.237491786829196,0.383329991321079,1
343,0.25030171035789,0.582311102305539,0.637758416193537,1
204,0.556023688754067,0.640825848095119,0.962700449163094,0
482,0.250038410455454,0.409326841123402,0.776644896785729,1
521,0.276581479168963,0.488711170386523,0.641582728317007,2
669,0.278651442567352,0.34245348116383,0.741510737757199,2
1235,0.395783982705745,0.721794810420195,0.458581510406109,5
793,0.216175984810106,0.294449091306888,0.640373854385689,3
941,0.396078202155925,0.709250746506428,0.454495164300061,4
330,0.244286236024927,0.346918698749505,0.461144130048342,1
1208,0.388973578144371,0.717754922894475,0.459812045840124,5
185,0.529931818367913,0.0858091798145324,0.297312574926764,0
567,0.278062638742849,0.171790295280516,0.66733769311104,2
518,0.28189817622304,0.542041908600368,0.426615443150513,2
1094,0.39673698613254,0.692824880832578,0.460921913050254,4
1382,0.401188735573097,0.66310752794498,0.454905787393206,6
104,0.648072358686477,0.524516777135432,0.377113620983437,0
1296,0.392418893211457,0.72120686479248,0.449358510810659,5
1028,0.398172773006638,0.699653536223473,0.459465097212157,4
61,0.0527773350477219,0.0010199872776866,0.881258606212214,0
50,0.294518322683871,0.3588889723178,0.675947090843692,0
508,0.276073009846732,0.373126951511949,0.473103203531355,2
125,0.769426021259278,0.653955532936379,0.10223444737494,0
257,0.548629716038704,0.404628759017214,0.441001498140395,0
641,0.274917418763507,0.158965681330301,0.387825163034722,2
953,0.396197897544279,0.697612186246903,0.461327927237103,4
245,0.914627450052649,0.869110530009493,0.403850911417976,0
445,0.251135068438016,0.201676254859194,0.60432479956653,1
221,0.846337005263194,0.2568143166136,0.648081802297384,0
211,0.392193232895806,0.827819881029427,0.799189331242815,0
291,0.494823506567627,0.833394101820886,0.78164890804328,0
670,0.276892663720064,0.124636979075149,0.625876072864048,2
630,0.279074971922673,0.325324319419451,0.529886668385007,2
534,0.277017959777731,0.190583574352786,0.381971305888146,2
790,0.217114135506563,0.364465469378047,0.601540950662456,3
81,0.451516574248672,0.295680130133405,0.465693765785545,0
1350,0.402098643761548,0.667866950793214,0.45396684146138,6
74,0.461339043453336,0.581212449120358,0.831442040856928,0
348,0.246061648451723,0.446435987367295,0.544854033808224,1
446,0.251548695901874,0.296677347738296,0.583137485617772,1
393,0.246634608553723,0.350067538674921,0.445536433439702,1
601,0.275691509039607,0.585434785345569,0.608461128734052,2
279,0.724886491429061,0.709255547262728,0.408324894262478,0
56,0.707827455829829,0.611285412218422,0.72143324627541,0
786,0.217656880232971,0.47817073832266,0.349640964134596,3
711,0.220651492534671,0.557875637430698,0.704822877026163,3
468,0.250622770141345,0.436854385421611,0.557274624891579,1
914,0.396770412892521,0.691062333627715,0.449059016285647,4
676,0.27731850842014,0.508351312601008,0.486758719850332,2
1404,0.402454339637576,0.663680174944004,0.450043530571667,6
1203,0.389660859725994,0.725903523040379,0.446160587778416,5
1359,0.393091225525686,0.665963424906877,0.456748582069936,6
988,0.398994515268263,0.694036847071904,0.454983014137487,4
450,0.244511714307591,0.188215376809239,0.390536945615895,1
1190,0.39868256582751,0.725639310035033,0.447598685935477,5
982,0.387548499689032,0.694126203002068,0.455866065889038,4
1306,0.394031580424111,0.664206331873321,0.448800472470704,6
458,0.251699960981496,0.235174625646323,0.550030194991268,1
1293,0.40287549769901,0.720930673489886,0.455975206285811,5
335,0.248358537869062,0.270714204292744,0.804238785710186,1
44,0.114346223184839,0.987608494702727,0.0844521580729634,0
876,0.219210563988891,0.584311890532263,0.762718412512913,3
1433,0.395555489919464,0.667165380337618,0.446912599910838,6
1342,0.391680013183581,0.665908992288463,0.444859514312097,6
778,0.220536415048409,0.218423874699511,0.710412877448835,3
842,0.221744396272115,0.211071546305902,0.435207348619588,3
906,0.397034921073363,0.701783534270953,0.457134463231829,4
653,0.283660337601323,0.557514583109878,0.44020587131381,2
1278,0.399677470881727,0.73494453325514,0.457856638333118,5
222,0.334826910169795,0.272807108005509,0.379662186140195,0
573,0.274975162351038,0.136041087214835,0.569895706209354,2
896,0.21770305018872,0.39821424218826,0.746394238853827,3
1114,0.397931723644907,0.735763270011884,0.449562254066433,5
879,0.223138605055865,0.492491925368086,0.803615232999437,3
1414,0.398891012025836,0.654689707539896,0.453451756853721,6
24,0.731320882448927,0.30253406567499,0.245684951310977,0
904,0.400077784904006,0.695567708731243,0.442830945601793,4
1374,0.396789723896922,0.662086598642921,0.454627759426768,6
1368,0.40030704140026,0.664882213699478,0.450581197467007,6
39,0.961063985479996,0.0859754027333111,0.233606024179608,0
766,0.215804971843027,0.307270595571026,0.51338797500357,3
688,0.274796555060893,0.611698219552636,0.449629754014313,2
826,0.215928984582424,0.274085047771223,0.436666947510093,3
1003,0.398765936092233,0.695085211366524,0.453844242571453,4
1248,0.402461061133897,0.727789644514848,0.458528511229905,5
949,0.389635191267012,0.699161451892755,0.456142301375218,4
40,0.580944331595674,0.898708963999525,0.656828948529437,0
103,0.301144976401702,0.823290061205626,0.910764996195212,0
898,0.220493218130432,0.493599251145497,0.644353177468292,3
1127,0.400992124722278,0.716584776580728,0.451829733712894,5
479,0.246315602783579,0.35560203215573,0.642186571331695,1
499,0.246274872072972,0.124757604207844,0.520238774549216,1
100,0.772682924987748,0.0851995288394392,0.121670730877668,0
1320,0.397619576769713,0.654361107160422,0.455827955563295,6
990,0.391233339887371,0.691814316497508,0.455222449481062,4
886,0.217929550705012,0.50103113357909,0.486528137302958,3
604,0.275577252388466,0.134970535989851,0.763765364140272,2
1220,0.394347006581704,0.727529581376583,0.461817811553435,5
1111,0.404833365433479,0.732860699841148,0.457513288252268,5
1044,0.391473699314434,0.70450822675633,0.448953379396879,4
94,0.220804149052128,0.901407439960167,0.459133739350364,0
1441,0.3987257555893,0.657283020126445,0.455339698600396,6
465,0.245138739307877,0.27858945238404,0.812773260707036,1
79,0.644886404974386,0.955398015212268,0.357005416415632,0
732,0.219136022112798,0.345589172327891,0.403823214187287,3
559,0.282722654712852,0.529455695184879,0.722106926795095,2
241,0.872279876843095,0.202961497008801,0.161804779898375,0
325,0.245687791602686,0.253874554531649,0.787718458869495,1
242,0.0130816318560392,0.317122742766514,0.518888355465606,0
1422,0.392252726218151,0.657762828227378,0.458933105892863,6
697,0.28372046378674,0.248146092402749,0.56564339234028,2
122,0.539894515182823,0.788168087368831,0.327646141173318,0
1010,0.402994560439145,0.691567313993316,0.457539927243172,4
1159,0.3948189671064,0.722522293655888,0.461414049241675,5
1420,0.401090232094981,0.674130997321089,0.463972570372648,6
190,0.0696976878680289,0.795199390733615,0.456016373354942,0
1316,0.394463643843191,0.664813273791907,0.453326250029081,6
845,0.215029759460595,0.593731200206093,0.658137394301593,3
227,0.141448427923024,0.162987756310031,0.881412268383428,0
967,0.39212081677185,0.696923897725326,0.454327991735553,4
1288,0.396455642511207,0.729419825110043,0.455415001466653,5
328,0.24646597243147,0.324143692618236,0.522349928226322,1
986,0.411149050724113,0.695532491552309,0.455951474985213,4
1082,0.396953811561721,0.69247605538346,0.448316822694172,4
1105,0.389108035908565,0.721839219829405,0.452147458732952,5
337,0.245821542423219,0.245321709080599,0.730041512241587,1
1427,0.402216420551861,0.670388320221362,0.452590035955958,6
818,0.21638273256598,0.497637813678011,0.790341425524093,3
638,0.278122042915784,0.553809745819308,0.602494935924187,2
1041,0.404262718157815,0.699533153379794,0.45461430547167,4
830,0.216809706913773,0.201895830454305,0.555454520694912,3
223,0.304667421150953,0.870984514942393,0.670820632716641,0
1086,0.383961338949959,0.695428606689217,0.458347646008799,4
659,0.278128368810285,0.591396872419864,0.783711213455536,2
963,0.398904107200128,0.702000972908319,0.446587157795356,4
890,0.214708961453289,0.230072680511512,0.417721996619366,3
438,0.249794031905476,0.152480156742968,0.358929460821673,1
234,0.884799935156479,0.600236524827778,0.461361212888733,0
1184,0.402464894753847,0.721791439387391,0.462229755701449,5
885,0.217576569148805,0.186473912210204,0.344716645381413,3
911,0.389202648463368,0.703903716954089,0.462084603067062,4
652,0.282096957468893,0.55112764518708,0.396935400855728,2
1099,0.39466323759168,0.691949099971445,0.453406795694745,4
43,0.956549399299547,0.873590786242858,0.133999354904518,0
318,0.249693105346523,0.431441197521053,0.621993757737801,1
622,0.281659259831067,0.222092479700223,0.461410872358829,2
448,0.25088579375064,0.136721603572369,0.388215968804434,1
784,0.215736924870871,0.234746143454686,0.690798973850906,3
1207,0.389349351424909,0.725941725280468,0.458651478448595,5
591,0.276295669307001,0.256193599198014,0.738743700040504,2
663,0.274367273212411,0.160933288861997,0.539463346311823,2
1135,0.397444810286565,0.726293565391272,0.456172377541213,5
983,0.390680384938782,0.690581925730043,0.459781193628575,4
756,0.214256333843805,0.452713709441014,0.599365786020644,3
1152,0.399232416360649,0.729951135886873,0.453057237564179,5
547,0.277760136250872,0.197992561152205,0.364619363751262,2
82,0.621202434645966,0.761658220784739,0.202721174806356,0
159,0.307284311391413,0.284075389849022,0.109863055171445,0
1095,0.394405111104584,0.702711889229494,0.452934554715149,4
353,0.252111917249858,0.587453345069662,0.322066319710575,1
717,0.224123979287688,0.212916957563721,0.814097443781793,3
1479,0.398394884674677,0.662749710509758,0.464666691058007,6
1367,0.389496583297382,0.664426633565291,0.454687543702773,6
932,0.399376970837564,0.695742478884802,0.454151284191345,4
1150,0.407535869376175,0.72710738394147,0.455529177546341,5
902,0.391137903954457,0.695691193659285,0.456214643378097,4
764,0.216988471639343,0.390832105069421,0.518124152859673,3
146,0.620821096235886,0.618225896498188,0.904870622092858,0
1311,0.399039994763823,0.672270240997963,0.461604330500031,6
1200,0.401452633978068,0.731715831046424,0.44546370037955,5
303,0.248694880718831,0.365194354206324,0.444886924419552,1
200,0.45065028523095,0.1359489755705,0.380250823451206,0
581,0.281651929568034,0.514143741806038,0.743084015976638,2
351,0.24577656859532,0.345131359645166,0.335775187890977,1
862,0.218126362522598,0.187112363055348,0.687793078436516,3
938,0.39508239520794,0.693004971391756,0.451722807327288,4
253,0.147951664403081,0.993814122397453,0.726406663656235,0
41,0.547656467417255,0.279123961692676,0.861918159993365,0
1343,0.398394832863631,0.665002368647703,0.464100606691931,6
89,0.493720509810373,0.521270112367347,0.557683449471369,0
29,0.563540938077495,0.141703283647075,0.630120177287608,0
643,0.278231805681717,0.480676033184864,0.455930450535379,2
215,0.0380100626498461,0.670199943473563,0.415444658603519,0
1390,0.398901653667876,0.662924446271533,0.449413860785168,6
1195,0.404344900527939,0.727044120134733,0.459109707576072,5
392,0.25139422228327,0.183040649630129,0.557460815133527,1
85,0.202940835151821,0.139024933567271,0.974407310597599,0
1224,0.400099819317207,0.728528776527653,0.461451905330528,5
1410,0.397660696180456,0.670349928246786,0.453800038911066,6
874,0.220372163422871,0.125373042654246,0.70252490574494,3
856,0.21775272598723,0.136363579542376,0.768748338986188,3
49,0.409301463980228,0.721810257993639,0.782041100319475,0
424,0.249975540312007,0.200068450649269,0.546571111609228,1
821,0.217084083457012,0.304319982184097,0.598163444618695,3
26,0.607626082841307,0.134626639541239,0.856830278178677,0
483,0.251506992846262,0.242486568866298,0.594960799743421,1
370,0.253900266652927,0.272040994954295,0.378402963466942,1
578,0.275642713285051,0.326076348079368,0.807074161665514,2
183,0.0767008680850267,0.0227146137040108,0.706879895878956,0
955,0.396861184048847,0.692837295632636,0.444652325675514,4
217,0.81976753519848,0.0161909470334649,0.711200867546722,0
1076,0.395917762397682,0.699685993014965,0.456155216270173,4
237,0.656326374039054,0.200032813474536,0.323379239300266,0
470,0.249025099582505,0.436105853528716,0.350856645684689,1
926,0.393339396710736,0.694953401783993,0.452029947297959,4
300,0.945090194465593,0.257631113519892,0.495998902246356,0
395,0.248407515105791,0.302699503838085,0.527178969420493,1
1484,0.398441384634108,0.65953105737206,0.45985941378841,6
1034,0.399534039309752,0.700557096317454,0.457459124345732,4
1083,0.391608067412697,0.700225836006209,0.462647790443963,4
150,0.26415275875479,0.670817337930202,0.749943248927593,0
781,0.220001265453175,0.186816625413485,0.590662172134034,3
1362,0.38332974938736,0.674368744517259,0.454626463398347,6
111,0.729327606968582,0.557705887127668,0.562851027585566,0
422,0.249800086843316,0.177183730411343,0.587363517913036,1
1137,0.3991703760935,0.726170831726006,0.465246627229352,5
311,0.250436846930534,0.464222767041065,0.656635513482615,1
757,0.223853543780278,0.493298012297601,0.761385780014098,3
1222,0.397679186465573,0.727462786337136,0.461562977136483,5
177,0.0363163363654166,0.36854975996539,0.732615956803784,0
1020,0.39353753748821,0.688546564441735,0.452552841980832,4
1066,0.397213353172511,0.691633307628501,0.45518063604495,4
645,0.279540454712696,0.463530213572085,0.782393669080921,2
1231,0.39106240013026,0.730903308544385,0.452971334449736,5
505,0.279187154811807,0.552229728200473,0.784564135433175,2
899,0.217382475747727,0.321723699220456,0.670577784487978,3
936,0.39485412806068,0.693633504825287,0.454556655417872,4
613,0.275745204228442,0.202210755669512,0.502826669788919,2
1056,0.403571397947319,0.699535043616228,0.459360496374725,4
823,0.223287340945099,0.401911665219814,0.395876952982508,3
1058,0.396866136847471,0.696459677785587,0.456351294141186,4
749,0.219346307232045,0.457473138114437,0.571871298085898,3
4,0.416828947607428,0.120745248859748,0.0160978324711323,0
1158,0.399071608876691,0.719020717777881,0.457219747098972,5
1366,0.400377135732257,0.662888933074243,0.450776912364241,6
612,0.280647958857007,0.325743884895928,0.511381277535111,2
920,0.404312159972847,0.69459982345255,0.451758641993464,4
738,0.221313802395016,0.17424608359579,0.546028078952804,3
1142,0.400006399599126,0.719727785450949,0.457433127978456,5
1398,0.388444210232296,0.670659552538458,0.460585919411077,6
1089,0.39284665957814,0.694013648932022,0.450246131740122,4
129,0.209896252024919,0.346606875536963,0.261166034499183,0
933,0.395243863082028,0.697089975989623,0.457881924766884,4
7,0.195842247921973,0.62024684343487,0.286072790389881,0
672,0.280480926779565,0.214876518817618,0.512314303498715,2
480,0.246517991700675,0.4335867902264,0.47240537435282,1
219,0.773149914806709,0.258023273665458,0.964393715607002,0
382,0.249571746794973,0.168525783228688,0.574077053763904,1
1429,0.391492800644423,0.659572042210507,0.454475084749199,6
403,0.246228217738681,0.368366574170068,0.789585025352426,1
600,0.283171874575783,0.25126256654039,0.416324234404601,2
590,0.282353199445643,0.253244409919716,0.376351998723112,2
169,0.109299569157884,0.935333700617775,0.437655347399414,0
359,0.249378993755672,0.482642933959141,0.662990030902438,1
1384,0.405745910844184,0.676833486214767,0.460476871725279,6
278,0.568190562771633,0.377998828189448,0.73865456553176,0
1026,0.392797562989318,0.689131432495593,0.446609992933094,4
880,0.2179992568749,0.427605372620746,0.775144256139174,3
834,0.219093320555985,0.51086285430938,0.624906576890498,3
891,0.216465667414013,0.410094674909487,0.421671326225624,3
358,0.244248051589821,0.247469240333885,0.701880045770668,1
1081,0.381741682433788,0.69904167232136,0.455964718768439,4
1167,0.396591876600274,0.722911129786862,0.46050670243456,5
9,0.43987323413603,0.252670899732038,0.421771741937846,0
993,0.392117436780522,0.698050150163402,0.454328118559575,4
900,0.220060266051441,0.504473294247873,0.654766159318388,3
803,0.218927097697742,0.21478695992846,0.412693026079796,3
554,0.277259866532404,0.559715547016822,0.589138287422247,2
720,0.220516300590243,0.459548014448956,0.65889736469835,3
441,0.250274996017106,0.4013835178921,0.62214631664101,1
727,0.216806219117716,0.23255152348429,0.573439400829375,3
1048,0.39877580941741,0.704201904698723,0.454089600490723,4
595,0.280287393429317,0.2871538012987,0.586196949891746,2
1245,0.399901212169624,0.723836383484138,0.454324603181515,5
1468,0.402998975299874,0.669257581376418,0.451907869984886,6
751,0.216532078287564,0.567165294894949,0.65868684691377,3
946,0.402138122178329,0.693178964481973,0.455027269912779,4
937,0.398844973547639,0.687618315652933,0.45340384480991,4
1481,0.400221445839248,0.667897372962937,0.451402467359907,6
722,0.222789192006458,0.524565957603045,0.372498580208048,3
1397,0.394981772156262,0.664255806203059,0.451773085619901,6
1487,0.401824070808154,0.670291849659263,0.466917526563677,6
1022,0.40057173805799,0.703056091917661,0.455786122902498,4
284,0.707937318366021,0.225406190380454,0.0925046962220222,0
918,0.397308498211391,0.694430105896277,0.451232116584395,4
495,0.253794419756159,0.194017085479572,0.743506435840391,1
308,0.248161561044399,0.280659644398838,0.775979717215523,1
130,0.353539478266612,0.988129080738872,0.763842115178704,0
36,0.482723610009998,0.530354641377926,0.618073304416612,0
230,0.0601404162589461,0.312520483974367,0.332592418184504,0
440,0.24853881543735,0.429680916829966,0.642570023844019,1
1353,0.404235020197868,0.662256546994824,0.459225508475557,6
570,0.283284379076213,0.356647572014481,0.510891375900246,2
700,0.277048651243094,0.51571830897592,0.56068278728053,2
408,0.244851004802622,0.198561177705415,0.568900907598436,1
1385,0.397052431600322,0.665399989968501,0.458073816996467,6
1193,0.397406435140209,0.727572197319698,0.463342474412304,5
96,0.313630692893639,0.78805769700557,0.190078095067292,0
405,0.251228802569676,0.329796789446846,0.505913842422888,1
1486,0.390158553413512,0.66986703789119,0.45950287095009,6
1334,0.396230587357944,0.672150610472516,0.456118817403819,6
588,0.283115518221166,0.32820230780635,0.64380360681098,2
339,0.246038428067695,0.202868025517091,0.686267163208686,1
374,0.249136821001302,0.553567930357531,0.367702464642935,1
131,0.649828769732267,0.61438518576324,0.789181055966765,0
777,0.219944592528045,0.228071150952019,0.326605196646415,3
1325,0.395081167514891,0.667000007468396,0.461687505830937,6
347,0.246758588240482,0.410612196428701,0.761406088317744,1
447,0.248858397868462,0.380875088041648,0.673490042402409,1
940,0.402049086296377,0.693314289621497,0.462208934523779,4
602,0.274404965904541,0.416870767250657,0.513095153565519,2
832,0.22337624515174,0.368773207766935,0.789870740449987,3
864,0.214227248958778,0.351131774950773,0.41669369507581,3
754,0.217311905592214,0.392375169554725,0.600638871383853,3
740,0.217416484602727,0.448251666733995,0.356061323964968,3
881,0.217767155687325,0.247464153333567,0.371256006485783,3
510,0.283265625028871,0.236359343165532,0.623743410292082,2
320,0.248208009072114,0.42723350727465,0.698239830159582,1
148,0.78111244761385,0.514409364433959,0.696953126927838,0
444,0.252707431348972,0.601225534221157,0.698212485364638,1
822,0.222025001328439,0.325453492929228,0.687961450731382,3
17,0.702551819384098,0.192123834742233,0.960839306702837,0
1253,0.401980141928859,0.731592233738193,0.454246447048828,5
1032,0.403535975550416,0.681510099089708,0.456452370241579,4
694,0.280420905181672,0.188847368583083,0.360731148230843,2
1219,0.397864714538028,0.724393684805209,0.454020379042162,5
689,0.274217447398696,0.255547814304009,0.525868092733435,2
671,0.283693001989741,0.30027478246484,0.390073476079851,2
1348,0.393953296659895,0.666133738630826,0.457521721825275,6
313,0.246436237953603,0.2370313371066,0.502546437736601,1
120,0.210580351063982,0.956915640737861,0.48156654369086,0
1196,0.399546704947624,0.72558238583871,0.45809467828451,5
747,0.219613168428186,0.417197792208754,0.649979877471924,3
1023,0.39738372882692,0.699775955854599,0.452103851355556,4
776,0.22251161749009,0.404176565469243,0.686682743905112,3
1037,0.407107486440054,0.697555253082838,0.448680210030792,4
229,0.783901130780578,0.116541573777795,0.164932379033417,0
1145,0.404333910052888,0.724665051026465,0.449106768336032,5
1301,0.403768350860303,0.669554481832383,0.450990542546019,6
947,0.405127870941333,0.685274425785745,0.448700376096457,4
847,0.220749583598226,0.151980428141542,0.546939415112138,3
1183,0.399674077030249,0.729357685885782,0.455305109140071,5
1093,0.389407212231189,0.703864015904472,0.454129323250401,4
379,0.245810790678952,0.553122629527934,0.368984546465799,1
825,0.218161861130502,0.518816836411133,0.685282625327818,3
109,0.312979461625218,0.191767443902791,0.218582675326616,0
646,0.283063944948372,0.517455475288443,0.598867159290239,2
156,0.197803212096915,0.762446347158402,0.100762901129201,0
958,0.394177191406005,0.690738474962995,0.456653799547583,4
951,0.385520248803869,0.685628423308287,0.454077237159389,4
179,0.904443085426465,0.934906349284574,0.507158869178966,0
539,0.274971137363464,0.238465193426237,0.388915997068398,2
490,0.24588405280374,0.250704677775502,0.531495558400638,1
432,0.249652754554991,0.351054009166546,0.705853507574648,1
795,0.215152236784343,0.394606497022323,0.684741406422108,3
556,0.279612315476406,0.414080108865164,0.813881999184378,2
1191,0.401009821321304,0.723427430781391,0.444362861555776,5
540,0.282492548008449,0.160693118348718,0.668544138618745,2
632,0.278939843748231,0.279107316979207,0.745067504420877,2
1286,0.398978721613588,0.719314599438784,0.463342306989483,5
240,0.877890199190006,0.959272756008431,0.155727894743904,0
327,0.252081710151397,0.375145639758557,0.472120515373535,1
999,0.399452292478522,0.701016837624477,0.450177586524223,4
266,0.646582815097645,0.230475096730515,0.757920871255919,0
381,0.251346544802655,0.251799507066607,0.38791312656831,1
1168,0.400056087407006,0.734313166802826,0.459090449910037,5
99,0.556821392616257,0.914298478746787,0.957166784908623,0
1119,0.395694506587078,0.730224866865198,0.46019512137012,5
1329,0.403055464570978,0.65948459458827,0.45750492609159,6
610,0.281053193092812,0.131560844951309,0.351874183467589,2
292,0.11058292305097,0.307265383889899,0.0399278355762362,0
934,0.403332801120472,0.700393984490322,0.459081313414166,4
1088,0.404063130866721,0.699748232970642,0.444634792003486,4
804,0.219407940478995,0.306442084955052,0.636521107819863,3
531,0.277889371437486,0.448970386292785,0.730304654059,2
161,0.325290444307029,0.79331510537304,0.639937626430765,0
1080,0.400425517486457,0.701404586070014,0.460038934368964,4
791,0.222469132184051,0.408854514476843,0.350058172433637,3
273,0.477896713418886,0.898998114746064,0.470634045312181,0
698,0.276321606403217,0.358021368039772,0.523548248060979,2
1252,0.399028613668974,0.731290017994218,0.46008159623026,5
97,0.357542528305203,0.667696718126535,0.720796862617135,0
1148,0.409470061849087,0.734092989969693,0.459014251782834,5
1077,0.389718711029539,0.703340774150719,0.458819362577901,4
921,0.397594369757757,0.693706450323397,0.448648119129958,4
897,0.215559815529268,0.298268525395542,0.657870295760222,3
294,0.676799340872094,0.258907359326258,0.475068924482912,0
1365,0.405681238343306,0.66838136471859,0.455445142253034,6
1129,0.394975564777155,0.72527186511352,0.456584552652637,5
544,0.281519034218509,0.376808583620004,0.556290354882367,2
975,0.391761132858191,0.694205773695,0.455358170877345,4
254,0.114825514843687,0.212734702276066,0.789480005390942,0
872,0.218808183197398,0.451752660330385,0.654044825420715,3
365,0.25366572906496,0.266111224424094,0.608131783851422,1
523,0.281262749950402,0.282997706905007,0.455555495526642,2
305,0.253292442709208,0.431485816836357,0.750040001072921,1
1031,0.400125191795682,0.693137020485003,0.454650795979402,4
1476,0.398974239474189,0.665502164238975,0.454532423284464,6
1421,0.395637995884389,0.673451700317345,0.452945349449571,6
1418,0.401620287505598,0.659739487409779,0.451522234491606,6
21,0.120945806382224,0.388348393375054,0.0801016867626458,0
1126,0.402027780735029,0.728120093640085,0.464318077948279,5
1160,0.3960203390854,0.721602619618714,0.447431243806583,5
919,0.407387118045688,0.690598494070351,0.459760685892032,4
972,0.39710245213092,0.705380324256367,0.448780388691973,4
133,0.464883950538933,0.757590553024784,0.233253244310617,0
113,0.200152172939852,0.654454450123012,0.0688677285797894,0
1110,0.391547097172687,0.736104881032565,0.450503766770652,5
126,0.10717807454057,0.0021632167045027,0.106110900873318,0
18,0.52462436677888,0.202070354949683,0.754783476470038,0
1161,0.395419297727494,0.732132208921873,0.453622573380663,5
925,0.399287282836134,0.692412788125638,0.453526380340664,4
1210,0.396293144311913,0.732663753696988,0.455775147417677,5
728,0.218294561197981,0.588552425033413,0.636890323786065,3
1225,0.399929213150259,0.717693917739581,0.446323892680884,5
1054,0.399662808575801,0.695447003747589,0.453497360806272,4
1217,0.402583130174247,0.727659532385558,0.454855086634778,5
83,0.025258511537686,0.0204210004303604,0.798024111427367,0
1116,0.402028989562192,0.729600989412058,0.450685459603928,5
812,0.223587391995825,0.431836317759007,0.678288353094831,3
657,0.284040975256357,0.198310189996846,0.361804602621123,2
831,0.223346953177825,0.372977802180685,0.322400174173527,3
1021,0.392065254575349,0.692601029615511,0.458280359556554,4
1065,0.391857282732204,0.694313948790709,0.46130637513511,4
32,0.984938940033317,0.241425154730678,0.152065070113167,0
1214,0.395434643960667,0.713979318305357,0.453866276043049,5
695,0.276243366629351,0.327405438758433,0.790193755715154,2
20,0.319119354477152,0.792958072386682,0.933729536132887,0
1138,0.395835529134412,0.716613001852843,0.462439917878832,5
352,0.248139030539896,0.561801103292964,0.467229616781697,1
321,0.250320113550406,0.492634132504463,0.496940045454539,1
338,0.251778296579141,0.186809304519556,0.344830110971816,1
1047,0.398365349742302,0.70081685109896,0.451029530402404,4
323,0.251043681758456,0.467970327474177,0.513141100597568,1
453,0.247964107247535,0.395642942050472,0.584440731746145,1
788,0.223545748351608,0.239289790508337,0.509408111870289,3
256,0.776568255620077,0.858974942006171,0.33776644943282,0
1436,0.394394340010656,0.663855175513642,0.454302835802941,6
644,0.276218144202139,0.405598247889429,0.571244403091259,2
633,0.27578474058304,0.424346703803167,0.330781244509853,2
541,0.28279709934257,0.131212879787199,0.382745784660801,2
1139,0.400906105279829,0.719650775906364,0.455775167922896,5
873,0.219130443311296,0.211973586934619,0.711978925694712,3
1017,0.391718642431338,0.698438926796938,0.45525314536558,4
1443,0.392362426984656,0.674634715163904,0.445711815032283,6
1307,0.390293035604857,0.66519816099022,0.446887020104895,6
1074,0.396983725595022,0.693082743230241,0.450101586823668,4
780,0.214299134216271,0.201773843728006,0.386443536449224,3
1215,0.385871790112623,0.725044040399518,0.463032982885784,5
566,0.275498198019341,0.212828192976303,0.667749410215765,2
1439,0.39301623850188,0.663706944204283,0.450810989318871,6
139,0.907449479913339,0.0940059046261013,0.495519964722916,0
22,0.0154016246087849,0.481412917142734,0.392192342784256,0
1051,0.406702929085514,0.703614769592512,0.454342355716713,4
297,0.394111049361527,0.0765386782586575,0.198238636599854,0
924,0.394536553877453,0.688634332502173,0.462153439873176,4
1454,0.396702644244617,0.669437759508702,0.449134821025812,6
1399,0.410901089701098,0.668499875678718,0.461172699528279,6
762,0.222927861313801,0.523034931626171,0.516084779705852,3
380,0.246507491273806,0.526932525914162,0.652151610772125,1
326,0.247910994796548,0.142046179040335,0.62095211208798,1
77,0.729339566780254,0.502446123631671,0.242603366496041,0
1090,0.406867847284273,0.703109391752381,0.467435801361033,4
138,0.868194406619295,0.651711928192526,0.53669137135148,0
306,0.244409544791561,0.50116073328536,0.694799806294031,1
617,0.281088541517966,0.492332161404192,0.52390391479712,2
235,0.810796540230513,0.822912530740723,0.210049892077222,0
226,0.759632104076445,0.353275147266686,0.387513038702309,0
506,0.27533722538501,0.424985874211416,0.797419189428911,2
956,0.404594598927439,0.69190538619365,0.454933966826526,4
80,0.693938857875764,0.492319794837385,0.392293494893238,0
699,0.284052146340255,0.276279745623469,0.648074781708419,2
12,0.124817723408341,0.26103499927558,0.955576283391565,0
143,0.0586089950520545,0.983135651564226,0.638737724395469,0
209,0.0686855623498559,0.577225267654285,0.406014166772366,0
423,0.244857529473957,0.286516784573905,0.742443176405504,1
1292,0.391853883824843,0.727469680325305,0.455806324003353,5
1060,0.395934861368877,0.69885143845214,0.457579527508559,4
206,0.30052050575614,0.0509463464841247,0.0618098312988877,0
364,0.253976823245175,0.292121057747863,0.347147742123343,1
1419,0.395190053340752,0.66709663221504,0.459829137406739,6
735,0.216375389222521,0.393616595305502,0.364185932511464,3
1274,0.395906894298746,0.719136352967578,0.452415662182467,5
685,0.276329359256197,0.214647578075528,0.691528976964764,2
789,0.219406516873278,0.265206200652756,0.669247245951556,3
406,0.249619108231273,0.587692780420184,0.678745189053007,1
53,0.534571730531752,0.956508165691048,0.647636150941253,0
110,0.128351923078299,0.148316049715504,0.578989292960614,0
576,0.281689829605166,0.282606594730169,0.769884906779043,2
979,0.411822222153343,0.700206709856782,0.462136727166994,4
11,0.312410769751295,0.14353509247303,0.860875832149759,0
724,0.217652473535854,0.419794418499805,0.493549960851669,3
829,0.22264183137333,0.243731260765344,0.770230557839386,3
575,0.277738627933431,0.26268534513656,0.395336015801877,2
981,0.388862690300804,0.693947394443433,0.452005177869026,4
939,0.405301554341973,0.692035767362478,0.453671211456511,4
712,0.22110128166154,0.540737480157986,0.427893782570027,3
1246,0.40258452149442,0.722186654563948,0.444810885504865,5
870,0.221492564287037,0.255494685843587,0.542745305877179,3
1266,0.402414662157262,0.726459831371911,0.460257942252272,5
944,0.391700785667175,0.699240096823048,0.459287318206061,4
1402,0.398121227169103,0.668179348799638,0.451193973577832,6
725,0.221617637886666,0.521852566162124,0.500661890208721,3
487,0.247963174630422,0.480667604482733,0.771491751610301,1
1258,0.400739444065832,0.731376591818539,0.454612017871974,5
846,0.223230976916384,0.38454364950303,0.529477932327427,3
515,0.27843001971487,0.284738212707452,0.453042809455656,2
428,0.254102938806172,0.302168704452924,0.661447592265904,1
690,0.275054988968186,0.182272753678262,0.347571985400282,2
1046,0.393406568004995,0.701158193407319,0.456878362068259,4
819,0.219399634310976,0.149473116151057,0.497927998029627,3
1428,0.400935791640817,0.66017206572768,0.456357622067734,6
783,0.220436848360114,0.543414266081527,0.785175030305982,3
903,0.392827936015087,0.700336089779372,0.455161472947857,4
662,0.27703858932713,0.286568302777596,0.737533547752537,2
1444,0.390405479244335,0.670864140922822,0.450603552300839,6
425,0.252815811701585,0.192144356784411,0.55619908538647,1
558,0.281982416610699,0.344223872642033,0.321502163028345,2
128,0.0807132129557431,0.217385228257626,0.507932853186503,0
1045,0.388929040108243,0.696706997821971,0.449457867499794,4
857,0.217929953064304,0.618424606276676,0.338888116832823,3
680,0.279832468645182,0.412754349410534,0.351192925078794,2
407,0.248102441595402,0.564124562893994,0.614406384248287,1
551,0.275515856954735,0.454152166028507,0.388019855204038,2
511,0.282331182158087,0.210205024341121,0.328586757718585,2
1338,0.399832177141855,0.668426394124162,0.461204409833141,6
533,0.278248055356089,0.400532868574373,0.591544243693352,2
55,0.412267461419106,0.188782442593947,0.0764593209605664,0
971,0.387347969240054,0.696341089417615,0.44744629569396,4
409,0.246629357493948,0.153041138197295,0.73921373935882,1
1027,0.398990278417345,0.695227318470784,0.457118948010905,4
1157,0.395374385351608,0.723381735348359,0.462093480849944,5
1257,0.399724384844917,0.727307617565487,0.461217614088497,5
855,0.220204194860999,0.548488257918507,0.520753112575039,3
1265,0.398362730102331,0.718505685592488,0.463930461769919,5
729,0.222613580198959,0.202628783066757,0.599093125970103,3
157,0.850586556363851,0.470742136705667,0.534098368370906,0
868,0.21859347312944,0.601848006364889,0.564655179809779,3
1209,0.397650033120541,0.720386738339289,0.457909950409351,5
1136,0.398419265905982,0.721374096367152,0.452477300395802,5
19,0.391968563431874,0.709070817800239,0.451815573964268,0
1435,0.392531424607598,0.67155752403081,0.451720610523547,6
285,0.610103950137272,0.873371061868966,0.749009296763688,0
411,0.244563854893204,0.344562507234514,0.491811613505706,1
319,0.249001530345995,0.336356448475271,0.596721257152967,1
1357,0.398073632614374,0.666261978680676,0.449618319910818,6
1437,0.398366171770429,0.66582584316931,0.448089885871329,6
13,0.331636801129207,0.9063842932228,0.81889937329106,0
442,0.249142733665649,0.449793214676902,0.481433907942846,1
565,0.280144722016994,0.227454046835192,0.717369747068733,2
1407,0.396324323159491,0.657291244732266,0.454534295096656,6
385,0.25189070600085,0.3370904577896,0.553508173511364,1
1405,0.396263376288888,0.661360907364194,0.460588314080848,6
1500,0.394619303041281,0.665988444185244,0.460773769848514,6
1096,0.398753738859965,0.698414410962047,0.457752759143352,4
651,0.27998365359148,0.371648887638003,0.437454588431865,2
1327,0.395587255918938,0.665869531036929,0.460036740022811,6
746,0.219646904636174,0.301361617981456,0.747180262883194,3
684,0.280936740362085,0.465420905733481,0.712058970425278,2
614,0.281946043921635,0.325024258461781,0.567693179892376,2
1223,0.40512754740765,0.71669441337965,0.457485975983446,5
1006,0.392568692806639,0.699463153404042,0.457510105767861,4
648,0.279881767758634,0.309177217888646,0.584058697056025,2
1330,0.40610910168618,0.669753211487404,0.460305997993145,6
538,0.283663218284491,0.191972211701795,0.611492600943893,2
454,0.250006582771894,0.306502084131353,0.802139163087122,1
1477,0.396610724773915,0.667756750458865,0.457295676266165,6
486,0.249690682261717,0.540738683310337,0.378230863437057,1
976,0.399365083420996,0.695827014351402,0.457622429136364,4
703,0.214446423782501,0.515649917768314,0.620177677553147,3
828,0.223915238077752,0.451782455435023,0.352216943935491,3
771,0.217667841841467,0.254866043338552,0.468386686476879,3
455,0.249641077711713,0.227284998283722,0.325470740161836,1
1496,0.393694167518015,0.67243946432896,0.448841346652783,6
1495,0.399737642401827,0.662023966694276,0.46302123323949,6
1120,0.396365814629785,0.727349959399618,0.447501957533041,5
560,0.279924662599806,0.129824539530091,0.73715761648491,2
102,0.234270763350651,0.428065046202391,0.480753541225567,0
1259,0.393487322496117,0.717834026007289,0.451132567298764,5
488,0.249519611438736,0.174213738879189,0.624377177050337,1
1262,0.402223365388536,0.726685327493048,0.446691799772348,5
1164,0.40127500761801,0.723593873264984,0.453185120673443,5
1242,0.407586029551295,0.725356295401294,0.457903056357777,5
1394,0.392312413203461,0.660101152197131,0.45179063718029,6
386,0.247760705733672,0.519009811338037,0.723374150181189,1
1075,0.394355698395538,0.698778097087234,0.452953887938305,4
1490,0.393486821648657,0.663379736649038,0.451311564117371,6
243,0.922411281382665,0.847249423386529,0.377859641332179,0
1180,0.398400333584659,0.719054334974396,0.452804124028528,5
1061,0.401725570153765,0.698112149053392,0.461187793001013,4
1472,0.394977035813706,0.671970996433485,0.461410116185894,6
978,0.391949748110217,0.695854648481071,0.464486587376958,4
1070,0.397872034556985,0.701634052635125,0.457271718211536,4
1387,0.397441973870821,0.666331335901172,0.459715542584927,6
1424,0.398845558517961,0.669836348572392,0.455247091600826,6
1170,0.396905594714782,0.720455741551068,0.452014216223364,5
218,0.574845474446192,0.133362212916836,0.59844056982547,0
397,0.2533859276562,0.243502033292316,0.774507296108641,1
1415,0.391704353812784,0.664416078682933,0.449353464978821,6
34,0.222954738885164,0.701942218001932,0.765494035091251,0
57,0.0213140691630542,0.232936706859618,0.158039250643924,0
1498,0.398753380493106,0.667352582010798,0.46178215202892,6
476,0.245896459391806,0.402198175550438,0.570357883535326,1
298,0.214269844815135,0.339591102208942,0.90579992136918,0
1426,0.403952814108874,0.667998948197073,0.450871504808155,6
1431,0.401241371272257,0.667608426333659,0.454337458502952,6
1268,0.392097641015648,0.726677975681415,0.457836699847089,5
1062,0.402881842040792,0.707294203942428,0.446134547109208,4
785,0.219198370475788,0.597334851743653,0.584056245698594,3
160,0.205586436903104,0.48694695183076,0.0464015058241785,0
415,0.245656941595953,0.265552829601802,0.568752207746729,1
888,0.216822876618244,0.387050168355927,0.411866671009921,3
666,0.283306066058576,0.471712871803902,0.537082322011702,2
1462,0.393355635741877,0.669972954349404,0.459597017642567,6
528,0.279479898975696,0.163398634758778,0.473538587405346,2
1071,0.400377582318608,0.697552913182821,0.460787073199599,4
1221,0.404809596587131,0.730569097625231,0.451063590590592,5
1324,0.394559590100747,0.667740304197618,0.459166500932374,6
574,0.277050772004295,0.352766608353704,0.640307545848191,2
491,0.250423090963159,0.235912661184557,0.365688709379174,1
820,0.219764500744641,0.368751624948345,0.716907495819032,3
289,0.797552909702063,0.916293908143416,0.909865684807301,0
1317,0.392999050116553,0.655849264177833,0.46832718627786,6
726,0.22363328757463,0.483049581991509,0.507941715954803,3
1283,0.395617969653371,0.726998758234672,0.455081948534356,5
736,0.219442466755863,0.199370539747179,0.378272896585986,3
840,0.216404290094506,0.141530833789147,0.327216384420171,3
1101,0.402627852038489,0.726738454482976,0.450840197600499,5
503,0.277926026787609,0.504342426778749,0.506054905080237,2
1178,0.395717854389245,0.732609278621285,0.452496179461146,5
1396,0.390821015719909,0.675105277425236,0.453580544586174,6
1380,0.401765367292976,0.668061039363596,0.448748932238497,6
91,0.883977234130725,0.460600132821128,0.237668090499938,0
1321,0.386186623401171,0.66674852729911,0.462938344772666,6
748,0.214709569406696,0.475516186677851,0.463396356278099,3
1165,0.39911114233967,0.728329801955422,0.4520788726059,5
1493,0.398575942778415,0.662323230314165,0.448910557011319,6
1356,0.399109413794333,0.662210549080382,0.452154261996639,6
1186,0.397902406019976,0.718838999163552,0.458012180162021,5
859,0.223309424680192,0.398857004824094,0.766634866548702,3
519,0.278535349497106,0.495691076503135,0.344025179231539,2
1275,0.407874903770963,0.725210743807678,0.459291175520058,5
1233,0.39873847670129,0.729576836458371,0.454238142166765,5
1369,0.398638735317741,0.665910991902521,0.464196125534434,6
1434,0.386900955271523,0.667399067966568,0.454059031007062,6
1456,0.392050010968299,0.664278121477433,0.453384018215306,6
721,0.216516752217431,0.495157954050228,0.773868683329783,3
915,0.389791023117092,0.688015064608517,0.453184599641941,4
853,0.219213194432668,0.328400522703305,0.357548937154934,3
597,0.281924660785589,0.309347806265578,0.465299037937075,2
2,0.503801149548963,0.797005326719955,0.450005339458585,0
281,0.228123483015224,0.034456955967471,0.0474036673549563,0
64,0.687336317496374,0.292071260279045,0.364349069539458,0
375,0.251461155789439,0.590019932831638,0.566637268709019,1
1228,0.397806741103744,0.723633532856583,0.459186622802216,5
718,0.220104823333677,0.391020935028791,0.58892644320149,3
750,0.218108994057402,0.375699024414644,0.573099366459064,3
1115,0.394465725245338,0.72143739149815,0.455987311427245,5
543,0.279907950116321,0.299986324389465,0.512797839078121,2
239,0.363079014234245,0.999009280232713,0.479547109920532,0
701,0.21691937900614,0.394187010009773,0.681771017797291,3
332,0.25103269207757,0.375677016563714,0.517492425465025,1
1333,0.408794401053595,0.669363510491409,0.445820657863048,6
203,0.243996819714084,0.0816836613230407,0.669986651279032,0
1469,0.393658289248892,0.670524341289519,0.458285576631232,6
1122,0.404169507894072,0.730350158915827,0.447649968192019,5
715,0.220413480927236,0.37108413153328,0.32703035552986,3
1171,0.405178126049065,0.720493289718329,0.462631767689949,5
119,0.426677729003131,0.704242812236771,0.516961125889793,0
527,0.282028228244744,0.192509380052797,0.68726675696671,2
497,0.244708535398822,0.363111428217962,0.41464478855487,1
114,0.918537552701309,0.412386106327176,0.209838673239574,0
1276,0.388731117765525,0.726908582280038,0.457806243948837,5
1029,0.398757277021326,0.70295968818137,0.458129879205301,4
174,0.354556050384417,0.818858932470903,0.419505686499178,0
710,0.220982261772733,0.280282132676803,0.43980634661857,3
1465,0.397682864040849,0.670768046640651,0.44958775025515,6
155,0.052206244552508,0.937877469463274,0.89596980647184,0
1470,0.396039334279002,0.670855544124676,0.451894012025344,6
1445,0.403169763667111,0.668247256918049,0.460301055422396,6
960,0.393585968433886,0.696739753095745,0.45051632091622,4
127,0.00506420410238206,0.657662859652191,0.775701362406835,0
51,0.306032417109236,0.240674048895016,0.42501682578586,0
1177,0.396870461192626,0.726137437497728,0.461500702995336,5
964,0.398022730416652,0.697836266284947,0.451064962801375,4
27,0.332197790266946,0.507296564755961,0.554267339175567,0
396,0.247399164191447,0.506520668626763,0.528307739482261,1
362,0.248414862679783,0.274233525851741,0.595063075143844,1
631,0.274345491132699,0.32490450842306,0.747241657529958,2
536,0.276289829118177,0.618124250555411,0.589281511330046,2
867,0.223014778024517,0.317129178787582,0.793583333445713,3
435,0.253233894596342,0.126128919073381,0.369820199394599,1
594,0.280456766101997,0.45612794184126,0.368976933369413,2
1172,0.392794638164013,0.731925680181736,0.455754269724757,5
1134,0.396427388337225,0.726761005007437,0.450404084687889,5
1459,0.39274055267346,0.657314803640541,0.449592085653124,6
504,0.281134547465481,0.578952930402011,0.404272689321078,2
1055,0.401801848539355,0.698272103675596,0.453190413128302,4
1448,0.404402550774932,0.663590134754039,0.45564802234262,6
1300,0.3929154481903,0.724921826480006,0.447422196285624,5
421,0.253347756685689,0.174575301352888,0.786795080709271,1
673,0.283459388145711,0.535468918853439,0.646306729363278,2
514,0.280491884590592,0.206431709229946,0.459146815421991,2
434,0.252889499515295,0.495957473758608,0.455385669902898,1
1475,0.38577484793966,0.656897070714318,0.46188573806401,6
25,0.914125512586907,0.662117456318811,0.633724267361686,0
213,0.607839679578319,0.60032260697335,0.704116634791717,0
1192,0.397724805694612,0.723069647198015,0.451192195974717,5
1355,0.396502260891854,0.664367955140156,0.449797805568616,6
333,0.248550190508831,0.240814494667575,0.774340839427896,1
329,0.253976654948201,0.301974330213852,0.495825155242346,1
1073,0.399601760549656,0.695209421392513,0.453099777068088,4
709,0.214806674718857,0.298206630512141,0.585854869056493,3
494,0.246702240465675,0.383104477659799,0.723948013572954,1
996,0.38944918492858,0.694717769649952,0.455830231984243,4
489,0.250498203819152,0.145966114941984,0.644063292606734,1
295,0.0611218363046646,0.491410203278065,0.156309586949646,0
525,0.280266555598937,0.527934925048612,0.34052006197162,2
707,0.222109860607889,0.578056286554784,0.392942740418948,3
739,0.215468080781866,0.135140929953195,0.738608661293984,3
1260,0.389828778845346,0.721674245001536,0.457874521660887,5
943,0.396243963148017,0.696651582234359,0.451409781356419,4
696,0.275459395276848,0.536185748060234,0.352061059279367,2
322,0.249728982034139,0.502270625205711,0.39927146404516,1
1218,0.394688170265472,0.727185204041127,0.467507486981081,5
357,0.251108598797582,0.251593586872332,0.391902304906398,1
1309,0.392386127755379,0.65999098314188,0.453440271231331,6
1069,0.399913695302147,0.701780231279595,0.44912114995426,4
1400,0.397391417004904,0.666262485407942,0.458629315477278,6
271,0.415749988052994,0.326284248149022,0.994203051552176,0
1392,0.404636371719747,0.661113269891681,0.443686246176855,6
433,0.251345209877472,0.573003079858609,0.767952439677902,1
758,0.215600769331213,0.572408144827932,0.576377402245998,3
1485,0.395780819415707,0.670114603743367,0.461457735763573,6
714,0.223639400545508,0.289820077829063,0.528307397454046,3
462,0.24682081596693,0.34914148109965,0.461093921517022,1
307,0.251988466423936,0.493962151114829,0.447555365925655,1
263,0.543645240133628,0.735781390219927,0.568251739488915,0
250,0.0961230276152492,0.819883409654722,0.137172048445791,0
165,0.391943542985246,0.683649969287217,0.0739688666071743,0
794,0.214687043686863,0.388618191354908,0.796604772168212,3
761,0.21981652257964,0.343827357981354,0.402525735739619,3
798,0.219594130998012,0.373454972286709,0.445753801101819,3
1458,0.403530855655319,0.671594841446363,0.458545692535042,6
583,0.282701350124553,0.555856058024801,0.460553780966438,2
759,0.222134597641416,0.422585981665179,0.646259520854801,3
1108,0.401109520123524,0.722106811075066,0.458521469727216,5
72,0.046886584488675,0.435905703809112,0.0945356418378651,0
341,0.247764295048546,0.429639955866151,0.527792760706507,1
1440,0.395763251740785,0.669315512874971,0.448048048177571,6
1009,0.4046709031639,0.694645172590441,0.45470108868925,4
233,0.257348987739533,0.262672429904342,0.852488422999159,0
1371,0.396824631620439,0.672475610984397,0.462743672427977,6
277,0.951090358896181,0.641002984251827,0.896221704315394,0
675,0.284100569155999,0.486204914166592,0.55876355834771,2
198,0.76664137118496,0.118745719315484,0.21034023608081,0
642,0.276029478618875,0.518803201499395,0.551336972229183,2
1202,0.390308142092733,0.725934322568043,0.449460711838634,5
734,0.221899836375378,0.430267254938371,0.639735529734753,3
650,0.277974771624431,0.392032144125551,0.726180153386667,2
1256,0.394815095936754,0.726116792965689,0.453097290442352,5
935,0.39472282751166,0.693516159677417,0.457526727028559,4
108,0.307964261155576,0.422278818441555,0.269125434802845,0
63,0.0796284070238471,0.975066669983789,0.417400553356856,0
624,0.282507456932217,0.200173083459958,0.73522052152548,2
149,0.918416467029601,0.455532745225355,0.701033330289647,0
1140,0.393795298420217,0.738913833590207,0.451823502877883,5
481,0.24961077578133,0.50345444760751,0.689260614290834,1
1379,0.399081965476426,0.663491288106036,0.45655430399191,6
65,0.343557955464348,0.252829031320289,0.536737417569384,0
664,0.281845325070899,0.618292434839532,0.626676347409375,2
251,0.502477002330124,0.466645861044526,0.929498777957633,0
858,0.223659388804808,0.449970983434469,0.662810774589889,3
429,0.253692970213015,0.248759378213435,0.66141840997152,1
493,0.246137134600431,0.196875240420923,0.573764189449139,1
1464,0.400476471468109,0.675202549148647,0.465383186449919,6
1413,0.395833672359853,0.651423116647367,0.450417607028872,6
606,0.277841343651526,0.14934321155306,0.447616408532485,2
1322,0.394065012973151,0.657972185800873,0.452659672702337,6
693,0.281993309254758,0.471982594812289,0.482497068191879,2
366,0.249574795737863,0.567206528969109,0.76288651379291,1
176,0.365864763269201,0.329342452809215,0.866620703600347,0
564,0.277255751029588,0.46340437408071,0.420167645043694,2
660,0.275193595618475,0.311814144253731,0.692731025931425,2
106,0.952844753628597,0.139922437490895,0.0875130165368319,0
1155,0.392908192893786,0.737225411984125,0.455877544832714,5
878,0.223848981996998,0.333090866566636,0.515056751389056,3
563,0.283752694886644,0.441204632516019,0.439585786499083,2
1236,0.391409788091644,0.719968825397421,0.444078267428942,5
1238,0.395314413352994,0.733807134361347,0.452478813152999,5
984,0.393488940907065,0.694063585125369,0.45123328314825,4
509,0.281300459480844,0.623981603072025,0.747677236050367,2
412,0.244370109252632,0.437026347150095,0.471906864503399,1
772,0.221973786826711,0.545518546132371,0.392556020477787,3
1284,0.39815270056292,0.724044343659892,0.468423392749365,5
797,0.218834763679188,0.5201256563887,0.669487524614669,3
186,0.704679276794195,0.25809928891249,0.0191942979581654,0
1005,0.397078292103704,0.698038773126861,0.45250266764924,4
954,0.397797006168788,0.690874311184803,0.452526053892399,4
391,0.248763123042882,0.244351958157495,0.488441993668675,1
475,0.251413709009066,0.378734224359505,0.516973132221028,1
331,0.250611424122471,0.332836592686363,0.525620767218061,1
390,0.248167519897688,0.300813886104152,0.506811638083309,1
1174,0.408887794792394,0.729910094826028,0.455402490099582,5
702,0.218200930184685,0.304824398248456,0.524092235555872,3
817,0.214206977686845,0.289229502552189,0.606803080951795,3
175,0.112343859858811,0.536900578532368,0.731329248286784,0
661,0.281290913028643,0.1694997837767,0.42229658360593,2
1361,0.395236570227858,0.6741681640935,0.456453842523239,6
1401,0.400083448169886,0.669366182974309,0.463959219054755,6
1314,0.405719775771444,0.671508593447273,0.447899646952444,6
1372,0.390633378335425,0.669045828285223,0.453206804849556,6
807,0.217530863115098,0.216569973970763,0.545501853642054,3
354,0.247401032529306,0.410639067995362,0.711919016973116,1
1042,0.399447382581295,0.699505883660475,0.445517078733644,4
1194,0.397410911240002,0.72008543715555,0.462621386585233,5
1175,0.400241444770748,0.726136067763622,0.462677289384138,5
473,0.247184928560164,0.288426223909482,0.774816057132557,1
1341,0.399330597915226,0.67161563166565,0.448768165864599,6
1254,0.394359822750389,0.721330793949815,0.460204943230923,5
1143,0.392214562586922,0.730238617827409,0.465485790096965,5
1303,0.401285795252731,0.662668880421554,0.460598618485542,6
449,0.253683876646683,0.378007799969055,0.489230744144879,1
1412,0.393409201931755,0.66746615966006,0.452556335084104,6
388,0.252255650141742,0.37802776240278,0.752339839888737,1
1403,0.393147783273522,0.672291117633546,0.452690404042234,6
626,0.281793541607913,0.600062174722552,0.417817698395811,2
1244,0.402417544407058,0.73176857806155,0.456100761625697,5
1173,0.391835666485064,0.715077010203689,0.452374955908418,5
1299,0.397434901839397,0.726734662238399,0.463934745433666,5
1151,0.39916928134843,0.719043418361173,0.460311708919617,5
637,0.281034568890464,0.218901008367538,0.757655749167316,2
1269,0.399139688697155,0.720600993691517,0.449626995254213,5
496,0.251968714506365,0.607704101479612,0.455221183318645,1
299,0.96886938996613,0.531427208334208,0.650047550210729,0
763,0.219881918334868,0.369988005026244,0.432045432808809,3
1318,0.388914686949036,0.671187167369045,0.448373274861499,6
461,0.248399459931534,0.391868477803655,0.45358641394414,1
658,0.282717488373164,0.329457122832537,0.585930798039772,2
67,0.818170002894476,0.794998642755672,0.649097247747704,0
182,0.072743940865621,0.422247515060008,0.396399151301011,0
730,0.222371379011311,0.246768073178828,0.567155906185508,3
1247,0.394759445346458,0.720261831226894,0.454653100360661,5
426,0.245869269741233,0.192463884479366,0.430231851711869,1
532,0.277368914170656,0.171800225041807,0.757339302520268,2
252,0.454887644154951,0.646026538452134,0.916821306571364,0
882,0.222526201026049,0.582650159718469,0.496664761053398,3
524,0.278231264823116,0.231125946156681,0.461009895149618,2
1162,0.399791924199835,0.731855246893426,0.451386212654854,5
615,0.280782637193333,0.262341948458925,0.59195159196388,2
708,0.223020088067278,0.404564868891612,0.684282823069952,3
1240,0.395186319059677,0.731861488706982,0.457329534920967,5
1389,0.391781612914205,0.662965328886221,0.449565283170036,6
1346,0.395354962936536,0.664949620642635,0.464180344910856,6
394,0.244322760992218,0.204426798736677,0.700507911108434,1
849,0.217895314055495,0.191423231735826,0.753658079495654,3
908,0.397075999076343,0.68943410476153,0.453523999540319,4
135,0.532447932288051,0.65119250304997,0.493987657828256,0
516,0.278833763047587,0.622459094505757,0.789435846800916,2
224,0.715256616007537,0.892269768053666,0.964396846713498,0
1267,0.398102668494058,0.725681293844668,0.455122563422299,5
989,0.399460113795603,0.691224078317202,0.455984163835778,4
443,0.244896250145976,0.549180515459739,0.55233252288308,1
808,0.221781224599108,0.430852827383205,0.812344772694632,3
248,0.34355339105241,0.0768886811565608,0.838315976783633,0
112,0.630031040171161,0.799592764582485,0.654716678662226,0
398,0.253167223085184,0.286665837280452,0.727658244152553,1
1273,0.397041943170512,0.72311296070177,0.452235558099576,5
1226,0.406427018231722,0.723587108317984,0.446862213586102,5
463,0.248742460336071,0.48471090500243,0.689688336174004,1
945,0.389119732938792,0.698178073160027,0.463638817874968,4
262,0.278539294842631,0.542521604103968,0.471677705878392,2
1376,0.396054848568394,0.656101451609844,0.457495304636755,6
987,0.385116919596643,0.698627001222585,0.452412154699162,4
66,0.440546980593354,0.967660661553964,0.00602971669286489,0
259,0.337029360001907,0.0678617565426975,0.344363616313785,0
1014,0.39518554204786,0.694764637610368,0.454050831801595,4
654,0.276184034508187,0.33639573387336,0.650075620575808,2
640,0.278114924319089,0.518223053892143,0.744931425969116,2
889,0.219793041814119,0.332965379231609,0.774433888681233,3
1102,0.389963077888134,0.720135025618334,0.454749613811199,5
959,0.395657830180509,0.694726400036703,0.457261521572791,4
779,0.222731431722641,0.444940080749802,0.611385802575387,3
1291,0.391972978814139,0.718052334534631,0.460401153963584,5
985,0.396517838246447,0.687148210727514,0.44395057421686,4
45,0.271105142543092,0.0388632870744914,0.355148233706132,0
78,0.351592600578442,0.480101651512086,0.113991546910256,0
1000,0.391780941568565,0.690350049697093,0.462678387613583,4
792,0.221537163457833,0.426780194393359,0.579275942943059,3
1176,0.397741616568188,0.721883406444551,0.452319844498121,5
537,0.275008041888941,0.572056636330672,0.569496849738061,2
269,0.405802048742771,0.841899681836367,0.88336528185755,0
861,0.219344347275328,0.460473998798989,0.595724485302344,3
535,0.276112194110174,0.532475208630785,0.600959485000931,2
787,0.218684812514111,0.194954823935404,0.448453417816199,3
302,0.246883413558826,0.188589083263651,0.454122213949449,1
1133,0.39075430356987,0.716343591183699,0.457538716499704,5
625,0.27866088984767,0.176847452763468,0.408002345310524,2
238,0.688061783090234,0.676226021023467,0.439310788875446,0
587,0.274775124955922,0.490690081380308,0.387658587144688,2
552,0.276371850599535,0.458506999770179,0.51673247742001,2
883,0.215522855171002,0.172140744980425,0.661591173219495,3
90,0.506791396066546,0.80823909281753,0.631007240852341,0
530,0.283321321171243,0.563983506988734,0.768173941015266,2
522,0.280436532543972,0.144589164410718,0.576260545593686,2
1499,0.391122229919209,0.675473722428067,0.449475580155575,6
1118,0.397296484363682,0.720792657834462,0.458020417197637,5
907,0.394729558473889,0.692856477843494,0.455920491509661,4
957,0.399422345801232,0.694729656196007,0.449965468089632,4
917,0.405707627445682,0.693829272172805,0.45334222998801,4
1199,0.405712458720528,0.728301431213566,0.459437354682867,5
1331,0.402069976715776,0.670095596376965,0.451814418273598,6
117,0.0545726006384939,0.813273063162342,0.463373905047774,0
87,0.735511499689892,0.691609697882086,0.379886052338406,0
884,0.222547848785762,0.293925869860686,0.677255443600006,3
723,0.21959366685478,0.519906310131773,0.604476918885484,3
1038,0.399552146625358,0.692882419701559,0.457221921464579,4
692,0.281921069656964,0.135859497473575,0.571440249867737,2
1497,0.391217591915829,0.662226029096241,0.46143028848948,6
1430,0.394447783703977,0.673671470230123,0.453319371242625,6
420,0.252707844013348,0.377063340623863,0.370149448700249,1
623,0.275113228752744,0.246224308037199,0.762294209050015,2
42,0.453449783148244,0.345352020580322,0.541930538602173,0
275,0.725716220680624,0.163677795557305,0.659343079663813,0
621,0.279795988020487,0.544831876992248,0.78769219010137,2
232,0.676071485271677,0.500048586400226,0.394626331049949,0
744,0.21537170026917,0.221209427574649,0.648349625128321,3
31,0.651163195958361,0.523307624273002,0.403747770702466,0
687,0.275335259858985,0.265387895866297,0.500059523107484,2
1113,0.390839149252858,0.722924185510794,0.453221694296771,5
639,0.277105611197185,0.415469120605849,0.441825789236464,2
603,0.279612144539133,0.244626046158373,0.331760512269102,2
836,0.220655988394283,0.375404759659432,0.561366515653208,3
767,0.216180296211969,0.619668178609572,0.383223275141791,3
274,0.878895536763594,0.899820533581078,0.905167587799951,0
1205,0.405038772416384,0.722383044280695,0.450387480507393,5
815,0.218370126662776,0.450673046172597,0.487111954553984,3
1059,0.399124376811201,0.694263456499208,0.447620548221397,4
376,0.252798471462447,0.367387949838303,0.385360011900775,1
180,0.741339868865907,0.660342884017155,0.29596983268857,0
387,0.24491178159602,0.133420071331784,0.533905508881435,1
349,0.248099138212856,0.338674889178947,0.511693211225793,1
1406,0.407065924597737,0.662882735235007,0.4591433508235,6
474,0.253386668784078,0.388989601866342,0.743738453439437,1
916,0.397382096629998,0.69810402622291,0.463723730507163,4
1391,0.39526814545824,0.663985884650614,0.456947605659993,6
1332,0.397987311397699,0.664677881518932,0.455782597975391,6
1107,0.387374490149803,0.717200833904962,0.456442276743111,5
1016,0.402452052609466,0.682035498062031,0.454140834026613,4
801,0.214259220259264,0.314857786055654,0.433812074316666,3
948,0.397918835839264,0.692027373473299,0.463865227642914,4
1480,0.394681842417825,0.656892910993021,0.457501219311958,6
191,0.336083657341078,0.121621978236362,0.30753135564737,0
1285,0.402265830448659,0.729751047038242,0.449441530343719,5
1349,0.39988611698729,0.657250603500676,0.457972907569692,6
598,0.275410450310446,0.276085168705322,0.437076196726412,2
472,0.244714083508588,0.547949964064173,0.767502436018549,1
1104,0.395420178839044,0.723961376313329,0.456111984845926,5
665,0.278687787437812,0.554133871453814,0.447325706901029,2
909,0.39870807173097,0.690235196632993,0.454862173987238,4
809,0.219746510051191,0.19092442386318,0.481223036255688,3
768,0.21493451026734,0.125056130578741,0.480841793422587,3
745,0.22125389904948,0.388925413484685,0.669587723165751,3
1084,0.395849108209041,0.69908017332593,0.460425673432874,4
1473,0.40290381790106,0.662251723197953,0.453518947145807,6
969,0.397256888322942,0.693335471694011,0.458979547401172,4
513,0.275718424171209,0.194315124768764,0.543631299235858,2
171,0.698252461617813,0.361816243967041,0.246902255341411,0
977,0.400214699403467,0.692966059069456,0.457908460171031,4
1079,0.399006376687442,0.694213339634052,0.455766351200079,4
1271,0.398586622627852,0.730611597788744,0.445122557132546,5
980,0.384620035901126,0.691704472419274,0.457143575787831,4
1013,0.387448472092936,0.699232997623432,0.452411711491964,4
1085,0.396635226262187,0.697632408192446,0.449784143021694,4
10,0.843425462488085,0.228495854884386,0.101273401873186,0
290,0.471740981331095,0.36434129299596,0.192683024099097,0
372,0.248214263701811,0.545698158442974,0.649007119890302,1
1057,0.394872575061431,0.701776851570881,0.454664457976889,4
806,0.217997402595356,0.486501298728399,0.325634735706262,3
773,0.218059939998202,0.155269133043475,0.355384468054399,3
752,0.223157819171902,0.344318601535633,0.522237793612294,3
608,0.277053872349206,0.62122650584206,0.52418184124399,2
439,0.252181180764455,0.61419842671603,0.467142675840296,1
147,0.370296970475465,0.398154171882197,0.539865291444585,0
400,0.251127356120851,0.151548542664386,0.607593393605202,1
431,0.2485306837596,0.231697384268045,0.410002966481261,1
585,0.2777193200076,0.262317097862251,0.603277117549442,2
1064,0.396854466986041,0.696226019597383,0.455410897750078,4
427,0.245896320692264,0.456748803262599,0.701581224403344,1
62,0.926663435529917,0.594359248643741,0.716994676273316,0
1035,0.395475094014035,0.688267960191631,0.456311649009246,4
1123,0.398172104835584,0.724121701712184,0.459870562945871,5
288,0.882732520578429,0.110794448060915,0.164437036728486,0
373,0.250699426371139,0.179923411807977,0.362344457488507,1
1212,0.40063621070141,0.72576162488145,0.454004899174946,5
1125,0.399634450678909,0.723861702536273,0.461350380229024,5
1261,0.403600963175651,0.730466147228422,0.454402785907635,5
170,0.951486308360472,0.280513350851834,0.705338193336502,0
417,0.249470878823195,0.240089114289731,0.543931973935105,1
383,0.244769792868756,0.343565793242306,0.362693858053535,1
1360,0.393877180883228,0.66811250910289,0.448444353233803,6
270,0.517862173030153,0.946466453839093,0.147313720546663,0
512,0.282995575047098,0.615203654160723,0.389717740775086,2
467,0.250453764358535,0.483845337294042,0.322186150192283,1
892,0.217867460667621,0.407248134491965,0.621211825241335,3
1211,0.396860018651931,0.725394471977666,0.457519883193549,5
769,0.214707915228792,0.614337244071066,0.466492705466226,3
1393,0.397032230984307,0.65972259488946,0.455976514539048,6
755,0.217307851903606,0.357153679360636,0.702915173675865,3
484,0.244923872596119,0.182140052667819,0.4493727164343,1
1298,0.392991379086404,0.724900069662783,0.451564469643663,5
260,0.820193203166127,0.203260458773002,0.282129869330674,0
75,0.673581946874037,0.933203937485814,0.152944155735895,0
267,0.889589412137866,0.148590360768139,0.533546126214787,0
549,0.282577995548491,0.186154904658906,0.693147913040593,2
942,0.391985744499174,0.697827024032808,0.453735648106522,4
852,0.214175133460667,0.32372898189351,0.470229638577439,3
457,0.244813673880417,0.260644098045304,0.422840020922013,1
731,0.223953827917576,0.163679443532601,0.420451639057137,3
255,0.64148439373821,0.331363779259846,0.270343066891655,0
59,0.378463380038738,0.163362163584679,0.295314448419958,0
399,0.245321815260686,0.152583590126596,0.323440338671207,1
813,0.215147159157787,0.292866099509411,0.587543514044955,3
309,0.250050854389556,0.175030724261887,0.77289773542434,1
225,0.567405887879431,0.55976064549759,0.340340397320688,0
961,0.396406061097584,0.689804731486819,0.457967768262851,4
863,0.221839294075035,0.221542742103338,0.702952980948612,3
1378,0.397529653716214,0.65647142620224,0.459401361684749,6
1449,0.404957502956233,0.662824807682545,0.458571927477417,6
1264,0.411851668402136,0.720503679484731,0.459303516804259,5
950,0.391964498387223,0.691674487997195,0.455195782437892,4
261,0.349231475731358,0.842663887422532,0.155506437644362,0
464,0.253206943050027,0.454272700240836,0.374959241668694,1
276,0.0487893011886626,0.981248698662966,0.438845581607893,0
145,0.686031803488731,0.764538903022185,0.372324363794178,0
656,0.282726114869583,0.251707194140181,0.466999339358881,2
1019,0.387509948974412,0.699693728070642,0.454356769393325,4
471,0.246748954218347,0.497846150072291,0.668067400646396,1
151,0.7530510451179,0.489192923996598,0.0723099275492132,0
1335,0.393434475600903,0.661304872277107,0.451188821875037,6
35,0.056439260719344,0.649911845335737,0.544566760770977,0
1381,0.396793646428878,0.662984178240873,0.449786688280707,6
952,0.398048224820983,0.710146390702456,0.451639578899838,4
154,0.34637077874504,0.314970645587891,0.57237078784965,0
264,0.508685897104442,0.332045929972082,0.18699267366901,0
1383,0.397351630253449,0.659830343918571,0.451251903240138,6
634,0.275096935604233,0.369874762138352,0.773137320601381,2
164,0.913036343641579,0.756130959838629,0.687229307135567,0
1153,0.394417768652653,0.732235976200521,0.447204533206642,5
824,0.221957635772415,0.47350666904822,0.626724123908207,3
799,0.215576829486527,0.477915166644379,0.388116106693633,3
286,0.608941577142105,0.532689971616492,0.988570765126497,0
1409,0.405316055534993,0.660735246612929,0.454022050921631,6
205,0.165178743423894,0.995430590817705,0.283430967945606,0
389,0.247265506524127,0.254068319569342,0.736962078441866,1
501,0.279097283149604,0.173137618345208,0.45781210642308,2
1395,0.386436917393251,0.662595693128034,0.459491416561899,6
1147,0.395803366955996,0.729253412948848,0.455184702495664,5
805,0.219456349732354,0.133067779941484,0.341031045955606,3
561,0.276933339755051,0.431239559082314,0.796224171365611,2
1432,0.398041419989468,0.662646856482706,0.454927655469962,6
418,0.25119753805222,0.591005039750598,0.455245374771766,1
30,0.36165161174722,0.667319947853684,0.108090713154525,0
456,0.244430144049693,0.47979912115261,0.784499650890939,1
14,0.16919751605019,0.576183271594346,0.871998227899894,0
258,0.993390172952786,0.330169881228358,0.285472869407386,0
970,0.407566080123708,0.692244570449451,0.449423723447616,4
1149,0.398100672091934,0.727437497420459,0.456664544568145,5
1326,0.4007098964129,0.664162567854536,0.454399298030023,6
