1221,0.6021684190379,0.562323929780491,0.505113811807956,6
756,0.590571110149812,0.574651208000479,0.50946795691975,4
430,0.32984659365844,0.761546534532681,0.487580631161109,2
927,0.601193498899691,0.589715565476606,0.497082500742209,4
957,0.598619095353588,0.619615543490443,0.497339202342857,5
1150,0.605622152906527,0.547857216203255,0.496316033712273,6
207,0.305909505155869,0.312532255589031,0.584694801829755,1
880,0.602495275604492,0.580279439334727,0.498786794615183,4
479,0.331152593051083,0.548574403906241,0.156860084272921,2
712,0.266446062508039,0.713119489653036,0.467913848347962,3
565,0.273087040663231,0.298763763788156,0.564929942018352,3
1329,0.599673044933971,0.559230102884263,0.499510544120319,6
236,0.301015319144353,0.305786839849316,0.283684244379401,1
288,0.296197470577899,0.57762290565297,0.151765483082272,1
35,0.441857592435554,0.701441071461886,0.779146366985515,0
492,0.328763978034258,0.312848413758911,0.469138013315387,2
481,0.3272606252064,0.6100039874902,0.557880597538315,2
73,0.966774799861014,0.425122110173106,0.476101083913818,0
201,0.302265248987824,0.714395129750483,0.482604737742804,1
264,0.296362580440473,0.302966322447173,0.310712906997651,1
463,0.330201303788927,0.617230280116201,0.177313958760351,2
193,0.304504429225344,0.662593802832998,0.511264012311585,1
1097,0.601386029462549,0.616291340863532,0.511730009404785,5
856,0.601945670662195,0.572396335326978,0.500357473231484,4
735,0.597590954662337,0.582335907750252,0.49563744415919,4
851,0.595794646002723,0.571289279413186,0.498756169513013,4
1033,0.603172290725485,0.617607844475661,0.497539043246591,5
20,0.841677456628531,0.127608005190268,0.885563323739916,0
719,0.275577864348888,0.505911044008099,0.361944455420598,3
590,0.271847019288689,0.421296538598836,0.275474846712314,3
951,0.594696350737539,0.608756258966168,0.501648051591527,5
1005,0.595227970197712,0.621091246373472,0.505946230748261,5
1105,0.604485364529399,0.608529525487593,0.501395929610903,5
1314,0.59255540388557,0.54274501200455,0.507367010849612,6
665,0.274725270757917,0.535816365084611,0.190410277573392,3
1159,0.591002924641943,0.558944231903514,0.502779607374178,6
393,0.333694831163157,0.731256167218089,0.338041342329234,2
156,0.296961418215651,0.654859051853418,0.566469637677073,1
721,0.268196105805691,0.297435593255796,0.124793708557263,3
98,0.89463243400678,0.305507964221761,0.0597889355849475,0
801,0.595615285421439,0.56966775252121,0.502745278377083,4
1095,0.606456965723696,0.608668044014645,0.501657179271719,5
896,0.600796427732665,0.578273102207643,0.498479158874155,4
1107,0.593954827911721,0.612783629330419,0.48459755000582,5
322,0.30245860994095,0.489194837328978,0.30763653840404,1
955,0.597313939039596,0.608574059891118,0.498734749811343,5
334,0.335052346535958,0.40025206997525,0.1281070522964,2
617,0.274190501905978,0.504826925625093,0.27095933817327,3
165,0.305992703125812,0.561358355847187,0.316486938740127,1
931,0.598653679160424,0.578866329655083,0.502413076003442,4
1093,0.589525825076154,0.615469110756524,0.498881248360189,5
403,0.331240107654594,0.515780495177023,0.368355998885818,2
221,0.302903874164913,0.343158789956942,0.432148145046085,1
466,0.334633316828404,0.609738233895041,0.203486829064786,2
1283,0.603000985949184,0.547794188699331,0.501769991526889,6
89,0.534417560789734,0.955380270257592,0.775132873095572,0
314,0.298080743944738,0.739993469021283,0.209481174475513,1
997,0.591487791673774,0.603560386931867,0.503147909698715,5
584,0.270556663903408,0.373369724885561,0.105933559709229,3
1323,0.591731861303638,0.559180136157895,0.505046849851552,6
693,0.273400088394992,0.531380860647187,0.554127103183419,3
86,0.616769777378067,0.528124637203291,0.152472156565636,0
1140,0.597290968716785,0.554522967647288,0.495401706024416,6
210,0.305711734050419,0.671478675142862,0.324077502707951,1
90,0.986196785932407,0.829809159506112,0.0429520709440112,0
618,0.275464557039086,0.552996907895431,0.218233639840037,3
1195,0.591256693317159,0.546750176139712,0.498581150556861,6
1082,0.596138911923806,0.610295770465417,0.503123915082677,5
813,0.596083140348541,0.566025959954905,0.495421067784009,4
102,0.742257283302024,0.399682652903721,0.0256442513782531,0
547,0.2741534888139,0.629392985301092,0.570562187582254,3
43,0.516034671105444,0.517299019498751,0.547784759895876,0
338,0.330671954951249,0.314972752286121,0.112309572403319,2
1240,0.596291246767675,0.555788622855303,0.500540302038502,6
979,0.606758079652547,0.60628090337075,0.499949581149364,5
548,0.272914304519072,0.380063982843421,0.498766996199265,3
625,0.267480923503172,0.681190491467714,0.434109033318236,3
622,0.271006081781816,0.633602127945051,0.564614245551638,3
1235,0.601724627230833,0.550603599663264,0.498380393981759,6
1119,0.605595819554374,0.608255636610745,0.495158457904814,5
301,0.296822732263245,0.308043833170086,0.545795354177244,1
138,0.300858275289647,0.76845783861354,0.29654120397754,1
432,0.329519421856385,0.684699493274093,0.218595560523681,2
852,0.595993629887227,0.580409682333142,0.502697312359033,4
570,0.270420713832136,0.555935531202704,0.488962784176692,3
202,0.300126436995342,0.45254477118142,0.272143785376102,1
518,0.33401899572229,0.737820784724318,0.438598939450458,2
1274,0.598489533208239,0.553437818507023,0.505967685374043,6
829,0.595524598928764,0.587684568419728,0.503754968538362,4
4,0.862674596020952,0.685159673448652,0.282940833130851,0
1151,0.594428109618371,0.551443650118404,0.492113293221631,6
1243,0.60167103974495,0.560641109936981,0.5061878377637,6
30,0.524035333888605,0.0616129434201866,0.976652085315436,0
749,0.604025361895993,0.581234749335169,0.494489729995509,4
750,0.603559934052888,0.58599257179963,0.501161706351509,4
1212,0.600455373958727,0.549989964546017,0.499063957310943,6
216,0.29730064797448,0.539751361985691,0.211430713534355,1
854,0.607713318284878,0.578989697298016,0.508810363309789,4
637,0.274665235043503,0.484532594378106,0.576180262956768,3
895,0.604313040655877,0.576819273549308,0.498921727600982,4
876,0.600262270596367,0.584508796404227,0.506504104134286,4
1122,0.600853688154624,0.621162001610001,0.507777973854567,5
1028,0.607335874237544,0.605828543361033,0.50124039286875,5
1123,0.593486724209712,0.602756657410333,0.503274624482389,5
846,0.604848423573529,0.582629479808598,0.495032239852731,4
1111,0.600475719294631,0.609544742638912,0.501562543559572,5
603,0.274456005741376,0.590425155055709,0.121591778588481,3
794,0.595861824958515,0.583983100091656,0.49286572861887,4
71,0.299638046417385,0.247049459256232,0.331776095088571,0
1202,0.595320201729502,0.550386436377387,0.495869331400371,6
746,0.606503016225407,0.578461346286119,0.496462878546006,4
460,0.334695642425213,0.389701914088801,0.304971632198431,2
370,0.329439142653719,0.512442998983897,0.172888115863316,2
738,0.602903496363093,0.581369253225573,0.494936105248459,4
133,0.962754811858758,0.933810956543311,0.847986419918016,0
1205,0.601029768746503,0.553078640866974,0.502583171429964,6
1158,0.596950088964856,0.547425183584316,0.493268728598673,6
104,0.486615269677714,0.988004261627793,0.270512298215181,0
197,0.296180187955033,0.337631467776373,0.190263280528598,1
978,0.599091221255056,0.601477838210757,0.503184318651644,5
731,0.271505877987947,0.708221562253311,0.320603044820018,3
1103,0.607434629998786,0.606596803848873,0.502402923211858,5
206,0.301415875756647,0.746775989118032,0.356171079562046,1
1238,0.59867749878969,0.556651129881047,0.506015780730818,6
136,0.298500009037089,0.739421149180271,0.114170996239409,1
79,0.11275945766829,0.796825446421281,0.192930058343336,0
1281,0.601454542669678,0.549508197180528,0.504749723905378,6
878,0.595300240420463,0.587497373414925,0.497085980518402,4
862,0.609049439446014,0.583978986637775,0.505697717623472,4
596,0.27435469627846,0.545710778376088,0.191468713455833,3
793,0.601832065336892,0.581162385202264,0.507156401957839,4
1165,0.594548969697442,0.548285936573773,0.492592571632435,6
861,0.590824345406632,0.583579376126235,0.502648829995728,4
833,0.606053004688415,0.579243109633324,0.507681317934574,4
1190,0.593923203149081,0.54480604617257,0.507817152847825,6
805,0.596455257746752,0.576664891197903,0.501311021449945,4
150,0.305536448603962,0.743894366710447,0.175049275741912,1
129,0.352779946522787,0.816677197348326,0.65102246333845,0
1084,0.600233298329357,0.609278186146243,0.506750863417659,5
404,0.33326222966658,0.501426948863082,0.308948471676558,2
240,0.300778236242477,0.547720674122684,0.440357840736397,1
567,0.267474694112316,0.542518243007362,0.242119973525405,3
789,0.593261363145266,0.584130862496377,0.495902050427886,4
1315,0.59658354934164,0.550936667885753,0.509074569024318,6
522,0.335919408004265,0.679368441738188,0.307339389924891,2
734,0.603480782351553,0.583691060025239,0.496074920266708,4
845,0.594158181602901,0.588252213894109,0.504102303985077,4
525,0.330946594155394,0.634388009598479,0.392707661259919,2
631,0.271870508920401,0.728272547293454,0.409796966006979,3
1199,0.597983810797532,0.55439371137772,0.505863005274496,6
544,0.266223992784508,0.490991219226271,0.477580904727802,3
766,0.608912988931518,0.582257825903182,0.506680548557138,4
279,0.305473995523062,0.372078969189897,0.318740939954296,1
223,0.305876100482419,0.60747355367057,0.31201376055833,1
1101,0.595755380265841,0.604195869330391,0.49438465458963,5
656,0.268833837523125,0.552048182627186,0.399583423510194,3
1301,0.594106128931115,0.551982699320962,0.499255195015173,6
274,0.296848959594499,0.62647713876795,0.413086232845671,1
164,0.297527493603993,0.318790516047739,0.377064356347546,1
709,0.268883251296356,0.293240148038603,0.262094741454348,3
1308,0.606052436842149,0.550946248771249,0.503743222907048,6
991,0.599191107412939,0.60983097551715,0.49889917095802,5
446,0.335355804807041,0.728039967524819,0.237994218128733,2
538,0.268862453452311,0.540865621925332,0.378169333911501,3
759,0.603560344581708,0.580494652761564,0.494899142582474,4
527,0.332651532161981,0.513280944363214,0.577702231006697,2
1152,0.598305877358363,0.550682367045513,0.495423362912471,6
806,0.601660372315077,0.583542803497824,0.5010306367731,4
14,0.478941564681008,0.517770828446373,0.606205709744245,0
226,0.29892285667127,0.307605948345736,0.255302782752551,1
1247,0.598970859076274,0.547921525812544,0.503572431737303,6
667,0.2740225596237,0.572077104402706,0.479482470662333,3
517,0.329852757917251,0.61830924001988,0.393706291913986,2
509,0.327651616518851,0.464819256379269,0.374207270913757,2
1128,0.608165532180946,0.607651094803432,0.499992992517443,5
615,0.275702100656927,0.511280446592718,0.557964318199083,3
1319,0.604500313996217,0.547703493222017,0.501559339016557,6
407,0.331968540649396,0.771408562944271,0.139043859089725,2
376,0.329489528124686,0.347712422301993,0.550129384733737,2
1091,0.600646825354742,0.620548628104173,0.494518305129314,5
361,0.329779044690076,0.736512840772048,0.313488198327832,2
645,0.268734013766516,0.513615622930229,0.506198209826834,3
349,0.331423627983313,0.788412023847923,0.474506721715443,2
559,0.272897476979997,0.711449634796009,0.445279765757732,3
701,0.268280423008837,0.651031932258047,0.269594966550358,3
495,0.329119514047634,0.415565094025806,0.283381010056473,2
158,0.302209182686638,0.406005093292333,0.417349027236924,1
923,0.604281982589287,0.584383434651201,0.495989738436361,4
369,0.326457677572034,0.479736842727289,0.567898992914706,2
163,0.297222335212864,0.377759723272175,0.20956740505062,1
291,0.299213559690397,0.29305036009755,0.264607401215471,1
921,0.602571172563266,0.57933976768824,0.505800211915758,4
253,0.303971263547428,0.443061956833117,0.12164144217968,1
918,0.604538781810619,0.590639270062583,0.497735712535924,4
924,0.598376116701823,0.585939071090543,0.496741764786434,4
859,0.597545847324878,0.583143636339952,0.496904470280906,4
181,0.305498563596047,0.535309339337982,0.246157754561864,1
1076,0.604994316817449,0.617065127845958,0.495300429340594,5
633,0.271463601184078,0.766195149673149,0.387180486111902,3
1258,0.604846707497994,0.553173054803233,0.497197565710668,6
683,0.26679290024098,0.399414650327526,0.335545064299367,3
899,0.596530441358969,0.59287245364885,0.50736151211626,4
926,0.599444356192577,0.589666679832424,0.492054948831095,4
970,0.593608567293501,0.612058300594393,0.500423728309542,5
1239,0.604300221450802,0.553773249995436,0.500536969529073,6
781,0.596709953817273,0.578216993388108,0.50027476285643,4
944,0.597694054552551,0.611103880904931,0.499450831823426,5
436,0.330997125464492,0.407773930975236,0.300066680531017,2
200,0.299312972824555,0.578597417380661,0.117560539743863,1
241,0.305102212033235,0.726571282185614,0.539907654630952,1
530,0.335831756186672,0.54717341104988,0.518505325773731,2
1045,0.599824627646524,0.609974624269292,0.495981694840667,5
167,0.302033712943085,0.493232480878942,0.276546651148237,1
536,0.266774344400037,0.721528543904424,0.538304321817122,3
703,0.267480894257315,0.740561850764789,0.15291477215942,3
438,0.328702669655904,0.51586614146363,0.232475622673519,2
277,0.301665390396956,0.629322321433574,0.150973964482546,1
649,0.270821393248625,0.644180591381155,0.0889908784301952,3
130,0.425132028758526,0.691572966752574,0.423279550392181,0
742,0.608511511982867,0.584249486652603,0.49997248511105,4
387,0.327260242179036,0.555811639456078,0.472239666385576,2
228,0.298791838847101,0.495473892940208,0.57760738930665,1
1161,0.606932584997451,0.545124787435978,0.494455338002763,6
1074,0.597357699430409,0.610797637427843,0.497122714590793,5
1330,0.601710727523509,0.556397850506747,0.497805185541,6
333,0.301162094331812,0.634341698535718,0.4543191192206,1
185,0.302555566213559,0.291777612920851,0.331276881159283,1
429,0.335745469047688,0.368239466031082,0.218531123944558,2
280,0.300580558930524,0.360041466355324,0.241903528105468,1
597,0.271115995503496,0.506215286487714,0.102735525695607,3
8,0.677234941162169,0.615912996931002,0.426488497992977,0
1011,0.591075152898348,0.610794882898893,0.503353060835806,5
441,0.326174694951624,0.725046178605408,0.439447119599208,2
1025,0.603626669638104,0.618913257257811,0.496762920531829,5
566,0.266454148383345,0.682009768136777,0.485103876097128,3
1197,0.605564713768249,0.54399267898995,0.507539083321269,6
934,0.602578089550436,0.609218362212264,0.497817985137579,5
1037,0.59415913504919,0.610361503768871,0.494807702486969,5
1266,0.60177719256484,0.548595615457743,0.501851888709071,6
345,0.332730305804871,0.374090655636974,0.191492639132775,2
1229,0.600528778121514,0.546251343633436,0.500100777919389,6
1237,0.599801566421416,0.550489275857158,0.505381089401244,6
29,0.539340488146991,0.0427344194613397,0.993420627899468,0
563,0.272650119478349,0.734896330325864,0.339785398566164,3
1187,0.598913257119661,0.551865134332528,0.506229196883569,6
445,0.333918378043454,0.690339876385406,0.406661662855186,2
1208,0.603668132882435,0.556205936819236,0.502973801079148,6
1023,0.600798694639331,0.614933784610572,0.492936528399399,5
294,0.30589428788051,0.524435209156945,0.368859713780694,1
1130,0.603870944441085,0.619035933862181,0.502452517955752,5
539,0.275822164940182,0.369264062657021,0.11825807695277,3
867,0.600230734646823,0.582665413494371,0.498588921522225,4
1062,0.603730351094739,0.61509268159811,0.496755505577945,5
75,0.161903344793245,0.525622908491641,0.816881075035781,0
748,0.592758738000965,0.578386674540945,0.496904745071081,4
550,0.270423020950984,0.544291817047633,0.575296111870557,3
630,0.270944318352267,0.489572453475557,0.16622024262324,3
1059,0.599771152564531,0.610094518943257,0.499330836573402,5
823,0.606212254629195,0.57991430688192,0.494038871386051,4
575,0.272720665887464,0.406804606830701,0.425771463196725,3
247,0.304834283522796,0.725720556266606,0.255594967165962,1
1296,0.591818459352604,0.550606900403592,0.499972811002438,6
1252,0.600644156005736,0.552157939384951,0.499964369005178,6
609,0.272954584206454,0.528737919568084,0.577458926243708,3
820,0.605757211537844,0.577227702834181,0.500308523535411,4
1046,0.595604592143106,0.599386125203899,0.511290093616136,5
145,0.298897674712353,0.387885038438253,0.585081725264899,1
1035,0.596832908599865,0.608016797943432,0.503008475206293,5
1058,0.601346773070593,0.610615926674618,0.501941900099217,5
1078,0.597992879857572,0.611532958798899,0.510352813811074,5
101,0.512442281935364,0.0439573009498417,0.739181388402358,0
515,0.332194285802543,0.305742591316812,0.138601395650767,2
69,0.354864750755951,0.977167034521699,0.0238016147632152,0
1250,0.602780515015807,0.550292267820962,0.493802498707589,6
543,0.273621504316106,0.535720468079671,0.370197150157765,3
328,0.30511292697629,0.491971012018621,0.310593582922593,1
454,0.330333397379145,0.342223336501047,0.140726566198282,2
1224,0.594698076583208,0.544115955091033,0.509223504621298,6
1099,0.6004667873075,0.612832952902655,0.494915393645316,5
780,0.598789361329982,0.583800578772624,0.504147789037877,4
56,0.102823752677068,0.0567928277887404,0.595600348431617,0
205,0.304343500193208,0.453842666279525,0.454929685685784,1
641,0.273204582205508,0.531936467206106,0.127223831601441,3
58,0.35577519563958,0.302685488481075,0.14555546711199,0
1012,0.595139413192864,0.61871607457726,0.506362294940078,5
932,0.601035660102017,0.578961591977345,0.506081852640165,4
732,0.268191646458581,0.549376934580505,0.391859237104654,3
1259,0.593396611383337,0.556049057824545,0.505321750908679,6
47,0.591231655329466,0.842784212436527,0.677009752718732,0
306,0.303487303729635,0.603147623757832,0.171884936396964,1
252,0.303885167778935,0.771399985812604,0.0873349277535453,1
763,0.598406227446818,0.580985458509277,0.502866656855524,4
692,0.270135328548495,0.639900534809567,0.46654372708872,3
424,0.326997834604699,0.55091468016617,0.443216068437323,2
1179,0.591945438843936,0.538164756521042,0.509859584625473,6
384,0.32672269678209,0.736033398821019,0.471601106924936,2
27,0.00635068444535136,0.649783631088212,0.659957847092301,0
413,0.334151681144722,0.584377540438436,0.258318159729242,2
848,0.602544802451995,0.585928474874478,0.502321913364067,4
553,0.269630579496734,0.38106816301588,0.474914935417473,3
1072,0.604221958553755,0.610727201737713,0.50032366713897,5
1073,0.592580145700138,0.614004460034759,0.499248503291397,5
717,0.27352267205948,0.703292927867733,0.452996013569646,3
1018,0.602282080730042,0.607863867719109,0.491767214085144,5
359,0.331160568178166,0.600611571385525,0.102839622995816,2
1022,0.600760434273761,0.606770953774308,0.50627363193275,5
1246,0.593746153200835,0.559400487584101,0.501876069565471,6
1215,0.588827140390346,0.549075511514756,0.499325815449589,6
268,0.304397112007719,0.712500167940743,0.374842901714146,1
537,0.269942044320051,0.608363826572895,0.475810854113661,3
1317,0.600507077481204,0.555752860372481,0.503157570882495,6
1102,0.600392991171396,0.610903444907896,0.509486682964862,5
340,0.326321036166046,0.582437410997227,0.303793252678588,2
278,0.302305998059455,0.64723281415645,0.533858551410958,1
490,0.329517031649593,0.441886307485402,0.486121702939272,2
391,0.332435479655396,0.689120518206619,0.284174405620433,2
1244,0.603794146980613,0.54886016231689,0.507518708392073,6
690,0.26795003544772,0.394357828469947,0.539995850878768,3
662,0.271271259146743,0.552559585822746,0.424864591914229,3
269,0.297397413428407,0.492226348654367,0.195980769465677,1
123,0.33337987610139,0.998500851681456,0.408303391886875,0
678,0.272439156780019,0.597821813821793,0.583380334312096,3
1254,0.593487543102131,0.545354270766321,0.505729379197165,6
922,0.597459276127561,0.577459119353202,0.508057028716747,4
503,0.334080860740505,0.684361595939845,0.20825045905076,2
48,0.237587960902601,0.805204048287123,0.707093294709921,0
449,0.33156189246336,0.668307868693955,0.298784697661176,2
1287,0.604473740743623,0.540490203231438,0.500558023072361,6
160,0.305294055058621,0.492064210865647,0.261579832294956,1
1249,0.592153339420693,0.552679149209334,0.499278265968503,6
779,0.598013839199905,0.581212311624478,0.504922899716595,4
1241,0.599489655663188,0.557867886940216,0.499259467033398,6
243,0.3029490398895,0.395524509064853,0.166457376093604,1
78,0.153933865018189,0.0367753047030419,0.294987874105573,0
1216,0.597977361936882,0.548039532663089,0.502473375247577,6
1136,0.597827704297075,0.550212162751558,0.505137840243345,6
1003,0.597042920050378,0.621076624266976,0.500710989408486,5
912,0.604324612960697,0.582245547388548,0.507583081897193,4
659,0.276047186283395,0.478413426713087,0.398656114586629,3
930,0.597959949640646,0.575910484771768,0.493625255424503,4
520,0.330278559809085,0.65322043763008,0.246704432647675,2
224,0.303896923537832,0.503616381715983,0.31007060862612,1
1139,0.604567520646241,0.543974586847671,0.499739008819308,6
600,0.268095349094365,0.529889561980963,0.328457044553943,3
788,0.602814754977494,0.580089485289746,0.493543424392699,4
92,0.778888177825138,0.397111425641924,0.528732169885188,0
967,0.597774256729044,0.618657552914525,0.500553337223581,5
244,0.305639586637262,0.578832424758002,0.169227024773136,1
175,0.300296249915846,0.53810930675827,0.113428602577187,1
1041,0.595866040132483,0.611529553086984,0.507399934738447,5
316,0.297590499792714,0.494103163178079,0.551334373420104,1
821,0.603316796849729,0.590772822994851,0.506534154295909,4
1134,0.602157424249564,0.550037767832637,0.494708315182781,6
511,0.333478506740648,0.493010510038585,0.437328975414857,2
368,0.328981920229271,0.744127485365607,0.409408066654578,2
1204,0.587912201271129,0.544134766858987,0.510759364109732,6
884,0.595039111705086,0.595989093399447,0.501167916094017,4
389,0.335599547000602,0.595297916140407,0.12526706897188,2
1291,0.592395784115093,0.548615155674753,0.50270345567384,6
689,0.273685974802356,0.649744922691025,0.2476846142672,3
261,0.302268419924658,0.319016548618674,0.532552599557675,1
711,0.267382944575511,0.725337030994706,0.389533108915202,3
147,0.29920129590435,0.708721978985705,0.438837865018286,1
1292,0.602416723158177,0.549473550342393,0.503499578953927,6
473,0.328535079255235,0.729425978194922,0.136140288668685,2
23,0.56044473615475,0.515773966675624,0.770868801046163,0
1127,0.599967285673221,0.613206273024376,0.499422751752819,5
124,0.51808613887988,0.766999230487272,0.868365964619443,0
1040,0.602602769617524,0.610761183903721,0.504506057208756,5
506,0.333004744455684,0.506586184771732,0.323533560382202,2
364,0.334163766871207,0.618870356748812,0.293652213527821,2
1289,0.595196986990672,0.552711256441619,0.505066275642012,6
697,0.273997584232129,0.743442261870951,0.430319823441096,3
347,0.333014403725974,0.663012749096379,0.258688281988725,2
1185,0.599268400380663,0.553866411828416,0.511054807000979,6
691,0.266751320895273,0.685349302762188,0.152955654659308,3
648,0.26843986107735,0.769327447214164,0.276363926823251,3
120,0.162160861305892,0.225198496133089,0.398467680206522,0
524,0.326766012122389,0.377478266414255,0.565989501774311,2
363,0.328037487184629,0.777341412892565,0.297735756379552,2
1290,0.604513503487631,0.545893799107868,0.50285041027329,6
907,0.608685055430772,0.581292661257246,0.500635443290669,4
293,0.302191209369339,0.660486667696387,0.444663379923441,1
128,0.903316956944764,0.87597668194212,0.187458024127409,0
875,0.599587402457412,0.579688616507337,0.505341330907903,4
724,0.26709319668822,0.522372666327283,0.431492194300517,3
330,0.300191627831664,0.292628499027342,0.455198232200928,1
1031,0.595074465320573,0.622212478431715,0.496535253364947,5
1169,0.60317926669193,0.551165149975285,0.506058406922069,6
1183,0.598055111911228,0.547261842359105,0.506365519256671,6
139,0.298055086303502,0.380668534012511,0.196102968067862,1
1280,0.601855756794526,0.552027634753923,0.500098812062022,6
1098,0.599686579529621,0.614006340099841,0.50569466115729,5
162,0.305082528898493,0.393096052622423,0.21069864265155,1
771,0.597189922093697,0.574496427843922,0.501701667503782,4
716,0.275781468388159,0.735118547850289,0.459816733724438,3
999,0.599570272691843,0.604325968740177,0.508916085212071,5
984,0.602362445250507,0.612487560920997,0.497431802488217,5
395,0.328972496681381,0.357642101985402,0.205078753409907,2
1149,0.60711027903501,0.545011870898445,0.508141005046006,6
237,0.303436198057607,0.68360414581839,0.535201858030632,1
790,0.602822017486974,0.575399561847583,0.505524887373904,4
137,0.299804485742934,0.709659268544056,0.114490444189869,1
1189,0.595838145261661,0.555437359814905,0.495948750768076,6
494,0.33336279355688,0.305250931228511,0.555643476545811,2
707,0.268588762597647,0.307208781177178,0.418832268798724,3
1262,0.600365095797253,0.548871900914171,0.509652739798984,6
453,0.326395416958258,0.72503358386457,0.272546706255525,2
1310,0.59991278691716,0.547926126755789,0.496485782248221,6
1270,0.590527764074684,0.537440075438573,0.494151656574882,6
192,0.296668353360146,0.680062800343148,0.0931095912819728,1
1191,0.599003770175034,0.549644622922402,0.511253419070544,6
555,0.26728631894337,0.537792280712165,0.36899547080975,3
552,0.275214624889195,0.28998026244808,0.493520545540377,3
774,0.60251251963275,0.587692917895037,0.51224343553777,4
952,0.608947875652449,0.622861412303916,0.50711859105615,5
1248,0.598889121501341,0.552377118440602,0.507815874801458,6
1137,0.595293718695195,0.547745848667532,0.493680690353821,6
655,0.26704359463416,0.698543203226291,0.39051239087712,3
26,0.288657936966047,0.267657081829384,0.734632044564933,0
409,0.326527879075147,0.337963348301128,0.345752301160246,2
80,0.500442910240963,0.433605862781405,0.352430718485266,0
569,0.26882898939075,0.452372488030233,0.305978132411838,3
824,0.600736975440681,0.585724361537201,0.49957539721678,4
1017,0.592644525990465,0.611474013312289,0.506071497880382,5
84,0.102648630971089,0.531125806970522,0.285286113154143,0
281,0.303611405354459,0.718774544121698,0.367635006434284,1
887,0.592081158483196,0.57095667993252,0.499158650851821,4
541,0.275686309272423,0.405707788583823,0.425916010281071,3
242,0.298927885785233,0.542596497852355,0.33715023426339,1
1232,0.605752169977722,0.556808676295103,0.507691823939043,6
834,0.592198314967742,0.584889471577743,0.502191696722709,4
586,0.275709560087416,0.477390935341828,0.29777087084949,3
172,0.30225364662474,0.73067424625624,0.55675945058465,1
1275,0.586552905187917,0.549786770679066,0.504663591520483,6
673,0.271443007837515,0.581125030922704,0.546492119203322,3
1269,0.599497879274119,0.54597231896374,0.500108217794206,6
929,0.605845009229165,0.576830682872699,0.497734015489527,4
499,0.335663265271578,0.435299679683521,0.562767626368441,2
677,0.273213322162628,0.632071283692494,0.122135473531671,3
1048,0.595653472258614,0.612212021446316,0.497352825662668,5
1217,0.596001206500927,0.546768122426621,0.499102102002535,6
1030,0.599205957689704,0.601094056506116,0.491925302138027,5
408,0.327654185642023,0.431779192457907,0.423658434767276,2
772,0.604307571270037,0.577467339607783,0.496425252361772,4
1276,0.60630353000364,0.547117679938584,0.494232630553314,6
787,0.597139083638274,0.586682204695793,0.494331274184839,4
989,0.591189856295381,0.606002008418768,0.508391003581385,5
323,0.304479734103661,0.470476848818362,0.108604032429866,1
562,0.275640214236919,0.745368013437837,0.434282044298016,3
905,0.602243773227979,0.578062907206543,0.499272061546088,4
177,0.296673904713243,0.399626688961871,0.225139262038283,1
760,0.597795566478461,0.588523646189255,0.506302185566237,4
769,0.599936286172749,0.588031923762593,0.496930450219051,4
451,0.33142203241121,0.622457790584304,0.235523053328507,2
672,0.266648993347771,0.440148521028459,0.281424813671038,3
1032,0.596310979835932,0.611049636854376,0.497443265445852,5
1094,0.59766483766678,0.608535349340767,0.501948121542536,5
635,0.275166523610242,0.510688992263749,0.277929920470342,3
375,0.329930912381969,0.436294537317008,0.523831487633288,2
528,0.335902505361009,0.658356261835434,0.295058405143209,2
249,0.299355394784361,0.784578036447056,0.143900781171396,1
1207,0.600790529775112,0.548631188904759,0.498921372588895,6
113,0.907568916212767,0.432338614482433,0.793574830051512,0
245,0.300009696332272,0.348645454086363,0.129390549031086,1
778,0.588533012659078,0.586887765763066,0.504095106050075,4
275,0.299893134902231,0.597491073003039,0.532835875637829,1
1200,0.592804526173904,0.54553441711732,0.499646065646114,6
1277,0.597988583198217,0.554281693951944,0.499472989635956,6
88,0.0620065149851143,0.999669692013413,0.581274930154905,0
792,0.599337412040729,0.580004629178683,0.506711396436678,4
462,0.33408231146168,0.342010352690704,0.471281984704547,2
626,0.267085658453871,0.779469142714515,0.524685164913535,3
857,0.601504757372841,0.573012223555962,0.498684637180699,4
643,0.2744853263814,0.530113496282138,0.155983072821982,3
980,0.600575670821181,0.616095797467855,0.500852316909181,5
273,0.301048550740816,0.764116293680854,0.429670991958119,1
958,0.595611240900584,0.604015288673877,0.498240837861504,5
679,0.266866180174984,0.391424832912162,0.154120065039024,3
729,0.266085285998415,0.57693254975602,0.43396591336932,3
685,0.27280225348426,0.707454250822775,0.343249262543395,3
1236,0.600062145377038,0.544857264534098,0.500590930469308,6
230,0.298035152973607,0.365900567895733,0.155900973710231,1
325,0.304443147303537,0.737159943138249,0.581216077785939,1
1026,0.599679164503211,0.619040041309148,0.501661661360576,5
500,0.329350202269852,0.622066304832697,0.37310959934257,2
531,0.330213250808884,0.464546623802744,0.519158961251378,2
653,0.272612164157908,0.373702414031141,0.35179107892327,3
348,0.329964193552733,0.519006915320642,0.0997576339868829,2
576,0.270343562392518,0.679713483131491,0.536397793563083,3
904,0.596167542867014,0.588597349550859,0.509068661196828,4
671,0.270587128447369,0.377733571152203,0.404321236186661,3
1271,0.600865631523131,0.546664494934722,0.502816367414929,6
303,0.299575723516755,0.644830631720834,0.453724816325121,1
140,0.304506273595616,0.598686241358519,0.0944934193976223,1
1220,0.595305309545317,0.548101230543468,0.511535367918282,6
352,0.33310603881022,0.32991424521897,0.100653393659741,2
1174,0.607045579492249,0.548655087806483,0.499300540674662,6
835,0.607810557860519,0.576256954149417,0.502885731681396,4
995,0.602383308412244,0.610255430078794,0.5004222477006,5
260,0.296754347097594,0.384523821924813,0.0938525901874527,1
585,0.274357998883352,0.669666587770917,0.277508200379089,3
660,0.273954510991462,0.538080092682503,0.19564251601696,3
1080,0.604528579898669,0.613727118295866,0.498546391492818,5
106,0.307623790577054,0.222604403970763,0.999956804094836,0
909,0.598920506589786,0.576934926887751,0.503711626132273,4
474,0.333079661668744,0.625052612670697,0.542132759001106,2
589,0.274224870908074,0.500084550166503,0.19781416747719,3
493,0.331518809916452,0.654786251066253,0.585230238270015,2
903,0.598574256348328,0.582130254249731,0.510769358957929,4
1125,0.597825958345458,0.61596735643737,0.506624415665134,5
722,0.274587464090437,0.504207656416111,0.0937055639224127,3
190,0.305299224923365,0.746218861592934,0.50947484257631,1
783,0.594161507508766,0.587833074659858,0.509834878071971,4
1279,0.608482944868838,0.54680593125022,0.504772546087988,6
939,0.606312565050219,0.61270278204899,0.499225411858669,5
1177,0.6019655127807,0.557680136872008,0.500961370999322,6
1113,0.594003930323088,0.615472569200013,0.499140529505618,5
713,0.274026010513771,0.510883177793585,0.364955613156781,3
127,0.294149258639663,0.945490810088813,0.594442793168128,0
1253,0.600028951292945,0.548482413541512,0.497368719193125,6
1138,0.604222385283453,0.55324213216389,0.503853981184358,6
339,0.327980417930521,0.347659381036647,0.570997119066305,2
1147,0.595177995713058,0.557883031474302,0.498142901367857,6
521,0.335092984607909,0.507446499704383,0.425560774165206,2
1004,0.605332498710617,0.604213937346731,0.503388010657114,5
358,0.329962235491257,0.64843344623223,0.284108920604922,2
1261,0.593816029286765,0.559400369740779,0.498117259644649,6
125,0.438028067117557,0.0718147011939436,0.407153061591089,0
514,0.327761421992909,0.545676483120769,0.45507162460126,2
941,0.602342274366387,0.606495088566131,0.507467540090752,5
157,0.29883368529845,0.494352418160997,0.253273371257819,1
872,0.59559732436522,0.580441331052519,0.502747479819541,4
962,0.606581723971597,0.606759192411017,0.507425646964005,5
326,0.301256742242258,0.350539476424456,0.383139962446876,1
700,0.270584936561063,0.734176504123025,0.508326744660735,3
1307,0.607050391519675,0.54971786148092,0.500608704549744,6
346,0.335760384134483,0.745008894987404,0.577973140054382,2
765,0.60770236346802,0.572887937236727,0.500688119387653,4
577,0.273816320803016,0.405473789712414,0.461036226944998,3
199,0.305528568881564,0.719646126660518,0.531836264766753,1
1226,0.600294658347001,0.55310748492707,0.506757451761136,6
773,0.604827978781831,0.582964301804845,0.502635535386507,4
222,0.297681355618406,0.384717529104091,0.46678000560496,1
519,0.327559622933623,0.313029528525658,0.498671171371825,2
658,0.270204981046263,0.718721874803305,0.568966637249105,3
507,0.334640359340701,0.563912601140328,0.161371988127939,2
796,0.601696598578086,0.583593496112998,0.497099434967273,4
1264,0.593694875205374,0.559079111901293,0.507707390780968,6
394,0.329102042142768,0.731889638281427,0.465532415895723,2
70,0.289437442785129,0.710293157724664,0.758760303491727,0
680,0.268657417532522,0.426212574983947,0.15551806834992,3
472,0.329633945648093,0.575866018002853,0.0857829303713515,2
775,0.597383086540412,0.585443871216377,0.504385234849315,4
1163,0.594242201175646,0.556959649266523,0.502207553279102,6
1112,0.603857158211599,0.613041695550502,0.498695630278296,5
718,0.266446619143244,0.499972073407844,0.536976055474952,3
1228,0.607800542841969,0.55434903165517,0.504858645810696,6
694,0.273995746707078,0.554627976776101,0.147608315804973,3
134,0.305346502549946,0.711085509089753,0.323526890133508,1
583,0.271391995453741,0.463770984951407,0.221987749449909,3
406,0.330985437626951,0.34316095772665,0.358842111076228,2
25,0.27835507877171,0.03044009860605,0.655881941784173,0
977,0.600762695490126,0.610867526088557,0.495955373698835,5
1007,0.592556466296245,0.616570339960064,0.506119792242667,5
1145,0.59921213840328,0.546927372075663,0.501341684768622,6
1255,0.599478026382772,0.549072516502891,0.503281438498966,6
44,0.361697670537978,0.131685541942716,0.642516808584332,0
836,0.600480340405921,0.58907224713475,0.501397858017946,4
504,0.329209651008714,0.517564570112154,0.469712500227615,2
450,0.333833620764781,0.646565668447875,0.130077174981125,2
300,0.300361854049843,0.554816454811953,0.431885238154791,1
263,0.299426052458584,0.406357002956793,0.570559284416959,1
535,0.266099751682486,0.39929312414024,0.28322166390717,3
311,0.298826194915455,0.512043500249274,0.135943352477625,1
675,0.274345354824327,0.432107737101615,0.419906320050359,3
1188,0.606971743306707,0.557502742629008,0.505914495129575,6
1092,0.599082029644467,0.601323863075956,0.510625521238027,5
891,0.603619371761334,0.583816784707155,0.499177959308897,4
52,0.983191753970459,0.806246937485412,0.779581364477053,0
15,0.671096016652882,0.249052932253107,0.794789838138968,0
198,0.298981762309559,0.324973879661411,0.110222632414661,1
727,0.270229279787745,0.470249066874385,0.303189106751233,3
588,0.275676231281832,0.32269846291747,0.372420932748355,3
858,0.603169731962112,0.580940480186512,0.50323097318399,4
1016,0.587038674457231,0.612915703172337,0.497790738343971,5
1222,0.606027202231945,0.54858137639483,0.510573115465639,6
171,0.303696973705664,0.405310682300478,0.560633289511316,1
402,0.332790821876843,0.749842211999931,0.331304980907589,2
1312,0.595163490035456,0.544080797555539,0.49761138598396,6
505,0.326642136659939,0.641897797398269,0.315842549898662,2
64,0.429625527467579,0.247134292731062,0.491339266533032,0
1077,0.599534420700234,0.609141721615319,0.501560078975207,5
797,0.597917373856888,0.590083028943108,0.510505443347038,4
459,0.327984021508601,0.546823214669712,0.142632044502534,2
1066,0.59909405165736,0.613785595910739,0.495322446244062,5
357,0.334966603694484,0.415988933341578,0.426934418617748,2
234,0.298149177373853,0.294435418490321,0.360970124369487,1
1043,0.59555535050343,0.602716714762268,0.505403133444426,5
332,0.303087653340772,0.717122756922618,0.224727005814202,1
526,0.332604529559612,0.410501078166999,0.303489321959205,2
812,0.603985843376585,0.59494613290895,0.501342427996582,4
239,0.304517915982287,0.632163957273588,0.20147958106827,1
1079,0.60061041792752,0.598484568164089,0.495449510326205,5
57,0.158557271817699,0.830973048927262,0.30856961524114,0
937,0.605977981261614,0.612986379948107,0.503848459418719,5
87,0.13981980108656,0.46138451830484,0.74058929970488,0
112,0.272522634826601,0.724434320116416,0.206238856771961,3
883,0.597986877693212,0.573674664077628,0.498332945318097,4
28,0.877996922470629,0.622844476019964,0.541703017428517,0
121,0.878733763936907,0.764546071179211,0.896356607088819,0
1225,0.592982335572805,0.551288328690344,0.498199482520517,6
1166,0.599506915655156,0.552315174386104,0.501828909458182,6
606,0.271406567618251,0.62098600382451,0.230092588579282,3
1160,0.597854229229712,0.550902782226293,0.501985445282833,6
1019,0.593239559271631,0.603929893084492,0.503724280918325,5
1213,0.598362500707872,0.543676069298114,0.50035152153794,6
476,0.334678960454185,0.398221726343036,0.56094025762286,2
10,0.593120013829321,0.0974784484133124,0.451004813890904,0
874,0.60205381938567,0.580430697304116,0.502569752248507,4
996,0.600076017260519,0.616869139739182,0.497620626219871,5
822,0.604781496505272,0.584038854079057,0.504431300395393,4
540,0.272328709142748,0.560943592968397,0.557984737330116,3
152,0.301656119148247,0.492465782142244,0.305284952861257,1
1295,0.593486071824258,0.555264145161649,0.509585703750099,6
287,0.305144279664382,0.646100382134318,0.462572682765312,1
512,0.330303668878041,0.412465510703623,0.312792302574962,2
187,0.298680967665277,0.340711042331532,0.488120013731532,1
1055,0.60765730286357,0.61633316826098,0.49469927806187,5
777,0.595655898585527,0.583088507743695,0.507253447703406,4
561,0.266991854268126,0.759451282722876,0.481061402708292,3
377,0.333455721060746,0.438259474397637,0.521802492556162,2
568,0.274604812201578,0.292870896798559,0.446927568642423,3
1268,0.588976694575776,0.556398722074385,0.499333335436495,6
1120,0.601728728000191,0.621988236657335,0.506813884018777,5
401,0.32975749556208,0.577671693102457,0.371327480650507,2
179,0.301152956981678,0.532521615200676,0.550925823044963,1
161,0.303674437268637,0.600969909853302,0.102978445705958,1
768,0.594404072246493,0.58671936791913,0.499503299990502,4
61,0.703957319026813,0.883192532928661,0.965091168181971,0
987,0.590576422807629,0.6165722178741,0.503762917182867,5
231,0.301745788487606,0.421170394099318,0.526753422338516,1
1088,0.598101308257053,0.617096181940124,0.505417937911393,5
592,0.267797116285656,0.489996092440561,0.168148118536919,3
1042,0.602157762940004,0.61238180384827,0.49751336305675,5
900,0.604369709358848,0.579346977370173,0.509689747657914,4
218,0.302759583471343,0.350774019188248,0.112117172568105,1
85,0.867356377653778,0.199846882838756,0.819052358157933,0
135,0.299344173506834,0.300578638492152,0.463324105949141,1
203,0.301451084155124,0.493312827358022,0.28890585177578,1
580,0.275405913342256,0.532093470147811,0.557862075045705,3
1193,0.597441365235123,0.547113484525702,0.501893392885615,6
183,0.302754854466766,0.376247625262477,0.399835032876581,1
428,0.334865784726571,0.462972935568541,0.336568425176665,2
400,0.329354544563685,0.412683441815898,0.210019411286339,2
571,0.269602524319198,0.500957966712304,0.200460620690137,3
1175,0.604929449455377,0.546984290587304,0.50173190428381,6
154,0.304070486230776,0.351040542754345,0.433040647767484,1
702,0.270458417178597,0.545051866723225,0.167505563353188,3
383,0.328489214489237,0.723461581440643,0.197857535793446,2
418,0.333391747181304,0.525114883482456,0.387181888218038,2
271,0.301789375252556,0.779456940409727,0.151934906723909,1
204,0.30026975204004,0.746735184150748,0.254015998216346,1
405,0.33453939006431,0.322196188080125,0.27493576228153,2
46,0.318276764592156,0.325072263833135,0.9217827944085,0
76,0.261428071651608,0.785933914128691,0.822208902100101,0
1029,0.60007839671626,0.602959727118763,0.501156982278441,5
928,0.606269350963185,0.585898280877922,0.496595215137005,4
572,0.269222314562649,0.685235755215399,0.499929728684947,3
785,0.597760870192034,0.583414562677341,0.504892474104343,4
1178,0.604008381479176,0.545909279480235,0.494043000511269,6
1284,0.593253286210135,0.554830771234117,0.496008353919715,6
591,0.27111189491814,0.342972278874368,0.274660916998982,3
669,0.268644791967236,0.327212667139247,0.555125247687101,3
968,0.594872658136601,0.614065469216895,0.505199672785457,5
173,0.297250221625436,0.467009680508636,0.562411727150902,1
290,0.297634452455677,0.358686863724142,0.382932785432786,1
1121,0.610106086495861,0.605720427015529,0.502398100203392,5
581,0.275317698128056,0.330399222369306,0.173383596120402,3
53,0.6882419642061,0.17006703116931,0.792722859652713,0
767,0.602866613020456,0.585530208891225,0.504057084306262,4
745,0.592900861430204,0.589396477717187,0.509317094453636,4
706,0.273028879964259,0.53114117232617,0.141518451622687,3
803,0.606114790722913,0.580124484383998,0.499779767787732,4
272,0.29800535005983,0.407350698183291,0.308403855306096,1
1020,0.599088503007158,0.613183175235674,0.500904930289179,5
381,0.333491415439639,0.29351473976858,0.464886401896365,2
324,0.297372956667095,0.438790091010742,0.575080797425471,1
1154,0.597435770073461,0.556170568585778,0.499791672954302,6
542,0.268278567092493,0.506646178942174,0.416338041424751,3
684,0.272803370773327,0.647957972064614,0.407899112789892,3
704,0.275946236529853,0.787323676678352,0.46565477445256,3
310,0.299459744836204,0.535312142036855,0.103908286895603,1
733,0.273547298572958,0.434887666068971,0.281604432850145,3
95,0.0436352069955319,0.381107509369031,0.38612045510672,0
650,0.272223307418171,0.742705151136033,0.30162022751756,3
195,0.301666172484402,0.72707360801287,0.116995687014423,1
1063,0.610872727103657,0.613279803975987,0.503179896445595,5
427,0.334172568810172,0.758501215418801,0.108584512607194,2
1153,0.608599694404555,0.551717150813662,0.498035851958665,6
681,0.270942139492836,0.323440352268517,0.216974709182978,3
302,0.303293796947692,0.419506143126637,0.531237984425388,1
1143,0.593643277170428,0.544291988210337,0.503322176515036,6
1168,0.607590529307941,0.550191924364717,0.503124876685733,6
947,0.596213618862113,0.60600038967472,0.499496279542319,5
1157,0.602374113665461,0.552283100302719,0.498198870884727,6
647,0.271359201285522,0.623930744058453,0.409434271859936,3
546,0.268062339799944,0.676346705458127,0.487121348734945,3
276,0.300765687951353,0.403270111465827,0.193011998897418,1
1320,0.600984183194444,0.553601909593417,0.501293266492384,6
329,0.300734827488195,0.346982898353599,0.298686770955101,1
250,0.300054206999484,0.685080477315933,0.33971570583526,1
644,0.269155226133298,0.457714319624938,0.242599784629419,3
41,0.460826040478423,0.557200591778383,0.70256388746202,0
1333,0.593897849137792,0.550411418994128,0.50330648203808,6
1060,0.598764714628387,0.60987673582577,0.508018287337739,5
1156,0.591526874279505,0.549623591889228,0.508437828242453,6
1218,0.598972281928028,0.55079725016362,0.496339162100867,6
1267,0.596903292620087,0.549155665798897,0.50415916702122,6
757,0.60399166952469,0.577306589135643,0.503111051930593,4
908,0.601767426187243,0.584115155652689,0.508479815880691,4
1316,0.600200796689527,0.556437974817665,0.515314349037363,6
725,0.266831967053004,0.752305946941488,0.119631216861308,3
354,0.334153716980945,0.535431345156394,0.528287198627368,2
885,0.600469561543311,0.575874569027084,0.501690524790341,4
726,0.267978797564283,0.361065983818844,0.493038063286804,3
208,0.299976483767387,0.341205686028116,0.516124652582221,1
1318,0.602532694976949,0.552624743933027,0.498642572365566,6
1223,0.596086177274886,0.55383927569911,0.503484193740474,6
840,0.601212508536542,0.578184526987743,0.504696955131212,4
945,0.59287257016097,0.615137007333271,0.506665113325968,5
961,0.597734210677896,0.610353443012797,0.503749344635572,5
1081,0.591896831005427,0.611645185392064,0.506077004180861,5
13,0.815307344775647,0.351207314059138,0.47450922196731,0
415,0.334774301149882,0.393799787783064,0.54559042386245,2
1054,0.595979397491606,0.615896001376809,0.498255760211679,5
911,0.598948709259008,0.578929927586397,0.503546180969894,4
818,0.598790478422983,0.580095901774464,0.494748608020835,4
433,0.328714136651252,0.317969866492786,0.327139161759987,2
485,0.332352171242237,0.467747564706951,0.289661190239713,2
608,0.274395606352482,0.775534925446846,0.510621992638335,3
471,0.328437738653738,0.380222780676559,0.144818111439236,2
814,0.595978022489386,0.585070111538049,0.500236290139691,4
356,0.33497509442037,0.696573031996377,0.271640073740855,2
599,0.272183582312427,0.728029503999278,0.177416155813262,3
486,0.330953354281373,0.441031532757916,0.239941001636907,2
1133,0.600172096935595,0.60892511753192,0.496679091086332,5
1108,0.594789508197965,0.602858101925675,0.497302319838824,5
933,0.598240616551309,0.579816356456352,0.506856832178412,4
1047,0.598647501428759,0.60805974306164,0.499612937317679,5
50,0.638658371986821,0.0929933076258749,0.939156695501879,0
510,0.331604701420292,0.593520579906181,0.199107589898631,2
698,0.272079857329372,0.704643991938792,0.298547074082308,3
17,0.27391616278328,0.449820097535849,0.86427577608265,0
892,0.595049396814128,0.577333186874598,0.499927574705408,4
282,0.305877156227361,0.501113799680024,0.242927769082598,1
1068,0.598821474687715,0.608669267000319,0.497533948178696,5
828,0.591151801716654,0.587017446196692,0.499136920632053,4
784,0.598333584641935,0.576804447986627,0.502014986553631,4
816,0.594568591129518,0.578257895893458,0.499379008783604,4
743,0.595744902239442,0.589707822783844,0.494980186498161,4
1065,0.598574467383318,0.610665999820736,0.498495470103273,5
31,0.257582728751004,0.769096773583442,0.220501439413056,0
639,0.275481287557632,0.37275099537801,0.276391041115858,3
593,0.269841423092876,0.342773027997464,0.134816112462431,3
533,0.335101638650522,0.633623523334973,0.330839756526984,2
985,0.596159793113777,0.612324644363922,0.500498446811476,5
604,0.269303307980299,0.443650564225391,0.177399401087314,3
97,0.645295313559473,0.559249221114442,0.478074286598712,0
103,0.233206999488175,0.0863124998286366,0.216356874676421,0
1021,0.603392061665771,0.614484313934036,0.509549933822487,5
1142,0.605359033905932,0.550239223809988,0.498412501211395,6
634,0.273902695176657,0.705195686593652,0.573253072914667,3
262,0.30112979949452,0.763004739466123,0.134865916334093,1
1256,0.609646802368057,0.552880113070792,0.504931135451393,6
898,0.598294809757745,0.581756580091954,0.498799635497512,4
410,0.331229141289368,0.452709883148782,0.33459403400775,2
1117,0.593608202433563,0.611216529845871,0.504374009146007,5
7,0.177061027148739,0.607689331285655,0.765158499591053,0
182,0.298273289212957,0.500865125260316,0.127615246572532,1
642,0.2727331629931,0.519820810342208,0.572901011793874,3
238,0.300874856107403,0.688675575703383,0.456761621288024,1
674,0.266479691627901,0.750017082714476,0.161691022571176,3
1131,0.601206920438559,0.618879652443748,0.498848164690268,5
1172,0.597914180385714,0.547287190810056,0.500027600002041,6
946,0.607488877963634,0.611774185688368,0.506443692847875,5
212,0.302343364267144,0.452072031027637,0.371957501512952,1
143,0.305737223110627,0.534081051056273,0.102585537475534,1
335,0.329746765329037,0.44294984608423,0.301304633147083,2
1293,0.598823425114709,0.549656595218614,0.500970491773463,6
758,0.602168752058856,0.584698637858722,0.499526977215144,4
39,0.942482519662008,0.426824262365699,0.150103482417762,0
215,0.302727184460964,0.560775156179443,0.370376859675162,1
556,0.270614864157978,0.5764179921709,0.579012915259227,3
1233,0.593862602275212,0.552347009634198,0.502825315447643,6
1184,0.60900034716886,0.540742197038815,0.503281913630543,6
847,0.605593047266135,0.572664410104163,0.497544097173254,4
1297,0.591379388585815,0.548213923765892,0.505976747219835,6
1013,0.603363544500001,0.608741984049921,0.503736646815992,5
1321,0.594525533526406,0.550134549291976,0.503577147155284,6
730,0.268959755576216,0.533233818993904,0.150581892463379,3
385,0.331647960594855,0.757624305249192,0.102258297032677,2
367,0.326859095953405,0.740163644705899,0.457968062139116,2
22,0.822946895379573,0.516482690582052,0.289443497080356,0
1000,0.592096821147894,0.606269385321765,0.504613976818067,5
194,0.305031742285937,0.780899616703391,0.392085690866224,1
1116,0.606785514590938,0.61093556355776,0.503629072810466,5
116,0.664082698291168,0.582968345610425,0.7630344403442,0
1051,0.590484778751401,0.614434731170094,0.512608893808101,5
714,0.268543894325849,0.767800485645421,0.480235275113955,3
1325,0.596441698391569,0.554629550163777,0.498071813947627,6
417,0.330482739473227,0.754003883269616,0.330575445550494,2
855,0.603069555529248,0.575403908659977,0.497216384149382,4
1090,0.602506988275223,0.603455734657306,0.494352132674691,5
1126,0.60037474954884,0.606959425268383,0.503827032567707,5
736,0.606671599877501,0.58871539630008,0.515029441887325,4
914,0.603238572772896,0.577617791076408,0.490468102183923,4
839,0.59068918002482,0.585419501823175,0.49615567940704,4
246,0.303442566161975,0.67467512730509,0.515390063868836,1
605,0.274450657481793,0.750824280944653,0.420792282675393,3
936,0.600204950700353,0.605053142437141,0.504886528050941,5
809,0.596517779332773,0.589751377617606,0.505950766498048,4
807,0.591605519563812,0.573825485038508,0.507459002213946,4
285,0.300895543226507,0.749829607480206,0.462676900206134,1
1192,0.592936217614263,0.547181802191392,0.501274725558414,6
21,0.657254241639748,0.144393003545702,0.530459213769063,0
920,0.598524577833001,0.581483156083188,0.505807654999679,4
964,0.609534080409102,0.600093413076195,0.496329851713416,5
534,0.274492986907717,0.378838977823034,0.381720708217472,3
371,0.32889025956858,0.550291726761498,0.368031301419251,2
786,0.605628864802762,0.584168294707041,0.492144009081245,4
853,0.599530094454291,0.581741922334827,0.506271997761987,4
800,0.60458922740496,0.580644030261639,0.504128515804198,4
225,0.305122388279997,0.749290616298094,0.504744911915623,1
299,0.303150386821944,0.422506119287573,0.263017609482631,1
723,0.267915964678396,0.313601652090438,0.574006876791827,3
1171,0.603386902409588,0.553757389968684,0.503180819428613,6
1001,0.609369238865846,0.615218428001573,0.501877843584386,5
966,0.596760335033354,0.606496320481545,0.506538531207552,5
295,0.301844816198573,0.750067453295924,0.271992528229021,1
110,0.286400196840987,0.512989934766665,0.298805123427883,0
986,0.596013929313676,0.613511430000864,0.508865782331741,5
83,0.651513468241319,0.864930572919548,0.602977787144482,0
315,0.300881595676765,0.318691203417257,0.302776386961341,1
969,0.5985370968007,0.610508979599099,0.496737289311646,5
1288,0.594253008211935,0.553734287268689,0.498086408380699,6
289,0.300876250041183,0.441429831949063,0.210499279550277,1
1086,0.598830156761559,0.602837620629268,0.501174068857439,5
399,0.331453559191432,0.697893091873266,0.374614891363308,2
378,0.334342036787421,0.382901374180801,0.457268686499447,2
830,0.594111716587847,0.574722509412925,0.495851956906567,4
1285,0.598236411480335,0.557092588169163,0.498528951752859,6
82,0.413799636997283,0.507054030429572,0.785542289260775,0
1294,0.600125129219336,0.551314958715084,0.5013631117984,6
19,0.806458616396412,0.783119898056611,0.297270958544686,0
551,0.274461558025796,0.498321177251637,0.39809769904241,3
1227,0.606303121439982,0.555954199551632,0.500691718216263,6
188,0.299296131934971,0.488094832678326,0.550987270195037,1
838,0.600783354538859,0.58141447736629,0.50170425349941,4
321,0.301002460473683,0.755170553852804,0.147524970117956,1
149,0.301803008734714,0.615050496463664,0.515518460888416,1
666,0.274932146335486,0.443600546265952,0.389152464806102,3
42,0.868990320246667,0.7813006315846,0.7322965094354,0
440,0.330576012853999,0.390268141101115,0.229122007382102,2
1322,0.590260197206401,0.548482141452531,0.501414346343875,6
1061,0.600544457889093,0.616570438264737,0.499251951892385,5
1302,0.607580665526748,0.55834147308047,0.506565097521274,6
687,0.266363444135059,0.385983790783212,0.258976651122794,3
508,0.330857305102982,0.678990770759992,0.321678254404105,2
943,0.598014327547819,0.615897837199028,0.502880926380621,5
888,0.600220508375514,0.586878951393844,0.507501228078525,4
557,0.271959423916414,0.3668768345844,0.373321807361208,3
587,0.268085104110651,0.671795815043151,0.567267782753333,3
594,0.270327431983314,0.694190194411203,0.497746301232837,3
1298,0.590990373387543,0.556333977084467,0.499351076121033,6
467,0.330958840830717,0.771013443055563,0.208741509588435,2
115,0.139493249356747,0.118418738245964,0.104787028394639,0
373,0.330916273824405,0.32725087068975,0.522162382374518,2
942,0.598440687803326,0.60867547762999,0.503229381151148,5
144,0.296584757368546,0.337060463894159,0.562716665561311,1
720,0.27094999013003,0.65397732174024,0.521399024291895,3
915,0.599858149000664,0.580043584434122,0.507569013886631,4
398,0.333899053176865,0.788445538538508,0.249086821451783,2
652,0.272356972929556,0.577937874640338,0.572160267387517,3
16,0.858327436959371,0.0150359119288623,0.969262167578563,0
1069,0.605334566863593,0.607322908444813,0.501573199925359,5
560,0.270022840530146,0.576352532650344,0.460093364701606,3
619,0.270202789977193,0.66386667760089,0.296077835024334,3
489,0.329691425072961,0.753856878890656,0.219418359571137,2
873,0.61287652354933,0.588545523010215,0.497368493303941,4
1008,0.601857332310523,0.609559166280717,0.503748421379858,5
419,0.328972245266195,0.473491751286201,0.119878580211662,2
111,0.352029951987788,0.86640764051117,0.384768336545676,0
988,0.599503648821467,0.601417521927184,0.503601440256564,5
478,0.326505721122958,0.759330960270017,0.435675237909891,2
994,0.594232371464677,0.605835394809463,0.495000457119317,5
558,0.270541626950726,0.785292813135311,0.415388783672825,3
710,0.269764889774378,0.70131699827034,0.257932445732877,3
40,0.199202242074534,0.11261544493027,0.230242684483528,0
894,0.602199083380033,0.585051336369295,0.503553907210098,4
1089,0.598615731850642,0.607527202895208,0.505726812312765,5
468,0.328926982977428,0.3179202493513,0.100050951587036,2
220,0.302214106991887,0.674086012691259,0.404262153548189,1
1257,0.599496411594966,0.558085011005018,0.502248107937055,6
850,0.600324961740976,0.574041672364593,0.512403286138433,4
1096,0.594284296777865,0.608863139826719,0.503007597765883,5
488,0.326550226120744,0.772257103049196,0.35506832273677,2
496,0.334922766305972,0.567040252778679,0.244680399191566,2
532,0.326880172309466,0.561448450363241,0.168544344021939,2
573,0.270732642244548,0.50897073878441,0.466749192331918,3
186,0.303315020501614,0.735895027685911,0.57453936629463,1
99,0.0756248109973967,0.39087421214208,0.754400050267577,0
416,0.328404153031297,0.291405838029459,0.505420564557426,2
1118,0.596508982253482,0.6148665760427,0.502940999996819,5
1056,0.600190276586969,0.610477412813087,0.502222453788543,5
351,0.335575260715559,0.360221409634687,0.355901230825111,2
753,0.600986764383543,0.581727017032834,0.503638865692771,4
948,0.599367218697211,0.606360724562303,0.500513432142054,5
802,0.601827948001913,0.584536649363385,0.494444157072369,4
1309,0.59520951276822,0.555469557075754,0.501909939939109,6
1180,0.605314368889664,0.547258894998682,0.511846870770954,6
739,0.599725466324894,0.568623278758806,0.510878321572836,4
893,0.59543330869013,0.589607421800152,0.505706692391682,4
292,0.299136381470598,0.785250967880711,0.558552281931043,1
973,0.59923809283977,0.606094898920515,0.498383597072827,5
1135,0.605972255823519,0.548401220767238,0.498069759390937,6
1210,0.588558956828624,0.557944967349138,0.499086318418383,6
516,0.330464608350303,0.32302687659394,0.149226235924289,2
66,0.626338125439361,0.554938265355304,0.802029536571354,0
72,0.8122272065375,0.148248229874298,0.689637484261766,0
350,0.33423482140759,0.648053580825217,0.45532392791938,2
217,0.299888466824777,0.494246959150769,0.140933001181111,1
1273,0.598895356065927,0.550852966226774,0.501993702963564,6
411,0.331066223287489,0.671904679317959,0.484227134729736,2
1109,0.598026798883496,0.620093487134512,0.506656136050972,5
382,0.332840184394736,0.674486040882766,0.175666024093516,2
624,0.275357032869943,0.730439259717241,0.512240555486642,3
981,0.604305018036956,0.607417150322465,0.504746744090306,5
397,0.329799993911292,0.614586920524016,0.126997546409257,2
657,0.274328409901354,0.573812879202887,0.39325758756604,3
529,0.331001671559643,0.448099412070587,0.557659314479679,2
1024,0.598156081308311,0.612850762974756,0.497244350050978,5
865,0.600601717477383,0.582294455371833,0.500205972868715,4
1328,0.600789331923655,0.544869432262646,0.494669195332227,6
1186,0.593714006257731,0.543964513516493,0.502256022222197,6
1181,0.598057341066591,0.549406787242588,0.500422879129766,6
93,0.437094431370497,0.00112189259380102,0.28672344237566,0
549,0.275274182001594,0.446540955617093,0.473156275926158,3
754,0.597321738587503,0.578068736242791,0.494881854970413,4
168,0.302511447044089,0.756272300891578,0.579202489927411,1
889,0.598079611166807,0.577906473379561,0.505447408119358,4
169,0.302183883285616,0.478276388766244,0.511219444335438,1
122,0.487017335835844,0.269357375102118,0.256902551976964,0
59,0.252811182523146,0.643456893973053,0.454680382972583,0
621,0.273746471931227,0.696591792907566,0.50715786870569,3
770,0.602783538785379,0.58664328779252,0.500078608503356,4
412,0.326884857250843,0.755847057141364,0.329614215530455,2
877,0.598743517162624,0.582429734478865,0.506920580453518,4
392,0.32908146472415,0.67382551652845,0.179217777098529,2
1115,0.599621457206389,0.609124430239161,0.505113542871618,5
296,0.302345653930679,0.76101526634302,0.520233408664353,1
235,0.3018414268177,0.705585505859926,0.313516505644657,1
55,0.853954695165157,0.729254759615287,0.693754002917558,0
155,0.301735198011156,0.308435375499539,0.43590763641987,1
879,0.596517150085075,0.58627050410266,0.506921439811948,4
396,0.332551684454084,0.458503169985488,0.173628538497724,2
890,0.594509794697747,0.577751544162516,0.505818667080725,4
308,0.29892492048908,0.650524364830926,0.15595480974298,1
832,0.604542457199833,0.592123699309501,0.498717361037648,4
869,0.598749419915961,0.584379921844915,0.502788150644637,4
1173,0.587465159548532,0.550365302548248,0.500510753078351,6
910,0.606528277306806,0.577946829031225,0.504745823997189,4
791,0.602453211733069,0.589179053914203,0.496350123360668,4
117,0.83449372369796,0.808781810570508,0.324398315977305,0
45,0.783830954926088,0.608462629141286,0.618596181739122,0
470,0.332357929749414,0.708820147602819,0.358613597229123,2
860,0.591635972238702,0.58292178322323,0.507868860750259,4
523,0.327650167853572,0.742129010427743,0.329925810103305,2
1085,0.600710751474141,0.612871142399263,0.50203182601678,5
601,0.272932633145247,0.458447623928078,0.0910818786360323,3
1299,0.597484644561334,0.553260470958411,0.49767671380535,6
668,0.268271785657853,0.354178719385527,0.521432141307741,3
1002,0.598876717287626,0.610129067601039,0.499879509290902,5
148,0.304298553757835,0.488007788243704,0.367576242657378,1
96,0.435977928340435,0.610241287620738,0.717405804432929,0
465,0.330147386125755,0.364975501946174,0.361843852209859,2
755,0.600508810582977,0.581056816186982,0.501571493409501,4
119,0.140137430513278,0.18840900156647,0.0324392388574779,0
366,0.335425949806813,0.710665308334865,0.47660833329428,2
1132,0.599901459050014,0.615212668899349,0.506473743396509,5
36,0.746826713439077,0.840665867552161,0.0779047708492726,0
482,0.334950616327114,0.438932563806884,0.113106330973096,2
804,0.598938107881229,0.58320805851313,0.492328760819373,4
1148,0.596801357495845,0.551261380830891,0.500944652513288,6
12,0.23816917068325,0.653604591963813,0.986594109795988,0
545,0.268819597912952,0.376673719543032,0.394340099883266,3
1155,0.595063803588124,0.554370076478061,0.504264592694335,6
1114,0.597979832695323,0.608679015356891,0.501555363859153,5
6,0.716083509847522,0.812818546546623,0.954825416440144,0
1263,0.602464715329077,0.54997951763319,0.499483436903768,6
379,0.33153361630626,0.338316697906703,0.280446515302174,2
953,0.597042038234745,0.608861099060615,0.502589721037257,5
950,0.594613671107925,0.609448707130966,0.496443922134535,5
998,0.603380692199061,0.612020062690162,0.498040341734029,5
254,0.298547882705461,0.506217991514131,0.540500174160115,1
1129,0.611119441025085,0.605634854773429,0.499529793931449,5
831,0.596185159268334,0.577881557018084,0.502611850513358,4
109,0.487561461748555,0.569516802206635,0.969813444186002,0
502,0.330843364626635,0.658335999865085,0.423071563127451,2
317,0.296216356575023,0.552014437201433,0.0966773942345753,1
327,0.303601015617605,0.307942867442034,0.240056602167897,1
992,0.598790997723856,0.619202677538978,0.496746586405728,5
1100,0.602427833015055,0.617823831867632,0.504178246716087,5
1332,0.603084648399046,0.556137234710674,0.496459580536232,6
425,0.335467313406989,0.715066183404997,0.378354134038091,2
1304,0.603840327139151,0.553436022240125,0.505885469679731,6
949,0.594625630855382,0.602789712921482,0.500609729695993,5
118,0.393528307788074,0.328380056656897,0.608598191989586,0
270,0.300484946549404,0.455150718614459,0.178001067019068,1
817,0.603697603932192,0.584942595722001,0.501287862437814,4
579,0.274623225536197,0.338993328553625,0.206102357013151,3
18,0.273290596203879,0.902073893230408,0.60958079691045,0
954,0.600517724737669,0.610872266733087,0.505449470724525,5
715,0.273024337042589,0.510618136660196,0.549486821400933,3
868,0.595164919828028,0.581662073126315,0.496074562654959,4
938,0.603277753883197,0.61066775527513,0.499723161996967,5
1201,0.598350457394221,0.545626820388829,0.498769108749828,6
982,0.599808413716606,0.606323873552921,0.501387460975123,5
1324,0.598566427855105,0.551139350556516,0.501208299990076,6
65,0.762943010078743,0.531167574226856,0.178776406217366,0
741,0.604747477067931,0.579259835589184,0.50077320452974,4
1206,0.595609718209768,0.558821891361185,0.510296190162373,6
1265,0.602470783852101,0.555821307507343,0.500802002035053,6
1027,0.596073807511198,0.607935337293945,0.502779851783654,5
1300,0.601991496251366,0.549138398375219,0.505817235515439,6
457,0.330972832557745,0.748175192438066,0.27604592021089,2
776,0.595735660442486,0.583713221539364,0.505567156900603,4
475,0.330554006886669,0.580013284739107,0.341970580047928,2
974,0.597746965703384,0.611727358960327,0.498246890191029,5
434,0.330769531594124,0.396201131679118,0.426228597760201,2
132,0.373759750742465,0.341484326403588,0.521620591636747,0
614,0.272488313138019,0.750909871351905,0.485606013797224,3
32,0.302271451801062,0.536551660858095,0.0891873219516128,1
728,0.27083878780948,0.338041164260358,0.269201372866519,3
477,0.333571804561652,0.490518513997085,0.226609874516726,2
229,0.301698189743329,0.730957739101723,0.126372290891595,1
214,0.298925475634169,0.519813064998016,0.101165628875606,1
1039,0.598193467655445,0.601106452464703,0.499109362956547,5
258,0.296541711038444,0.681792447622866,0.127522196504287,1
62,0.729299663798884,0.136917334515601,0.278347781859338,0
607,0.271435586479493,0.760506218229421,0.396370563656092,3
695,0.274656049783807,0.29917201846838,0.141813541064039,3
682,0.270956300685648,0.468879500450566,0.260355038335547,3
654,0.270754272281192,0.776331931515597,0.392594800679944,3
696,0.269554762144107,0.381953829713166,0.55534739070572,3
886,0.602823350031415,0.581323358469128,0.493210366642,4
1087,0.602404271123419,0.609548848683311,0.509572851551228,5
841,0.602690983753555,0.579383268873961,0.498926873013879,4
1311,0.596393418467095,0.552488389528613,0.506404718900442,6
343,0.330046490977984,0.549553046748042,0.56629818957299,2
1303,0.590623394930318,0.550155127099006,0.508061603344881,6
640,0.275839448212646,0.56843420099467,0.374191678594798,3
68,0.603732814546674,0.843548646662384,0.0437888423912227,0
1010,0.589547916154183,0.605598552311423,0.501552107914228,5
331,0.30074366069166,0.604605452436954,0.124016671907157,1
298,0.301262760325335,0.332203691406176,0.0903438867535442,1
849,0.607759081445675,0.584166186528437,0.503815006441323,4
1009,0.589719291440706,0.604353407800465,0.49918561905628,5
24,0.619861864950508,0.86822594399564,0.313756949733943,0
437,0.335805701350328,0.50216709675733,0.506170367123559,2
435,0.33130717465654,0.717226695897989,0.54444888595026,2
699,0.270538273092825,0.30180494049564,0.294582470669411,3
452,0.332801127303392,0.334584461105987,0.356539103318937,2
971,0.603403120599732,0.613357235310391,0.500319260031704,5
764,0.608292288940192,0.578777361545071,0.507452383666285,4
708,0.271744655461516,0.453442443907261,0.543179664644413,3
1196,0.599438744593959,0.548068595764045,0.498340538504254,6
483,0.332528001191095,0.389785439288244,0.134928885032423,2
284,0.297947815561201,0.383579534292221,0.539384614792652,1
705,0.275485186635051,0.635308790532872,0.503501794300973,3
1071,0.588620883606109,0.613746415904962,0.509155980119027,5
146,0.299859490331728,0.699351761536673,0.448853971902281,1
344,0.331251100630034,0.463648495194502,0.381647173664533,2
676,0.269324874363374,0.441435144329444,0.562700881040655,3
60,0.254437489900738,0.0373636302538216,0.934988674707711,0
1106,0.599513986643807,0.610889405626146,0.509559803838877,5
2,0.606976421549916,0.932178667513654,0.0495404065586627,0
901,0.594921524275005,0.584586534709772,0.496358045634323,4
362,0.331296321190894,0.6962636847049,0.324619763763621,2
956,0.598655653511537,0.608525323892456,0.501842588703881,5
1070,0.60310741860221,0.610122680215946,0.506422660049644,5
990,0.595049677132103,0.608831374041823,0.50767475048511,5
67,0.310607462422922,0.952918125782162,0.911288006231189,0
1083,0.60534234745583,0.61056029042781,0.50365964561709,5
1015,0.609349369143089,0.604612561567521,0.500419267206176,5
388,0.331435219754931,0.55528638260439,0.0885994203854352,2
871,0.600652386394389,0.583761705230255,0.495246147818253,4
355,0.330872163651511,0.624724555341527,0.179049291182309,2
870,0.590483879506979,0.575806086015973,0.503342177406835,4
632,0.266754443757236,0.35012525243219,0.144460945390165,3
935,0.598008262500643,0.615427351098682,0.501097853453587,5
126,0.813532256521285,0.627951507689431,0.664980195229873,0
620,0.27171905688243,0.75394565151073,0.518167447531596,3
94,0.989643732784316,0.651579276891425,0.542242178460583,0
863,0.604756488221001,0.581701140750262,0.503196792909162,4
842,0.597876855563725,0.583078546462939,0.502272688444395,4
1326,0.596745245604428,0.548926786886721,0.508059981272315,6
761,0.599983904999017,0.581553300976227,0.500945065961418,4
554,0.274181198286824,0.390227417391725,0.281401606276631,3
312,0.300699427516665,0.324404261005111,0.5706853287993,1
456,0.335100455819629,0.454831518628635,0.187472013523802,2
51,0.363840912235901,0.555745816556737,0.462479435373098,0
1167,0.593088330078619,0.555547129429379,0.498225282875008,6
1305,0.601723317567126,0.547142001551156,0.487873380630867,6
498,0.332821612767875,0.541513467486948,0.252257577958517,2
374,0.333266062515322,0.664988776599057,0.523785675875843,2
564,0.274879376750905,0.682261563185602,0.255122423288412,3
975,0.593499146166045,0.609086198358926,0.503880314212102,5
919,0.604421495644385,0.584969747292978,0.504100620781533,4
826,0.601148225973638,0.588319522978464,0.49870756256293,4
458,0.328456556622405,0.560190316452645,0.391762005747296,2
1194,0.602527283956624,0.55043542016584,0.498894313225234,6
636,0.272795029121917,0.728549270122312,0.207390442141332,3
54,0.834893243853003,0.441483686445281,0.445058916462585,0
983,0.611758325252062,0.61939827591633,0.502311859936214,5
484,0.333037046415266,0.314384974585846,0.487140519311652,2
925,0.596091684701374,0.572865822464203,0.499273113801154,4
916,0.594171033060905,0.570847383049562,0.508329530756405,4
819,0.599539168259451,0.578671773747653,0.5095760039364,4
5,0.539847820065916,0.0521909324452281,0.375161611940712,0
251,0.30380276639713,0.537327124900185,0.196871288819239,1
686,0.273467410693411,0.768311444134452,0.410883989185095,3
1211,0.59921318083532,0.552755610857726,0.500686279180042,6
646,0.267882745992392,0.767164274863899,0.296401688829064,3
825,0.601344209091049,0.589791322505698,0.508081315079317,4
1260,0.607495692848176,0.545272832019626,0.504053648713075,6
372,0.329498356694821,0.297778920549899,0.45109531970229,2
219,0.303789736705367,0.505674123112112,0.399931895197369,1
141,0.296155209280551,0.398934615356848,0.239269868703559,1
688,0.270520709236153,0.674491314496845,0.42148790275678,3
233,0.301995896298904,0.320323572074995,0.315896130516194,1
455,0.329115241146647,0.317433611070737,0.152831710875034,2
174,0.29992792568868,0.495501769986004,0.275452831410803,1
799,0.600677139751396,0.585247155245521,0.50193431097162,4
1057,0.606139695839501,0.610203130510761,0.505724074906398,5
1110,0.60108402593296,0.604388077966247,0.500736182534585,5
740,0.596725547331413,0.590416198736817,0.500263753017717,4
309,0.302905995307956,0.513293988001533,0.168574492796324,1
353,0.328515126460698,0.49367463698145,0.185948886908591,2
762,0.603067426168172,0.575475197678151,0.508554723042761,4
972,0.60424043957275,0.612332644450236,0.494189987522947,5
448,0.329419006747194,0.483461420796812,0.264385877293535,2
307,0.299571489461232,0.446053221635521,0.330887339427136,1
897,0.592330238146688,0.579990733165932,0.502602578314274,4
365,0.335271121975966,0.477882167720236,0.278353258152492,2
965,0.599511230067664,0.612252619989094,0.503356369888045,5
602,0.269841933979187,0.70202415860258,0.18658958224114,3
1006,0.590572618238381,0.600370784313906,0.505538139135256,5
336,0.336010518684052,0.522294405079447,0.455507225240581,2
627,0.273021665867418,0.564621740533039,0.105730235110968,3
213,0.300764822983183,0.342832047655247,0.49542261636816,1
266,0.305903940647841,0.641030010697432,0.193751886487007,1
837,0.598573591450299,0.583946498075365,0.495215327807979,4
744,0.607584215499567,0.583993772658268,0.505638839444431,4
1104,0.597140651161852,0.611955837566062,0.500916238718463,5
431,0.333341762691271,0.482522297115065,0.503128495183773,2
1164,0.600100157152629,0.548060408045119,0.503541908955665,6
248,0.296248536163475,0.297595839528367,0.226950117154047,1
1234,0.600313914397522,0.554269820273694,0.499903778942135,6
1141,0.606029565580519,0.560118568641141,0.49818323088729,6
628,0.272791228853166,0.395901729515754,0.584988538874313,3
616,0.270916938534938,0.587612741207704,0.550024927011691,3
259,0.296643679728732,0.602856507454999,0.526376188965514,1
610,0.272958342474885,0.321447290759534,0.306299308314919,3
423,0.332182931753341,0.67822534525767,0.336076688952744,2
386,0.331491887534503,0.453168348805048,0.397951968247071,2
114,0.749696926446632,0.870173092000186,0.389060851652175,0
286,0.305372073710896,0.434578363364562,0.408560552867129,1
864,0.597061555117764,0.581433945052889,0.502206610091828,4
63,0.514737777877599,0.260109872557223,0.842637118184939,0
108,0.856711133150384,0.723261906532571,0.264241092139855,0
142,0.298598508620635,0.367276777210645,0.352999379509129,1
1198,0.594536458034683,0.554259251004944,0.496956861097396,6
513,0.333064773979131,0.732633049995638,0.545263193547726,2
1034,0.603697433101736,0.613551632906514,0.495052859929153,5
37,0.845615091966465,0.318778552813455,0.13393932278268,0
74,0.117988577811047,0.966248746030033,0.612149797379971,0
976,0.600124532666878,0.606157547517587,0.50501171778724,5
1251,0.60696200246264,0.544290781207051,0.503966989976153,6
153,0.2986647608364,0.686945240176283,0.543276070733555,1
1245,0.598872664237892,0.548735119488098,0.502956428092863,6
1162,0.59800251312858,0.549061226226742,0.497131979653001,6
670,0.274441000190563,0.731712237163447,0.16733873647172,3
1075,0.598319017219236,0.606520758717689,0.502363628150888,5
843,0.600634265314074,0.582913091018031,0.508948469371616,4
574,0.273947503685486,0.350193496490829,0.227880028774962,3
582,0.269644389764871,0.539727662503719,0.40134859259706,3
439,0.32986433691578,0.495983821852133,0.199279942782596,2
827,0.606856093962643,0.592798641179279,0.500631174980971,4
297,0.305310046835803,0.367836490203627,0.475025982013904,1
737,0.604270483988568,0.580848491079292,0.504322147179035,4
443,0.331825820640661,0.51864599394612,0.465248979860917,2
442,0.333787773577497,0.628686797851697,0.088936333428137,2
810,0.597204496925066,0.590703883039361,0.503624864364392,4
795,0.599562579158795,0.585151652575626,0.499828961558061,4
906,0.594680732861331,0.57651716838515,0.507867189357249,4
151,0.304199246270582,0.636436420073733,0.390281322994269,1
1306,0.608289537159682,0.555158679850555,0.502116715261933,6
318,0.30316893619718,0.726898429496214,0.133717422839254,1
1176,0.598024879611051,0.554120661757658,0.499909228998735,6
959,0.597160104467678,0.610221178664408,0.506566987903539,5
747,0.599488405773486,0.577131048369488,0.507072064916009,4
81,0.610529980389401,0.619285911787301,0.434865856776014,0
1230,0.601716283922438,0.549625929627617,0.500184901101152,6
176,0.302731385272928,0.478633817564696,0.582582189701498,1
1219,0.594757230411392,0.55623904177772,0.502293040205441,6
180,0.301230660697911,0.754830523440614,0.345025000744499,1
497,0.33219142255839,0.301879098801874,0.102319903788157,2
464,0.334208736536093,0.467701199045405,0.346446127863601,2
1064,0.600787023860045,0.611385460297855,0.497793339616524,5
184,0.297009253052529,0.4490600917954,0.362624030560255,1
3,0.837922846665606,0.120765411294997,0.688642116030678,0
105,0.389508271357045,0.083161829970777,0.197326513240114,0
1209,0.598790671508996,0.546742443074984,0.496811396916451,6
166,0.298850816220511,0.719013261655346,0.315968814189546,1
1124,0.610992588579153,0.604959948757967,0.503556811782077,5
1331,0.604777015835705,0.550811264695964,0.499784850133206,6
313,0.297450628571678,0.318163682869636,0.322136582806706,1
661,0.271793315378018,0.782080587744713,0.321644954499789,3
255,0.302875536307693,0.479211337328889,0.143739737337455,1
1036,0.602170336135878,0.615120899423876,0.505714280116271,5
902,0.600346008637754,0.57153343877004,0.494228695518251,4
1050,0.599918760844508,0.608014068132675,0.502407046071179,5
444,0.326148952189833,0.686813516239636,0.317457462660968,2
798,0.598522160686695,0.575644755468546,0.500521403999212,4
960,0.590829020545212,0.611798421641548,0.510434710993816,5
461,0.333183184179943,0.585926679125987,0.534141264040954,2
256,0.301050894807559,0.602312634047121,0.227225632290356,1
881,0.593674745141664,0.577243369146186,0.504976362415669,4
811,0.5909956664916,0.581576070685336,0.504855532386033,4
629,0.272088339531329,0.333132495335303,0.316804739763029,3
1044,0.592109352923571,0.60569614610977,0.495210685942951,5
866,0.599891027855512,0.577778773261308,0.501131614585029,4
782,0.605174259612828,0.583829211049159,0.49556897529604,4
638,0.270588357646484,0.687238746951334,0.363291173824109,3
751,0.599736282156697,0.579985067742834,0.500459080331971,4
913,0.598690441363758,0.582232009147188,0.501170942539577,4
808,0.598872725245999,0.583234315616386,0.500159180886017,4
940,0.599729717185857,0.607601966591737,0.50743931037627,5
1144,0.596680955729483,0.544421434435597,0.501684762778173,6
815,0.606601314503075,0.586009242177332,0.494947362428,4
611,0.274167707669549,0.512919724150561,0.496058693039231,3
664,0.272966348868795,0.385423758579418,0.151667279540561,3
663,0.27574881053064,0.302277915924788,0.14749474497512,3
341,0.32826307835523,0.72345409989357,0.451448818785138,2
612,0.275095497074071,0.361868464900181,0.176372556597926,3
232,0.302278336943127,0.665355103020556,0.221987748285756,1
170,0.302851004786789,0.392609669291414,0.147937343921512,1
342,0.331947460586671,0.526343077467755,0.390522767906077,2
1242,0.596010596118213,0.549723409964915,0.506832739697014,6
1214,0.598793008123046,0.564102624294221,0.498139544305673,6
380,0.335316636208445,0.357844529137947,0.362398058758117,2
390,0.328911977808457,0.371678395359777,0.511645140359178,2
595,0.270067947555799,0.653400582890026,0.212857259321027,3
487,0.334918917540927,0.489569701766595,0.293506595655344,2
1,0.539073733147234,0.330345664871857,0.133019706932828,0
49,0.534709165804088,0.0124046579003334,0.246092807734385,0
34,0.774571053916588,0.282808690099046,0.326696254545823,0
420,0.327227925925981,0.473955272161402,0.38100270263385,2
209,0.301613854065072,0.612827844847925,0.532896533608437,1
159,0.299852592945099,0.456851146696135,0.262990849325433,1
598,0.273540395570453,0.493369488557801,0.230691158445552,3
447,0.331709485866595,0.292190871713683,0.560320542310365,2
11,0.419877459527925,0.299440521048382,0.271952459122986,0
131,0.144779364811257,0.972539673326537,0.975274700904265,0
501,0.326165976631455,0.742403720435686,0.324133122572675,2
1313,0.609176537036575,0.559835221012729,0.513348618608072,6
337,0.330313524841331,0.642976874765009,0.427658825647086,2
1272,0.596674653577911,0.547243226895498,0.495239966696678,6
993,0.598857966195862,0.618837347234399,0.492791318080762,5
414,0.32650738527067,0.412582900305279,0.308732763980515,2
320,0.300642476526555,0.783404611679725,0.326749806874432,1
267,0.30286749120336,0.535164363845252,0.231757617671974,1
1049,0.593105307524063,0.610849872794685,0.501736808154735,5
752,0.599410876847941,0.58481584375858,0.497092561025832,4
1203,0.598382261330447,0.548981627189383,0.506561614515246,6
422,0.329798874882981,0.355523669207469,0.142559886677191,2
211,0.296222169043031,0.435667163156904,0.361712935613468,1
305,0.304216600675136,0.39357008964289,0.450420313398354,1
1231,0.594404484149265,0.555142929442722,0.504476387109353,6
1282,0.594528615536932,0.550551150156138,0.49399500731076,6
38,0.995144517626613,0.994518687948585,0.304144125198945,0
283,0.2998392572999,0.346792195388116,0.463128387462348,1
1286,0.606657592187243,0.558884112787649,0.495018885087637,6
77,0.458376277470961,0.66991651756689,0.570060945348814,0
189,0.30509161466267,0.690411002654582,0.328394062118605,1
1327,0.600376542505263,0.553975351460197,0.504587387241828,6
91,0.0829913995694369,0.659521216992289,0.58927208930254,0
319,0.298661120096222,0.6703472123947,0.247774346731603,1
1014,0.593737023749039,0.6053334569099,0.502845539726736,5
917,0.599663040189717,0.57133865581469,0.505300610118763,4
33,0.979475533124059,0.0922487401403487,0.158987721428275,0
191,0.297654861849733,0.304294248740189,0.329407655750401,1
265,0.30468210229883,0.338305916683748,0.496499196742661,1
491,0.331122528868727,0.294609800959006,0.524310618406162,2
1052,0.590818329898015,0.602968305138815,0.498648539556347,5
360,0.329433094097767,0.728589094872586,0.0868867087410763,2
196,0.303148081412073,0.476964242802933,0.361305185593665,1
421,0.332663602244575,0.556865743757226,0.355876249843277,2
426,0.334427558246534,0.454299072897993,0.400411431444809,2
178,0.301938495605718,0.644926613126881,0.535036331857555,1
578,0.267019727639854,0.518671140237711,0.253153384546749,3
623,0.275945214917883,0.516866098437458,0.301834319601767,3
480,0.334558567558415,0.431590666691773,0.214482241775841,2
100,0.0257757613435388,0.131285969400778,0.465647425036877,0
304,0.29873338796664,0.723951867129654,0.293976493063383,1
613,0.274096934790723,0.683200562885031,0.222257191664539,3
1067,0.599647645130395,0.607609801519394,0.504021414377549,5
227,0.298079545071814,0.523600908042863,0.57063736114651,1
844,0.607100684142292,0.579870762854808,0.499867790295728,4
1170,0.600267712451744,0.547157909899635,0.509653970334287,6
882,0.60304351675468,0.579345749604653,0.498270546744185,4
1038,0.599270934881372,0.615634460752538,0.503070838189535,5
1278,0.599446692443445,0.546741709844644,0.507967052598966,6
1053,0.599979943160208,0.606933793571038,0.496685240410038,5
257,0.301650495924987,0.389247061149217,0.13920208835043,1
963,0.594869892381894,0.61600945315955,0.501831903473824,5
9,0.586415995610878,0.895042732357979,0.178169216262177,0
651,0.274869303784799,0.595232515409589,0.458508838550188,3
1146,0.605270243330789,0.555508338303868,0.504947766583219,6
107,0.44696548092179,0.909382434096187,0.486525255255401,0
1182,0.599856573478848,0.547517870425906,0.502929276252187,6
469,0.332123668878339,0.716572479391471,0.570495052728802,2
