696,0.54499610240804,0.763381771300919,0.747972358716652,2
169,0.627899000188336,0.12803438026458,0.0351702435873449,0
1406,0.722884151692384,0.347589547471731,0.510116277283578,6
1353,0.721377908069676,0.352983827797747,0.501361754794358,6
754,0.487427149906289,0.730797173362225,0.905065234168433,3
1387,0.73183413703729,0.336925093614953,0.509703283429254,6
841,0.487824338895735,0.386924543324858,0.763568756519817,3
1112,0.728590379831212,0.400629148770012,0.502297009459075,5
264,0.477834944147617,0.0088187507353723,0.431313579436392,0
346,0.517060887150001,0.340145072457381,0.734887534752488,1
410,0.522354278301355,0.278272058488801,0.890487682307139,1
792,0.484934155594092,0.480042014876381,0.809052002150565,3
903,0.733337236845798,0.378281001084283,0.504151994372246,4
1323,0.732326092824433,0.344230288477737,0.502302798002944,6
79,0.455209635663778,0.909796108026057,0.784330775029957,0
1021,0.728473816788081,0.375676484173801,0.498617644535828,4
1477,0.730800176307855,0.347389652540604,0.510840615236579,6
508,0.553001086055301,0.675152119155973,0.749183174571954,2
185,0.37532291165553,0.947309411130846,0.258062477223575,0
1416,0.721560791621589,0.347960636600913,0.50456847936082,6
1368,0.720840473026954,0.338026049364548,0.505264912266868,6
1107,0.722947296296005,0.406886379529095,0.509365670766331,5
1064,0.71947373474126,0.378846288659598,0.511251768745317,4
186,0.383576861815527,0.223453720333055,0.47929993760772,0
1088,0.727004002035736,0.376155569211546,0.507755887755606,4
1456,0.724274206206235,0.352554887247562,0.504980635597926,6
207,0.0220278240740299,0.23499000701122,0.514821292832494,0
321,0.523106565442868,0.587121419399045,0.776824952568859,1
1449,0.728584582629708,0.358333446205242,0.506521310770272,6
1006,0.732062627755315,0.37758641682799,0.504132939965308,4
86,0.694243323290721,0.0642946935258806,0.0668650332372636,0
231,0.986910729436204,0.387169347144663,0.579964675474912,0
116,0.845307816518471,0.728412189520895,0.411988774314523,0
1087,0.738082065915633,0.382249339149786,0.499889447118452,4
602,0.549473963624332,0.305813201144338,0.603033067658544,2
1249,0.720684774045606,0.407384112745945,0.494183148441109,5
234,0.386463247938082,0.458965426310897,0.987088598776609,0
45,0.0825617844238877,0.200915793189779,0.65117204724811,0
497,0.520201746653766,0.565102024259977,0.91659399040509,1
1027,0.726128372331143,0.375186014291007,0.510067023754223,4
289,0.803947749780491,0.00506745325401425,0.140310615766793,0
19,0.964177441550419,0.602451855549589,0.439212504308671,0
933,0.729381854833188,0.371679294463209,0.50234385666316,4
1155,0.72733561209381,0.397464591962744,0.506558662669858,5
97,0.419023168971762,0.625833098078147,0.54276242479682,0
1268,0.721503908300757,0.409256423466754,0.503724351027073,5
1494,0.721153445665155,0.344110635740943,0.512969253779317,6
1438,0.72943821889464,0.346455005714301,0.500835113153856,6
1,0.682962872320786,0.944011458428577,0.607297434238717,0
104,0.829641672084108,0.481983490753919,0.295967672485858,0
723,0.484180490893778,0.438770280475728,0.715056368731894,3
1104,0.728764019430639,0.403441213450276,0.504646024566946,5
1117,0.723958228242965,0.403292008586906,0.495139211909948,5
1260,0.722660956712401,0.409214423513577,0.506779478334493,5
1424,0.723465083383795,0.352453683915705,0.497905321104494,6
20,0.658043688628823,0.0610835393890738,0.392067670822144,0
1065,0.732203464576657,0.377742217557759,0.500117559467003,4
1140,0.718929561734471,0.402965300568179,0.51328351400938,5
192,0.839120653225109,0.56085634813644,0.209860081551597,0
455,0.518082858815324,0.736467298609205,0.530855354736559,1
493,0.517112282353919,0.513692211848684,0.617697817157023,1
40,0.542045891750604,0.266500022262335,0.149965592892841,0
51,0.279694876400754,0.127669647568837,0.954066522652283,0
219,0.164746892405674,0.804684716742486,0.513177136192098,0
780,0.492947347734589,0.296076121064834,0.538382309372537,3
639,0.551008179155179,0.522665627207607,0.689514081459492,2
306,0.517478883904405,0.700919489865191,0.726576834102161,1
1224,0.724845536870403,0.406124644367017,0.505836178826793,5
1133,0.726714810467039,0.413466611500592,0.496205080767192,5
954,0.724495454980188,0.378358704265506,0.503533705681602,4
1052,0.723144942432172,0.375728387872012,0.499152787304828,4
1019,0.730836859594012,0.374309809584763,0.498237105071661,4
1175,0.72977739685266,0.412278645595002,0.510549716671652,5
396,0.520445012501441,0.309800760028884,0.575832220143639,1
1142,0.726999635489757,0.399621031252756,0.509088276172237,5
671,0.553006449111272,0.323474948783405,0.882492222124711,2
478,0.517266525328159,0.328658660431393,0.537811324815266,1
797,0.491419852499385,0.551873514219187,0.527950763236731,3
1495,0.724508708100515,0.341604052920609,0.502241107338143,6
1233,0.731909709631919,0.403480884765863,0.499343896189333,5
1301,0.725748240913575,0.341941620343589,0.500022809334305,6
1153,0.723047963528513,0.407088350011379,0.503692576251823,5
659,0.551755106346682,0.721246118796989,0.537612397107296,2
535,0.553766296315007,0.535057624592446,0.862248181714676,2
1401,0.727523293309615,0.34543167659637,0.514023167662502,6
1009,0.725669925731034,0.375421893378102,0.504569595762663,4
1083,0.736767366203938,0.378056718020866,0.497386281374825,4
1488,0.734869420830545,0.335206204476602,0.503010596838594,6
133,0.884175061015412,0.00226395111531019,0.477954573696479,0
256,0.354637770215049,0.0587109827902168,0.056296008406207,0
842,0.48550693718018,0.655580517742783,0.701714506489225,3
872,0.48886631204281,0.440462368912995,0.721026513609104,3
1157,0.733220684790689,0.406331500265267,0.504483339704296,5
472,0.517515626701061,0.702553731063381,0.685962099581957,1
1410,0.733612230821786,0.343011432570847,0.509905716527747,6
1482,0.733509579613929,0.351217764572968,0.497877061016915,6
815,0.493224311592057,0.434262803546153,0.833576907403767,3
669,0.546235301557463,0.302317286632024,0.676777462707832,2
338,0.523254299664404,0.389040989708155,0.610244902782142,1
1190,0.717806003157316,0.408325283339296,0.501956637715652,5
208,0.326239944202825,0.937799295643345,0.593921491643414,0
362,0.52393635455519,0.418216223851778,0.583871677634306,1
1444,0.737627715970779,0.348473881261882,0.501954362470099,6
649,0.553610998603981,0.340681524272077,0.494346731575206,2
146,0.418888595653698,0.991226807702333,0.459964221343398,0
1141,0.730274761734381,0.405475920974386,0.510223996359966,5
778,0.484304046814796,0.596108863153495,0.696643420727924,3
1124,0.72997681742715,0.401353070351122,0.500168438368193,5
968,0.734885086178944,0.373147653417909,0.505767513689527,4
1498,0.729420639066708,0.336826598129459,0.502948416445979,6
1292,0.713092360508097,0.407099819793697,0.510949678302934,5
777,0.493776582884602,0.286920239822939,0.744548102724366,3
1279,0.721235925883798,0.409899187558659,0.502487261700393,5
1392,0.714974523485266,0.34598089838598,0.507164528832711,6
334,0.514622438501101,0.707276121620089,0.731105200597085,1
1174,0.722226323645357,0.413637815828167,0.498787205129369,5
1317,0.731201586657592,0.346849873924014,0.50549215625115,6
1091,0.719127669103807,0.386108407205885,0.50172764484868,4
135,0.755629603518173,0.618312342092395,0.899703743867576,0
770,0.486243220518809,0.339558354951441,0.749564549420029,3
1128,0.729777465072373,0.403194904921295,0.49778287081751,5
32,0.0717060405295342,0.0089302163105458,0.966236340580508,0
1447,0.728057415030136,0.34714271367104,0.502858945872088,6
845,0.493339232173748,0.293441319279373,0.816362027544528,3
513,0.548676525759511,0.374806624511257,0.534273891476914,2
504,0.552310131904669,0.4615781274857,0.84377818449866,2
25,0.940995734883472,0.00658919150009751,0.710351607529446,0
1014,0.734242358322992,0.372615539485815,0.506377505065817,4
244,0.274667266523466,0.481267493451014,0.00413959659636021,0
1234,0.724720945155287,0.40846400749073,0.506280849878877,5
1180,0.731120000688205,0.414763645261053,0.5056787523357,5
1418,0.716831912913849,0.34882729105896,0.501339933725941,6
732,0.489293549025897,0.570533789834008,0.570240526692942,3
990,0.727623219936432,0.381155307246753,0.494002166526279,4
566,0.551200292834547,0.451649889256805,0.838738932972774,2
921,0.724161303869034,0.376609186350445,0.496852065663509,4
221,0.852326977299526,0.477794211823493,0.898283584741876,0
843,0.485071997235064,0.311591572617181,0.790900267194957,3
392,0.5203789096931,0.515243366267532,0.846133454586379,1
201,0.912969697965309,0.411249639466405,0.465406760340557,0
327,0.520820152990054,0.726934273866937,0.483952905517071,1
641,0.553573888419196,0.675947034987621,0.539831242873333,2
873,0.489536731063854,0.689706299360842,0.742343010497279,3
708,0.4926900364412,0.563386279181577,0.597700627404265,3
1367,0.730098529013384,0.335443615040928,0.50904819513117,6
519,0.5534857535013,0.716878921166062,0.44684942625463,2
603,0.553379893256352,0.602329938579351,0.741283858544193,2
423,0.51973728666082,0.658658690890297,0.920726993354037,1
1409,0.7140394253323,0.34143291380101,0.505181071201788,6
889,0.486108149555512,0.371170291351155,0.882634688052349,3
632,0.545133508031722,0.384239052678458,0.807540131616406,2
1288,0.722008147457649,0.40290962280006,0.50770062534357,5
880,0.487100379862823,0.754485754668713,0.608185241930187,3
60,0.726898991735652,0.222357727354392,0.789974888088182,0
202,0.705030807061121,0.594270017463714,0.0133695469703525,0
864,0.491804400845431,0.524037156277336,0.623910064692609,3
1256,0.727935170019822,0.396706969178615,0.502869877603914,5
1130,0.727835829160356,0.409848883547119,0.505756924760072,5
1118,0.729986865804022,0.411782622490004,0.503658941511595,5
1015,0.72173883833156,0.37771019337711,0.501771198727745,4
1442,0.727798567873678,0.350769190094737,0.508949039317849,6
702,0.486122840945609,0.353383714123629,0.858859117026441,3
605,0.552066719774157,0.529182847728953,0.58372065750882,2
1217,0.731854414914528,0.406060423299472,0.510238228977461,5
157,0.7519349406939,0.783591478830203,0.668253427371383,0
197,0.0192371108569205,0.923568138387054,0.444006918696687,0
1005,0.734029997131166,0.376980299508609,0.507015852148025,4
1333,0.724077161947969,0.336700016930588,0.515275632744822,6
630,0.546596355764196,0.66198099302128,0.583855215925723,2
27,0.67843428789638,0.25819900422357,0.949418804608285,0
1383,0.719346506636282,0.345389264156444,0.506746463830443,6
1230,0.727849376964331,0.405063622735009,0.514699232416046,5
1056,0.72191836535243,0.373306025510681,0.507397820756997,4
800,0.485258418410085,0.440962644200772,0.749953044229187,3
955,0.726718758147363,0.380898868499674,0.511060580734823,4
892,0.48801784703508,0.321145809162408,0.568486556876451,3
574,0.554064606218599,0.669761619553901,0.547129195416346,2
1143,0.732315448976022,0.404651595872808,0.512597119143616,5
1453,0.723485481897135,0.343065358329645,0.49838820016223,6
1127,0.735981123126988,0.409477051938584,0.503708572850817,5
539,0.552999017750844,0.561031841463409,0.52671265671961,2
891,0.488620502310805,0.534272938757204,0.589362939586863,3
623,0.549183321755845,0.3257187475916,0.531429416383617,2
21,0.0398924883920699,0.960577935678884,0.273549103410915,0
225,0.755493764067069,0.0336407322902232,0.637114592129365,0
1040,0.723124517417095,0.372604348280678,0.509338138784365,4
530,0.548938647476025,0.639874705602415,0.755156323197298,2
828,0.485143595323898,0.76374665859621,0.708368724095635,3
694,0.546636214246974,0.377955089346506,0.910611671162769,2
33,0.92290653847158,0.88520225812681,0.773416265379637,0
1098,0.723795931179604,0.373436122103071,0.508164394185822,4
1280,0.71934459830114,0.407987679709861,0.501159215100455,5
1451,0.716954073153102,0.350481412972502,0.502190004230624,6
2,0.383761527715251,0.601216483162716,0.24146825983189,0
315,0.520862154765055,0.322213500645012,0.540891631855629,1
591,0.544250557376072,0.430921132816002,0.859513137140311,2
374,0.523388375972863,0.596538765029982,0.914947281591594,1
65,0.768990179756656,0.0154574331827462,0.547603859566152,0
852,0.489946227315813,0.648613399732858,0.690275942790322,3
709,0.487382551075425,0.411516880989075,0.435182585148141,3
757,0.493546080205124,0.527549722604454,0.612284257775173,3
1084,0.72711521642211,0.374964452797245,0.507809909396423,4
230,0.460313228424639,0.923112050862983,0.0179283912293613,0
399,0.52126699230168,0.672166965343058,0.723712196224369,1
775,0.492498067724519,0.305601868219674,0.528533484553918,3
1344,0.725740552064328,0.346841128717708,0.503216276525975,6
285,0.59539187583141,0.75810119882226,0.819074910599738,0
618,0.550740838379134,0.717339722346515,0.797972540720366,2
269,0.55920238327235,0.307247878983617,0.728091131895781,0
885,0.492063317932189,0.591822788026184,0.53299267962575,3
432,0.518767219604924,0.348293143115006,0.471320227487013,1
726,0.49202189484844,0.67798848731909,0.493139035766944,3
1318,0.737112039153491,0.339032518392083,0.509823812149588,6
1357,0.734612931697876,0.340247651949022,0.504089873261652,6
468,0.514650281779468,0.339667712361552,0.546754931332543,1
498,0.523969196288381,0.303105552354828,0.736951162805781,1
386,0.523326695226133,0.392330935481005,0.514983802684583,1
795,0.485123492707498,0.300035602436401,0.492230876581743,3
883,0.485290082572028,0.51735485161189,0.461226294282824,3
435,0.518139198743738,0.322446970874444,0.618230988504365,1
489,0.517593941325322,0.666424764576368,0.498652303824201,1
1205,0.724965245938327,0.408811312190404,0.501636760279657,5
936,0.726882486676678,0.376453455744282,0.509495299196694,4
1305,0.725293608419514,0.344729752451713,0.503137732890327,6
672,0.550614183295984,0.768859546305612,0.898973069270141,2
866,0.487420135925058,0.323642445285805,0.889831578708254,3
1346,0.732333586247837,0.343773475181076,0.498195215774533,6
205,0.492773246252909,0.410209109308198,0.715519362827763,3
1342,0.730515309448372,0.33831001652117,0.503928243519551,6
1231,0.729890437963565,0.404287445436743,0.507927852368207,5
484,0.514203896871768,0.652303133765236,0.676157052512281,1
1462,0.736582673382118,0.347868223468471,0.499070647654513,6
459,0.514252536641434,0.299295088765211,0.732986340066418,1
328,0.518301994947251,0.398448572750203,0.574568792129867,1
1062,0.724590750695816,0.373638526784799,0.506847777626891,4
666,0.550737667439971,0.558221259643324,0.486096546170302,2
283,0.771053238073364,0.7245647914242,0.540703414706513,0
782,0.493655802174471,0.64584438027814,0.783375953324139,3
130,0.181780623039231,0.901592512615025,0.547529079951346,0
1136,0.720149035158765,0.402080446824656,0.510050862309304,5
1335,0.723406580377426,0.339671671935721,0.501953937953632,6
147,0.0659815026447177,0.249235685681924,0.983192876912653,0
277,0.510482246754691,0.382826112909243,0.295103579061106,0
436,0.515030446264427,0.493033909145743,0.781259764451534,1
64,0.920473333913833,0.675718381069601,0.358580774161965,0
1008,0.720485709375845,0.38266841017175,0.502729924654024,4
278,0.506043554516509,0.130535757634789,0.395126306219026,0
1229,0.728174611117211,0.394539515495854,0.504569455190551,5
1109,0.724015693895648,0.408242172476604,0.505749728882269,5
614,0.550356512723956,0.34921781627927,0.631541413837112,2
596,0.544717650045641,0.697518935333937,0.540346583118662,2
355,0.521329772265162,0.544780678953976,0.486951386672445,1
781,0.487915943297558,0.58439273762051,0.770967020536773,3
1246,0.722411582160212,0.40479512484013,0.504737913970063,5
1413,0.725301782931531,0.344164484108667,0.515306317979376,6
194,0.190321888308972,0.639584162505344,0.827837607823312,0
430,0.51711511000758,0.626938525261358,0.487842182163149,1
249,0.217685046838596,0.513153131585568,0.584224711172283,0
1500,0.728338435741603,0.342951565348793,0.504416598794512,6
730,0.492865851141978,0.537405769131146,0.667675593635067,3
679,0.550231457534246,0.414047981984913,0.71629637433216,2
819,0.49002521062037,0.495222775870934,0.829508236725815,3
368,0.515572475679219,0.486914521921426,0.781986822374165,1
656,0.551474772896618,0.600859895488247,0.915079172234982,2
35,0.538265844341367,0.61555620492436,0.069668663199991,0
731,0.492636242969893,0.66294557126239,0.477187752258033,3
223,0.952493101591244,0.366810600738972,0.404055577237159,0
180,0.576804545940831,0.00399950426071882,0.87645202386193,0
1043,0.729538315545292,0.372953844753804,0.496003091587162,4
1422,0.715390267290905,0.350057966298787,0.512270554413825,6
394,0.516048819648568,0.479890179028735,0.914054748602211,1
121,0.981422970304266,0.283845406956971,0.861858574673533,0
1042,0.737719992081169,0.374713046892827,0.501187181684571,4
1267,0.72420185976369,0.404821992376886,0.512439621695173,5
276,0.550785986939445,0.374044967349619,0.98726590629667,0
643,0.551176001525019,0.278601392079145,0.915392406284809,2
425,0.517495087238494,0.683780008135364,0.462102750083432,1
461,0.517412816882134,0.357717484026216,0.854589781025425,1
1252,0.723605644532897,0.413792073517581,0.505544053508518,5
1425,0.731383630624417,0.352412249545719,0.502764456815364,6
1037,0.728843473981896,0.371612713379146,0.508399537256777,4
1030,0.731720752268393,0.373907916963944,0.508017879508175,4
1312,0.729509961476711,0.342719623473292,0.49735027277243,6
1232,0.731007984430106,0.412182239751123,0.494477356127335,5
288,0.916168939787894,0.253287205239758,0.416810368420556,0
375,0.516233263772447,0.394156052637845,0.602077139890753,1
1467,0.733758456545239,0.350436323276649,0.508128262214195,6
748,0.491430875116494,0.375920755579136,0.73797383857891,3
248,0.290034358389676,0.614954474847764,0.783180912723765,0
811,0.490190573453438,0.641509809903801,0.843485713237897,3
827,0.489299059989862,0.688843291508965,0.57900515163783,3
136,0.204157845582813,0.865354595705867,0.507166357245296,0
557,0.551337135909125,0.589319031359628,0.726141934748739,2
158,0.037290939129889,0.385099814273417,0.932811131468043,0
62,0.742174065439031,0.736910393461585,0.208420992130414,0
1450,0.732954473113572,0.346215765480343,0.504793582338149,6
369,0.522542391908355,0.628947224374861,0.682461919263005,1
107,0.810565057210624,0.806698241271079,0.286292536184192,0
439,0.514466342488304,0.406407015305013,0.898486438556574,1
636,0.553541237737518,0.437499179993756,0.580977033241652,2
203,0.848532929085195,0.0557336807250977,0.0680059238802642,0
608,0.547467857261654,0.284409179142676,0.850978747592308,2
371,0.515992113261018,0.397382113756612,0.72349162644241,1
127,0.859176172409207,0.251565783983096,0.661730060586706,0
677,0.552323504127562,0.625074497447349,0.878173637203872,2
383,0.515343477667775,0.298929982725531,0.692882742499933,1
505,0.553735935548321,0.610933516081423,0.623332142480649,2
1388,0.725492623110771,0.343999602597823,0.505901688341445,6
1053,0.728002633500671,0.381297796661019,0.505441368128011,4
929,0.728617716136755,0.375589214319322,0.505920220083357,4
242,0.907889024587348,0.758362358435988,0.606392079498619,0
1011,0.724216801338902,0.375912417665176,0.509765945862793,4
802,0.489225429021753,0.388361859042198,0.850559861049987,3
1120,0.723544616355082,0.40520383415225,0.507485381427453,5
945,0.723196373834072,0.372851145242316,0.512037139761699,4
1458,0.729061455191328,0.34422810901954,0.506603143105471,6
1094,0.73233954051299,0.371044753655311,0.498775236049293,4
599,0.5461827285029,0.507417643116787,0.824375632102601,2
776,0.492096619266085,0.493363570678048,0.658643094706349,3
1235,0.719464795317648,0.408009366852334,0.504836346990525,5
1427,0.732140234694841,0.352160813095897,0.497388052138458,6
118,0.178354155970737,0.341398917371407,0.609868528554216,0
485,0.521215362744406,0.321669606282376,0.820889009861276,1
620,0.552995450566523,0.384335378208198,0.452236718381755,2
1100,0.720691748717033,0.373633746588452,0.51290752766306,4
68,0.689219241263345,0.647045088699088,0.650156928459182,0
8,0.10798000311479,0.444278331007808,0.559731771703809,0
874,0.489943385890219,0.490998860588297,0.854332863935269,3
350,0.521935235720594,0.315431852033362,0.742438916815445,1
200,0.697119174292311,0.662069167476147,0.369082627817988,0
740,0.487229794643354,0.322904765163548,0.433340718504041,3
280,0.580411596922204,0.157112387474626,0.265152571722865,0
1463,0.717692851172335,0.34084708943505,0.511860703349374,6
1068,0.719291150518676,0.369349842663703,0.506406669705501,4
1429,0.737266433618554,0.343391225042942,0.500341924559274,6
50,0.692850872641429,0.177186993416399,0.683897767448798,0
937,0.7274632907715,0.368030454583313,0.502944328004367,4
701,0.48790890334174,0.409952467330732,0.85968708479777,3
317,0.5168017171463,0.726776542980224,0.460537867969833,1
633,0.546477936431766,0.597644128510729,0.537035633693449,2
1275,0.726823811449007,0.401116128572334,0.507132923343675,5
765,0.492482579508796,0.564666206156835,0.865205418202095,3
1327,0.727084781571295,0.348189094577384,0.502000026842982,6
366,0.523172863491345,0.493330237362534,0.555675356881693,1
69,0.822944234358147,0.84044432383962,0.441112520871684,0
1085,0.725157509634849,0.374053424248891,0.502955402709778,4
335,0.516852013668977,0.697665338544175,0.817189941415563,1
1250,0.725219565598603,0.401585994827212,0.512589739963217,5
1171,0.726051302601261,0.407738002406657,0.511740924065426,5
584,0.549168527787551,0.521645334688947,0.452007898362353,2
556,0.545948744169437,0.385074953339063,0.617003307794221,2
1287,0.720498714438064,0.407297858465479,0.502893276895715,5
888,0.493563112772536,0.571451903344132,0.677121182670817,3
1152,0.724222798336548,0.402886416141724,0.507447151585746,5
684,0.547947591734119,0.370069798221812,0.472233505919576,2
907,0.720757719476952,0.374364943101585,0.507291517763163,4
1273,0.737983699925497,0.399880723191502,0.502215460840348,5
646,0.54686788241379,0.457044354313985,0.738139173015952,2
1415,0.740003859989694,0.338474556645652,0.508469210164856,6
1197,0.725718970921684,0.392944173314579,0.499699706410177,5
621,0.548367216421757,0.761531048943289,0.510903933900408,2
747,0.488324755898211,0.5596856336575,0.862820915179327,3
206,0.546060079010203,0.482061366084963,0.814244008623064,2
1382,0.729970170061511,0.347650689958688,0.505057776076208,6
209,0.547385928453878,0.639962403103709,0.221122728195041,0
299,0.0644018957391381,0.237850634846836,0.275697744218633,0
622,0.545121548250318,0.546049978141673,0.817677772720344,2
378,0.51717976357555,0.527939387387596,0.798073051031679,1
153,0.411992218811065,0.614485734608024,0.00330950506031513,0
1195,0.72240112213002,0.404595786807052,0.50389503283644,5
790,0.492466856392566,0.454394283029251,0.785945080220699,3
1139,0.721267974379399,0.412838786650397,0.506369511912304,5
552,0.55248433982255,0.750932763004676,0.728873646119609,2
768,0.488569663865492,0.664234675723128,0.753006541752256,3
1328,0.731180649247277,0.345564352546926,0.515529362411633,6
564,0.550623822491616,0.688888312340714,0.851299166795798,2
339,0.515835632206872,0.642872853227891,0.479159810696729,1
1219,0.728349543112633,0.410446249712493,0.512341823786977,5
480,0.517666022407357,0.477263706875965,0.877554456004873,1
211,0.833659795112908,0.299342206446454,0.117853626143187,0
1470,0.726049350169825,0.344177519246406,0.511433056469016,6
725,0.492720446342137,0.668742712843232,0.592478648992255,3
935,0.719724353731145,0.378335396023564,0.500377124862171,4
979,0.724841844445652,0.377650109925294,0.513251816747268,4
686,0.548613928609993,0.568027420341969,0.586253892048262,2
188,0.672183409100398,0.495463135885075,0.484795210883021,0
554,0.548438491846901,0.470081661385484,0.776785581954755,2
391,0.518736999540124,0.770176018029451,0.674132161191665,1
224,0.178683537757024,0.939233953366056,0.350151078542694,0
445,0.517115640020929,0.641207069065422,0.804977266234346,1
855,0.486562018785626,0.32895622078795,0.602291531977244,3
1351,0.726447231584316,0.342723777956377,0.508994122473377,6
184,0.512484809849411,0.65787230245769,0.801858971593902,0
1436,0.731140465439267,0.342460224479156,0.501501046680962,6
431,0.521219935065601,0.75139135287609,0.712179678026587,1
523,0.547451454196125,0.660623159748502,0.43090712861158,2
417,0.517940827631392,0.331871681520715,0.827574400114827,1
966,0.73202894095668,0.381270499622833,0.506323394743706,4
950,0.729825737134058,0.380188776357862,0.504247623178828,4
559,0.54533991919132,0.411859137145802,0.899691079510376,2
301,0.514826574737672,0.306942829769105,0.803293492179364,1
544,0.552639250406064,0.575327114923857,0.652294279891066,2
860,0.487948302056175,0.729871060722508,0.850216126185842,3
196,0.78246571845375,0.343098576646298,0.0235345175024122,0
680,0.54623956093099,0.466813377127983,0.795344235375524,2
397,0.516581879754085,0.422924037114717,0.735190967679955,1
1363,0.725223970780786,0.343095408824093,0.501312547333347,6
789,0.492897364399396,0.760259922849946,0.468886018963531,3
1289,0.73220465676892,0.405956636731887,0.51151928930651,5
314,0.52014900776092,0.405963989812881,0.559118279023096,1
506,0.552746098532807,0.442898470931687,0.64194028521888,2
812,0.491671509458684,0.479694156697951,0.561345308786258,3
57,0.851323568960652,0.625595348654315,0.513191574485973,0
83,0.49549786420539,0.561247908510268,0.0342462349217385,0
1002,0.724504650964317,0.378854736858171,0.499226428186398,4
838,0.489752005126793,0.283942694682628,0.508553617168218,3
139,0.473934388719499,0.33959753299132,0.645055507542565,0
785,0.486322282829788,0.673847192688845,0.798151293885894,3
300,0.695564639987424,0.944512910908088,0.941788323223591,0
307,0.517194884326309,0.552268345863558,0.42652595450636,1
351,0.523453724721912,0.565173338190653,0.500503702554852,1
1046,0.72740612126473,0.374481235692246,0.502703565825352,4
693,0.549590839063749,0.279913070518524,0.911595653626136,2
939,0.726233516919938,0.370513807383708,0.517709665261034,4
739,0.484688790815417,0.399120688694529,0.595041322754696,3
1269,0.730455880280064,0.410184484026545,0.511711271245481,5
788,0.488179804256652,0.27535931954626,0.705758309341036,3
590,0.550517925661989,0.765541960741393,0.907535808742978,2
84,0.38130439678207,0.0933469799347222,0.259703927673399,0
619,0.544334581086878,0.460258602304384,0.491091880947351,2
1071,0.720878939094769,0.376820133289201,0.503425330010504,4
818,0.489336115338374,0.440366581222043,0.700488342088647,3
319,0.520992975670379,0.43594043191988,0.4654862631578,1
246,0.438414670759812,0.768559565301985,0.614079022081569,0
101,0.458282043924555,0.393225469626486,0.451489563332871,0
711,0.489153482038528,0.311101610097103,0.71864618989639,3
587,0.551075749134179,0.361083303834312,0.486764707020484,2
462,0.522817802638747,0.495388785284013,0.663882114109583,1
210,0.722305102739483,0.958266625879332,0.316421456402168,0
834,0.487421448321547,0.361331921443343,0.698747135116719,3
1222,0.722432847335224,0.399441442632853,0.514249769621472,5
1321,0.729456251253739,0.347807669219227,0.509880141372964,6
1484,0.727994418140007,0.342269978101082,0.506101203626712,6
103,0.575164841720834,0.682945652864873,0.67873325990513,0
1440,0.7315060213828,0.345444875546296,0.508437205460889,6
415,0.521593338446692,0.279429602460004,0.699907726841047,1
95,0.868160001002252,0.341180569026619,0.37920023011975,0
1282,0.724716330212009,0.404514677459593,0.507598912906902,5
1036,0.731084923902416,0.371255105522804,0.506052097638442,4
741,0.486833362535108,0.626870407513343,0.643083632923663,3
1338,0.736437737345737,0.349651799054631,0.504552670072725,6
1396,0.730607663443587,0.337981213958193,0.505204427889296,6
271,0.219082329189405,0.837583261774853,0.245992575073615,0
499,0.520931956684217,0.514354607462883,0.918802114669234,1
1167,0.714513982768986,0.413889825239006,0.507925060078774,5
1207,0.731107204716036,0.40742336638833,0.504961540636306,5
262,0.16202035988681,0.0846232187468559,0.279125160071999,0
1281,0.728310718001074,0.403310466967941,0.506703718470795,5
1403,0.729385621917811,0.345185102219158,0.510291038228359,6
18,0.67254020483233,0.365301500307396,0.0308717666193843,0
1376,0.730116588874213,0.348783604932276,0.506387719127201,6
1058,0.72662339247614,0.380051059486692,0.500130563803654,4
676,0.549743528733961,0.519641499873251,0.894520800327882,2
1067,0.725156317171562,0.380151283773024,0.516546885060837,4
941,0.721228816704592,0.38100206425265,0.514568934237373,4
521,0.544989305201452,0.620203936612234,0.543266372638755,2
527,0.55398557504639,0.615197202912532,0.702034773537889,2
416,0.517791810228955,0.296660092566162,0.703543639159761,1
1243,0.72315323048186,0.399750832387782,0.499923301881978,5
751,0.486392099014483,0.600471024075523,0.879184796125628,3
236,0.644451463129371,0.636449265060946,0.728468448389322,0
720,0.4894143355079,0.617322594183497,0.448110193479806,3
833,0.484360950412229,0.620240282872692,0.591610194882378,3
487,0.517921448787674,0.526880939863622,0.606738715665415,1
546,0.549869041247294,0.532315689162351,0.58740543120075,2
204,0.633220674702898,0.344551918329671,0.475804380374029,0
1097,0.728529717934331,0.3764658472047,0.498517927665444,4
898,0.49223497298779,0.322640577703714,0.732227701810189,3
382,0.516628770243842,0.564746870915406,0.876413950929418,1
1434,0.721642496558937,0.338646187852445,0.503845333754224,6
583,0.546982476518024,0.768143632938154,0.484490685048513,2
460,0.522851635059342,0.327515498641878,0.740202303975821,1
39,0.604397614486516,0.39190405793488,0.56824660836719,0
61,0.993710897630081,0.348335506161675,0.88908396102488,0
595,0.552730742134154,0.580533216614276,0.793118751025759,2
746,0.491188711565919,0.315141085442156,0.913377424469218,3
193,0.465624771313742,0.943804156733677,0.484589829808101,0
520,0.550525578614324,0.483029547287151,0.900450317771174,2
28,0.554424148518592,0.782825673464686,0.666101290844381,0
734,0.485279864508193,0.510342377610505,0.504947972949594,3
364,0.520469403231982,0.288082608859986,0.59983044990804,1
72,0.178180194692686,0.150409166701138,0.594025456812233,0
1033,0.729028904375143,0.379259706814545,0.49889091381978,4
529,0.54798737003468,0.272311368165538,0.891264379955828,2
1276,0.715382916302527,0.407181827056809,0.500954136447438,5
1390,0.729057995620687,0.346375298249308,0.501069454046837,6
353,0.521870116495993,0.715093629574403,0.869045668863691,1
1263,0.721618131533434,0.398689750751582,0.514087647618734,5
483,0.523621384862345,0.669314265041612,0.464152214466594,1
1159,0.722292191187224,0.4119676608348,0.506761342759215,5
986,0.729125510330144,0.383042927067342,0.498947672529377,4
477,0.520184129208792,0.544931880920194,0.475760445580818,1
294,0.490779245970771,0.220588017487898,0.786016441648826,0
325,0.519349739232566,0.738878961792216,0.733305429806933,1
1397,0.724316860260494,0.346606098822062,0.499509630294071,6
607,0.549824163289741,0.5699105451582,0.78219001297839,2
1347,0.725974420413093,0.338449813458782,0.512930121538253,6
1283,0.716970004389529,0.406356978984419,0.500686756761305,5
344,0.520552133182064,0.672770268074237,0.750004097004421,1
991,0.728568904007428,0.379258750474277,0.514190304919169,4
1270,0.729093548457329,0.40771128395318,0.50315662137505,5
363,0.521893270958681,0.482645046454854,0.684126038919203,1
47,0.792574134655297,0.921336123486981,0.029507254017517,0
798,0.484258301092778,0.608805375429802,0.827111360616982,3
1355,0.724385083868039,0.345059513755684,0.50175524091786,6
1294,0.720935152471786,0.400014571924507,0.506225640428144,5
1331,0.725141255316743,0.335645408073043,0.50572682796688,6
1073,0.725282543658791,0.372348329761024,0.508602642679357,4
1179,0.727441393056828,0.404327244726605,0.506483467007731,5
896,0.489841691146139,0.695654556644149,0.586375852464698,3
424,0.514404286912177,0.491524204635061,0.860039887716994,1
931,0.729301974985592,0.379794556499562,0.505493831818108,4
1407,0.725544771398246,0.345715808912091,0.501293803676098,6
356,0.519959032239858,0.726791347400285,0.633472176734358,1
719,0.48645746007096,0.556702106748708,0.60333980852738,3
960,0.73460501154316,0.370893401917809,0.503841889908594,4
1003,0.726087154025225,0.375982256213957,0.495025817229942,4
826,0.488010859822389,0.618049984704703,0.572838456835598,3
144,0.978989674942568,0.194485151674598,0.709779513534158,0
624,0.550810645793099,0.709653484425508,0.571442219428718,2
44,0.722139402991161,0.920815256424248,0.402875775936991,0
1186,0.733195322563309,0.404793181423719,0.505851814664198,5
1253,0.725102487132235,0.402686331055477,0.50273064544947,5
1471,0.739458455766834,0.345918349593108,0.501891838121011,6
398,0.517273106507491,0.516382357128896,0.628982486668974,1
501,0.544173140821513,0.448593937116675,0.444830812048167,2
879,0.486715175111313,0.348492163256742,0.734568349551409,3
1038,0.725857606370118,0.378457447950342,0.504226563720033,4
1060,0.731912029072353,0.373009288947546,0.507644182664524,4
613,0.550805045801681,0.760857659066096,0.435702983639203,2
9,0.343502647941932,0.827746523544192,0.572138538584113,0
448,0.518411694949027,0.607661766139791,0.917938061757013,1
1110,0.726481440457937,0.40584709755706,0.513383748846823,5
297,0.01020572707057,0.452503147767857,0.795599806355312,0
786,0.484471199437976,0.725296298065223,0.568450953811407,3
322,0.518286102227867,0.671949273115024,0.453712694696151,1
405,0.514716818984598,0.471851090691052,0.736055178102106,1
1417,0.714257139472552,0.349877175200826,0.51118812522252,6
606,0.552731291048695,0.370288055064157,0.84643168002367,2
473,0.518403912591748,0.311902455310337,0.506272329716012,1
354,0.514302487524692,0.59320520972833,0.474917450686917,1
1426,0.731513344784483,0.350013397002153,0.502389085020839,6
847,0.484986885976978,0.330055634630844,0.711063232505694,3
974,0.72408869074956,0.3816706089234,0.504241000673627,4
1461,0.729537441545812,0.348811410862279,0.505726968641268,6
342,0.516149054442067,0.325139561458491,0.690386019763537,1
962,0.730941858075242,0.380258725655804,0.512204908400546,4
260,0.651667206548154,0.530057896859944,0.556159904226661,0
323,0.52159137141658,0.539794767764397,0.517491845530458,1
1177,0.73391559336514,0.401683713133238,0.509064537615583,5
681,0.550736475484446,0.443217676854692,0.709078107611276,2
1374,0.725641362440097,0.346280611424365,0.497488058443488,6
37,0.607076331507415,0.721656652167439,0.797761018387973,0
428,0.520792637034319,0.743129959004,0.632010707515292,1
449,0.51855042088544,0.601996687846258,0.784266167553142,1
1218,0.721053262765609,0.404100882819469,0.5082321704159,5
1402,0.725350528979354,0.343348331580142,0.504692070788939,6
745,0.490948218072299,0.530677063413896,0.463701690314338,3
1307,0.731416317780536,0.346827486684758,0.503034516412167,6
1381,0.727094067324136,0.348612418012648,0.509198790811433,6
661,0.545687497337349,0.672136633214541,0.83814575325232,2
1358,0.72817688437613,0.350809475146368,0.515785478715734,6
332,0.521695187480655,0.715434062667191,0.429487238638103,1
1468,0.721450205431774,0.339148582553207,0.501550310587557,6
1017,0.739776724316574,0.371535792247263,0.505381167424785,4
695,0.544608629071154,0.354633405944333,0.762572481064126,2
437,0.517211505835876,0.305338879488409,0.527854263200425,1
456,0.514103985780385,0.354082557279617,0.695812996826135,1
692,0.547957405271009,0.625524520897307,0.695293048629537,2
370,0.515890747758094,0.595804484584369,0.844381271279417,1
212,0.520915645174682,0.163713023532182,0.740171200828627,0
1304,0.732024173493441,0.355499512619084,0.50358661422726,6
573,0.548691054705996,0.433117410773411,0.482557878247462,2
876,0.489483846779913,0.764073662948795,0.639104595407844,3
824,0.484668585625477,0.437823353242129,0.647539910743944,3
804,0.486900113350712,0.303872135141865,0.528769207769074,3
1029,0.726567844799219,0.373924367474286,0.49715276178972,4
794,0.48745800425997,0.357964909658767,0.569394148304127,3
538,0.550663510647137,0.66771235994529,0.647399808047339,2
464,0.517647513279226,0.495307237748057,0.501440135994926,1
352,0.522366029242985,0.359709882433526,0.511249089729972,1
713,0.487803534874693,0.429209160758182,0.823912168154493,3
273,0.840396501589566,0.0721627529710531,0.323827390791848,0
1045,0.724699883432732,0.37774087459277,0.503066311067688,4
413,0.517344989704434,0.308116245688871,0.586757303215563,1
1016,0.723852221951671,0.370398873365668,0.510468956123857,4
886,0.493557093027048,0.668837179103866,0.917315464001149,3
17,0.713549678912386,0.734065792988986,0.802919277921319,0
258,0.938445479609072,0.548433089163154,0.266068388707936,0
1254,0.728275795867603,0.406083553964133,0.507950382213421,5
650,0.553993448545225,0.541107206628658,0.686596237705089,2
199,0.948607594938949,0.0161002667155117,0.0947332119103521,0
171,0.524304225109518,0.607377592008561,0.00682682124897838,0
229,0.576231185812503,0.0526296629104763,0.276382246986032,0
512,0.554051158402581,0.360233564651571,0.510005678865127,2
1102,0.719308248631497,0.409872003330155,0.513428367543396,5
952,0.724190508095146,0.376582200213585,0.505014307493993,4
766,0.492544283561874,0.687518343585543,0.566167968790978,3
388,0.51665590896504,0.550304690864869,0.489732407382689,1
1325,0.731065487126826,0.355211344627218,0.499271360355602,6
1173,0.729295000333836,0.404279250619432,0.505869268297018,5
665,0.553576418929734,0.735681665386073,0.447412997367792,2
1215,0.735261415842596,0.40019705352452,0.502574754943742,5
532,0.552149122999981,0.729946247325279,0.438938670093194,2
252,0.650993457995355,0.773647229652852,0.665097686694935,0
729,0.490083871504758,0.718772983318195,0.451706793974154,3
1028,0.727372004039868,0.369516581675387,0.506533090247034,4
372,0.518938893505838,0.535709948535077,0.697683110367507,1
724,0.487090488045942,0.568778561917134,0.836265156394802,3
220,0.402117741992697,0.990910649066791,0.518602487398311,0
143,0.627724761608988,0.176559182116762,0.973372265929356,0
1059,0.729846438785567,0.371775243007089,0.50388467898756,4
526,0.546620871361811,0.272808910021558,0.776063084951602,2
6,0.422694709617645,0.964351125992835,0.294325032038614,0
286,0.381283855531365,0.379391851369292,0.183190157404169,0
309,0.514314073834103,0.411799086397514,0.921363596105948,1
140,0.6538469013758,0.0671710867900401,0.895627499790862,0
863,0.489961271467619,0.731814363063313,0.682152266148478,3
897,0.488983446899802,0.722362507507205,0.667752688168548,3
479,0.520262736761943,0.476231237896718,0.454491503653117,1
1023,0.727841957835953,0.379939954036977,0.50854664332067,4
266,0.454059467418119,0.797551286639646,0.718133561080322,0
545,0.553873007376678,0.310954007110559,0.484553392860107,2
195,0.588253179797903,0.568222933681682,0.218257462605834,0
94,0.144719055620953,0.3052143889945,0.0317938374355435,0
983,0.732890726039442,0.383634449038049,0.505357437745698,4
541,0.54552196768811,0.63406501270365,0.640083480160683,2
1490,0.723768055130373,0.353074038894689,0.500517626495741,6
887,0.492525721821003,0.726610620995052,0.485646998509765,3
138,0.151900290511549,0.529120735591277,0.963244244223461,0
997,0.729566630319391,0.377090521536637,0.496980196340162,4
1057,0.717510960421863,0.374788842166797,0.501532516713978,4
995,0.72281232470308,0.374930845767828,0.502534844472558,4
835,0.493395344309975,0.512706790724769,0.511794468155131,3
906,0.732720619449265,0.368465270201585,0.497400957678489,4
1336,0.729407799332742,0.34337102187053,0.503335955945273,6
705,0.487709561579395,0.574774830741808,0.72879218054004,3
610,0.553106410384644,0.365364052262157,0.563476145616733,2
900,0.487266933931969,0.406445095222443,0.444302398944274,3
615,0.55188892293023,0.479072479088791,0.854884297004901,2
298,0.459722340106964,0.101943492656574,0.857310339109972,0
1459,0.730044331445833,0.336786303928959,0.502413773385597,6
446,0.515899877862539,0.580946505675092,0.798209167202003,1
875,0.490498180834111,0.296640005568042,0.698172692675143,3
1172,0.73121470947448,0.402336973352774,0.505854414963048,5
16,0.832997884368524,0.72762362100184,0.788111302535981,0
320,0.516148045500741,0.454437168920413,0.47912296152208,1
703,0.492298739331309,0.437002849555574,0.729721924988553,3
458,0.518660418002401,0.324568577250466,0.542260261485353,1
850,0.489658454577439,0.652305657067336,0.558432336198166,3
76,0.669654250377789,0.638392712222412,0.686667283531278,0
1075,0.728975199532346,0.377704764673023,0.503239521731457,4
427,0.522510813304689,0.317708580079489,0.617796698817983,1
494,0.519709563527722,0.591315395804122,0.729364747880027,1
958,0.732124500135797,0.38635112656109,0.495019513209397,4
1437,0.719711884446697,0.341408573298224,0.501701170632081,6
440,0.515206838627346,0.712331834970974,0.44862929766532,1
1237,0.72713939842323,0.414776106373471,0.502846528635126,5
518,0.545932644994464,0.602163193305023,0.865602713427506,2
295,0.244534608442336,0.97661257814616,0.497354520484805,0
1160,0.729128144794284,0.405704660441173,0.503828589651237,5
420,0.519401652549859,0.278970781737007,0.767389166285284,1
49,0.544963251566514,0.411835861159489,0.254872822435573,0
628,0.550931461320724,0.481198107963428,0.861463559907861,2
976,0.719668508558947,0.366614304676999,0.512887347743119,4
1101,0.724667608564969,0.402191587258469,0.510217118750227,5
946,0.730431477311622,0.36577172503967,0.498011794337165,4
183,0.402773369336501,0.10001774225384,0.41940105590038,0
737,0.485614361157641,0.605846344982274,0.870489968219772,3
189,0.229613187722862,0.602678411640227,0.225264571141452,0
330,0.519060092419386,0.681405792734586,0.682414044276811,1
793,0.48543275805423,0.750459460099228,0.843638784484938,3
124,0.697553235571831,0.981581261381507,0.578148809494451,0
1168,0.713308893503881,0.402947733537551,0.503355142249437,5
803,0.488962894699071,0.488635466108099,0.726881084847264,3
93,0.147489659953862,0.808536450378597,0.574674546951428,0
592,0.544324252556544,0.550558655080386,0.889788610395044,2
187,0.672745378920808,0.9336943984963,0.685964627657086,0
112,0.0591818846296519,0.10123952711001,0.120427739107981,0
281,0.97529174038209,0.159763101488352,0.974576716311276,0
293,0.781212199712172,0.148752467473969,0.415333818178624,0
1479,0.723136875448198,0.353839565800526,0.506926156129709,6
1393,0.73090080403543,0.345908099020118,0.51025902110496,6
46,0.389742766972631,0.275219682836905,0.118084768764675,0
390,0.522435465978924,0.31551783697214,0.612084439373575,1
23,0.27763520157896,0.0358740861993283,0.596897821407765,0
1041,0.723051087873565,0.380169038599317,0.506153129948628,4
846,0.488989776840899,0.429689447884448,0.511925815953873,3
575,0.551241328031756,0.403591546951793,0.847192431916483,2
577,0.547323082953226,0.721865738998167,0.815290562575683,2
418,0.517214573083911,0.56044295001775,0.630989768076688,1
567,0.553492314496543,0.410637657647021,0.817738028941676,2
291,0.314763070549816,0.592066535027698,0.71838986990042,0
922,0.732387143406516,0.374372676438765,0.505234738164363,4
972,0.719135707127184,0.374375195594941,0.508813897785774,4
182,0.805037218611687,0.36798844137229,0.878847481217235,0
486,0.523914205066394,0.764676684653387,0.643676439882256,1
1226,0.726787561124664,0.41303575994961,0.501587716163308,5
3,0.652625130489469,0.113851504866034,0.362687114859,0
1123,0.730002054752327,0.404608159430314,0.498429194261315,5
755,0.49036730046384,0.413491057371721,0.652817945578136,3
760,0.484353046652395,0.363267919537611,0.459779221448116,3
290,0.520015925634652,0.566573891788721,0.985627262154594,0
1188,0.719909696044585,0.402597924618194,0.508164840451247,5
491,0.519459925731644,0.326523109944537,0.554851105203852,1
975,0.727199995415163,0.372675246368654,0.502623845340666,4
451,0.518528820804786,0.36354280509986,0.745221712859347,1
579,0.552095587113872,0.344610633235425,0.629990589222871,2
653,0.547867343204562,0.598327924869955,0.472089398303069,2
1272,0.730904647199869,0.399478565345492,0.502966695774815,5
337,0.517337764401455,0.453268081671558,0.483596212463453,1
1472,0.715051920299217,0.351349056889623,0.505807807960023,6
918,0.73237703146067,0.381941965328807,0.496097753495959,4
1080,0.728976311259359,0.377133175081803,0.497800447729663,4
1010,0.727922608092475,0.372724241488265,0.492061133128981,4
914,0.733375977402728,0.372774887743228,0.512224592435416,4
1240,0.728439074581545,0.41175417907014,0.499892373406799,5
561,0.551304577921983,0.769929850962944,0.577985016163439,2
126,0.779875873122364,0.305546241812408,0.258806687546894,0
87,0.867609002627432,0.788287055445835,0.401226753136143,0
172,0.847188302548602,0.113801479805261,0.441597107797861,0
385,0.519318436915055,0.456964243692346,0.493362949928269,1
137,0.50228688144125,0.28648209082894,0.373899075202644,0
961,0.7302780021393,0.371146413397858,0.497907985480235,4
537,0.546264929003082,0.344599471916445,0.543695828295313,2
500,0.520312276508194,0.586565519939177,0.729560563107952,1
877,0.490955764320679,0.400106610637158,0.630126725416631,3
1431,0.734684685923978,0.345236828693178,0.504468440014196,6
348,0.516108842822723,0.619515099702403,0.608533829916269,1
1039,0.7358925463407,0.370398610550112,0.494304934884435,4
849,0.490902570583858,0.552811023104005,0.540400830912404,3
1025,0.721851989136605,0.378425298544071,0.516144545003249,4
1354,0.730575408343067,0.343561553628867,0.506719462114925,6
70,0.816759743960574,0.906798749230802,0.345694196643308,0
1001,0.720490991458174,0.375978047864473,0.50385442946114,4
928,0.726358317374807,0.380146271333443,0.506415245680844,4
1454,0.731590117529748,0.34522948462661,0.513684773776803,6
805,0.484559476028662,0.324195740534924,0.698235396062955,3
1428,0.728888222341529,0.342111525715547,0.510737601867712,6
1320,0.71577310762494,0.357271949842608,0.504478066722591,6
652,0.551690602847375,0.36777780847624,0.728724357439205,2
1432,0.729700677950073,0.339089041334851,0.505492593713291,6
1296,0.729533792543788,0.414672219207968,0.504081252247098,5
408,0.519549619893078,0.640295388665982,0.729988367646001,1
1225,0.726889564277118,0.401262500150601,0.515427490379227,5
667,0.549756240625866,0.383325222088024,0.614195798989385,2
1244,0.726283227911314,0.407490349010377,0.497234411387255,5
548,0.545012577450834,0.634462899318896,0.518959193024784,2
324,0.523837162845302,0.325815471727401,0.700476993340999,1
156,0.504507878329605,0.847302722046152,0.35688723763451,0
77,0.578051424352452,0.875915754819289,0.977805803995579,0
496,0.515837376238778,0.391069271974266,0.614046557922848,1
909,0.722294694835755,0.376875465779838,0.5031653042641,4
381,0.523485585988965,0.330281067080796,0.62277129618451,1
134,0.632264494663104,0.604351610410959,0.243671043775976,0
365,0.515519846200477,0.339290841971524,0.836403120541945,1
1445,0.722605529158409,0.345867662781011,0.506431931381289,6
1066,0.732644323011784,0.363705050936472,0.503703871112486,4
100,0.889815663918853,0.452168461401016,0.104726944118738,0
227,0.0846338227856904,0.996860548155382,0.564485640032217,0
1313,0.731059406969338,0.344486375088904,0.498833740982727,6
938,0.730604731052375,0.383225991070359,0.498811622873955,4
947,0.722770766805512,0.367080216463195,0.504907928402555,4
668,0.550990287826862,0.407708451407962,0.797964422148652,2
581,0.545730915651657,0.707614382402971,0.599822264746763,2
333,0.515152917215601,0.583529992983677,0.501761946594343,1
265,0.180543266702443,0.835326281376183,0.40550056588836,0
1364,0.729664952018486,0.353080426084344,0.502844344259125,6
1154,0.721155938864442,0.40586604727594,0.510320778133023,5
853,0.492016223780811,0.448694211919792,0.869921800913289,3
714,0.490005728770048,0.41285881344229,0.563957882695831,3
1322,0.729986222311721,0.350007596801616,0.497986068507385,6
894,0.493959720775019,0.757372482586652,0.918428435688838,3
167,0.131082843523473,0.211731003131717,0.805417133262381,0
839,0.489397165081464,0.286715407762677,0.464575672638603,3
1430,0.724118976980867,0.337632617514721,0.503314654554606,6
753,0.488179887651932,0.491494549461641,0.497286799247377,3
764,0.484628852817696,0.755058020027354,0.65070899669081,3
1135,0.725008782513206,0.405073566513283,0.49970309755676,5
1070,0.728752768856796,0.381046237131972,0.501433497405141,4
268,0.24350948096253,0.705723556457087,0.517770400037989,0
1245,0.722929286473974,0.407031617126018,0.515392797636612,5
108,0.982304398436099,0.531930998200551,0.971291630761698,0
836,0.493213214022108,0.434545911289752,0.620880985399708,3
890,0.490902493977919,0.341014598635957,0.765871673589572,3
901,0.726975361521169,0.385820615619337,0.49290258123839,4
1182,0.732534133484522,0.406422868199211,0.497988978368284,5
163,0.0643256606999785,0.940008840989321,0.764606694225222,0
1113,0.725570936103783,0.407481379076483,0.508647692666714,5
829,0.484134127709549,0.753506680158898,0.79840236203745,3
996,0.726312933537302,0.364527587580997,0.50922101779394,4
274,0.0265244941692799,0.0401601660996675,0.285373412305489,0
1156,0.728095271893694,0.400634820839912,0.500463006733105,5
969,0.724504443689976,0.378938389832403,0.499502737988044,4
625,0.55230373777682,0.490777845052071,0.432321944506839,2
784,0.485764341703616,0.728686279989779,0.617590958136134,3
71,0.112754946574569,0.37730408157222,0.938103439519182,0
305,0.514971398767084,0.333062785002403,0.528530703275464,1
707,0.485992652806453,0.379809404746629,0.639634170336649,3
1448,0.725839816005942,0.339065834904275,0.512479859258251,6
1379,0.725149020958112,0.351713141746921,0.501425729742502,6
807,0.491857570486609,0.45922645078972,0.750621397630312,3
1266,0.728712586193113,0.403897183339371,0.502648199896081,5
884,0.489312201840803,0.638653338910081,0.655704231117852,3
4,0.585261843400076,0.25908761122264,0.501179283251986,0
1391,0.745091223329385,0.345027614315006,0.503998530970753,6
1034,0.734943873718799,0.373627240685012,0.506500709968355,4
1220,0.736747007934729,0.39744566741331,0.497030237828091,5
257,0.217572476714849,0.807967909611762,0.519573666621,0
1185,0.717968820573517,0.408920649105468,0.501615479994685,5
1265,0.730024322450452,0.404239458557186,0.500979948117112,5
471,0.519455736100208,0.708377613127232,0.913496988359839,1
117,0.261831865180284,0.955594196449965,0.212769171455875,0
1258,0.729070571127269,0.401555712657784,0.502586918265344,5
166,0.698924872092903,0.887397079961374,0.691810977645218,0
704,0.484630302749574,0.392089402326383,0.533999101491645,3
30,0.28135029040277,0.077632415574044,0.458205585367978,0
279,0.585883914027363,0.574898990103975,0.655916314804927,0
66,0.542189019033685,0.820484327152371,0.543997849104926,0
34,0.0625371756032109,0.296529650455341,0.0604066199157387,0
1164,0.719526575407833,0.403582029736357,0.499009712206041,5
626,0.549119180401322,0.541527259885334,0.482356759835966,2
586,0.550937546233181,0.70498285444919,0.510708168847486,2
165,0.424909631256014,0.734939526533708,0.396867537172511,0
1082,0.717444106503196,0.371575531566701,0.504235268201286,4
24,0.572184677934274,0.657691883388907,0.898358071222901,0
13,0.228397034807131,0.61708910157904,0.193687750957906,0
1166,0.729697426550841,0.411290817817571,0.497526939760242,5
832,0.485113346714061,0.579236609535292,0.454861536389217,3
159,0.715682794805616,0.0163091525901109,0.866650911048055,0
791,0.492818780972157,0.476283105579205,0.882937893853523,3
594,0.548281894654501,0.761615731194615,0.718835724750534,2
15,0.132473024306819,0.155532829463482,0.690202299505472,0
181,0.762231667060405,0.532090660650283,0.815197626128793,0
699,0.548938186946325,0.65863345542457,0.703699742560275,2
161,0.0636858546640724,0.717260157223791,0.610005327966064,0
463,0.523015004144982,0.764392967359163,0.541597734671086,1
1007,0.735698388584321,0.364489156638057,0.512783007241756,4
1203,0.724446112031696,0.411062256097986,0.510547635593767,5
466,0.524057696317323,0.282252322789282,0.565588164608926,1
536,0.545376441811677,0.46708957364317,0.68147654668428,2
469,0.514364226576872,0.691936483397149,0.62648979621008,1
160,0.0204684382770211,0.711831541964784,0.143010104307905,0
303,0.520622388399206,0.72815078929998,0.492515597608872,1
534,0.551690144985914,0.618345118616708,0.64776237111073,2
525,0.546039317736868,0.577250352036208,0.664340903866105,2
904,0.723028891661825,0.383728249773254,0.496851921847499,4
1096,0.721374037058816,0.38144879407813,0.497905021613168,4
942,0.733600568826351,0.380609526338175,0.505583487476104,4
110,0.513335420517251,0.395286881830543,0.773116916418076,0
674,0.55345516668167,0.283114455197938,0.605966429691762,2
675,0.553066822697874,0.609647618164308,0.541603586170822,2
597,0.545552358718123,0.598197763692588,0.651108459802344,2
882,0.487220245725475,0.293609177484177,0.538660361547954,3
927,0.730967964794614,0.373800368448803,0.507345012587107,4
522,0.550660406623501,0.66970068346709,0.496175813488662,2
406,0.515517116889823,0.738781969202682,0.612224135315046,1
657,0.55273260850925,0.35706576439552,0.818857298465446,2
551,0.549460604903288,0.702188167977147,0.790975017123856,2
1048,0.722193108275486,0.376151872270331,0.504415479992889,4
1228,0.730614435244877,0.407245134034782,0.506982789434372,5
1050,0.72091874488467,0.374526063881485,0.501576703620466,4
29,0.363996997708455,0.394306865753606,0.45539384172298,0
700,0.544278925957624,0.721547460206784,0.606291088392027,2
1213,0.728035158138506,0.405730685071447,0.499780082023668,5
509,0.546866477639415,0.674356493074447,0.791301793768071,2
742,0.485774097468238,0.49854329067748,0.795004986342974,3
1089,0.727180533660326,0.384951937870164,0.512017328175739,4
111,0.459978194907308,0.343208984937519,0.634592196438462,0
75,0.350439546164125,0.470498186536133,0.367722375318408,0
308,0.515598530443385,0.51478395764716,0.607959196902812,1
90,0.428821529261768,0.132112230174243,0.587268021889031,0
1063,0.722533809348729,0.383192084592048,0.50485918300403,4
176,0.894749036524445,0.00808238098397851,0.468644190812483,0
688,0.548305823416449,0.728965504700318,0.808245871914551,2
379,0.519585488992743,0.334746031928808,0.740457606036216,1
326,0.516195580391213,0.742536656116136,0.469149632495828,1
1433,0.717650430614041,0.342283029029058,0.505490828860679,6
644,0.550453946432099,0.703776801028289,0.633678268874064,2
91,0.750382973346859,0.539242474362254,0.326041127555072,0
380,0.514705068613403,0.576567655568943,0.570617465884425,1
457,0.523789658721071,0.35146248145029,0.765225521521643,1
547,0.549235776776914,0.660652527958155,0.601933603757061,2
434,0.52210709925741,0.592557379649952,0.758993502124213,1
173,0.701311855809763,0.313329254509881,0.710376840084791,0
1414,0.731151278232156,0.349653203509118,0.505178191011188,6
470,0.519605590454303,0.481583723821677,0.765386653947644,1
235,0.0136826066300273,0.393714046338573,0.480615663109347,0
542,0.547854873458855,0.644507599086501,0.692214113776572,2
1262,0.724571579347604,0.402246026158945,0.495839812864561,5
627,0.544741385637317,0.452862026076764,0.86641763348598,2
980,0.730450427815625,0.382636666206344,0.501662697839506,4
859,0.491808350454085,0.682207514555194,0.466588437207974,3
722,0.489953235730063,0.715545541746542,0.747561132302508,3
1004,0.733205308068709,0.378642031061723,0.498979013423028,4
1370,0.727804610580923,0.340287322884293,0.500630900635967,6
565,0.552861890881323,0.37566822769586,0.540868735057302,2
1072,0.719688282433739,0.378700036537722,0.507520737307559,4
404,0.522495261649601,0.713268858287484,0.668366033351049,1
465,0.518152333102189,0.567265131650493,0.911193708889186,1
917,0.720530485472261,0.378987346915598,0.496596764223842,4
721,0.49344216496218,0.302782923937775,0.763694654335268,3
1210,0.728150982656596,0.394531352284156,0.50417018169576,5
360,0.517917907210067,0.295260088890791,0.752532543730922,1
1018,0.716865151707792,0.372325970427433,0.503445975684456,4
814,0.492170909517445,0.759484098665416,0.784802418784238,3
41,0.0751418401487172,0.351507975719869,0.0892475321888924,0
1239,0.727920845901847,0.411185748323692,0.514786626344179,5
1138,0.731251580300198,0.408725357397994,0.502886004262064,5
114,0.943667223677039,0.119668190833181,0.857827747706324,0
578,0.548515632734634,0.707109131873585,0.742901037097909,2
1146,0.73085220241806,0.410193014594519,0.501230675969076,5
58,0.468707740306854,0.670454814098775,0.469438239233568,0
1435,0.7339355677359,0.351540395245179,0.50272478717884,6
762,0.493003753426019,0.481124112871476,0.578861948102713,3
1216,0.726561853350563,0.40846637253407,0.50523389562512,5
683,0.551138828811236,0.334934564912692,0.839666499756277,2
985,0.716071739245119,0.375718203847579,0.503649580612423,4
1248,0.729407787327093,0.412551728608927,0.509545017018636,5
409,0.517078096074984,0.759697157214396,0.539350851206109,1
119,0.0618029478937387,0.458701104857028,0.427831304259598,0
712,0.485994296760764,0.280441273492761,0.778389214654453,3
56,0.363088520243764,0.397504396503791,0.564735360676423,0
1125,0.725188891472999,0.410791220918734,0.505859302624654,5
862,0.492618390091229,0.675576078263112,0.794456417439505,3
1443,0.723273181305683,0.346809085486632,0.499162679517509,6
783,0.489516310186591,0.30257282583043,0.472127252374776,3
767,0.486840336730238,0.456779486872256,0.673828324885108,3
771,0.492529229985084,0.472728714719415,0.896767939790152,3
10,0.835806888062507,0.558629664825276,0.432028694543988,0
1352,0.72849114439489,0.342739930741199,0.51381211909523,6
984,0.731266369993659,0.375526012026007,0.510081528971361,4
1093,0.72947450807368,0.376036744724574,0.508387007235045,4
1020,0.726085608597948,0.383985522327741,0.508810085908603,4
756,0.484899389278144,0.47787681282498,0.767771492130123,3
1377,0.73289059676097,0.347203345472812,0.501179873421345,6
1192,0.725225632965586,0.415421626110955,0.499159858982314,5
1315,0.719164071228806,0.351405668872781,0.508181193538151,6
1227,0.734222552253836,0.407973033954985,0.506952657097977,5
109,0.528001951985061,0.072410897584632,0.12930893804878,0
925,0.731112643081113,0.371877382287845,0.508936170085024,4
476,0.519374854688067,0.548701089480892,0.485823870869353,1
1092,0.727496756847962,0.380573495726245,0.499696543093295,4
970,0.728970980193657,0.370619532865568,0.507658164125505,4
1031,0.732046107458811,0.372035866472066,0.501321708457988,4
647,0.546030761313159,0.489631811529398,0.48070198611822,2
316,0.520317152556963,0.572272927756421,0.897067114245147,1
580,0.548543463815004,0.288138294033706,0.779728785040788,2
1466,0.729002906259949,0.354201877751107,0.505898105767192,6
738,0.48452166368952,0.56121065702755,0.706854477408342,3
817,0.491546732124407,0.521788698062301,0.770973335602321,3
1334,0.727243284850856,0.330155708767169,0.498198614935162,6
426,0.521653026307467,0.503650879627094,0.703485664562322,1
98,0.0260114737320691,0.369103725999594,0.122471096459776,0
908,0.728831713462042,0.376843606610024,0.504111945271527,4
349,0.518913863103371,0.628633445617743,0.789531952235848,1
22,0.057497127680108,0.114985970547423,0.184836012078449,0
555,0.545920547409915,0.670605805725791,0.620590298436582,2
670,0.549001448138151,0.402657341700979,0.923359528183937,2
685,0.54559957851423,0.305381276318804,0.861718820175156,2
993,0.731391484830109,0.375725992009589,0.509410528767143,4
689,0.547603369960562,0.481264947238378,0.54724949831143,2
251,0.247888563200831,0.0422890423797071,0.260688994079828,0
1404,0.734480496914965,0.335149250843462,0.502715608601728,6
673,0.548300263197161,0.544507312262431,0.484921731986105,2
113,0.353150629904121,0.589864681242034,0.833172739483416,0
1394,0.721052931804927,0.34840971531463,0.498893641401419,6
1206,0.729643719994234,0.406316679152487,0.507769867271514,5
336,0.522530198432505,0.612554641696625,0.800521215540357,1
706,0.485289318889845,0.713355189212598,0.58123401994817,3
1362,0.738757802769151,0.351142560773015,0.502188607241719,6
611,0.549823773333337,0.715720430505462,0.734729849733412,2
179,0.451457072980702,0.537140024360269,0.593666116939858,0
830,0.490038348629605,0.415410971757956,0.460630216053687,3
1238,0.716494936584573,0.405784780631057,0.50394823091251,5
963,0.731542780392452,0.375267611343558,0.507466192081028,4
951,0.724147160458647,0.374279021741113,0.507222155389708,4
340,0.516139508022461,0.424055759236217,0.676838352810591,1
507,0.548911071815528,0.384238392137922,0.906467888969928,2
310,0.515923662141431,0.355981158465147,0.7257466717856,1
174,0.810914222151041,0.248000156832859,0.469542106846347,0
1214,0.732883151301766,0.401799164166086,0.505386617796972,5
441,0.514322549726348,0.657574105099775,0.881045534857549,1
1337,0.721963658513135,0.344095235344984,0.507683771738243,6
1196,0.724752091485693,0.411111287244189,0.502278090857725,5
1420,0.722738931587169,0.349464752846289,0.506797669839139,6
341,0.523883511079475,0.59989045469556,0.829531221766956,1
806,0.491439978042618,0.583800846734084,0.559031939250417,3
1356,0.728479234989659,0.352714396160975,0.506689522920257,6
856,0.484662299396005,0.410403166688047,0.844600316253491,3
1121,0.725968056419306,0.406457311821215,0.499861874666765,5
840,0.490634401182178,0.392519426206127,0.781977831269614,3
743,0.488789112248924,0.319695518026129,0.697390669491142,3
905,0.725130662501824,0.375989531346591,0.496990218523522,4
1291,0.72987593118894,0.413338354662435,0.501735473641307,5
837,0.48760629839031,0.314453432708979,0.561627359129488,3
1111,0.724332681788146,0.403875457644859,0.499552919032226,5
1399,0.735395070579001,0.341280056152064,0.505664055783897,6
170,0.803001788211986,0.464742361335084,0.570801505818963,0
482,0.522361619111616,0.336296688439325,0.550637762644328,1
934,0.723512911461431,0.378553077392528,0.503955237390687,4
447,0.517178767051082,0.612090563192032,0.825780297280289,1
576,0.545381446294487,0.595925516239368,0.685874062473886,2
1452,0.729126966714261,0.348939199282513,0.496688009051368,6
402,0.519988326977473,0.44489414235577,0.761090057203546,1
752,0.493869401123375,0.380706261401065,0.7236081676092,3
543,0.551300324378535,0.503911210014485,0.511318891891278,2
750,0.487842306257226,0.676173775596544,0.572544766706415,3
217,0.602067216066644,0.00545920245349407,0.747662941692397,0
773,0.491132472958416,0.310261404747143,0.670614082366228,3
710,0.486373107698746,0.745427829935216,0.495014106039889,3
1278,0.729866062870601,0.402851603578598,0.503486280279184,5
1241,0.725555854056228,0.40580640629845,0.495379610469861,5
691,0.545051957536489,0.477186429104768,0.878640810144134,2
1013,0.725753992960942,0.370984154182798,0.496735053154257,4
1350,0.726427630042206,0.347728592236244,0.507954073319905,6
1271,0.729405057805045,0.40708538271386,0.504392978557515,5
861,0.486639342796989,0.591388436756097,0.637334092636593,3
1380,0.729095294929114,0.35295944068062,0.498802078755271,6
810,0.484333639945835,0.617225860035978,0.711942869704217,3
312,0.51834881905932,0.537048476422206,0.603674479643814,1
11,0.0944389088544995,0.556271383771673,0.749719618819654,0
155,0.478437789948657,0.616771180648357,0.665361099177971,0
716,0.491545300886501,0.715936321322806,0.81556136556901,3
1345,0.725502230337869,0.346225819912238,0.500681119066872,6
1297,0.735266109338254,0.399414997283789,0.507022658898437,5
59,0.453609133139253,0.353751621441916,0.617859100922942,0
1147,0.722236862128176,0.409515869512928,0.492022474700135,5
959,0.727751546183699,0.37550054174768,0.499035228512131,4
1460,0.731132889246084,0.344303293515224,0.509304433127496,6
769,0.484280842344742,0.581243472546339,0.472604649257846,3
528,0.551731643576641,0.44893320791889,0.488299411255866,2
1137,0.72624062633493,0.412120153069198,0.512119750076448,5
429,0.522069904909004,0.51901580709964,0.877773746615276,1
292,0.915017982944846,0.245535071473569,0.250565412454307,0
162,0.958651688881218,0.200555069372058,0.611175781814381,0
658,0.545073297272902,0.458573030447587,0.81572041369509,2
253,0.224988211877644,0.931407709373161,0.247883022530004,0
1144,0.729265506889935,0.404914136434494,0.500300815793838,5
1081,0.727386631471612,0.371030060758537,0.509500483190448,4
359,0.514343172891531,0.717007279302925,0.870675181387924,1
240,0.130942931165919,0.306976457126439,0.907326718792319,0
998,0.723533994302522,0.373276285824214,0.499558047104551,4
1158,0.718483284133206,0.406558204729957,0.508334169684555,5
422,0.517899033431895,0.468650412536226,0.64645911520347,1
89,0.532020981889218,0.52079416369088,0.408048364566639,0
474,0.520188282534946,0.753176195453853,0.457765688654035,1
361,0.523515774612315,0.738579703634605,0.480229018488899,1
568,0.549461506116204,0.629122423613444,0.85521703667473,2
226,0.972938241204247,0.301067859167233,0.0396036773454398,0
718,0.491073573264293,0.382918228418566,0.80383921682369,3
1194,0.719659980716675,0.40557732989036,0.512617168846793,5
1302,0.732621247514835,0.347312885504049,0.494949770881438,6
272,0.929929942591116,0.624734945828095,0.0629240435082465,0
284,0.172341461991891,0.0700714057311416,0.195160169620067,0
531,0.547635352259968,0.534123711544089,0.705538940615952,2
598,0.549275013958104,0.341605277522467,0.888509648153558,2
1211,0.72544122554733,0.409130123321265,0.515251148980686,5
1032,0.732316929888218,0.375746936747471,0.498358500137472,4
150,0.436847695847973,0.267941056750715,0.840987067436799,0
825,0.485572757280897,0.359711347171106,0.525535429245792,3
912,0.73346952094418,0.374597888698526,0.500440529194039,4
1284,0.734904579688648,0.398968279732312,0.504976403236608,5
287,0.717345590470359,0.882151824887842,0.587502824142575,0
964,0.727902250732898,0.374931520048651,0.503189417460552,4
1247,0.723375871795104,0.403858839518098,0.505654248976634,5
1074,0.721752848431032,0.385692869847777,0.508122671524005,4
1378,0.730679961817795,0.341377156453373,0.507970233265401,6
387,0.52055956894299,0.578562517440878,0.736032943008468,1
1332,0.723627680024937,0.340305043994853,0.498496563105284,6
943,0.714193930685418,0.376926457132247,0.501115703805917,4
1274,0.732623776370244,0.399096777968508,0.5069336333416,5
1359,0.725163447779289,0.342440796930514,0.508254415770315,6
588,0.551233276021667,0.676902744593099,0.460655007627793,2
414,0.516595388636924,0.644487522449344,0.582390464725904,1
801,0.493216521476861,0.636156479618512,0.839872967684641,3
1343,0.730354616885115,0.343542443435159,0.504359518431288,6
1411,0.721957847035858,0.341906772211416,0.504320587136692,6
1499,0.727297162477588,0.351005809083978,0.501094372620565,6
585,0.545996028732043,0.47491586105898,0.769882229389623,2
419,0.519916761915665,0.628035916388035,0.805263770278543,1
563,0.552651317659766,0.47965631892439,0.629110326408409,2
1115,0.727041848242714,0.410819417923093,0.513105052341178,5
899,0.490991645513568,0.283943388983607,0.447734312270768,3
808,0.492342649975326,0.490548412804492,0.882800399791449,3
1497,0.730216453952388,0.343246272562575,0.514559639739235,6
54,0.148862019181252,0.0688596004620194,0.236921172123402,0
311,0.517876661929768,0.34276154988911,0.693548798910342,1
1161,0.728231299985621,0.406573469667941,0.505754244920835,5
1095,0.721800950112416,0.378506028067794,0.505642722633038,4
558,0.550654600162525,0.76871645860374,0.750369404559024,2
1209,0.735403492050296,0.406925478080819,0.512571036702821,5
1473,0.717455982221993,0.343826500446138,0.496461637988567,6
809,0.486018412197009,0.701541287614964,0.43076647433918,3
1251,0.723436977185614,0.406837665183669,0.516711252286875,5
1145,0.720824038389281,0.39420520649422,0.512713434866261,5
1419,0.723961015181852,0.347355601965875,0.504558775329738,6
190,0.641668037045747,0.477745760465041,0.00342491758055985,0
635,0.553360143213067,0.727157034352422,0.8784206508426,2
120,0.138234121259302,0.961132230935618,0.794167605228722,0
128,0.968418901786208,0.889901466434821,0.31453056470491,0
106,0.243461387697607,0.661676821997389,0.366531409556046,0
42,0.303476666100323,0.343867930816486,0.579060552641749,0
1483,0.730564752985547,0.353174590961835,0.503298556171473,6
215,0.825872942106798,0.440227672457695,0.292791935615242,0
74,0.904755589785054,0.60975682316348,0.295501406071708,0
261,0.305837346008047,0.951760476920754,0.371808723080903,0
744,0.485942171395291,0.427156423009001,0.500283939647488,3
1303,0.726084581094312,0.355424654923359,0.502908753119146,6
902,0.723175211659472,0.372724253268732,0.508518909766772,4
263,0.0397909546736628,0.717109601479024,0.457875180756673,0
640,0.551173003900331,0.433060142234899,0.474670351599343,2
450,0.518646024190821,0.367078082659282,0.881695262738504,1
313,0.517528484784998,0.372345377365127,0.468490859260783,1
511,0.553923431644216,0.568670379719697,0.542722688987851,2
151,0.682559184031561,0.443225032417104,0.614940248196945,0
978,0.712887320204492,0.3797511189241,0.501543750197571,4
1077,0.735495478187874,0.372956584720425,0.507227632647173,4
1349,0.723305284746665,0.346779589979601,0.504816714968995,6
7,0.21825653151609,0.205392157658935,0.402099498081952,0
560,0.549515981010627,0.530346502456814,0.889686160022393,2
467,0.520650279629044,0.666240175277926,0.437934110290371,1
851,0.487729182790499,0.692479993472807,0.809001814457588,3
831,0.48910088427132,0.753851047623903,0.915163091267459,3
304,0.516606296342798,0.343882106966339,0.897471044911072,1
823,0.489380133387167,0.543882230436429,0.653346299892291,3
67,0.152396767865866,0.573307650862262,0.95484665222466,0
1208,0.736254122086065,0.403019225619357,0.506716249292275,5
634,0.55389408644056,0.522707761405036,0.649148342898116,2
345,0.51500578839099,0.501646747370251,0.742815967998467,1
1480,0.73662024091978,0.33721653764317,0.512290504748212,6
735,0.486187153831124,0.743193534808233,0.652747039799578,3
444,0.523819519618992,0.276008188049309,0.492380761657842,1
1475,0.725353714375907,0.343203187292226,0.50440322106174,6
318,0.516852026614361,0.363721617171541,0.661558251595125,1
1295,0.72743743115899,0.403425013602425,0.504538326094363,5
254,0.745818956987932,0.0255754301324487,0.39298090711236,0
821,0.492474222220481,0.706205304036848,0.442339099128731,3
854,0.484986173426733,0.652861020318233,0.509134577121586,3
1469,0.734175193488004,0.349213049560449,0.501546611523081,6
977,0.728059319397778,0.374792679369335,0.505718961106996,4
191,0.725449030520394,0.499047404155135,0.836054609622806,0
982,0.732496264631788,0.372109691854268,0.511240525893639,4
1119,0.724027892996627,0.414498462893935,0.507483352853823,5
965,0.731394839813729,0.364747403288113,0.506168819912628,4
857,0.490023154960945,0.318056513462216,0.847203703713603,3
198,0.948850731132552,0.40256110415794,0.139656854560599,0
1481,0.730433547590372,0.347158246416985,0.499095944914405,6
1193,0.718327442857261,0.402791003149342,0.503449184938304,5
132,0.745003554504365,0.685953478096053,0.53258600900881,0
78,0.765147518366575,0.684936896665022,0.708907135762274,0
871,0.486828891681507,0.484355359827168,0.612111427122727,3
105,0.535668002907187,0.346438142005354,0.409050369635224,0
243,0.154677547747269,0.970662419917062,0.0892836034763604,0
1439,0.724612321802475,0.354732077506545,0.494327347144228,6
844,0.48877250904683,0.766576951509342,0.899442524532788,3
1187,0.727533690099725,0.408401197391934,0.503406144063866,5
999,0.734732198147324,0.384078578153754,0.507922026449392,4
492,0.51464267597301,0.75984131640289,0.66249464917928,1
1122,0.735829793798017,0.401866468578436,0.502163050358675,5
213,0.340009656269103,0.726655219681561,0.212795926723629,0
517,0.544299597104546,0.295849592913874,0.819785717292689,2
916,0.731025148074847,0.377749727861934,0.504276304495303,4
697,0.552547613666393,0.525542990909889,0.847459179582074,2
1181,0.723547110522188,0.402474075968342,0.501923209262051,5
1369,0.728074163114016,0.349510981942864,0.501105746230444,6
1476,0.737151446576786,0.341643456946408,0.504619075564658,6
749,0.49077436857624,0.379551257146522,0.474785916157998,3
26,0.213445800123736,0.401258466765285,0.311819978523999,0
994,0.722909329060862,0.375237018847233,0.501884211427947,4
1012,0.729740612574811,0.376318251436703,0.507098250459818,4
5,0.947710692882538,0.388563396409154,0.673966837581247,0
1474,0.73297225212613,0.344150338124208,0.504264530110196,6
1492,0.722164414457969,0.339369153980659,0.506284240802851,6
1340,0.724881743127042,0.35112327337054,0.499374292858408,6
919,0.72657943293559,0.368615622546606,0.505733524033129,4
1400,0.740406914369249,0.342176534873821,0.503747544084711,6
131,0.680264493450522,0.443174717947841,0.0650915624573827,0
149,0.18205538042821,0.362345278263092,0.464242391521111,0
1309,0.721728951910709,0.340854041454096,0.505586843566987,6
393,0.517602883416694,0.729648114554584,0.432715930277482,1
376,0.522795354695991,0.650925611867569,0.780880244681612,1
761,0.488568922872655,0.311633294587955,0.673027338460088,3
1423,0.72664530138933,0.343846627521801,0.501052634789966,6
1375,0.727964432181083,0.337066319238973,0.494192828871918,6
728,0.489405825042632,0.331093165813945,0.739512266591191,3
241,0.29515330446884,0.876171466428787,0.35258797975257,0
1183,0.72616951047091,0.405873789592947,0.501209444621368,5
654,0.550723619181663,0.607175050675869,0.69089010101743,2
232,0.792900705710053,0.46121909096837,0.617942806100473,0
503,0.552581255261321,0.678931954922155,0.741644328343682,2
582,0.544684114907868,0.444508275622502,0.634995626518503,2
357,0.520437168262433,0.464278385532089,0.547176029533148,1
920,0.717948868658246,0.375785799508438,0.500133648560727,4
971,0.727734885061664,0.371705659728831,0.500113462104851,4
664,0.551366919698194,0.571344565390609,0.447789975092746,2
516,0.549367739504669,0.675118010980077,0.875890300492756,2
820,0.490448834111448,0.277718980354257,0.608625376247801,3
1199,0.735107483919936,0.40318106146764,0.509673817230719,5
1047,0.728178697523479,0.38121824724457,0.502919386820105,4
1149,0.731396817430501,0.401693642192271,0.509242354476501,5
233,0.602341135730967,0.0501377379987389,0.0122791519388556,0
868,0.492380746265408,0.518520812061615,0.826569638913497,3
1389,0.725679542210043,0.345068341912764,0.511182096057042,6
593,0.544489112440497,0.514469937095419,0.822049771551974,2
1191,0.726964676790394,0.409658072896775,0.502799511576862,5
913,0.717857666672804,0.370135595042282,0.507185065539568,4
1311,0.731293208259552,0.340227255666389,0.506476104366107,6
12,0.331442666938528,0.684311735443771,0.930710653075948,0
571,0.546558541937266,0.366572542837821,0.895222525228746,2
515,0.550002756202594,0.707274534879252,0.658120481995866,2
400,0.519712665767875,0.768828857364133,0.646752830594778,1
247,0.799440764822066,0.491156416479498,0.885195696959272,0
1373,0.727935750819893,0.34123376912947,0.506481380764484,6
443,0.519781032761093,0.559200527402572,0.89456972386688,1
175,0.306666766060516,0.684821668779477,0.577963185729459,0
629,0.552271245361772,0.724749355134554,0.787979301181622,2
736,0.488495902293362,0.335402812366374,0.624165541725233,3
1044,0.732032931731771,0.379599379869074,0.502266394492087,4
524,0.552678203771357,0.608623603498563,0.609079722198658,2
1441,0.723359269167214,0.342998398299543,0.498979714410995,6
488,0.521904654863756,0.5873182089068,0.458817010628991,1
412,0.517209260363598,0.294621846778318,0.657749723526649,1
687,0.548774598357268,0.510167409921996,0.529018572764471,2
1341,0.724059284687042,0.343152975131754,0.499117432765911,6
1261,0.72325904180027,0.394536434556995,0.501257730085551,5
533,0.552778956780676,0.632310146838427,0.61067318439018,2
662,0.544457655167207,0.572974110627547,0.824316923622973,2
122,0.396036976249889,0.468980392441154,0.176770762773231,0
442,0.515654973713681,0.718728422443383,0.802980236359872,1
82,0.492700496921316,0.475088098552078,0.740322140045464,3
238,0.62834846181795,0.336795422015712,0.109382671304047,0
384,0.515363488839939,0.688637743727304,0.6455072570825,1
604,0.544837263345253,0.366540194163099,0.790788847836666,2
1319,0.730609700553637,0.345185160591962,0.49712645434943,6
438,0.522362214168534,0.351972596277483,0.428034623502754,1
490,0.522265735825058,0.386153137334623,0.669834148255177,1
296,0.197932329960167,0.4592451301869,0.0630630729719996,0
612,0.550547918810044,0.766555382194929,0.554971003090031,2
1099,0.73218074808108,0.371804267798801,0.510422754122063,4
168,0.0343622644431889,0.635312451515347,0.338402169756591,0
1242,0.734008565257193,0.412690830253464,0.513631109816659,5
1259,0.718798862405638,0.406078450231998,0.501417653221661,5
1114,0.723528730147644,0.40838316198319,0.498678156260455,5
239,0.43124881782569,0.822642547776923,0.940683081746101,0
1371,0.73453465121795,0.350305353461836,0.497532558627072,6
1162,0.744525858143146,0.401506961350442,0.50034232271277,5
99,0.757139723515138,0.329449716024101,0.413769399048761,0
1151,0.722853668759475,0.412989431595756,0.510553668393294,5
910,0.727289607172344,0.36553893361478,0.505461355072858,4
1300,0.729563225553821,0.41040169004914,0.501119131213925,5
1361,0.719885670642707,0.343598175481493,0.510501279017039,6
758,0.488228897254449,0.387485750159249,0.595051735057496,3
867,0.487864242368378,0.316925505897962,0.436206808197312,3
1316,0.727026759146731,0.338874522926715,0.505914221415941,6
1478,0.730109750972285,0.339967089149531,0.500140311676087,6
115,0.25058745034039,0.287776475539431,0.751105186063796,0
1202,0.729580734978857,0.404722750198132,0.507201016222914,5
282,0.0169215509667993,0.898868296062574,0.74746018811129,0
763,0.489718342474662,0.588907755003311,0.823986291186884,3
53,0.5996115419548,0.0591921503655612,0.721668176585808,0
1293,0.735722992706153,0.397263089123838,0.502278547082978,5
1277,0.7282883445747,0.4067555876809,0.500684013435139,5
869,0.487145251263864,0.495978548331186,0.815925189875998,3
1049,0.728938363230897,0.383050079232496,0.503956944728634,4
1129,0.730678968442517,0.40548294264798,0.512342957808598,5
502,0.547684302325361,0.362622644077055,0.817286865436472,2
1204,0.731674695896793,0.405429229549528,0.503763831043791,5
373,0.516124847889878,0.574094857112505,0.507516086916439,1
55,0.62268028431572,0.895553479436785,0.552677892614156,0
1314,0.72854938471531,0.350463434790143,0.495297181120918,6
1457,0.738984992637367,0.343557590613252,0.502727802433588,6
1286,0.729436789267298,0.40008555568245,0.505937743198731,5
926,0.729437432688397,0.378308075771997,0.501249462759218,4
967,0.727248560134114,0.385064166485779,0.500083917066818,4
715,0.49347683132859,0.37562452678103,0.818429051083513,3
1324,0.71881348267401,0.354545605764111,0.504198956828679,6
759,0.488264570555184,0.561384720983915,0.886341052129865,3
638,0.55366815646179,0.616107857692987,0.480934331892058,2
245,0.731896370882168,0.0728205332998186,0.806493642972782,0
1385,0.734838944889545,0.340167828831689,0.50548735309387,6
1150,0.733779461248598,0.408248850543836,0.506179997167687,5
1165,0.736309566221141,0.412111028152376,0.501846027338516,5
1486,0.734842684281842,0.346576615282185,0.504537328109243,6
102,0.118258099770173,0.361034620786086,0.731390816159546,0
1024,0.729398441268575,0.36908922516951,0.507029547208171,4
267,0.565183841157705,0.858267937554047,0.886750485980883,0
1086,0.732870923994283,0.37297860545827,0.499929984236353,4
631,0.545313494205475,0.642414036928676,0.606674136943184,2
1412,0.729393188365212,0.343211483535254,0.510579070750262,6
96,0.407944074599072,0.522630006540567,0.247706092661247,0
717,0.491384978916031,0.762001052172855,0.773771112319082,3
609,0.548987582337577,0.478441502922215,0.824680053978227,2
645,0.546452666523401,0.645318153803237,0.752579168998636,2
1055,0.725896771689304,0.375404137217219,0.514720205256119,4
895,0.491293263263069,0.357853863178752,0.823731707991101,3
1485,0.727555960998194,0.347136973197093,0.505219110089064,6
1405,0.730824192508221,0.344724350354731,0.499495450921337,6
141,0.0971136800944805,0.210805373033509,0.569887031568214,0
1257,0.723381466692206,0.405452615963466,0.505597645879734,5
1386,0.72259981327088,0.346109589205591,0.503242242541442,6
92,0.366744062397629,0.213538400828838,0.449608542723581,0
616,0.550000761293341,0.627855396852829,0.684269393095747,2
411,0.515301859502215,0.609189292090014,0.663937061210163,1
822,0.487305634228978,0.307617468433455,0.670036953291856,3
48,0.722834317246452,0.00302900234237313,0.721200552536175,0
799,0.491566926306114,0.629765100451186,0.74677491991315,3
275,0.656381950713694,0.287547240499407,0.169011410325766,0
663,0.553051820241381,0.571958319540136,0.705937790335156,2
848,0.484459542557597,0.316133857611567,0.821221014834009,3
957,0.741572990429958,0.376257658809114,0.498121121387219,4
1223,0.725690372458601,0.406428936867249,0.492166651624316,5
987,0.730652580574049,0.368661448437951,0.49618985519537,4
218,0.273190387757495,0.388867737026885,0.642136715119705,0
1493,0.721017276854197,0.343704910221889,0.500411450049781,6
690,0.552623020845931,0.630948476516642,0.789804257219657,2
1189,0.723290647805732,0.406227899688549,0.496083909693124,5
589,0.550009075317066,0.328360432316549,0.542619875399396,2
177,0.242106034653261,0.121150019578636,0.072997476439923,0
85,0.992143729701638,0.17892725020647,0.124436878832057,0
63,0.545116395922378,0.911974001908675,0.43826990108937,0
367,0.520392330822069,0.499917545844801,0.471369028091431,1
481,0.5157855670969,0.647865934786387,0.792307433672249,1
148,0.743615611921996,0.18811073852703,0.650070874253288,0
421,0.522964418586344,0.568525959644467,0.545066114747897,1
343,0.521661543552764,0.349557786621153,0.682365583255887,1
433,0.517020906689577,0.429161475761794,0.491039410000667,1
178,0.633249869802967,0.2931053112261,0.418702871305868,0
1348,0.727112079317686,0.343143365261063,0.507209272694495,6
1496,0.727086966517112,0.348331424195776,0.503803715368041,6
940,0.720237654583629,0.379704126424659,0.504635937280561,4
1000,0.724044582931847,0.369633635180898,0.5114714315059,4
216,0.898631157819182,0.491483837366104,0.384668113430962,0
540,0.551976607022807,0.43314609003719,0.6363678133348,2
43,0.00342556810937822,0.653677733847871,0.840737445047125,0
1395,0.726375289317168,0.33774413756127,0.510567147628665,6
572,0.544517057449557,0.278872061427683,0.605118033126928,2
858,0.493746882628184,0.683068840671331,0.529119270853698,3
988,0.71860325975068,0.371001988724297,0.511817455082437,4
329,0.517603665359784,0.3822272622725,0.477874888689257,1
1365,0.723260356649789,0.355410390781619,0.490274858297193,6
1078,0.719280760041518,0.373739620071889,0.496037048459575,4
395,0.519329839234706,0.60012198172044,0.505654746317305,1
1035,0.72644210917008,0.377552156149719,0.501877255581265,4
73,0.041160803521052,0.649595625232905,0.429540051845834,0
865,0.484734990478028,0.579749958845787,0.682802399620414,3
152,0.702051659347489,0.177746002795175,0.053407522616908,0
1026,0.718571879502833,0.384430464789691,0.50268911947336,4
250,0.953199241077527,0.610531856538728,0.231566579546779,0
948,0.734824352087439,0.380701062597944,0.513557353000822,4
923,0.722526381907112,0.371918446334819,0.50496964232003,4
302,0.518322372131515,0.320431436202489,0.891161378123797,1
514,0.55337271894794,0.625824522599578,0.444212693488225,2
1384,0.719395995355255,0.337064414397561,0.517154987556432,6
1306,0.726568165402492,0.348206971833184,0.50777489664261,6
642,0.547065898037981,0.642644568951801,0.834241158678196,2
981,0.720165695006634,0.370843531273864,0.495343962186804,4
1446,0.730161067594791,0.349099036891637,0.503490568219538,6
779,0.485711077749729,0.580835985392332,0.441743714618497,3
164,0.406754538416862,0.369004094973207,0.612588139716536,0
549,0.55228917705128,0.442884875833988,0.430615069810301,2
1285,0.720293220427355,0.411192780729261,0.5070791548756,5
81,0.045212963828817,0.935489587020129,0.765472228638828,0
1290,0.733342455486912,0.408403360759459,0.501157103188274,5
953,0.724678572147535,0.37594628966126,0.505930185418456,4
949,0.712606356856905,0.371705681625241,0.501409741568352,4
1108,0.721818946859975,0.402266667608846,0.507739710319721,5
1163,0.729273323669344,0.406940356891478,0.505970906873504,5
1489,0.732399531312488,0.349752569796962,0.50369340915312,6
510,0.546078187210951,0.452671858272515,0.706738458247855,2
1236,0.729477930733339,0.401141046024538,0.504409897846907,5
452,0.521047830670141,0.601909277169034,0.87598881626036,1
1061,0.731109017728716,0.378801341350516,0.506718831171626,4
570,0.546619559908286,0.624096732377075,0.681625823606737,2
1330,0.722359376822774,0.34862107483098,0.504211199519937,6
1491,0.72091144924106,0.343016398705347,0.508617059129048,6
142,0.388781279092655,0.0659024091437459,0.636581070488319,0
1465,0.734781817428137,0.347391240672228,0.503913152159863,6
237,0.513407575432211,0.726406127214432,0.924451897153631,0
377,0.521334702444729,0.477723613288254,0.486774349119514,1
453,0.52236668009311,0.530546500370838,0.758979671169072,1
1132,0.725650100313563,0.417063643744051,0.501027446629103,5
1360,0.724658977347951,0.343029473283929,0.50334104273416,6
389,0.522618042465765,0.394992804410867,0.913567798910663,1
1408,0.721007849407296,0.347905333840709,0.514808031443856,6
401,0.521235640519299,0.725579081126489,0.747223219601437,1
989,0.730110699215933,0.381926926892672,0.502817193546506,4
651,0.546665605453309,0.339154411130585,0.632984240772203,2
1201,0.726388440975689,0.408962637862261,0.49223050796377,5
550,0.553995627642144,0.354347735899501,0.83513873629272,2
915,0.725737779685223,0.3762675564476,0.507693565649536,4
454,0.517555273524486,0.74795472973492,0.666869268636219,1
38,0.645386196440086,0.838226708350703,0.0947017981670797,0
358,0.520848999340087,0.668161847768352,0.79336557071656,1
878,0.488325131540187,0.272251608921215,0.857492811745033,3
270,0.713632356142625,0.728586525190622,0.609982987632975,0
403,0.521784095040057,0.552387933037244,0.741063425317407,1
816,0.492665061887819,0.308951723994687,0.47202799457591,3
813,0.493841166947968,0.325017099874094,0.52258107427042,3
1487,0.728772753774657,0.342843786304723,0.50398474078572,6
1264,0.730937955142989,0.40206820344877,0.51069074485983,5
1366,0.731168739427711,0.356135151942501,0.501801728639083,6
601,0.547292719674297,0.536355792917311,0.43869179149624,2
911,0.729948694941402,0.376154223165919,0.493851674637978,4
1131,0.744200432402148,0.406253617903301,0.50802071776575,5
88,0.284379123011604,0.803111830260605,0.150687985587865,0
1329,0.729453467668848,0.354784611031293,0.500638881815843,6
944,0.728865080171954,0.372815718667072,0.514553050008597,4
1079,0.730973643789483,0.368653853975851,0.504010740032923,4
52,0.937030338449404,0.179252130445093,0.776442013448104,0
80,0.678915421012789,0.0404265229590237,0.870890335179865,0
678,0.544507296753582,0.432333680125885,0.859244011691771,2
924,0.729480278238284,0.366665536267083,0.506538834902671,4
973,0.727562408952023,0.369921602840501,0.514230981138659,4
1455,0.726507305091823,0.343982849942313,0.493139851878789,6
259,0.653615626739338,0.344083544332534,0.896852811565623,0
1421,0.726395903961258,0.346433226822972,0.499853043573782,6
1308,0.714652452982012,0.356725358373063,0.504737292209012,6
774,0.486449243573006,0.341349694901146,0.577951724990271,3
1148,0.72203016325163,0.41052901002846,0.509798143214534,5
660,0.553607265388128,0.754050897690468,0.598281315993518,2
145,0.681617175461724,0.523717001313344,0.375600142404437,0
569,0.55133050236851,0.55899136562366,0.536101083853282,2
553,0.550238549807109,0.472634917963296,0.458223389694467,2
1069,0.732082245278515,0.370606435897899,0.511174626998302,4
787,0.487284220955335,0.584254523296841,0.852430426632054,3
495,0.523720745814499,0.389020296768285,0.580799585208297,1
893,0.486079658570234,0.564558314182796,0.807501094415784,3
1372,0.733022326589983,0.339116846726692,0.503884332791359,6
1176,0.727113200413296,0.409454811189882,0.500378322076182,5
475,0.514145850585774,0.643257580371574,0.696742750587873,1
1169,0.726856057468574,0.406416610703728,0.509401534613209,5
1054,0.729895526616741,0.371302907277749,0.498788544978102,4
125,0.193897538352758,0.168795969104394,0.444978818064556,0
796,0.48700238670921,0.293878865917213,0.700308313476853,3
331,0.514603087271098,0.342395926616155,0.650775532936677,1
255,0.653609744273126,0.191845624241978,0.698008035076782,0
222,0.805012098513544,0.222558314213529,0.26499255024828,0
123,0.691467694938183,0.403679622104391,0.807774937711656,0
1221,0.725567770519688,0.408676468205566,0.511942185503195,5
698,0.545584805030376,0.727185569144785,0.513426031102426,2
154,0.228170725749806,0.753687373129651,0.713518990669399,0
407,0.51802512946073,0.682731344620697,0.667604457819834,1
600,0.547328961109743,0.329724662494846,0.699017923558131,2
562,0.552049383430276,0.542323532304727,0.567414803430438,2
772,0.490277143949643,0.502525863843039,0.715149238705635,3
727,0.485868377643637,0.389897990645841,0.500446185702458,3
228,0.1358490253333,0.488913904409856,0.421065704897046,0
992,0.728830942104665,0.376811534199105,0.495400927145777,4
31,0.936088932910934,0.0875227793585509,0.180963663384318,0
1200,0.731269591241922,0.403431784352968,0.503986970204322,5
1022,0.738416750992532,0.369925479650015,0.505841056636257,4
637,0.550364171788097,0.664747507683933,0.741080623818561,2
1178,0.727392378052618,0.398001915320999,0.507667229920045,5
1339,0.724654830463179,0.343509503318683,0.507586056778083,6
1326,0.729631883669815,0.350722925729095,0.504469488178938,6
648,0.551940292171203,0.358701156359166,0.495340164517984,2
36,0.258104218170047,0.818015775643289,0.203359518898651,0
1255,0.734740886555926,0.39730127621281,0.502066377998544,5
1126,0.717876349869594,0.401226134638516,0.499905623685378,5
129,0.100159995025024,0.677797647425905,0.46446059178561,0
1105,0.72453743332138,0.397389849422118,0.512921384694774,5
1076,0.728448217552249,0.371946850489977,0.5110098407616,4
1051,0.729765382530689,0.378668173021022,0.504475930515083,4
1106,0.736785720925991,0.403227864403148,0.51626251310299,5
1298,0.726031158442899,0.402797835535892,0.501848934648962,5
14,0.655410643666983,0.0985787706449628,0.590999476378784,0
1198,0.722752652012217,0.401557776173271,0.501999462553234,5
682,0.553326745196246,0.442973969876766,0.477359562064521,2
733,0.486154480082914,0.483248224039562,0.555162704666145,3
881,0.486123190622311,0.726104684197344,0.872848046361469,3
1310,0.725692577946658,0.344024588562058,0.502851355268795,6
930,0.72432043589434,0.373957602532044,0.503727305314081,4
347,0.516219798678067,0.666224294598214,0.713444642489776,1
1464,0.72290286108094,0.345724434190259,0.510521015883847,6
932,0.723512797007651,0.376296488505376,0.500479782508228,4
1299,0.730044483255883,0.394357118713019,0.513762370799088,5
1184,0.732101338278578,0.404098109154805,0.509224541739673,5
870,0.487643662574701,0.499701699381694,0.467473052325659,3
1398,0.727316691181021,0.336256678783594,0.503910305428013,6
956,0.724419024225516,0.379691846714942,0.509119128849064,4
1134,0.727403110834467,0.411618557484243,0.499957308413524,5
1170,0.724106054144881,0.412875403904242,0.5082185531614,5
617,0.549770303664263,0.275514796166681,0.471667539677583,2
214,0.385160302743316,0.572570244548842,0.898783665848896,0
1212,0.723417869599362,0.399836681733425,0.502339910702937,5
655,0.545132876324933,0.293691034568474,0.833444601623341,2
1103,0.720509353933308,0.39780997075544,0.503195746030291,5
1116,0.726746452451811,0.402006800747087,0.503290667490333,5
1090,0.723718538780811,0.368881661054775,0.508689009653655,4
