666,0.629569603372365,0.788001782610081,0.484273708215915,2
701,0.572879931116477,0.717537238495424,0.578572062565945,3
1469,0.431518582896759,0.715673787127853,0.757713335320897,6
1030,0.421708329292173,0.746603101992751,0.746230021790736,4
279,0.285510055953637,0.823332308325917,0.229958589421585,0
340,0.601632567544002,0.361067395773716,0.427970855170861,1
1148,0.421491734080116,0.777714011315392,0.755267569338764,5
1235,0.425205193567866,0.783169637944889,0.759680952867237,5
436,0.605555392345414,0.748254910693504,0.421627498255111,1
257,0.414152137935162,0.233322090003639,0.110244726296514,0
331,0.598631169358268,0.393158306716941,0.276399177755229,1
981,0.435158759958443,0.739227542170377,0.760467443347849,4
1142,0.425737213786375,0.78867724348738,0.750533525441392,5
938,0.438711827753622,0.75031633518956,0.754613344350232,4
44,0.0603044966701418,0.264953566016629,0.343014687532559,0
829,0.567538891576696,0.387567003839649,0.312246597977355,3
619,0.631648065766785,0.618553464533761,0.356309553515166,2
746,0.573091677220073,0.499402867048047,0.122964185103774,3
415,0.606535145333037,0.516899968031794,0.263876946084201,1
286,0.867183558642864,0.00945194135420024,0.399359547300264,0
19,0.760747101856396,0.0962310088798404,0.95684534101747,0
1094,0.435025504964849,0.743597435388024,0.745692013124485,4
1239,0.428529879696359,0.790058823471803,0.748906996611314,5
1449,0.424708905763751,0.721726198213354,0.755999375459325,6
1175,0.427913549153382,0.782967410871612,0.755374775334182,5
440,0.600007676910609,0.553326138993725,0.447396915662102,1
782,0.574003837641794,0.707071750774048,0.223344086925499,3
67,0.319308373844251,0.450329100480303,0.621925662504509,0
505,0.630795537368394,0.448513392009772,0.503045260929503,2
229,0.839923025108874,0.819816945353523,0.962815472157672,0
1281,0.425314725082839,0.777059998085765,0.754028609060677,5
45,0.929080495610833,0.933362338226289,0.391321714268997,0
1282,0.432853524519148,0.786075709419909,0.758678579001169,5
430,0.604469983153976,0.539791181217879,0.138663520361297,1
845,0.575560847013257,0.770158246974461,0.355018243100494,3
351,0.597300214224961,0.427392547950149,0.24951839344576,1
102,0.835082844365388,0.439091729000211,0.779495818540454,0
1169,0.432353063672889,0.774357483088333,0.750727117369121,5
623,0.633120977685321,0.742287973873317,0.522989956103265,2
1155,0.421173723935626,0.778394529559533,0.752076849521784,5
460,0.601262316708453,0.518905939883552,0.195862855319865,1
1103,0.425245783629267,0.789577274675342,0.751449344980382,5
1260,0.425569606175763,0.780497301272342,0.75930631845618,5
383,0.605505251134746,0.840384920826182,0.417680297419429,1
1394,0.438362866478159,0.721124928132002,0.755878413224981,6
1140,0.437562396235884,0.779829149379678,0.755594729710978,5
733,0.573449806394055,0.628814574796706,0.236807985138148,3
1112,0.434742734611218,0.777927726586553,0.752710529935522,5
907,0.432897832093337,0.750967225901685,0.750098973638578,4
675,0.636224969730247,0.621946502476931,0.187346320855431,2
305,0.602568225513678,0.725185432820581,0.269083116576076,1
552,0.63570968986256,0.846869032480754,0.398417524667457,2
591,0.630400066121947,0.633285813266411,0.3225051849382,2
1204,0.431002843260936,0.792006326235396,0.750506044395101,5
828,0.57060341197066,0.516025697579607,0.513679750286974,3
931,0.427218852528892,0.745225651608567,0.765874812902907,4
790,0.569017548307311,0.596978584537283,0.236600692523643,3
810,0.574937365916558,0.396792987012304,0.13621978580486,3
205,0.96141296857968,0.677279931493104,0.180749713210389,0
641,0.636497003664263,0.699528079596348,0.20275588161312,2
603,0.633797399611212,0.649705545394681,0.46141550692264,2
926,0.438200495579269,0.749422101139527,0.766345740024517,4
184,0.570670597953722,0.624317925423384,0.999582729535177,0
594,0.635966519108042,0.706757573992945,0.403402087418363,2
1167,0.432336328135502,0.788184997469821,0.755365737187212,5
748,0.574257250200026,0.706421340932138,0.486626046267338,3
1376,0.429295445120759,0.717761129477138,0.752972649788538,6
858,0.570549730570056,0.535236833267845,0.387592278677039,3
451,0.599474215100054,0.401528824004345,0.347263150173239,1
292,0.841530883219093,0.162367877783254,0.571859793737531,0
661,0.632346483089495,0.530093590961769,0.127711743256077,2
1495,0.425441318334165,0.719650932338738,0.754226780509888,6
70,0.935858443845063,0.492354446556419,0.104029761394486,0
432,0.60518660985399,0.653963875724003,0.427222161693499,1
522,0.631409027916379,0.53070332587231,0.208863014727831,2
437,0.597859551210422,0.575415451661684,0.158597043622285,1
1004,0.426649140780318,0.75436952811491,0.748713923569991,4
823,0.570822958908975,0.42942136072088,0.222717872727662,3
1104,0.426061293922766,0.786548449977435,0.748980569138813,5
709,0.573814958145376,0.766029799240641,0.185847798734903,3
1111,0.432482611926563,0.781569042338553,0.74902194003501,5
1107,0.427461559369899,0.780183240582221,0.761964817582658,5
1253,0.430004396474008,0.777422136096834,0.748272588851423,5
57,0.590155866695568,0.126848465530202,0.290779195958748,0
1126,0.427667104484061,0.782840427241716,0.754294581198004,5
1326,0.424893292291575,0.714282328952948,0.75220643365253,6
1090,0.430051862095904,0.756179271498445,0.754339981472384,4
1377,0.429895482383548,0.719779629571767,0.753935897013386,6
1303,0.431458067935502,0.715476716070942,0.761216541124248,6
13,0.0372391082346439,0.571431559277698,0.181902077281848,0
1128,0.433886814976517,0.778698434464244,0.753644600848495,5
1304,0.43161412508901,0.721876396685965,0.757630821314206,6
252,0.335353807080537,0.551338908262551,0.178296757396311,0
1068,0.433427501571551,0.752232198527758,0.758420304062983,4
597,0.635698378204834,0.73483152652625,0.331516293017194,2
613,0.631190461576916,0.653905079932883,0.450436676759273,2
92,0.0512752567883581,0.933825255837291,0.897413804661483,0
1458,0.42827727287632,0.724009831311991,0.759078797683987,6
111,0.000943572726100683,0.094449729193002,0.984271526802331,0
90,0.253596991067752,0.529175631469116,0.686557372799143,0
115,0.406404211418703,0.251602087169886,0.0355671518482268,0
314,0.606095804334618,0.361068239668384,0.374295310489833,1
101,0.237942385487258,0.458409101935104,0.73986775893718,0
951,0.438222162611362,0.748502596297942,0.75891092277622,4
722,0.570778945824131,0.424207849195227,0.314321723091416,3
197,0.881561573594809,0.521496007917449,0.464493730571121,0
202,0.81194587633945,0.828259831992909,0.106433690758422,0
322,0.600642153320368,0.625790529185906,0.213867906620726,1
1139,0.432537413917111,0.780840633961734,0.757286488502248,5
329,0.603760803688783,0.577527329558507,0.585553470789455,1
1249,0.429782041872291,0.782080441412891,0.752482985241923,5
187,0.271649966016412,0.439878602512181,0.959278501803055,0
63,0.430676228366792,0.318048513960093,0.144550526980311,0
1445,0.428889819881666,0.713849277935697,0.748669160400241,6
304,0.605077596488409,0.795574193238281,0.484958705166355,1
1460,0.435149455658805,0.721698961137235,0.754422089041606,6
928,0.432324301516889,0.750834304832883,0.759193278440711,4
1328,0.43854238184061,0.719902265821017,0.752497481748588,6
680,0.630515354380477,0.426838785409927,0.346988103492186,2
411,0.606561040601227,0.571085442556068,0.12106132672634,1
1265,0.428983249756676,0.767583121000057,0.75565335521773,5
1444,0.430713879088102,0.713253088404933,0.76351392716425,6
848,0.574755773919169,0.761467612464912,0.39513933963608,3
1244,0.434311762593823,0.785246228025002,0.764029547225845,5
549,0.629882544504944,0.600860292674042,0.552962566865608,2
461,0.602200343015138,0.753831012756564,0.514871415006928,1
526,0.635775174498558,0.384825321147218,0.599034510808997,2
96,0.465363753493875,0.232581732328981,0.345290326280519,0
787,0.575566603885964,0.828836208791472,0.280621885461733,3
1146,0.431099889539634,0.778085257603892,0.75428517922259,5
602,0.627080835131928,0.596123390132561,0.156637558969669,2
1067,0.424732745277225,0.759616849018879,0.758156813919656,4
1121,0.428449911516714,0.775100881575145,0.759983446082862,5
100,0.718103006947786,0.301331873284653,0.94265643064864,0
900,0.575335552389733,0.59611423604656,0.536286445008591,3
156,0.159814562648535,0.868775445735082,0.554719799663872,0
1314,0.435379315718058,0.727484264663076,0.754482248318695,6
1092,0.429295143673231,0.750932248487637,0.753714302985128,4
494,0.603912652709987,0.435041175340302,0.215959104150534,1
1337,0.426362790260201,0.724380692784328,0.760863220373181,6
686,0.6339344508457,0.509027708671056,0.238874013442546,2
572,0.636983521203511,0.630672729224898,0.559252023138106,2
606,0.630081838285551,0.595438985852525,0.37572364162188,2
290,0.498055756790563,0.738220038358122,0.986909425584599,0
425,0.606839613416232,0.736455646110699,0.378761815163307,1
979,0.425639073591953,0.74774824405212,0.761405619083201,4
1331,0.43142447016552,0.72252845828951,0.758181227213969,6
902,0.426371238025293,0.747984204101887,0.75213382461109,4
1144,0.423491092994427,0.778359704549076,0.754699063903733,5
1375,0.420764525908527,0.715817028302768,0.760119752445937,6
1158,0.425688744472493,0.787979603572076,0.754141731675931,5
447,0.603260797960684,0.422813802608289,0.11913610950578,1
911,0.429193792871669,0.749615678665765,0.760923567425879,4
1186,0.429344285711761,0.783183873782252,0.754276046782351,5
119,0.846187703777105,0.59135258407332,0.587393067078665,0
678,0.634977621473372,0.572525903116912,0.176256046770141,2
1100,0.432397574243045,0.751591557118336,0.756040377401609,4
918,0.434676542347858,0.758905766683668,0.764242302402501,4
1407,0.437326147420058,0.720976248258066,0.750599610771122,6
584,0.630480680570472,0.772240906022489,0.270186467468739,2
7,0.881056072656065,0.658792029833421,0.336503019556403,0
238,0.590040410403162,0.717821375234053,0.246138182701543,0
1288,0.432893393379922,0.786323942349224,0.755514256361045,5
1110,0.427119955478294,0.772401417761089,0.760819165545342,5
869,0.574142958912998,0.785478633246385,0.455329381069168,3
223,0.83740102360025,0.815400129649788,0.877970083151013,0
814,0.574063763569575,0.814787097158842,0.190448818751611,3
1192,0.430703792269644,0.77415735709923,0.756516469667622,5
468,0.598133819398936,0.480818716110662,0.471393733657897,1
1078,0.426284679301911,0.736634158387827,0.750248033522802,4
754,0.572626836868003,0.778460156405345,0.553804906806909,3
62,0.377879415173084,0.139279074966908,0.0591079234145582,0
1147,0.436754286724928,0.77905968852383,0.75080636350876,5
275,0.644616648554802,0.292816375149414,0.219976267544553,0
1289,0.42879391464997,0.778488287935224,0.764898829734245,5
105,0.766392065677792,0.556222277926281,0.746345192193985,0
1032,0.42519561145702,0.747758889207165,0.74927095962878,4
163,0.618460422381759,0.032145444303751,0.967991500394419,0
1250,0.424473231697063,0.768162376570476,0.755619987871847,5
1014,0.427846942018612,0.750001437414963,0.76089013500054,4
211,0.888810131466016,0.154686171328649,0.56780027737841,0
18,0.588975099846721,0.418190326076001,0.813205225858837,0
608,0.632406563200057,0.48667832557112,0.549093566043303,2
421,0.602761620392557,0.535955593339168,0.329811805300415,1
502,0.629775958762039,0.775346229784191,0.289758787513711,2
635,0.633133737065364,0.361234439653344,0.5746470983373,2
1041,0.429586589573875,0.756451388694918,0.753782396165892,4
985,0.425988410433858,0.75293337088979,0.766783782777873,4
1166,0.432821423679157,0.783735501649963,0.753893942688794,5
896,0.56867668412393,0.429060587775894,0.304601556877606,3
366,0.598152093263343,0.617231975193135,0.300742807704955,1
601,0.636742649064399,0.573829672648571,0.113066723942757,2
198,0.792350278468803,0.227734641404822,0.186152033042163,0
1184,0.431457116301817,0.781518626747214,0.755134399836392,5
1070,0.433168374926851,0.749051872344459,0.759786313615317,4
154,0.359062967356294,0.0552310461644083,0.680379086639732,0
838,0.568033172441646,0.585704156779684,0.283459947234951,3
967,0.430341644352424,0.748756768177695,0.752619770387312,4
793,0.567471786628012,0.391936131636612,0.284058679034933,3
106,0.531295194290578,0.807588628958911,0.362390538677573,0
38,0.194013018393889,0.913281835615635,0.842865282669663,0
946,0.428800823138356,0.760097759397833,0.746165274631578,4
729,0.571048320124391,0.607952548773028,0.182910238998011,3
592,0.633922902795021,0.690538861905225,0.191251873061992,2
22,0.98300671367906,0.696612636325881,0.512479053577408,0
800,0.574218444295693,0.504031406133436,0.204584517423064,3
1297,0.436422708354598,0.775996398912369,0.752865630224202,5
841,0.570003812315408,0.78043843479827,0.171212705690414,3
1262,0.429494387664196,0.782154160840614,0.757644354685562,5
1439,0.429890666053996,0.729750669690265,0.759626881530497,6
243,0.797398812603205,0.116647302638739,0.982253510504961,0
681,0.630255230958573,0.519903505337425,0.474068779172376,2
112,0.51310509396717,0.790806559147313,0.0362974368035793,0
345,0.600053909453563,0.619959085248411,0.272093680710532,1
1427,0.434763725639313,0.714580249530586,0.756002880379707,6
95,0.675938128493726,0.0916812573559582,0.213638181332499,0
433,0.603134400225244,0.42520583991427,0.252539530419745,1
299,0.460557684767991,0.0985507238656282,0.433324008248746,0
1095,0.425631821081186,0.752572028253569,0.760369128629965,4
562,0.632569539090619,0.789774699485861,0.253616573661566,2
1031,0.430751358052048,0.752999854791388,0.748446798339614,4
1409,0.430140861998545,0.730747375933913,0.765486400633667,6
1420,0.434103055211582,0.719484539880088,0.753156528227538,6
1061,0.42431423213148,0.752622193927508,0.760921202333734,4
554,0.630814347041305,0.643341274815612,0.401971338107251,2
1319,0.424386471649617,0.717946991689959,0.750426537003815,6
947,0.424729920901505,0.755266049204159,0.752029650956466,4
628,0.631681360115763,0.826539820292965,0.227911177813076,2
807,0.576564683665056,0.848794224555604,0.443351506511681,3
192,0.251168355345726,0.0827826245222241,0.644367825239897,0
128,0.505632884101942,0.675090342527255,0.709324932424352,0
1448,0.429882084756352,0.714646552526886,0.755272188926129,6
1499,0.430465324359427,0.713592963087576,0.767924192380121,6
51,0.997825821163133,0.701723753940314,0.60798193141818,0
778,0.569743796258699,0.809516420238651,0.307849475438707,3
262,0.0118691767565906,0.494774609804153,0.6643597537186,0
146,0.406009074766189,0.419355757534504,0.37194086657837,0
87,0.0063908991869539,0.61317964293994,0.823920169379562,0
1181,0.432811638502395,0.776451516593138,0.758424051434203,5
30,0.0776703560259193,0.512811490567401,0.5502850539051,0
237,0.602852122858167,0.035395557526499,0.385945330606773,0
413,0.602137667825446,0.482437540311366,0.59203033244703,1
825,0.570030276200268,0.630285764811561,0.173285718564875,3
1203,0.431467262535847,0.773272859237596,0.747000052896087,5
1389,0.430893026368502,0.72394316316626,0.747642048132066,6
1240,0.426211090967474,0.781760266558735,0.760594340488968,5
26,0.216387849999592,0.138983309036121,0.768098103348166,0
52,0.361290793865919,0.434243302792311,0.205476940842345,0
540,0.631480468427762,0.52778928366024,0.233424964267761,2
1273,0.422370239915762,0.782313022503461,0.749582357896151,5
1272,0.430100870632629,0.777874208931553,0.758555893779418,5
578,0.631205189975444,0.808312892215326,0.236340937344357,2
450,0.60449284896953,0.429203432169743,0.231943395594135,1
1002,0.426960177889893,0.752851723305978,0.761605752407534,4
1093,0.431998838216343,0.750008511300588,0.758850755690138,4
1080,0.431595544125145,0.752338142462319,0.75550076974195,4
974,0.426041757322591,0.751614987552682,0.753120119147132,4
1073,0.430355689841829,0.746541027855217,0.749095340542221,4
1484,0.431493591864623,0.727904134357005,0.754037282343493,6
679,0.632522147498094,0.815979457227513,0.144636350357905,2
1232,0.435363515156436,0.778483322275015,0.753450418666813,5
206,0.00981123116798699,0.444821511162445,0.423664051340893,0
662,0.634575666061137,0.385926788323559,0.371178574184887,2
551,0.628681540794205,0.50887516036164,0.581217056396417,2
186,0.197203123476356,0.367482687113807,0.884337238734588,0
929,0.426604819309822,0.752851444893713,0.760566727852251,4
1498,0.421597742054409,0.711877910587074,0.761578292985896,6
386,0.597086736976635,0.608707439154387,0.186882642353885,1
1425,0.42910724229477,0.722088638811312,0.75468330524656,6
1428,0.442019749883028,0.723293315780198,0.754936479594617,6
1357,0.428174903995595,0.729706502517355,0.755218726287928,6
1190,0.430831477104197,0.774934492119085,0.748712264043715,5
965,0.426852628384087,0.749657500214254,0.756889612982627,4
595,0.632632030074019,0.845730754197575,0.222982598259114,2
404,0.604331912880298,0.518163892207667,0.395145220356062,1
1156,0.430581037268014,0.768013126647876,0.752202042302375,5
1438,0.430801110212945,0.709721413106845,0.755518146039166,6
760,0.575548653681762,0.513658264419064,0.397528362367302,3
249,0.146266419207677,0.087745915632695,0.073652254184708,0
710,0.571126602625009,0.805522148497403,0.122147060604766,3
1306,0.439090365134897,0.722934879001948,0.756813581284877,6
808,0.571554136404302,0.75029189675115,0.397769143478945,3
1335,0.433290004865936,0.7273717539282,0.750119760392612,6
504,0.629681791453622,0.567716683028266,0.128256522142328,2
1105,0.43763548767609,0.77726523038266,0.754672133695853,5
1049,0.430608129402156,0.748320595005238,0.756278581511883,4
541,0.635280475497711,0.746609406778589,0.463253524061292,2
412,0.598562572158407,0.418060592724942,0.332489289948717,1
897,0.573414891595021,0.484282358083874,0.38463758691214,3
511,0.630060844924301,0.803496942389756,0.598247321229428,2
996,0.429416854877466,0.757612087297092,0.754211173375839,4
1013,0.428653279920476,0.745752522713106,0.751352715239521,4
865,0.570030255015008,0.806043770513497,0.491677145147696,3
816,0.568695348552428,0.709297307534143,0.227265195827931,3
145,0.0202937060967088,0.611400949535891,0.500752280000597,0
984,0.431791777319426,0.738740837814742,0.759234256196844,4
555,0.632794157201424,0.774209741735831,0.356956832832657,2
750,0.575744583026972,0.431291807559319,0.514588408661075,3
235,0.256828725105152,0.675314330030233,0.708794433157891,0
860,0.57475706380792,0.572046131710522,0.306570753478445,3
867,0.568299052864313,0.474126678425819,0.354521025228314,3
120,0.0484099553432316,0.119150077691302,0.543809511000291,0
1391,0.432450989996492,0.727346339027081,0.757271771890689,6
23,0.256833642488346,0.71002496429719,0.932273133425042,0
720,0.570685618040152,0.383026840863749,0.142014953447506,3
888,0.567376098048408,0.827181747299619,0.453972646407783,3
1117,0.431546371496285,0.780458073202725,0.768269470174432,5
732,0.575588657392655,0.590237713069655,0.166183914314024,3
956,0.431643867036221,0.744563041597403,0.749673888809403,4
493,0.602488212937023,0.412179286126047,0.232400958915241,1
264,0.583676624810323,0.132725091651082,0.556064591510221,0
512,0.632406953880563,0.356784593081102,0.417665860173292,2
740,0.570605263044126,0.684259745408781,0.502559012174606,3
1411,0.418183143627513,0.713947732937084,0.753753567384063,6
171,0.611119501059875,0.0214177616871893,0.833284162450582,0
221,0.282125604571775,0.249023301992565,0.814214031910524,0
355,0.604909941698424,0.785938915447332,0.393124892632477,1
153,0.659597602440044,0.425716087920591,0.598376070614904,0
1028,0.437835741669976,0.746579035543088,0.754319699709723,4
684,0.633294103571679,0.713294820743613,0.557140561076813,2
507,0.635354748144746,0.510527152451687,0.605400015972555,2
708,0.568225025993306,0.726592273451388,0.186399863590486,3
1185,0.438587964512895,0.781571214258027,0.758540999897623,5
293,0.0831410330720246,0.473924816818908,0.916874584974721,0
777,0.570636992189102,0.382687681587413,0.411228598817252,3
1129,0.433152461462478,0.78692072921728,0.75963337111529,5
850,0.575815853993408,0.543251654715277,0.29442790816538,3
357,0.601692151830066,0.405023679020815,0.567330250423402,1
796,0.573967985138297,0.677000958356075,0.350009855139069,3
1302,0.431147287164206,0.725400418306627,0.7533530009241,6
970,0.434921302522941,0.751631308210847,0.753906044824713,4
1188,0.427623108341094,0.780599523413478,0.749909771201695,5
387,0.604404792345595,0.652080973377451,0.531322729913518,1
714,0.575376981562003,0.765623042010702,0.340359651506878,3
359,0.600796991148964,0.627870141877793,0.530401223595254,1
1052,0.43333233943589,0.742131566134867,0.755888767974378,4
1037,0.419460549960862,0.757117285955065,0.754297158167965,4
222,0.032634595874697,0.184837230946869,0.938326761126518,0
1193,0.426984822107048,0.783580774649239,0.765719989989901,5
1317,0.425691791030163,0.723228683995256,0.755299842308765,6
1434,0.439104988749169,0.716283054283994,0.755839581499545,6
1045,0.42773102287121,0.750469772257221,0.74771058634648,4
35,0.891886230558157,0.586768369423226,0.0127088143490255,0
588,0.627897426830605,0.683689172263257,0.601024160301313,2
285,0.084400273161009,0.983639132929966,0.354208427947015,0
674,0.630675193709321,0.545792062184773,0.382117680762894,2
948,0.435895696871093,0.742945096917358,0.752698339630515,4
170,0.817005547694862,0.578306273557246,0.774069888517261,0
776,0.57068302950589,0.817070209421217,0.22021619360894,3
1374,0.431493565389763,0.720799192729748,0.761310175230677,6
994,0.420262079978042,0.746887004806637,0.748954313323693,4
1130,0.429835364081533,0.783447169777745,0.758859172717346,5
1196,0.432225344298843,0.773871562572211,0.757687808136972,5
687,0.630276009703521,0.454330475069582,0.440252569993027,2
1490,0.436309996548782,0.721507343468704,0.768602422310766,6
499,0.600658849726897,0.648503288510256,0.258097840845585,1
259,0.762863344280049,0.638655489077792,0.0547427188139409,0
1270,0.437587189675221,0.78445845792186,0.75156653874998,5
1136,0.434348667072157,0.777376547970212,0.76330651316726,5
316,0.604110825764947,0.756485533318482,0.492765780445188,1
1355,0.431364669854051,0.724665423148566,0.748828788112287,6
20,0.500250399578363,0.40644458308816,0.172117898706347,0
824,0.57131400761893,0.364553359220736,0.34695727461949,3
482,0.600528172068298,0.456576707772911,0.400214107031934,1
543,0.627945650799666,0.814406070741825,0.261073412746191,2
721,0.576850058976561,0.644199396832846,0.288312202575617,3
786,0.567734360445756,0.440103979082778,0.433427781937644,3
1252,0.426781515082141,0.772258568676688,0.764251029390837,5
6,0.783596865599975,0.501466280082241,0.684050942072645,0
891,0.575846263130661,0.414701733388938,0.320738128293306,3
1416,0.430045939994072,0.724252968907364,0.761517428765028,6
1369,0.428369139517174,0.725694499301098,0.753250917425046,6
1187,0.433931013082347,0.785637296721161,0.756401766232079,5
1342,0.432802389852403,0.72359165899521,0.753936523580162,6
485,0.597030497081578,0.400431629037485,0.120721924491227,1
881,0.572835274152458,0.725944366073236,0.328575816494413,3
309,0.605815287108999,0.851139399688691,0.38394900332205,1
1345,0.42582197982667,0.710762177770818,0.754083344483665,6
178,0.521107501816005,0.226216152077541,0.956249146955088,0
651,0.63203374003293,0.431896922411397,0.374504802771844,2
788,0.575436960083898,0.587954161339439,0.237912526377477,3
510,0.63602154835593,0.650032045086846,0.379017378459685,2
560,0.629695495241322,0.695073355920613,0.572817115834914,2
155,0.823868087027222,0.498862053267658,0.439974654233083,0
546,0.634889212704729,0.597391738090664,0.577558188489638,2
855,0.568846404955257,0.574137088959105,0.547434251895174,3
1199,0.433222592044247,0.771762807181578,0.759734521994786,5
207,0.968019897816703,0.679978232365102,0.979770774487406,0
1492,0.430218988207918,0.727899438215659,0.751261598586581,6
1290,0.438286667349736,0.783153649376068,0.752989796987489,5
815,0.574360164990649,0.772974368766882,0.533833942865022,3
747,0.571911255009472,0.652145588886924,0.111163908406161,3
877,0.568170905576553,0.830494460184127,0.351185783650726,3
12,0.355121749453247,0.622023843228817,0.0620182976126671,0
486,0.603621880440041,0.696368894190527,0.448257555393502,1
1483,0.42577945412525,0.729602204313751,0.748587474457548,6
1087,0.427586712531414,0.746431003371036,0.754682594126329,4
798,0.569334033445921,0.539730540127493,0.590516981924884,3
1035,0.429366840960323,0.744518779133908,0.753934767881268,4
424,0.599686593778897,0.780098912073299,0.384490212565288,1
837,0.57178454591427,0.585482703638263,0.547491632541642,3
97,0.427734147757292,0.906990193994716,0.989611133001745,0
1017,0.427840786381261,0.747024551846633,0.756280595458988,4
636,0.63379281133879,0.601896983571351,0.374258471676149,2
310,0.604156398167834,0.371522387606092,0.389031225838698,1
336,0.601543526672758,0.829321486526169,0.514084541145712,1
532,0.629200873367954,0.367328684427775,0.245587848383002,2
1057,0.430051583769108,0.749922190475319,0.751352936061505,4
1165,0.429981444573834,0.781558797306461,0.760795541750441,5
1132,0.441219386728044,0.77656248424244,0.7622926812141,5
454,0.599055837071501,0.396197193185799,0.477030271105468,1
375,0.604395499695092,0.853007116820663,0.37103437774349,1
1219,0.432175288741774,0.776155977672429,0.757894717223161,5
1463,0.4270432481896,0.71503249384745,0.754799537708735,6
160,0.407423867844045,0.790193679044023,0.982726564398035,0
78,0.331187225878239,0.855532674351707,0.106701315380633,0
894,0.569974312148988,0.641020454117097,0.472009664657526,3
1330,0.424461010774909,0.719803918998555,0.757932985992889,6
179,0.80057564121671,0.449727496365085,0.10424634674564,0
705,0.576772802225314,0.844167307717726,0.113780831010081,3
189,0.387837308924645,0.37514659226872,0.896561090834439,0
1424,0.425912976838166,0.71678537733336,0.755960454707557,6
1243,0.43550472987162,0.78458903314857,0.750917115671897,5
1403,0.432817687507099,0.725118514083595,0.753818115991181,6
1020,0.430239567403783,0.747448457579597,0.757563930070027,4
438,0.602055477856193,0.824833004851826,0.424416118906811,1
1475,0.432852808236699,0.71806377558886,0.755795512868863,6
1324,0.427869160720795,0.71560616223271,0.759960504226692,6
1372,0.424537433733246,0.720882935887887,0.760802038350022,6
68,0.632573548937216,0.702827165601775,0.518896401394159,2
1257,0.433297811352394,0.775153894787554,0.758266336937901,5
456,0.602104275883175,0.401437741238624,0.602607068163343,1
113,0.645254775881767,0.43014037841931,0.950348054524511,0
255,0.299980689538643,0.726144584594294,0.277738175122067,0
868,0.567365602690261,0.558509430848062,0.543607290624641,3
481,0.603633567842189,0.734370235353708,0.584304657089524,1
1122,0.428266649538179,0.777386614049553,0.755594233795043,5
343,0.60387411882868,0.369486348121427,0.257341742888093,1
1451,0.436647667904289,0.72620263216772,0.75708612850556,6
212,0.756455788621679,0.702042175922543,0.364355198806152,0
804,0.573083010260016,0.689264282700606,0.459459865256213,3
1485,0.43583541942767,0.718032700684307,0.766888794329831,6
523,0.636539224027656,0.787934280466288,0.123247130564414,2
1464,0.432381103188829,0.717580221903969,0.751633565065982,6
757,0.569565109929535,0.473347270628437,0.429953859909438,3
519,0.628073481083848,0.433857580646873,0.178034803736955,2
772,0.57227608862333,0.386639272212051,0.336902728793211,3
1366,0.425382677170562,0.719599399508037,0.749295224453456,6
864,0.570668331824709,0.801166978431866,0.275956160761416,3
576,0.631233715368435,0.746318978141062,0.511376841017045,2
373,0.597923883001786,0.743922596797347,0.136276994855143,1
429,0.605159960926976,0.438123106840067,0.410725238872692,1
1231,0.423607181473468,0.781710324125916,0.755820519613532,5
455,0.602138345683925,0.842867446830496,0.554961118754,1
927,0.431155699034974,0.752154803186859,0.74910232453743,4
1395,0.431193505461974,0.721840528873657,0.764403045691642,6
344,0.600044640111737,0.740967878839001,0.374857150972821,1
797,0.572759065057617,0.637608129996806,0.215433926926926,3
312,0.59892236078158,0.661847599199973,0.252563850278966,1
1245,0.433981282927391,0.773094200603499,0.752046322328987,5
664,0.629192053596489,0.798267875798047,0.495793842384592,2
79,0.330246787285432,0.361646203557029,0.0588338528759778,0
400,0.602743141632527,0.67543187760748,0.462313623656519,1
326,0.598917232749518,0.778084416524507,0.496509807556868,1
251,0.0289624384604394,0.692138343118131,0.144281983142719,0
1305,0.419721941894575,0.714366626285752,0.760476749905426,6
193,0.128777768928558,0.0991472757887095,0.379933261079714,0
575,0.635857190012466,0.376208825269714,0.38071137634106,2
954,0.432402599866997,0.747668814472296,0.751682790897698,4
472,0.606526118714828,0.548020365298726,0.538179647433572,1
408,0.603816701967735,0.536052435520105,0.530053250747733,1
110,0.413965395884588,0.172180098481476,0.379768227227032,0
42,0.60625373153016,0.762247644597664,0.0621200564783067,0
1280,0.43397586966134,0.77838158226571,0.752566636416752,5
1278,0.433441061083382,0.785576985338788,0.762609586029124,5
1238,0.426066474139242,0.784011616869223,0.762505796626059,5
1108,0.420570032652176,0.786408000911631,0.756664333488457,5
1422,0.433009824657985,0.719308425870053,0.747178662817998,6
626,0.633322560603265,0.507666790857911,0.161235740548,2
513,0.631576894931495,0.497334349551238,0.495985526498407,2
1008,0.430580266001694,0.749019519596907,0.765269743598148,4
1493,0.425620910493527,0.724229925528915,0.753720876532681,6
405,0.606645143867936,0.676419189781882,0.132152997911908,1
1323,0.436153966625988,0.71719058691028,0.757171710761521,6
117,0.899743479676545,0.29302916675806,0.291093179490417,0
696,0.628198106805794,0.488582762889564,0.27247058544308,2
1401,0.426406894646113,0.710162457673334,0.755778698670357,6
1019,0.42866351961362,0.74821867253846,0.762808038663643,4
418,0.599970068053808,0.750244847382419,0.237637673178688,1
833,0.574717812873423,0.853573953034356,0.252490766835399,3
225,0.109370806952938,0.0616722111590207,0.404361141147092,0
1134,0.422157428894887,0.77270233735619,0.762637649504212,5
557,0.629344547048677,0.829200880951248,0.583924774103798,2
1452,0.44329691795699,0.72801000048581,0.76083603757575,6
27,0.435633165063336,0.402880654437467,0.852796165738255,0
1379,0.429544527354498,0.720218231529263,0.754279371224544,6
648,0.628124007051811,0.733679848606698,0.264663447998464,2
999,0.430965328770874,0.745727081785657,0.749404814676057,4
58,0.916278992546722,0.213678130879998,0.615252700168639,0
744,0.570071635197382,0.631954035838135,0.376383120450191,3
1488,0.420775360043503,0.721803496891472,0.752049070435054,6
209,0.153599090874195,0.926053463481367,0.204802781110629,0
874,0.573813777361065,0.629519731621258,0.442134492238984,3
1118,0.430510891123418,0.775376052743666,0.766685103538012,5
922,0.426331828361438,0.747640846162719,0.752600605908859,4
585,0.635503051471896,0.653488194919191,0.451965461857617,2
840,0.57304279135773,0.82812906242907,0.587141588702798,3
1491,0.427585176577426,0.730808213963691,0.754962866775149,6
1212,0.428585888706763,0.78385261111457,0.759512849056033,5
443,0.600700713146944,0.650782973156311,0.191955365613103,1
919,0.430356341754772,0.756010652657902,0.757495073388661,4
1465,0.434706326002501,0.720307496726698,0.757856674356298,6
1258,0.427960574501323,0.780905073306015,0.76052825659716,5
559,0.629520617027301,0.811925456277095,0.214051363081671,2
992,0.438781206944095,0.756825250113194,0.750524457121483,4
276,0.933077166322619,0.707961729727685,0.965887874132022,0
500,0.603068428873085,0.390450991806574,0.423080167640001,1
593,0.633114269659855,0.480910394457169,0.227611043513753,2
397,0.599225428069476,0.769921144470572,0.485760179138742,1
10,0.728935949737206,0.297774544684216,0.0238255735021085,0
181,0.64779974007979,0.732211584458128,0.234949943376705,0
244,0.818451937753707,0.00226653111167252,0.0109153727535158,0
124,0.236003580968827,0.0631330378819257,0.897236130200326,0
1267,0.43174094474195,0.779326965777917,0.7550519099009,5
780,0.569326424121391,0.405183120979927,0.319942637952045,3
1160,0.43081966835017,0.789313379592372,0.747586367325184,5
1150,0.438765713421796,0.780809215379587,0.744034051196769,5
457,0.599171670926735,0.586989951669239,0.190421654167585,1
1046,0.422070073645929,0.754216278976618,0.758856120208655,4
1431,0.425100372209729,0.720524100733889,0.752612695907401,6
1001,0.430266614976081,0.748143445223313,0.747087261486706,4
1383,0.429871038472858,0.725887201031244,0.762628292990359,6
1387,0.426093888015882,0.719227643600948,0.754385214159716,6
887,0.569800021210685,0.604429044527933,0.469859401718713,3
976,0.427585131598501,0.750652113957162,0.753087643896167,4
1404,0.42779601571015,0.716979198569292,0.761091386694038,6
1065,0.42624951880698,0.752413829315363,0.759873221826233,4
31,0.916497180238366,0.444172037998214,0.310369403101504,0
893,0.567830637327861,0.684160034521483,0.389700069697574,3
1056,0.428931411870527,0.75209327271504,0.760746459511862,4
173,0.518335822038352,0.701669801259413,0.308285414241254,0
291,0.699848927557468,0.578453133348376,0.426959482952952,0
1351,0.41954566945156,0.728710206395419,0.759164501987994,6
298,0.6209037064109,0.0102983068209141,0.515267209382728,0
1055,0.429235453083139,0.749549013019453,0.754951776950141,4
71,0.319740023463964,0.92863658326678,0.665559747954831,0
1294,0.419953470161126,0.788161497604441,0.754521215521808,5
144,0.427990153431892,0.116401158040389,0.902721873251721,0
752,0.573013420591596,0.406991839059629,0.332433002791368,3
1042,0.424927779952618,0.753259755354741,0.752126786106217,4
1027,0.436315680497683,0.756333661530207,0.758122683557314,4
962,0.425848931091328,0.743327981557644,0.748809879890018,4
574,0.635408690937329,0.479425958590582,0.460555379651487,2
768,0.576653966880403,0.521400991478004,0.3953168527456,3
939,0.427681673470127,0.74447357220677,0.75799894554848,4
1254,0.435926337305884,0.785967348563598,0.751024703832067,5
1025,0.431035295684221,0.754134314917283,0.750175806218815,4
324,0.60276315987343,0.449097293894738,0.546183395339176,1
410,0.59705246695783,0.569527820101939,0.386947056185454,1
1209,0.428976437504362,0.782936083064734,0.757670547104468,5
353,0.598327965603676,0.4183870612178,0.143643505661748,1
844,0.572356556428131,0.418921032454818,0.16048270012252,3
349,0.597903044240084,0.511960928561166,0.248894526762888,1
735,0.576169069425669,0.744395487941802,0.533296940289438,3
1279,0.428091970062122,0.774031851404826,0.754004103992524,5
632,0.6358637480787,0.367820916348137,0.444727019895799,2
1230,0.434670871453351,0.78687380881895,0.756917463814771,5
1392,0.430369502496151,0.723417515300488,0.74941281146704,6
402,0.603567841812037,0.562180103152059,0.607539173704572,1
441,0.605158362479415,0.68264007975813,0.453543281671591,1
1189,0.423352503432859,0.782055328120838,0.753740640230908,5
717,0.575258879719768,0.636096337228082,0.187151671759784,3
478,0.601752848320175,0.767315355478786,0.302053484506905,1
508,0.632768302760087,0.790857317857444,0.475759908696637,2
489,0.59921056590043,0.458412146777846,0.130215837759897,1
1494,0.432422717898397,0.721044699357017,0.749113859993482,6
1233,0.429203615444046,0.780292403124949,0.765434619601592,5
973,0.430998516984733,0.752627906194802,0.767751599964212,4
727,0.574479207855184,0.438704454922117,0.462707780208439,3
1173,0.432561271476173,0.77461302367395,0.758105483857175,5
1226,0.426068569840876,0.776747212892504,0.764657577613749,5
980,0.426492779614414,0.75268590795101,0.753440509750253,4
633,0.629254386001267,0.609885853598826,0.510998282604851,2
428,0.606263035426382,0.837990722968243,0.32788131213747,1
890,0.568845778352115,0.436105486354791,0.542917806329206,3
836,0.574380758902989,0.760603881790303,0.562957758340053,3
1325,0.432592671670493,0.718167924215486,0.760537961441662,6
1436,0.430525153090528,0.715775623652102,0.755122058610317,6
352,0.600851297788322,0.700156773906201,0.399095451133326,1
1283,0.428024393288691,0.775773711896314,0.751251479008155,5
1210,0.410868269539575,0.78497985330204,0.752886959018534,5
210,0.0819220682606101,0.48215427226387,0.536507424432784,0
1003,0.429804876223172,0.74599522651127,0.757386439108134,4
794,0.575884997579269,0.586327690863982,0.585085760010406,3
132,0.54841606807895,0.886739082634449,0.841685911873356,0
372,0.605671536528971,0.397044942947105,0.484724868577905,1
1477,0.436986960897414,0.724962661745382,0.754141610552391,6
364,0.606163449450396,0.801816073828377,0.554956594738178,1
1076,0.425253228365552,0.747139776682915,0.750753830913054,4
556,0.62992207471747,0.738866519415751,0.223066186904907,2
1256,0.426778017471836,0.783260248276746,0.753183723703979,5
265,0.191460726549849,0.901772991288453,0.00466349767521024,0
637,0.631542528327555,0.741262239520438,0.138483057403937,2
1162,0.429690817734553,0.783321588327005,0.758044421857974,5
330,0.598777664541267,0.478925109142438,0.503461146517657,1
247,0.457493140595034,0.912062397459522,0.628036337671801,0
256,0.37557232263498,0.283746674889699,0.783020521281287,0
360,0.603019276324194,0.443539153900929,0.595450621121563,1
755,0.574421311221085,0.699622406740673,0.561044824682176,3
248,0.0710598262958229,0.651782033033669,0.537866588914767,0
131,0.75663058552891,0.862007141578943,0.969694558531046,0
1115,0.424483860451622,0.774154031545094,0.751487178931997,5
765,0.574783051216509,0.479196120519191,0.424973513372242,3
1123,0.424042226665159,0.776697631690443,0.758179061691887,5
333,0.602077912567183,0.743580253212713,0.604929043585435,1
639,0.627294547127094,0.512688212329522,0.241208722838201,2
1276,0.432266035102399,0.787519055423658,0.750186274359266,5
1402,0.437324996921402,0.714856582196344,0.759886138147855,6
1373,0.424460279645015,0.716541006473991,0.762330565026531,6
759,0.567774121996481,0.443366802996024,0.5575608340092,3
224,0.910957569954917,0.532164232106879,0.47772250790149,0
491,0.598714341414161,0.628596231574193,0.385704477573745,1
590,0.634570506622549,0.531749919988215,0.11468383288011,2
921,0.442913217958272,0.75272334417658,0.749428220857492,4
183,0.142997537041083,0.17022259440273,0.198926092358306,0
898,0.568303364689927,0.357777031487785,0.510711429896765,3
739,0.572487477916293,0.659076418029144,0.463243423402309,3
986,0.426267118255942,0.744604568653526,0.753560315637754,4
392,0.599156765954103,0.48471690074075,0.22262312520761,1
849,0.574539295553695,0.717442886903882,0.212223541596904,3
803,0.573239541733637,0.398471185355447,0.1532140416326,3
801,0.573080437229946,0.676144965458661,0.578512520669028,3
34,0.522631771396846,0.0798870346043259,0.291755106765777,0
283,0.434795242268592,0.687383962329477,0.457693559583277,0
1271,0.421090435878098,0.767060652967378,0.765971678536621,5
647,0.63008307820186,0.619092261069454,0.564834187878296,2
104,0.535115535836667,0.121654723770916,0.148212556028739,0
1048,0.420255589663184,0.755213544194366,0.757205643377512,4
1163,0.43338363908184,0.777806507828933,0.755917043949197,5
1301,0.432556744778204,0.715273756326368,0.756330363895773,6
942,0.432533159100937,0.759405859370682,0.76016111036766,4
1285,0.428171286554125,0.781467895914063,0.763558015573353,5
853,0.571219598979223,0.72691728756763,0.184470454603434,3
688,0.630599942242261,0.828148880158551,0.12413377200719,2
932,0.433032335636456,0.749876130357667,0.756305514715411,4
785,0.575805096267722,0.821864898549393,0.419785212283023,3
1478,0.433749925945516,0.72232608366385,0.759924763888924,6
1069,0.430031403884195,0.745728579566146,0.754281137936348,4
854,0.568332874779589,0.63421436434146,0.165238982555456,3
1393,0.42880692476932,0.71728910127817,0.757316983006305,6
1361,0.4236614544203,0.71914843154515,0.757504183459885,6
1043,0.422776506553418,0.751397384609852,0.76504589078368,4
479,0.599454651144333,0.457252493011765,0.336403197981417,1
1418,0.439622461286989,0.730902847712053,0.763362956449814,6
1097,0.433855011274877,0.760140710953604,0.75458685997946,4
561,0.627132635659073,0.55389936582651,0.527836658898741,2
892,0.570253558731638,0.51677390281111,0.202720806957223,3
143,0.27877474646084,0.849174927920103,0.901820031227544,0
1197,0.430673275580338,0.773685632081648,0.757879005219015,5
863,0.573390998975374,0.749372044461779,0.230341127398424,3
1174,0.432906364076608,0.780891198964422,0.752278084206318,5
764,0.573420140447561,0.588589011691511,0.15771062837448,3
530,0.635831962784287,0.59742901509162,0.175241202721372,2
449,0.599020999625791,0.744621222140267,0.330764758191071,1
1382,0.433109140131357,0.716771928379027,0.762301541890158,6
240,0.18502117623575,0.677488087210804,0.981186342425644,0
50,0.510193035705015,0.890830057905987,0.482811464462429,0
802,0.574084990327246,0.520520581398159,0.556623325822875,3
950,0.427644034619597,0.754676042477426,0.758798125808105,4
704,0.573667805879377,0.839959528064355,0.269016641564667,3
41,0.573475629556924,0.453498981194571,0.095157471485436,0
130,0.235409482615069,0.552913032472134,0.105339634232223,0
952,0.429641773442612,0.749038680339071,0.756504518993223,4
176,0.266989817144349,0.335151695180684,0.590082457987592,0
1408,0.42375893438779,0.720790074636424,0.743640588317632,6
806,0.567445059164893,0.64418144559022,0.268278875877149,3
1127,0.418255310433303,0.775921253495318,0.749917657717488,5
761,0.575469898178708,0.510092638083734,0.224827824300155,3
527,0.630356923993677,0.477362698409706,0.594861270883121,2
89,0.874735942808911,0.31376517820172,0.175130437826738,0
175,0.200890915933996,0.0155697416048497,0.420701033668593,0
358,0.601251735594124,0.613228264730424,0.207716534752399,1
65,0.519815858686343,0.316581295337528,0.0400298696476966,0
672,0.628636721014045,0.684419521829113,0.428469908214174,2
1315,0.431840486776845,0.727182883462247,0.756811105291439,6
434,0.606357133816928,0.377829915261827,0.123723846417852,1
423,0.603845194994938,0.456866831053048,0.416459778929129,1
600,0.631360185123049,0.71791858621873,0.303135307994671,2
1050,0.425125596587299,0.747234789615588,0.755464979921381,4
1141,0.433794455608816,0.778618170318178,0.74670798622466,5
498,0.606609586786944,0.550477592856623,0.15474778439384,1
471,0.59849028270226,0.606053280178457,0.295555925136432,1
644,0.627365959498566,0.7919800078962,0.418448342499323,2
763,0.567546330706682,0.843477218644693,0.164738577581011,3
1482,0.43047968774962,0.722723184471553,0.759230708712358,6
1109,0.421828181875818,0.770046205805932,0.75722664010484,5
667,0.633900082586333,0.358164040721022,0.327948226267472,2
1320,0.431979026708767,0.715490418766813,0.759407098305856,6
723,0.576883099882398,0.636947645572945,0.576599215879105,3
886,0.570435990768019,0.369459603214636,0.139563253289089,3
73,0.905168818309903,0.510190411936492,0.4183033707086,0
2,0.0126484585925937,0.0552188286092132,0.133648692863062,0
294,0.402341488748789,0.648809597827494,0.256948480149731,0
1220,0.435670251727443,0.781873457036608,0.752081830515407,5
871,0.574085972052999,0.393739322316833,0.487423647101969,3
826,0.573032149667852,0.514499520184472,0.306723650800996,3
718,0.569653235191945,0.388003724627197,0.116718739178032,3
122,0.850898147793487,0.0965206795372069,0.249010662781075,0
55,0.899160468485206,0.566151168197393,0.889099517837167,0
1450,0.429655841398042,0.713931416125426,0.749075872623749,6
370,0.598081998962443,0.823800224461593,0.562383107864298,1
250,0.116513045039028,0.0533696117345244,0.301844658562914,0
610,0.636830926723778,0.68495994550176,0.480131194717251,2
1179,0.440739298321584,0.777695796906988,0.753487920753743,5
1224,0.432582023426481,0.769259229869339,0.762948863111575,5
1077,0.419647123322957,0.753409208337295,0.751654598562959,4
47,0.394133874215186,0.261226658243686,0.158679231069982,0
16,0.56554138683714,0.617624500999227,0.892041911836714,0
568,0.635205999994651,0.594773745513521,0.242773030675016,2
935,0.431764233903193,0.751174529676681,0.752877662274263,4
655,0.630690711014904,0.498765761847608,0.311393710225821,2
847,0.569318244592287,0.730107935261913,0.319327366678044,3
236,0.517335486598313,0.78753405297175,0.850873211631551,0
1137,0.431264143166312,0.781304634254862,0.761739214570529,5
241,0.987749964930117,0.980851166183129,0.634097770554945,0
1228,0.430254089208123,0.781903280147706,0.763970124451146,5
1414,0.425942120652468,0.716931308420881,0.753163016964222,6
287,0.10439859633334,0.744769937125966,0.656562850577757,0
640,0.634206933528185,0.471136549953371,0.31622180507984,2
1194,0.425269081631463,0.780903494275593,0.748058847004052,5
1033,0.427624919136561,0.748573336971504,0.754755042264459,4
306,0.601259813059587,0.723787252558395,0.402015325985849,1
1363,0.43367883030028,0.715010660011279,0.755782428473021,6
908,0.436466040910333,0.758837543801279,0.758607643861264,4
972,0.429409570853292,0.752145961640876,0.750083161149114,4
1168,0.428394360067607,0.785373052186327,0.751742498167651,5
1455,0.430320144309079,0.714017160895328,0.753906406290497,6
274,0.557755560148507,0.468699349323288,0.150681218365207,0
470,0.606905810220633,0.602516986196861,0.293574469652958,1
230,0.2448591128923,0.885979461483657,0.977287086425349,0
978,0.433252564669571,0.747714011063882,0.756193626934838,4
347,0.597568250589538,0.474599246867001,0.532880674372427,1
1298,0.436512683377467,0.776050484120486,0.748019123359043,5
873,0.575636764320079,0.543169196462259,0.354080743645318,3
46,0.65342497616075,0.913858220912516,0.740548935951665,0
379,0.60006973399315,0.718447725055739,0.156477001635358,1
713,0.575205843963195,0.511017329408787,0.307791064516641,3
86,0.938444519415498,0.739535074448213,0.62814042926766,0
381,0.603547311625443,0.812960322480649,0.424170120758936,1
1286,0.429018388113445,0.776953915351724,0.762181671911936,5
579,0.630802709376439,0.527180413715541,0.279590924410149,2
762,0.575415912657045,0.479093645582907,0.523570539336652,3
320,0.598093031125609,0.76432181103155,0.605172226927243,1
1284,0.434077549561465,0.777912364421626,0.750255761872123,5
388,0.599803237344604,0.375863110413775,0.605658056004904,1
520,0.634841222371906,0.838431491400115,0.262090045050718,2
738,0.567631068660412,0.581889024935663,0.17102498866152,3
1120,0.427380494247689,0.779092937684678,0.752369536621961,5
870,0.569514285121113,0.623553909943439,0.122212443873286,3
1152,0.429546366435791,0.784147452410218,0.754313265840976,5
1247,0.43293765602127,0.778825010496589,0.754732501697407,5
630,0.636244742597919,0.381880981964059,0.387161287618801,2
21,0.00363782746717334,0.237980094039813,0.202762293396518,0
169,0.660716364393011,0.212478382745758,0.254035800229758,0
466,0.598438399457373,0.394575641257688,0.589090000744909,1
1437,0.429304370225008,0.711335868959968,0.755771410532288,6
1310,0.431733175133618,0.719745404252492,0.760657045923777,6
1021,0.435476914369111,0.746827366567069,0.76620984463607,4
903,0.42732410436478,0.762810752584293,0.75643931010937,4
969,0.427792957994397,0.749218823858673,0.749263911793978,4
1413,0.437323967583279,0.724570803613066,0.759438925607261,6
589,0.630071180011146,0.62322198797483,0.354199091228657,2
5,0.774296281160787,0.1107524454128,0.494834629353136,0
76,0.421253589447588,0.272924295160919,0.22921532811597,0
799,0.575333270619158,0.670871173380874,0.268601030833088,3
88,0.549242244102061,0.975074446527287,0.494008005829528,0
191,0.385572663741186,0.503304135520011,0.895077345194295,0
422,0.602353646371048,0.419761670636944,0.434672196535394,1
152,0.247408252907917,0.723916269373149,0.528080495540053,0
469,0.600016100383364,0.388697785441764,0.310082899779081,1
707,0.572923138116021,0.639702910091728,0.343717269273475,3
1079,0.430471486983506,0.757587693148752,0.765098162085935,4
72,0.156510059721768,0.511114745168015,0.117893472779542,0
1388,0.425031817088102,0.720962170569087,0.751009422589394,6
1468,0.417705893788548,0.725778383628528,0.756295384889505,6
185,0.258415342541412,0.0371451142709702,0.889015842229128,0
442,0.59957864823984,0.517030871240422,0.527685344242491,1
819,0.574226958095096,0.795561489881948,0.112615750893019,3
1299,0.424547598619475,0.782575042951399,0.752045604943821,5
325,0.597345948908478,0.7049862339627,0.538605239265598,1
281,0.78347167163156,0.412385451374575,0.814583877800032,0
618,0.633069838716183,0.552035800879821,0.250236892746761,2
879,0.570771895574871,0.358382303384133,0.403082202444784,3
1293,0.428384113264843,0.786677288119643,0.750175061186029,5
521,0.6308457153989,0.802299788105302,0.458279974432662,2
435,0.59707801900804,0.575024450081401,0.454984689736739,1
1309,0.43287324441945,0.72142381629465,0.751987149042115,6
654,0.63593046950642,0.836608633049764,0.578272727108561,2
313,0.600697999352124,0.682821535272524,0.474594327993691,1
1296,0.426538657361887,0.785757707456804,0.757714964370217,5
895,0.576969530261122,0.728110686410218,0.349312534928322,3
1075,0.42721911991915,0.754778124751095,0.764444984543397,4
547,0.627934339311905,0.707266107667238,0.150429457216524,2
1091,0.431775133435486,0.748066362214015,0.763062956626178,4
1362,0.426079243626474,0.721620268236577,0.753873879925499,6
1371,0.432306385282163,0.72309848024807,0.754407027196382,6
1261,0.426317019805873,0.782614680521097,0.764001543239351,5
368,0.59827660597628,0.542012644582428,0.600682845711708,1
1101,0.431833418640286,0.783961607148593,0.753175876881994,5
480,0.597948386534117,0.563463313039392,0.498772148764692,1
756,0.567061310710851,0.566151014296338,0.507551761134528,3
335,0.600346617563628,0.811094607575797,0.504510513646528,1
698,0.630170961006079,0.357519097626209,0.237535284971818,2
220,0.603933046804741,0.245271491119638,0.660001317039132,0
912,0.430528642088869,0.751296512329742,0.757073292395505,4
53,0.257930568885058,0.0196491810493171,0.0117318290285766,0
487,0.601805223175324,0.60401171434205,0.245817456999794,1
1461,0.428537384597694,0.717233658764144,0.765732140904796,6
1182,0.425817785626335,0.775780994031809,0.749715607877366,5
1023,0.430862955271966,0.752443858388163,0.75774916431088,4
1015,0.433695630188956,0.750402936854664,0.755974383613308,4
406,0.604486584886909,0.56675147311762,0.386416862276383,1
577,0.633094260760117,0.59902737790253,0.509977021743544,2
458,0.602777963583358,0.373380855075084,0.232905658334494,1
607,0.635806084978394,0.417877139989287,0.449985743989237,2
617,0.628631144263782,0.36578339128755,0.448647225066088,2
805,0.576717930214945,0.790213554399088,0.550603990931995,3
354,0.604471435241867,0.662460625986569,0.171284476434812,1
369,0.59969336385373,0.468093966483139,0.534631853480823,1
182,0.997405901318416,0.0349170945119113,0.407160044414923,0
116,0.186596014536917,0.600990071427077,0.922014266252518,0
157,0.446908212965354,0.822804214200005,0.390624944353476,0
150,0.797464892733842,0.880252239527181,0.25607209187001,0
1423,0.429707251415246,0.715992177295504,0.759196018827253,6
1308,0.430650119088675,0.716510443423639,0.748069558071021,6
781,0.576757631916553,0.61967977322638,0.506989882234484,3
315,0.60369431450963,0.534238460473716,0.268525844579563,1
1467,0.435013229868796,0.726501606968629,0.753518928411916,6
599,0.633024772561621,0.556152738048695,0.241492614406161,2
646,0.633767035093624,0.595143278129399,0.604769444931299,2
448,0.6021449298691,0.419645989080891,0.195706436899491,1
1350,0.427142239524352,0.721179372278354,0.765117314410669,6
137,0.738009250489995,0.965483977459371,0.736408157972619,0
165,0.0294087869115174,0.348598998971283,0.653532293625176,0
1412,0.430123039697561,0.726703574664207,0.757810729482089,6
813,0.570440993360244,0.47194758488331,0.185629114415497,3
1223,0.430218947590588,0.777756510286163,0.751601316426466,5
464,0.600984740743879,0.485139859374613,0.45470094147604,1
1443,0.438528486048072,0.72166202670256,0.756085278096499,6
683,0.631543263238855,0.465297340066172,0.334300107927993,2
1489,0.435739045044567,0.721744329395095,0.762811984047701,6
770,0.576034451832529,0.642358853132464,0.464086938090622,3
1206,0.434345208767742,0.778869069625867,0.764519509388945,5
1201,0.424637881948896,0.791413752129228,0.757139103542025,5
964,0.434604290396821,0.748638989813646,0.753122655356361,4
598,0.630285597259644,0.439936394221149,0.340534224081785,2
767,0.569835354259703,0.714234345941804,0.607585151586682,3
915,0.425286910590538,0.751360939740966,0.758216273898486,4
736,0.567849474349059,0.639164178399369,0.533079484850168,3
1183,0.427704208789023,0.769965049427724,0.754879062625024,5
495,0.602792227910832,0.695005001034588,0.589710010588169,1
880,0.576746180625632,0.45582712313626,0.155920606362633,3
611,0.631371814098675,0.825546363834292,0.563103012763895,2
731,0.570456385544967,0.825264006620273,0.42405046292115,3
634,0.635133238099515,0.360409348271787,0.22273536901921,2
346,0.604864966822788,0.826952599221841,0.140505404467694,1
431,0.604853883364703,0.494504076195881,0.187383825099096,1
1251,0.426633932417487,0.781945320627267,0.755944974206579,5
605,0.634413801277988,0.596984216012061,0.530585410562344,2
749,0.569626447497867,0.660534866969101,0.446315068542026,3
615,0.629982541501522,0.632232820615172,0.408066710364074,2
1222,0.426807466575955,0.780190234253932,0.753202767157623,5
1442,0.428939544531222,0.711970470632275,0.760671070476293,6
337,0.600931842627469,0.764041181304492,0.269329776777886,1
695,0.632124084169045,0.416642535594292,0.182669223193079,2
245,0.0389304680284113,0.230374676408246,0.77361808065325,0
1453,0.422758491067182,0.722819316051974,0.753056471912533,6
401,0.602761148207355,0.853651352459565,0.381857358873822,1
1159,0.432398241149716,0.775966399302805,0.749933823536025,5
923,0.437357292683089,0.749938102687599,0.756735744517978,4
1089,0.421864563321732,0.750798009231525,0.75474029991636,4
631,0.634074226701632,0.728104361332953,0.469374525733292,2
831,0.576314061360899,0.361131668789312,0.163163295737468,3
876,0.570554112584796,0.667138465330936,0.396838802518323,3
36,0.294343992136419,0.949508202960715,0.094823416788131,0
1248,0.422592053304294,0.780613937810758,0.76002958879317,5
694,0.629688313831575,0.68739156157244,0.138711461005732,2
114,0.692621707217768,0.0585960331372917,0.926888722693548,0
66,0.982166374335065,0.722728027729318,0.368149696150795,0
1365,0.430139054211286,0.730576215218925,0.757986595681213,6
85,0.368896863656119,0.759560954524204,0.818917038617656,0
642,0.627765773851425,0.595856883912347,0.455433189310133,2
1384,0.436862097320346,0.721280234791746,0.76147435136265,6
307,0.606948928171769,0.573313467670232,0.330948037351482,1
83,0.645603847457096,0.322823307942599,0.237532779574394,0
1336,0.435012383619291,0.715730428932295,0.757160707693873,6
126,0.587046895409003,0.490341190481558,0.84021542686969,0
414,0.600330403551925,0.489523867727257,0.261553862737492,1
544,0.631831429474987,0.782558957231231,0.589199602743611,2
166,0.465896575711668,0.164711727295071,0.303082868456841,0
426,0.602620493511204,0.736717736464925,0.323383643315174,1
548,0.636131202913821,0.385978416772559,0.110042864596471,2
1348,0.425999423004342,0.717843393906598,0.757314114436538,6
59,0.633991244016215,0.644002526300028,0.171809427905828,2
1018,0.431110813293516,0.751224478984669,0.75342971745041,4
1038,0.430423047570848,0.750086809208655,0.755274933584616,4
218,0.348370769061148,0.372445315355435,0.294331148266792,0
899,0.573793408409692,0.770650364807807,0.237099277460948,3
37,0.866784311365336,0.169988808920607,0.436753687914461,0
389,0.605168059682474,0.780968702048995,0.336289078253321,1
1085,0.436172375824434,0.746093109391151,0.755008234847479,4
1358,0.436506186195572,0.722518286125854,0.747006924616234,6
924,0.431557934489109,0.749780591570576,0.754526076619937,4
944,0.426355690212413,0.74265434370911,0.750358209507752,4
901,0.435520026093355,0.754504757503806,0.748373859559278,4
282,0.466310398187488,0.629906505579129,0.113375060958788,0
700,0.632827823034022,0.67297931551002,0.456102464604192,2
1311,0.425761419072599,0.728680749142585,0.755453115452548,6
1006,0.434830344836285,0.750827471990428,0.752031102284391,4
737,0.568224159297533,0.637385642738082,0.259033993491903,3
715,0.56837676971918,0.822027722839266,0.15782311654184,3
820,0.568916632973123,0.446877084672451,0.463423218950629,3
168,0.989403621526435,0.268373840255663,0.805023476248607,0
1268,0.434606275674398,0.775593954796909,0.755336478042957,5
1454,0.439306187438433,0.716692855295163,0.759038485197808,6
1429,0.428186890826843,0.724328836579111,0.758138655557236,6
134,0.594115448184311,0.284057680983096,0.430142799625173,0
280,0.766437376616523,0.304818924283609,0.96761572221294,0
303,0.5984813199169,0.67133465083316,0.593679122882895,1
1072,0.419757553053629,0.749699591004835,0.745128043292428,4
1400,0.434385733481694,0.714456960252198,0.752553599165069,6
827,0.575890952956397,0.469335883739404,0.370239064935595,3
356,0.598731388004962,0.406934816390276,0.558113678963855,1
930,0.430526299628431,0.748829039492046,0.756516109867444,4
1292,0.433911340584299,0.775956362213282,0.751406044540462,5
689,0.634614764214493,0.615494341705926,0.158210801682435,2
1242,0.42949928794387,0.786601385784303,0.753024750082731,5
462,0.600306058172137,0.46737829525955,0.137511215661652,1
961,0.436039358398017,0.752926753754007,0.753080929701182,4
1062,0.424243804235774,0.752847897857737,0.766992045167892,4
1349,0.427640056237034,0.721070926605015,0.744479937568385,6
792,0.576331217682455,0.36323048081249,0.461687115160748,3
1145,0.434710809754123,0.772351447607385,0.760471935074159,5
866,0.572426305771805,0.575875959941186,0.273915816470981,3
142,0.552150457631797,0.888744200812653,0.117075486108661,0
393,0.603559914894868,0.667399770929478,0.57242424369324,1
395,0.605703674678225,0.586178805562668,0.293249946576543,1
995,0.421780124555352,0.744252560143209,0.7476340637364,4
93,0.649323630612344,0.378110932884738,0.11171913263388,0
1385,0.424679551033647,0.71471069717704,0.760207815578054,6
1487,0.430159807823531,0.717103787801124,0.761076589617837,6
934,0.435422545310649,0.743519866550477,0.758738252471842,4
269,0.105931576574221,0.489856940694153,0.697023988002911,0
204,0.166457582497969,0.875627002445981,0.650540911825374,0
516,0.63687360936543,0.633827258017845,0.408902532793582,2
158,0.436410272726789,0.251497636782005,0.218742124270648,0
1022,0.4267434410274,0.748140442216274,0.762020722511822,4
1074,0.421366534441217,0.75088814998633,0.760403824756637,4
338,0.603074535038322,0.666781738051213,0.27873617366422,1
1341,0.434838325251274,0.722455675441437,0.750978263908569,6
913,0.433777182263075,0.739688120879951,0.759431650285152,4
941,0.426447221908371,0.745864642260983,0.756054346613487,4
1410,0.426707369781137,0.716150890425038,0.754482284387878,6
1329,0.435969146426933,0.71232036198322,0.755103143393871,6
445,0.602924989329185,0.356123973266222,0.195806111814454,1
1,0.370364299276844,0.69981428864412,0.308220709208399,0
1164,0.425601052151912,0.782726998878541,0.759986290975772,5
734,0.576471519363113,0.714708489831537,0.564595287106931,3
963,0.427209519070528,0.755036976972994,0.755212096659297,4
1029,0.423655901908526,0.746850564781108,0.757629182195975,4
49,0.9324929069262,0.188496698625386,0.337112501496449,0
878,0.575654289748054,0.646355494507588,0.586620994401164,3
1316,0.423029848634334,0.724854587830375,0.759689267056317,6
861,0.572685829161201,0.620013475767337,0.268110279133543,3
417,0.598779773307033,0.47269461164251,0.583291014679708,1
29,0.0151975259650499,0.41826458950527,0.291582617443055,0
1479,0.43201958127301,0.725519108989566,0.755446496112052,6
1291,0.427347700834141,0.775151427285198,0.756624525802397,5
1359,0.43770869742369,0.725288370269483,0.761916307723977,6
75,0.285832246299833,0.954976421548054,0.727527426788583,0
991,0.432693548831741,0.749822563438045,0.758318072769095,4
534,0.632470467591193,0.446415931801312,0.162895063078031,2
822,0.575872374144383,0.764446233166382,0.174760305113159,3
834,0.56806750271935,0.458051438210532,0.416555235069245,3
1472,0.428569551672331,0.723909148588054,0.758140577643956,6
669,0.628628653199412,0.755192259675823,0.332796686002985,2
81,0.697821073932573,0.558599012671039,0.141174579737708,0
884,0.573852539872751,0.430431420449167,0.366687267343514,3
1054,0.425737573659158,0.749530750830347,0.750349049146181,4
566,0.634762854296714,0.760711952578276,0.302075133915059,2
1318,0.420289736830543,0.714820790589987,0.755935021785332,6
172,0.237852980615571,0.46269915974699,0.372223305515945,0
955,0.425649332035077,0.753269552932471,0.757427517323294,4
812,0.574238307713531,0.511838936363347,0.539454942126758,3
536,0.635948546119034,0.660242842743173,0.11133326604031,2
167,0.675070674857125,0.526942636817694,0.703299401327968,0
1364,0.430521085234888,0.715718234755883,0.746824421017954,6
906,0.433470061767034,0.748550480304969,0.754449874297701,4
1264,0.429563946508627,0.789951712949081,0.75954972026424,5
1353,0.428758038396339,0.725081969619528,0.754319863982835,6
1007,0.431545531587787,0.756420353290053,0.754949002769824,4
473,0.599344211979769,0.664955862564966,0.442622589785606,1
80,0.158696958096698,0.13198686321266,0.728685337351635,0
1346,0.42399897089871,0.722393516089786,0.75886726793435,6
697,0.62967059323797,0.538220930378884,0.414969800179824,2
321,0.597420559558086,0.731311111710966,0.458879534411244,1
39,0.158475470263511,0.806118698557839,0.215119450353086,0
118,0.236662631621584,0.612154993461445,0.0964770296122879,0
564,0.636239581939299,0.553083604667336,0.245132816047408,2
582,0.636957091616932,0.612261101719923,0.200840287166648,2
1195,0.428877286271984,0.782366114076698,0.74632099169806,5
1082,0.426957266466013,0.752724101942548,0.756982353607122,4
751,0.573564333154354,0.744538110331632,0.542900287685916,3
1202,0.428758083397151,0.774313316431708,0.749202372469346,5
726,0.57082765391795,0.731330509646796,0.452660811622627,3
1321,0.426214998992441,0.717920581329305,0.747822777823598,6
260,0.103182134917006,0.70857503847219,0.72714011115022,0
452,0.604048594334163,0.481563665904105,0.469796407176182,1
161,0.667185340542346,0.798636264633387,0.568647019332275,0
1225,0.429829692348227,0.780173470001993,0.755737188257857,5
1125,0.43434156905052,0.783471751486656,0.749418119930026,5
69,0.0925265059340745,0.465577898779884,0.528335662093014,0
317,0.60473344190279,0.669963732827455,0.141093832696788,1
1344,0.438429614257957,0.716172756476725,0.760468120834065,6
56,0.634819277795032,0.139731685863808,0.677848453400657,0
975,0.443991055959095,0.75759169754206,0.753220551597457,4
1470,0.422691918800105,0.71904401149831,0.754451290546902,6
1157,0.424057760380122,0.788514890663575,0.7587464530431,5
483,0.60273834068561,0.853359454427846,0.34111419217661,1
614,0.635629368254449,0.703383138519712,0.318592499033548,2
1200,0.429429017961053,0.776154422159776,0.757022803841614,5
74,0.879694615257904,0.390554432524368,0.967959875473753,0
328,0.606021038845647,0.742438752902672,0.442499858234078,1
509,0.629374304295052,0.637035188497975,0.502829723549076,2
682,0.63359067505924,0.509987780358642,0.535165882692672,2
909,0.419621788886587,0.757912700670722,0.75495871462209,4
1313,0.43353456466518,0.724245658419633,0.74968897085818,6
427,0.603807903775014,0.420842973166145,0.271768185100518,1
706,0.570646254869644,0.712075706571341,0.487848503654823,3
514,0.632705583772622,0.682083723251708,0.320796557259746,2
239,0.763047598069534,0.67444862332195,0.0576594430021942,0
859,0.572446495157201,0.740253728232346,0.193784388154745,3
318,0.603095543859526,0.625376935466193,0.604684637766332,1
1496,0.433890891643249,0.725073383975174,0.761430822773778,6
140,0.914527509361506,0.968787658726797,0.721069693798199,0
1083,0.418417361197597,0.744072559833569,0.746724294356433,4
382,0.60147592806723,0.415310420794412,0.223492146492936,1
581,0.627801331577357,0.36799955915194,0.348145502177067,2
771,0.57481234857114,0.565970744937658,0.143466158211231,3
226,0.0223414660431445,0.664064288605005,0.649536316283047,0
1370,0.429481520851541,0.728601876755247,0.74744041143982,6
949,0.429412241596345,0.74798560364015,0.755870900746629,4
1406,0.431466504352643,0.721731338418801,0.75055468434984,6
271,0.811296701664105,0.937978161498904,0.318688502069563,0
1060,0.432436131086493,0.750181471197117,0.758186929491141,4
342,0.6005623731995,0.390047976514325,0.350955752795562,1
1198,0.424058937841047,0.782930037803456,0.747087579004435,5
818,0.567560471300967,0.376511856447905,0.349077866435982,3
1071,0.435961099335667,0.746489937035118,0.756276749440704,4
1221,0.435577158917738,0.785100212941422,0.752039905656914,5
162,0.504147284198552,0.324634599499404,0.189830184914172,0
1218,0.435344023047547,0.786226712933371,0.759045954760279,5
213,0.137904303846881,0.293446569005027,0.236456980463117,0
399,0.600685819087084,0.639508046908304,0.564194675791077,1
643,0.630548677181359,0.452807446592487,0.582356284745038,2
216,0.278923412086442,0.115242692874745,0.226913843536749,0
295,0.334112698677927,0.85743163805455,0.761739501962438,0
997,0.427332983294978,0.753725558496391,0.755481678522792,4
920,0.428173187213168,0.749545762769911,0.752958967959417,4
420,0.600562050547451,0.564997534500435,0.585267260461114,1
835,0.568689635244664,0.588087008567527,0.132601890387014,3
48,0.00972715998068452,0.765059730736539,0.537531447364017,0
190,0.219218812184408,0.764127402566373,0.626156724058092,0
982,0.426767290472322,0.753982397794094,0.750727159158645,4
219,0.637061870191246,0.628085647709668,0.939770183293149,0
977,0.433654247032693,0.741153355046003,0.756255490595343,4
188,0.452468014555052,0.00519531662575901,0.551884964341298,0
319,0.606454333360307,0.569622108363546,0.123003009962849,1
231,0.321814155671746,0.439490431919694,0.928378376411274,0
741,0.572275426560082,0.697539852117188,0.285364106437191,3
1234,0.428104830212719,0.78407503133826,0.75560222805275,5
123,0.197138029616326,0.464532197685912,0.0500203163828701,0
475,0.605982024818659,0.497302676085383,0.209519011573866,1
148,0.0159934817347676,0.0752383472863585,0.527199019910768,0
1354,0.435075006633002,0.713278155127079,0.740517958291025,6
1207,0.42466593583297,0.772991116061366,0.761768039680729,5
24,0.640451592858881,0.522723975591362,0.313499811803922,0
199,0.855685893911868,0.669461462879553,0.130155724240467,0
1053,0.42567223366404,0.755346424589607,0.756736940656322,4
550,0.63013812516816,0.442894884268753,0.506300586881116,2
288,0.502650556154549,0.38837708439678,0.58340656128712,0
537,0.629605402685702,0.668566977721639,0.511844047252089,2
1131,0.434502205733946,0.781750038572257,0.750812856830139,5
339,0.600229999425355,0.394284842535853,0.236515145772137,1
64,0.354391228407621,0.1804388477467,0.290521111339331,0
1063,0.433070157951437,0.748908595565457,0.751037533983049,4
1457,0.429843950456732,0.723392568740623,0.760456538073501,6
627,0.63176986749284,0.566894733114168,0.347361877234653,2
609,0.633742109539453,0.381775456597097,0.324536498775706,2
348,0.597499134112149,0.39714428037405,0.261432026769035,1
228,0.869904106948525,0.699292632052675,0.37989887711592,0
1390,0.431787899521978,0.709745303158357,0.759299205140418,6
656,0.636454642938916,0.377471514511853,0.45397258552257,2
477,0.600281851757318,0.605325966957025,0.548505617678166,1
625,0.634864194411784,0.494639165815897,0.451780808181502,2
1399,0.431422539298821,0.709353906870546,0.759269860315933,6
196,0.0905922949314117,0.152315734187141,0.634798859246075,0
151,0.230383256450295,0.364924845518544,0.168192126089707,0
753,0.576576151051559,0.466950501431711,0.535366339283064,3
645,0.632942200989928,0.734993962338194,0.505542316962965,2
1229,0.429281579077099,0.77819607613327,0.7548130128471,5
966,0.430942688029437,0.744771232419164,0.758446034343429,4
1440,0.434500624683815,0.715835953216235,0.766185189113133,6
1099,0.425597480261471,0.744939914199265,0.757712185068264,4
1214,0.422275611592475,0.77061120077948,0.759689715012158,5
649,0.627655316316523,0.536189134116285,0.568487812206149,2
33,0.213532924419269,0.393907020566985,0.0452484930865467,0
990,0.429209963732644,0.744461419535842,0.75652730798655,4
1153,0.423473670907344,0.769639968713161,0.743850105034637,5
989,0.418038671173484,0.745097226289347,0.750786077116072,4
563,0.632218647687696,0.387891185819171,0.273147429712117,2
91,0.287341605639085,0.745028281584382,0.717698582680896,0
852,0.567060126720462,0.842078810557723,0.38306275268551,3
583,0.631536488623824,0.844524934887886,0.453178251185454,2
783,0.569045245926827,0.771583945956081,0.214172376110218,3
587,0.627777143365238,0.839515542495064,0.429707490978763,2
616,0.632685471011791,0.824335016543046,0.264930721744895,2
1237,0.430834115049977,0.779171386048146,0.757388356072307,5
685,0.636123741306365,0.733746254234575,0.336739326617681,2
194,0.343947847140953,0.228771464899182,0.168301203753799,0
195,0.142924116225913,0.42744717025198,0.297968284226954,0
567,0.631137617081404,0.484571538050659,0.497451778873801,2
1191,0.431488565629864,0.782786795242082,0.754776352267972,5
396,0.604662786764093,0.6081438990077,0.394721461948939,1
208,0.0111831969115883,0.806616644375026,0.127185375196859,0
1178,0.434262497944969,0.776896134417862,0.755988544433928,5
1307,0.426854803190203,0.719047488891453,0.748413452294092,6
453,0.602676028951537,0.738513280171901,0.424861026369035,1
214,0.307516849134117,0.57250877097249,0.762982700951397,0
987,0.413234185087168,0.753884673723505,0.755365157797853,4
147,0.68410776508972,0.759748727316037,0.00313717382960021,0
857,0.576517087325919,0.624841234297492,0.16752794701606,3
743,0.573463929451536,0.51448739040643,0.565215387521312,3
719,0.567752004100475,0.645569116342813,0.458057738398202,3
773,0.569470504741184,0.779917903244495,0.348732902458869,3
843,0.572525442759506,0.750963923987001,0.152329110214487,3
323,0.600829615551047,0.598228370537981,0.370577613264322,1
1352,0.433690924600311,0.719836177058701,0.755415619955061,6
217,0.120444234926254,0.946681384928524,0.897610660176724,0
1274,0.43369901687292,0.774043585664608,0.750162603480697,5
817,0.567598364748992,0.642340228543617,0.116736008576117,3
54,0.00661114486865699,0.626360779395327,0.232691515237093,0
691,0.633376535293646,0.828288992983289,0.303470937907696,2
524,0.634488136353903,0.773777325986885,0.335139508266002,2
711,0.573632003704552,0.840212207520381,0.233569034165703,3
1466,0.431591396394273,0.718843730177324,0.75016752075284,6
660,0.628264048185665,0.635976145975292,0.345200025383383,2
109,0.15520883910358,0.985378817422315,0.931850362336263,0
129,0.467071207240224,0.489341121399775,0.0302203837782145,0
668,0.632795286327601,0.557634973316453,0.130653474619612,2
1343,0.430738701527708,0.719475685976941,0.758286961094006,6
363,0.598424382091034,0.426145357079804,0.323401331575587,1
246,0.28642581240274,0.428421631688252,0.175307086668909,0
1246,0.427465724552529,0.775723852696526,0.762357657775002,5
490,0.604947860664688,0.621256635291502,0.523336963052861,1
620,0.634798149040435,0.387514359434135,0.141690075071529,2
690,0.630479121748358,0.499073623679578,0.287129805563018,2
60,0.828363496577367,0.600592941511422,0.135311763035133,0
133,0.45441492437385,0.943479574751109,0.0406661590095609,0
1051,0.431576882975879,0.748721547688294,0.746115662593815,4
43,0.895104200812057,0.754335947334766,0.836286516627297,0
374,0.601079655296635,0.505454265861772,0.351674499129877,1
830,0.572209398380946,0.531536529306322,0.596280674356967,3
905,0.435388394081805,0.738239807603077,0.759360583814248,4
529,0.627681320530828,0.581122668460011,0.551166908838786,2
596,0.633380137048662,0.729699413757771,0.531275180308148,2
998,0.431268801418795,0.74491967979168,0.757033224389361,4
538,0.633506939637009,0.852515844395384,0.408032798930071,2
407,0.599507802370936,0.444333309191279,0.267566110845655,1
769,0.567923231727909,0.416182809043676,0.266683199582621,3
3,0.992579046403989,0.591050096787512,0.058715628227219,0
1332,0.425140235326625,0.721008897264535,0.759562835164606,6
266,0.52497402112931,0.306181760737672,0.936863975133747,0
842,0.568981642711442,0.693163832067512,0.464493851433508,3
8,0.672216064762324,0.0315909343771636,0.578735722228885,0
1009,0.432341069431254,0.745034845662551,0.755756266483197,4
573,0.632337072861847,0.531881571630947,0.513061675266363,2
1432,0.421055745056596,0.723561496298014,0.762743403726111,6
1059,0.430703983715656,0.757724523841568,0.752545822394903,4
32,0.235812577651814,0.12636057776399,0.0790031517390162,0
1081,0.436820855721381,0.739863178202545,0.756045045254605,4
278,0.679286622675136,0.920520184095949,0.0713350756559521,0
553,0.635330164986663,0.76952108729165,0.496936760516837,2
795,0.569519031113014,0.733308506431058,0.458930245158263,3
1026,0.430626358951554,0.750381074467666,0.757038245007119,4
665,0.633576576483902,0.822120059048757,0.29694453314878,2
1367,0.437901464357376,0.719454416560328,0.756934073860692,6
745,0.567727247076109,0.53099228895735,0.360710525792092,3
1356,0.430639650199771,0.719014671249786,0.76656887974192,6
1263,0.429288058976308,0.77785461426686,0.765198374676779,5
84,0.850390593986958,0.218845788622275,0.815082159359008,0
612,0.631225994031411,0.658060965128243,0.354520004149526,2
545,0.628747840309516,0.713892965926789,0.460576647799462,2
1396,0.426916611405488,0.728091989171581,0.749535288118264,6
1114,0.435439572478417,0.786037852289837,0.759167237003345,5
98,0.579556591343135,0.761523012071848,0.0894000683911145,0
983,0.424677587691208,0.753303413111979,0.751878785726634,4
958,0.427693673708707,0.752147268968085,0.757128341787233,4
1486,0.439457084433445,0.720766830373107,0.754377270127058,6
724,0.570875154747628,0.761308114044368,0.551281820191071,3
937,0.423905726622665,0.747925892374708,0.75704387619595,4
108,0.559624064015225,0.712300791172311,0.753870301647112,0
542,0.633200156388339,0.781643178546801,0.25673352999147,2
1135,0.435691480864418,0.786955082663765,0.755733175164117,5
139,0.169631911441684,0.641285826219246,0.331599581753835,0
1481,0.42925079881318,0.71681544865189,0.76490965966261,6
917,0.419595364777455,0.751892991751866,0.755483196875219,4
416,0.605502889384516,0.627665325300768,0.283136761886999,1
779,0.568476706431247,0.388608356704935,0.6069966877345,3
82,0.870147295296192,0.283608896192163,0.0513032553717494,0
1398,0.4389333295593,0.723373176344536,0.750947861024335,6
107,0.42662926344201,0.269171396270394,0.0859366280492395,0
242,0.224326995201409,0.682423656573519,0.36778168589808,0
791,0.567540414487012,0.844837085576728,0.352204732270911,3
15,0.847221320495009,0.796316421125084,0.929551518289372,0
558,0.63268127580639,0.461067709024064,0.227724465215579,2
533,0.629385313002858,0.614917220198549,0.41874114961829,2
378,0.606111033570487,0.613458222476766,0.59483654089272,1
1040,0.429292580255913,0.758207284781847,0.756286853234215,4
758,0.573272436929401,0.386754376930185,0.236184583534487,3
277,0.300655294908211,0.949743399629369,0.635037051513791,0
1058,0.427884182132682,0.752630420865771,0.755494057460808,4
1275,0.427652964317177,0.783250082490323,0.762506979996341,5
476,0.59778825534042,0.652400497696362,0.488564610970207,1
968,0.432613120169077,0.752823043384846,0.759797602342233,4
531,0.634193689103704,0.831584310275503,0.558357176627033,2
1339,0.432149135163414,0.715734216328577,0.750980120889542,6
1012,0.423582367445002,0.75203807148424,0.75275552747548,4
300,0.254740713862702,0.759820290841162,0.313150104135275,0
535,0.627412617711816,0.534496580716223,0.246741976961494,2
1435,0.431993157224822,0.720389881290462,0.754613936264428,6
716,0.574552930179052,0.51156879554037,0.155824842536822,3
1462,0.43322801574634,0.718007322848753,0.759484100363265,6
1415,0.43133434148277,0.721605961284357,0.76561358382736,6
1417,0.431862811250378,0.724017138263227,0.752888590587167,6
663,0.630251515039708,0.450247979490086,0.537043666723184,2
638,0.631598767521791,0.458716247230768,0.477230596262962,2
419,0.60138407148188,0.846198097104207,0.23092395698186,1
1208,0.425892061890778,0.772430329087676,0.751966087170951,5
270,0.0349498928990215,0.217054339591414,0.56189227104187,0
933,0.42652783831653,0.745428016106985,0.764656025807954,4
1113,0.428523595342063,0.774003270546971,0.748150473832559,5
730,0.573562020936515,0.654170178808272,0.287405567499809,3
391,0.598300187250134,0.830823946278542,0.357978123612702,1
1378,0.430512663718742,0.725723657385428,0.758036503610511,6
525,0.634582167179324,0.709571219864301,0.461482525011525,2
650,0.632292195355985,0.852687700418755,0.215075796842575,2
1241,0.439205900195936,0.783767133848588,0.755268933512845,5
125,0.630099395290017,0.394361269660294,0.167461928213015,2
177,0.964268129086122,0.357036432251334,0.956898916512728,0
394,0.602960837399587,0.546015401137993,0.383634990337305,1
703,0.567250827224925,0.470372452400625,0.378955990914255,3
506,0.629198210132308,0.649889202322811,0.176676171389408,2
361,0.598747512584087,0.811127067892812,0.279499162128195,1
14,0.113674621330574,0.938309324439615,0.148836219450459,0
301,0.604476329728495,0.404460977995768,0.214269904908724,1
180,0.429838912794366,0.622096320614219,0.514190088026226,0
1000,0.436810443230964,0.750131764285749,0.753493332462049,4
501,0.634852833985351,0.475895795971155,0.592208739044145,2
488,0.602808737005107,0.822216889238916,0.141900123585947,1
1236,0.427312898436404,0.780710290780226,0.74709350252941,5
629,0.636411604012828,0.827491075033322,0.26551174572669,2
174,0.667508623562753,0.401403627591208,0.116678653750569,0
725,0.569444495502394,0.846849877852947,0.573344497615472,3
203,0.89265999943018,0.674289738526568,0.888187672477216,0
940,0.426184152003102,0.740042731742889,0.754959669980588,4
1473,0.425227374032687,0.71238978427386,0.749521879416792,6
254,0.75297622429207,0.383379562059417,0.362114355666563,0
517,0.634416566912551,0.801367594627663,0.550024395016953,2
1368,0.433910570661936,0.711800273705189,0.759191553268656,6
832,0.569142420573626,0.822806612006389,0.605547139444389,3
1500,0.432961828503734,0.719470164832203,0.756853643625654,6
94,0.620094658108428,0.703738362295553,0.257262333296239,0
1426,0.438651270882674,0.71824901226515,0.757169494706699,6
1161,0.425634523139417,0.784154159921033,0.753852906063809,5
570,0.636297897933982,0.576518285088241,0.180650149611756,2
1447,0.437139145964275,0.720071283574599,0.761700293510869,6
1102,0.422803604661181,0.772164706471039,0.756743552681714,5
910,0.426848583163197,0.755131164817345,0.764664600409041,4
258,0.866913765668869,0.957350233802572,0.760380264837295,0
289,0.0642039363738149,0.0429706857539713,0.223366927122697,0
253,0.755290996050462,0.700089067453519,0.0773351080715656,0
658,0.62706593738636,0.408126420923509,0.582051453203894,2
377,0.604203254757449,0.458031705813482,0.46758545669727,1
371,0.604638310119044,0.643286023405381,0.424867380666547,1
624,0.632421605021227,0.793686056975275,0.148311090911739,2
1213,0.433176141707381,0.778559682510306,0.746843070795015,5
1024,0.435878920122872,0.753847464909217,0.747084145838937,4
712,0.570115623439196,0.481350445188582,0.247111739497632,3
403,0.602068712457549,0.393337146495469,0.373377208854072,1
539,0.634866632826161,0.499752028379589,0.183188302931376,2
1151,0.429686889506452,0.782809470384504,0.756672723494106,5
775,0.573904031189159,0.65353710448835,0.317218052130193,3
693,0.632190069472417,0.631939114769921,0.441475594905205,2
528,0.636825599891599,0.578966262168251,0.369635765231214,2
4,0.154656525701284,0.8337179988157,0.57102349633351,0
1133,0.439240403066937,0.787146502907918,0.75957762209405,5
1333,0.424986190166584,0.711909902478191,0.762281459118251,6
350,0.605980899995193,0.853694884805009,0.542489511333406,1
261,0.674093744950369,0.671144446125254,0.0201119489502162,0
702,0.569012836741749,0.61460785404779,0.467107350961305,3
40,0.827823659870774,0.568965139565989,0.146291471552104,0
883,0.568368578171357,0.663650815142319,0.365846943249926,3
1170,0.425128418276841,0.780760446937241,0.753308753460787,5
1180,0.423415357751021,0.780705000262026,0.756392457973257,5
993,0.423702468961582,0.746087005255562,0.761378359243696,4
953,0.425408468731693,0.754080651315651,0.756197595944496,4
821,0.568290468391497,0.52169043244794,0.386607954883948,3
565,0.630787417907268,0.438170016626827,0.149981927732006,2
945,0.427814173870558,0.749922507648625,0.75519482281846,4
99,0.364743080921471,0.916730123804882,0.81803828291595,0
297,0.452787319431081,0.174549747724086,0.497541958699003,0
916,0.426731840407806,0.75469409249278,0.752690680238041,4
936,0.436216821506062,0.756639186215065,0.758567705861179,4
273,0.884424425661564,0.0780381360091269,0.953685948858038,0
201,0.97473632497713,0.286412786925212,0.0432722363620996,0
1119,0.430465590003195,0.774780610833724,0.749409599753161,5
1441,0.426438250634828,0.717891780775277,0.755949857150716,6
1269,0.427719291175454,0.780302796862955,0.751642481599185,5
1380,0.427639547162946,0.725317022941675,0.744982251303588,6
1277,0.4323956863476,0.783444662510859,0.752566807924059,5
1360,0.43078985388639,0.71990801733784,0.75653388407465,6
1474,0.424035560047714,0.723701390453814,0.751155447663477,6
159,0.507127857068554,0.378493630560115,0.399571664165705,0
227,0.177771918708459,0.337495423853397,0.723346545593813,0
284,0.0929047458339483,0.810720616485924,0.62371424632147,0
1300,0.431458576831874,0.785754301490302,0.753079296934335,5
1016,0.427133577173356,0.747604029206309,0.75417110906368,4
302,0.598287645373493,0.845794468303211,0.210393388080411,1
380,0.602556564526167,0.780998866306618,0.303519887756556,1
1088,0.43252591126642,0.749374868100608,0.761129890345461,4
1322,0.429832362954412,0.714944040665459,0.764556380473472,6
1446,0.432474239498976,0.721880235401283,0.753731278136638,6
1096,0.42070174132015,0.748303511510588,0.756167234495766,4
1266,0.418845515394611,0.778997170827346,0.755898521093823,5
1421,0.437364690292226,0.717843738748234,0.749118313056633,6
671,0.627005771396216,0.789048858452588,0.369674437236972,2
311,0.602891764843371,0.822718020179309,0.310490790661424,1
1172,0.428116012672045,0.785357499082928,0.74805098553582,5
103,0.656887023709714,0.403123362222686,0.781283892225474,0
1340,0.413007823051152,0.716610155882605,0.753424496002523,6
856,0.575767125331331,0.550824057776481,0.33132982372772,3
409,0.604628111408092,0.772003155550919,0.423209616821259,1
149,0.140631658956409,0.0949888383038342,0.828207534272224,0
657,0.634595362327527,0.843014865415171,0.465133702056482,2
742,0.572315861848183,0.605078625492752,0.2722036722349,3
622,0.636451506977901,0.581906301551498,0.491324136289768,2
882,0.571023614739533,0.846017983043566,0.531237658020109,3
1177,0.431730971270785,0.777864947963978,0.751076639599682,5
839,0.576385484803468,0.535171427181922,0.274960499745794,3
503,0.63539517365396,0.848563415696844,0.4272792364005,2
1347,0.427376867375019,0.712801329705077,0.760623017006723,6
1419,0.438637989047022,0.718732914483526,0.75969824858215,6
1459,0.419978758749159,0.724109234723615,0.761666028519862,6
1381,0.435824414084203,0.715675411979848,0.756891055263392,6
334,0.597894564606249,0.850642562145367,0.553902582754381,1
1405,0.432515124647732,0.722662107405454,0.753837603372596,6
376,0.602933287678752,0.714356198441237,0.451664541638456,1
263,0.477235255995765,0.971815343014896,0.139540521427989,0
1480,0.438838796067542,0.727441966134904,0.754530124941349,6
61,0.209512086119503,0.0656845052726567,0.75200478755869,0
267,0.96933732740581,0.786179474322125,0.0715981046669185,0
518,0.632677398191299,0.61418823315762,0.136141059943475,2
121,0.728755894815549,0.146560970926657,0.596045914338902,0
385,0.603725746127311,0.801659927819856,0.25961954719387,1
652,0.628683507468086,0.467254791641608,0.177810409944505,2
851,0.572621759744361,0.541362654534169,0.261058576893993,3
1215,0.424113079019348,0.779006372536892,0.754380296596084,5
1034,0.43090333653545,0.751792525978201,0.756104251605983,4
9,0.901238406309858,0.528808981180191,0.742155471583828,0
971,0.435098686977864,0.750598984481238,0.758676788805129,4
1044,0.438464800222569,0.744749997912919,0.760424367622128,4
872,0.571606392515823,0.824885765439831,0.307483610021882,3
673,0.636420571836643,0.663092911825515,0.31488330536522,2
138,0.567372002871707,0.708841388579458,0.79244995303452,0
439,0.601405267806258,0.440538369584829,0.245242683938704,1
1338,0.430535799140997,0.713802703802162,0.762123124192226,6
1471,0.433330472656779,0.717505873741157,0.753360956138039,6
959,0.429805811344607,0.748134954048526,0.757597067724321,4
496,0.597947625899687,0.371315774624236,0.520909492531791,1
327,0.599427802488208,0.831857367651537,0.461723299021833,1
692,0.629349917578511,0.612370179966092,0.605829331697896,2
11,0.136604198720306,0.81021754280664,0.785548790125176,0
580,0.63651269989321,0.367611948866397,0.112690763338469,2
988,0.430059119498973,0.75504858063264,0.757208332606263,4
446,0.603931814196985,0.528761438559741,0.253248883201741,1
875,0.571484082762618,0.394203693605959,0.535498222708702,3
200,0.984394687227905,0.747697642771527,0.736555692274123,0
365,0.601133961854503,0.808420942397788,0.130518788727932,1
1176,0.430766900817472,0.766518526224114,0.752924861546736,5
77,0.346531505929306,0.649049505591393,0.929527842672542,0
1217,0.432211349770301,0.780772395570847,0.750652493582424,5
925,0.429048932897672,0.754355192807421,0.75511250236382,4
1010,0.427910027759081,0.754584806885459,0.757452662960233,4
914,0.438459391955221,0.746554087700312,0.755701274771199,4
459,0.599662198557053,0.757456981926225,0.239546272810549,1
467,0.60688274669461,0.388047493528575,0.569207510002889,1
463,0.602183760898188,0.746246516355313,0.564855021680705,1
1066,0.434987954033718,0.747877375396911,0.761307650861629,4
1430,0.426148150100587,0.716540899278209,0.756380469358839,6
1386,0.427508843280627,0.722526947891533,0.749015656537207,6
484,0.603882096703164,0.645400296896696,0.339495891844854,1
308,0.598015920040198,0.462234457954764,0.12357783250045,1
677,0.634032004787587,0.450299731572159,0.19998916881159,2
1106,0.431604643902044,0.774919005494928,0.752018416459344,5
135,0.584001101786271,0.668399297166616,0.755510061280802,0
1397,0.430562933577073,0.709689364089622,0.762445540588435,6
164,0.0778190575074404,0.491694987518713,0.541237409925088,0
1171,0.429043029361635,0.776718249256379,0.760157213238839,5
728,0.572278813156299,0.389063345384784,0.543931091809645,3
232,0.0782227786257863,0.826519424561411,0.539986156160012,0
1211,0.430191162412113,0.779980403904774,0.751597518198213,5
367,0.601251501399092,0.551649874658324,0.567569488682784,1
341,0.597925697988831,0.588476402452216,0.328852249332704,1
1154,0.431760041786893,0.783835243529292,0.751755130994027,5
1149,0.42620790905635,0.78358259051518,0.760751004946088,5
1216,0.433422883693099,0.781271803021669,0.755488700612992,5
28,0.717083955882117,0.133395388489589,0.740687131881714,0
1259,0.42500536526706,0.785819513318245,0.74660381608706,5
676,0.627034071383532,0.783462711842731,0.187773621664383,2
492,0.605896841944195,0.716837440850213,0.287122573610395,1
569,0.628492633160204,0.46168505132664,0.406766317225993,2
136,0.347290616016835,0.66138500883244,0.0995795060880482,0
1138,0.419408986116602,0.779193501258969,0.754729764905531,5
904,0.418849917674999,0.744802277797935,0.755916706979393,4
889,0.56981400544988,0.468834946630523,0.435903046885505,3
141,0.64918749500066,0.694838116178289,0.709737510886043,0
390,0.605741856014356,0.7935630135471,0.441220481786877,1
1312,0.442032592472971,0.717096453453912,0.744047948426714,6
25,0.206934121437371,0.000202855328097939,0.980701222550124,0
621,0.631983983009122,0.800842944183387,0.178372746589594,2
789,0.570614150874317,0.817061824724078,0.436196993244812,3
127,0.750932915601879,0.195788544602692,0.838813591515645,0
1255,0.425643965526573,0.785364042324923,0.758356380993986,5
1005,0.43551438251606,0.751937703960821,0.747466099468288,4
515,0.629654054022394,0.516147501650266,0.289444583491422,2
1064,0.436619150379346,0.753834632726361,0.749920788518427,4
1433,0.423500936995517,0.724837190530944,0.757666710927775,6
784,0.570935346353799,0.726306951255538,0.33105325049255,3
268,0.658917583525181,0.871841335203499,0.448646026896313,0
1086,0.433536533204252,0.749241944946178,0.757177005242069,4
586,0.631467541069724,0.640327582485043,0.42040741329547,2
699,0.629683292636182,0.555602108128369,0.507613071147353,2
1476,0.441726341928656,0.722627604025886,0.751038657116485,6
571,0.632844251289498,0.729947862564586,0.345374040096067,2
1327,0.427897993338836,0.721253986648097,0.753364698244604,6
885,0.575948524493724,0.666744318557903,0.33746466555167,3
943,0.430872786987938,0.744716392841412,0.762291661268506,4
234,0.674866680055857,0.61290487437509,0.478137222817168,0
766,0.568385183452629,0.455702033825219,0.484899237076752,3
1116,0.423700242493995,0.782105975150127,0.757536650138831,5
960,0.427895045284791,0.747075724302834,0.759417420511211,4
670,0.635336357061751,0.477816745289601,0.513376502576284,2
659,0.635910201980732,0.716096067219041,0.334674909501337,2
957,0.429052927660428,0.746983949874129,0.755609775555954,4
1084,0.429646246366059,0.75523594425504,0.754089561496601,4
1287,0.425510597878707,0.773290638810584,0.756728919623476,5
1143,0.434822740975042,0.775694537809756,0.758949184639148,5
653,0.631028944733553,0.586214787210338,0.2148823548574,2
362,0.60260793488007,0.389893888495862,0.319627029728144,1
497,0.600743577864487,0.399164768285118,0.34881328176707,1
17,0.451036081183702,0.187709781341255,0.769716856069863,0
1205,0.430109715177007,0.772587865377128,0.761017581321127,5
398,0.606041134202387,0.719383330782875,0.30542124460917,1
1227,0.422660516870147,0.773998056143015,0.752231298421498,5
1124,0.431317117254591,0.771911094838908,0.753009364244857,5
809,0.574040989675559,0.693657825002447,0.272255914774723,3
1456,0.434073159221159,0.725183607440786,0.751683635745053,6
332,0.598677764732856,0.383717244141735,0.147428401885554,1
774,0.573008467664476,0.740898238378577,0.25968879556749,3
862,0.568225565117318,0.383291083737276,0.367900889040902,3
811,0.56747566618491,0.402834925451316,0.391839359211735,3
1036,0.425961081687241,0.751083343546357,0.757667584918609,4
1039,0.437276813154809,0.743291338193483,0.769704721139029,4
1497,0.436200714331177,0.720989091070085,0.751275265130954,6
1047,0.432042044620182,0.743643172548691,0.765501575959107,4
474,0.600000836148392,0.386941444245167,0.302183045563288,1
272,0.404305598698556,0.935831363080069,0.0683075918350369,0
296,0.90278259315528,0.929127535317093,0.00811206153593957,0
1334,0.428762390759673,0.719663783294352,0.760530169976795,6
604,0.631481711044908,0.63233764260076,0.21727050493937,2
465,0.598768028113991,0.816820080741309,0.333515537343919,1
1295,0.441066625232979,0.776978767225322,0.757005710290363,5
1011,0.427110513575386,0.752080483526484,0.759535001102829,4
233,0.267375960713252,0.267039415426552,0.25042555690743,0
1098,0.428333297869522,0.750374152908104,0.759867786540024,4
444,0.598912248697598,0.370240647229366,0.384563184366562,1
846,0.575643737008795,0.641046048374847,0.308881864207797,3
384,0.601909646317363,0.397186760790646,0.329893824551255,1
215,0.757473079487681,0.828707720385864,0.814716555876657,0
