11,0.768712520366535,0.493170864414424,0.814585102954879,0
624,0.810335114665795,0.394423822662793,0.498552106274292,2
788,0.747187636194285,0.217375202127732,0.29114306923002,3
581,0.811601570977364,0.521023823437281,0.755047196475789,2
565,0.80880594979506,0.396239234972745,0.339559068041854,2
1041,0.434953885946984,0.739816672257345,0.66267871305797,4
765,0.745351981751155,0.577219398482703,0.319010475720279,3
1461,0.429756024946537,0.71288772073471,0.670781581928421,6
1286,0.432905764006065,0.785314636648541,0.662048745050629,5
932,0.427218534778973,0.746300288595232,0.672536398272729,4
800,0.746212903033011,0.619461571821012,0.441818296629936,3
933,0.426602640026768,0.754951073514488,0.665061549811297,4
1494,0.423934902893425,0.705979918040187,0.665004119082322,6
903,0.426547231150158,0.746320736128063,0.661777871310148,4
1487,0.437669868463364,0.722151971832092,0.66428633227031,6
874,0.750346042767633,0.491163057764061,0.654478292283602,3
868,0.747553960136138,0.302511943411082,0.43643795484677,3
899,0.745760205856059,0.20101423424203,0.474582774285227,3
1271,0.431858632051349,0.77522981916082,0.674978937963078,5
943,0.435847050761578,0.751600753219595,0.667525104200107,4
1399,0.426987251842107,0.709686479471224,0.674693255939693,6
898,0.752720313414466,0.644968337519094,0.68118845585268,3
471,0.779480021065101,0.480419719964266,0.265299213654362,1
764,0.74586411512224,0.526621943595819,0.293996349046938,3
1340,0.432036513841901,0.714212035862445,0.668413060349998,6
895,0.750056844905485,0.474743742286228,0.550486241886392,3
1103,0.435573137500802,0.773638790222078,0.665103513187267,5
1298,0.437312263670494,0.775673746742768,0.674437489916098,5
497,0.778536529450212,0.591954838391394,0.575435036979616,1
305,0.782840680198278,0.545026946952567,0.461842882400379,1
1473,0.433648171650775,0.713750026148949,0.668038309002534,6
169,0.7358428533189,0.112253825180233,0.95357154449448,0
38,0.210952337365597,0.600998119451106,0.866187296109274,0
170,0.0883731602225453,0.652558797039092,0.955593765480444,0
108,0.524462458910421,0.130701977293938,0.608126161620021,0
1138,0.434539401197485,0.770047479652849,0.66190702057874,5
33,0.0773390817921609,0.779635516693816,0.823666010750458,0
648,0.806516718696803,0.269562379131094,0.329615195351653,2
217,0.435838582692668,0.532958945492283,0.0146449380554259,0
1159,0.426912060603695,0.765924511427607,0.672326998954446,5
1350,0.434003195695266,0.71484791624465,0.664216786568474,6
255,0.230364959454164,0.167010152945295,0.382031067973003,0
123,0.13275037240237,0.0625871876254678,0.906700256746262,0
1242,0.42728506577361,0.770049296897947,0.674745315611435,5
884,0.751237453694921,0.338276377669536,0.746224403916858,3
689,0.812140771169216,0.463236942794174,0.736634741839953,2
429,0.78205766949337,0.590082329837605,0.352325224503875,1
1057,0.422852302584761,0.752411920412396,0.665657079855066,4
1414,0.425806264512503,0.713196955802355,0.670835722648244,6
378,0.782964573898353,0.475271040713415,0.295015824912116,1
756,0.747367835969199,0.598062376747839,0.309833937278017,3
813,0.744423833207693,0.501991246500984,0.361517490423285,3
579,0.807928071399219,0.575617817370221,0.517682146001607,2
1105,0.43545923426076,0.774973498770606,0.675187785304103,5
755,0.750002299135085,0.392714322102256,0.534801355865784,3
315,0.774145928630605,0.239357728883624,0.686282986262813,1
814,0.747683150577359,0.417618616740219,0.370383599260822,3
83,0.233147167833522,0.139243583660573,0.670834568561986,0
1439,0.437854386927509,0.714395844655414,0.659767814435944,6
948,0.424473631263348,0.751589589563082,0.67027775352966,4
30,0.687872132752091,0.475568933179602,0.218684178777039,0
424,0.78018294753274,0.552036904287525,0.266297571314499,1
782,0.745545237876941,0.609183681220748,0.664349013310857,3
460,0.783695368703921,0.563503151549958,0.295642270660028,1
738,0.74915990402922,0.189312660740688,0.347258602222428,3
1186,0.426130775664936,0.780875313189382,0.661526840101083,5
1309,0.422841882401495,0.719108527315052,0.671467448092022,6
233,0.217509197536856,0.4343059908133,0.0235178002621979,0
1226,0.430989598749542,0.772616610271645,0.66442972126859,5
1354,0.429971414059622,0.722819216784047,0.671818736979768,6
138,0.00961423292756081,0.477662460179999,0.781193370930851,0
854,0.74926341874525,0.25064007753972,0.310056216502562,3
881,0.751305688361172,0.369930971669965,0.430399929475971,3
508,0.805525565664284,0.485179842705838,0.540975013002753,2
692,0.809572042741347,0.446801961888559,0.599592171562836,2
535,0.806209147388581,0.612916534906253,0.467985662119463,2
1418,0.428509532080114,0.71597071222157,0.660899349160658,6
310,0.774506546184421,0.173908590013161,0.257025197567418,1
52,0.0744008994661272,0.32094110455364,0.539208687609062,0
266,0.405216207262129,0.511627040104941,0.559437554096803,0
1451,0.426574154888117,0.713287045848261,0.669113537087782,6
975,0.428655622493315,0.746427545400251,0.664941058283789,4
534,0.81140122180339,0.176323364977725,0.656782230432145,2
1411,0.42870875450959,0.728582447349599,0.668605076059628,6
1324,0.431221771537531,0.716273090090065,0.666040081513881,6
593,0.810409885928966,0.247897342452779,0.270954970107414,2
984,0.430038189865591,0.745439253616953,0.67657176969289,4
1167,0.425866694290765,0.772367685803276,0.66725257416515,5
548,0.806410848305095,0.206416360009462,0.46121220018249,2
1236,0.431036539328824,0.771801424410001,0.669367265859625,5
89,0.775078285252675,0.351593108847737,0.339475822402164,1
747,0.747974277401809,0.529665150819346,0.611524865101092,3
677,0.811882873070426,0.298531624511816,0.295653777383268,2
619,0.804319522122387,0.282891567586921,0.292893047165126,2
1073,0.431628845900966,0.744291124170554,0.665126057518639,4
344,0.777124825345818,0.432640457199886,0.567178123467602,1
1121,0.435646349148074,0.782485463345527,0.670138281496758,5
417,0.778358220313676,0.512901515606791,0.327399218291976,1
1358,0.433629466078641,0.710692076092552,0.661838340584942,6
1499,0.41903902312585,0.708451305022961,0.67022752900778,6
1112,0.423568019443625,0.769088688924835,0.661344882123773,5
287,0.512696242425591,0.394411362940446,0.562142478534952,0
449,0.781322991340421,0.494058128003962,0.581664652517065,1
126,0.999825567705557,0.89833101327531,0.660362185677513,0
1429,0.430493328496586,0.71943789281234,0.66407798662569,6
389,0.774143823087216,0.477058928250335,0.411643697600812,1
1372,0.424154564688847,0.711758045047142,0.67014620924266,6
915,0.431921391098354,0.741793538080244,0.66422010022521,4
775,0.749891396861058,0.480157961626537,0.483584593003616,3
289,0.264528440311551,0.579646957106888,0.907420522300526,0
381,0.776797472834587,0.629501787386835,0.564873131643981,1
294,0.201167381368577,0.0579654430039227,0.85417318250984,0
234,0.111675038933754,0.0424773043487221,0.536922489758581,0
448,0.778366232721601,0.413084381632507,0.71634479095228,1
1205,0.428460145813327,0.784199808870355,0.66594147503395,5
638,0.809390473589301,0.297846878087148,0.381048624240793,2
63,0.554190672468394,0.945577512960881,0.626459060702473,0
180,0.950529050081968,0.898706886218861,0.663196039851755,0
39,0.252049361122772,0.181915997294709,0.895380274392664,0
262,0.362823543837294,0.818001636536792,0.851649957709014,0
1059,0.42255092169491,0.737940098003551,0.676406652757068,4
1462,0.427023333824338,0.712413701836607,0.664939831073916,6
1382,0.432637032428202,0.714833216247002,0.663819219766635,6
1312,0.423249421075504,0.716080197961587,0.673226363328437,6
59,0.344437295338139,0.322311277734116,0.962887667817995,0
1367,0.425639493934734,0.708475636443281,0.675081851150703,6
484,0.782709743385203,0.327109997998923,0.477914012339897,1
85,0.303052723640576,0.803222560556605,0.238259251462296,0
1437,0.431517218594169,0.712089459139504,0.661882103760714,6
862,0.745491419327445,0.615400670003146,0.373680761735886,3
1318,0.429058674184569,0.717790802467848,0.670568203979992,6
631,0.808569680657238,0.5758548081154,0.692461510142311,2
1283,0.438191331048404,0.770561642170976,0.673066124259538,5
439,0.778904336243868,0.2787811499089,0.735366168152541,1
805,0.74602926440537,0.468126962217502,0.67333096191287,3
850,0.752007415217813,0.3200024939375,0.620528265321627,3
751,0.75121024199063,0.457524646213278,0.358401296380907,3
331,0.777282941241283,0.275233524991199,0.290606324514374,1
945,0.434286192685018,0.75212377375818,0.664188869707903,4
190,0.9892112321686,0.358293667202815,0.0394310753326863,0
536,0.806747088788543,0.348672179761343,0.29226620211266,2
1446,0.431102707176292,0.714656558333419,0.672394633304074,6
318,0.776589042223059,0.414382908865809,0.631588138709776,1
807,0.752881162953563,0.205158251943067,0.655011398438364,3
1080,0.434470494943897,0.742781909588556,0.672939484765546,4
825,0.747430918058381,0.577143234922551,0.675349863083102,3
709,0.748807410742156,0.442389559256844,0.738148057088256,3
212,0.277626408962533,0.947139860363677,0.884328757179901,0
892,0.746963588015642,0.273688198789023,0.527107579587027,3
341,0.774809715119191,0.476029390958138,0.5623958196491,1
772,0.75138340954436,0.605541511694901,0.75368758472614,3
936,0.427344821271568,0.749587767368796,0.674008223796229,4
329,0.779222123792861,0.21725065833889,0.508977431058884,1
1249,0.422972277629338,0.77618744875923,0.671330706309462,5
843,0.753325181540567,0.274311695271172,0.679769807448611,3
1342,0.4294687470649,0.712484235750599,0.668929864953417,6
1421,0.430862481421044,0.714367294444418,0.673549058280788,6
1321,0.433767715316079,0.715875312930823,0.679328279546574,6
1217,0.431386813206442,0.777926187072645,0.66927901190359,5
1322,0.428236236760971,0.720502309464527,0.667164607042074,6
1162,0.430715731015599,0.771198888816949,0.661488181807073,5
852,0.747136982805096,0.255089600593783,0.279426802136004,3
1129,0.433526142008692,0.767921636968042,0.670022533316017,5
1397,0.431413294321072,0.718604902831323,0.667686993606492,6
766,0.74860251563834,0.486067162267864,0.69921838301234,3
372,0.774723598000128,0.501110284496099,0.359164275415242,1
1413,0.423778087939665,0.72123158459744,0.675257889240283,6
627,0.813297881549224,0.448666861071251,0.573855379782617,2
653,0.80735051115742,0.529694492835552,0.744293338689022,2
152,0.825577497947961,0.724245337070897,0.815639832755551,0
257,0.315635615494102,0.376540588680655,0.363457797560841,0
67,0.181291941087693,0.112871449207887,0.213019506307319,0
613,0.809134205358569,0.419549563573673,0.584407482366078,2
415,0.77463709756732,0.625944072171114,0.650405833334662,1
1032,0.429442665493006,0.748714794048012,0.671104083345101,4
480,0.776684348273557,0.288143219798803,0.587063983152621,1
366,0.783287577584852,0.210258314409293,0.561712836450897,1
301,0.78186448907014,0.21911271174904,0.482230688049458,1
1455,0.434380492613641,0.715500128441318,0.662088312287023,6
332,0.776401074172463,0.362594225700013,0.443608229001984,1
231,0.744931470137089,0.783394748810679,0.733507867436856,0
720,0.749524122257717,0.378968413127586,0.51199576871004,3
603,0.811280163030606,0.252631588629447,0.587583112251014,2
254,0.730714125558734,0.181097730528563,0.891394933219999,0
928,0.433775140119086,0.740876295357469,0.673567587448832,4
1438,0.430216909548761,0.707972132177574,0.671419841933493,6
219,0.131978288060054,0.618523790035397,0.904807913815603,0
189,0.464800543850288,0.919780435273424,0.258499002084136,0
490,0.778172456065659,0.198776672151871,0.589044210338034,1
407,0.774209441463463,0.457480215025134,0.643360102619045,1
256,0.483114804606885,0.756728371605277,0.829529313836247,0
1153,0.437772522274627,0.78311849324698,0.669087846292474,5
1164,0.431893131864187,0.784421480203622,0.668743650664838,5
1050,0.423778053603479,0.742448211508459,0.667425920464111,4
554,0.811206230202224,0.394810486142524,0.341084677912295,2
1279,0.438793330282457,0.776676262294288,0.670526165487282,5
1083,0.424564585119307,0.741117553816568,0.673385855577632,4
298,0.321695827646181,0.478356329724193,0.164213173789904,0
1355,0.42654746970815,0.715731422914879,0.666716356210078,6
601,0.808119972434361,0.573349660052918,0.712733011413366,2
1468,0.434851597682525,0.7136637547786,0.671235550039839,6
566,0.813340213522315,0.27589557019528,0.400385350873694,2
144,0.869426146382466,0.193403654498979,0.0449872289318591,0
1327,0.417200017367819,0.70966078391506,0.66734114924105,6
223,0.863046240527183,0.125611350638792,0.70915056229569,0
749,0.750070319813676,0.486647855164483,0.400058291107416,3
894,0.746286730607972,0.341583080030978,0.578722169809043,3
582,0.811400672155433,0.230384696181864,0.616501368535683,2
225,0.786294951336458,0.253101554233581,0.5240934335161,0
1387,0.430389909712972,0.712412976835681,0.663194601283174,6
527,0.805421143744607,0.477153945388272,0.606845106417313,2
743,0.745030283010565,0.355831842077896,0.379814612050541,3
140,0.643492826493457,0.444224201608449,0.361231898190454,0
162,0.663479315815493,0.580827582161874,0.516382365254685,0
1231,0.431301281069147,0.773649100109415,0.666663995219854,5
955,0.435766265024445,0.742734590996402,0.665138180115611,4
929,0.432864815327459,0.735990412566876,0.672831380235735,4
1128,0.431591482237112,0.769848728902768,0.665149977388133,5
444,0.775499083127361,0.447889415803365,0.497933653253131,1
635,0.811052559744567,0.201795203983784,0.292642733617686,2
1106,0.43011608642351,0.778798409229526,0.667468285541001,5
549,0.806157622470055,0.243120460794307,0.679742189659737,2
1117,0.425892502128112,0.774134710560464,0.664272011224193,5
164,0.935494285775349,0.225958447903395,0.873443318996578,0
639,0.803980774248485,0.295433906977996,0.319110346329398,2
488,0.781378660735209,0.299852995807305,0.502507552457973,1
1356,0.426172939870925,0.723503640904812,0.667607127157224,6
178,0.613014462869614,0.616085763787851,0.855785765917972,0
307,0.782758514035959,0.289929705346003,0.585907702404074,1
512,0.812187558810692,0.516379472240806,0.569746149191633,2
78,0.41515434300527,0.357250128872693,0.280352081404999,0
242,0.236212032381445,0.905479247448966,0.917378537356853,0
451,0.774797953017987,0.293924686871469,0.442210877966136,1
711,0.74999580187723,0.330417083483189,0.55753994542174,3
275,0.742345425067469,0.411237143678591,0.294851043494418,0
1004,0.434597602712313,0.747998823246765,0.66758622073339,4
1290,0.431421771184531,0.77314499660538,0.670071518160257,5
495,0.783285287090112,0.180998677643947,0.7043352692388,1
380,0.776734813286457,0.450293488940224,0.685489764157683,1
51,0.0857618716545403,0.891960284905508,0.475869705667719,0
384,0.782425682751928,0.340849117515609,0.421238006395288,1
598,0.80444527797401,0.514089213940315,0.625393261970021,2
32,0.0831985347904265,0.985453003551811,0.701442109188065,0
350,0.778899822181557,0.558202214445919,0.289320366410539,1
158,0.233839718392119,0.352350063621998,0.803705248748884,0
364,0.781944612904918,0.273104417743161,0.322063511889428,1
243,0.0589666073210537,0.84313273918815,0.103142538806424,0
111,0.811415812466294,0.801337574375793,0.946711999364197,0
897,0.753014185435604,0.420596393430606,0.654455596767366,3
167,0.892061789985746,0.208231514319777,0.365761544322595,0
62,0.395066508557647,0.718096395488828,0.168356708018109,0
1180,0.426140588796445,0.776701446667891,0.666802187015055,5
1240,0.43532939873663,0.779328997541475,0.663047105676212,5
130,0.284018158446997,0.777254467364401,0.817746808053926,0
182,0.61054929648526,0.0537172039039433,0.787267013918608,0
1246,0.428931175661525,0.772795237430054,0.673008462647522,5
839,0.75094852155773,0.498430836386979,0.529350971290842,3
727,0.746030297556426,0.489343192451634,0.277008775342256,3
626,0.807840311897453,0.351746050897054,0.694021506421268,2
746,0.751896494429093,0.44574245067779,0.258764800336212,3
1424,0.432687108873863,0.708131885251616,0.668795904020085,6
1444,0.423600656981497,0.710597138037269,0.669666025585812,6
526,0.808422658708878,0.654048629826866,0.494695142097771,2
703,0.750325519717299,0.563562723016366,0.377471128664911,3
186,0.40809828415513,0.605511779198423,0.735351440496743,0
227,0.507092480314896,0.529297496192157,0.775834474945441,0
93,0.0301825618371367,0.201146677369252,0.987877638312057,0
209,0.206211118027568,0.948832013644278,0.96792055061087,0
261,0.439655483933166,0.59196555800736,0.503509075380862,0
71,0.021391062065959,0.137822842225432,0.336350376252085,0
1053,0.424264366477895,0.741155222414196,0.662024151511722,4
560,0.808305005112197,0.286441626516171,0.383821910433471,2
1155,0.429064582791983,0.766160219983136,0.660325884597593,5
812,0.745111063725781,0.595837441063486,0.375050078565255,3
665,0.804711457611993,0.6361407144228,0.405739365913905,2
360,0.779258460707497,0.417446571076289,0.493805171642453,1
1343,0.422036425344313,0.712460159525883,0.665199017891283,6
962,0.434698904985067,0.740476998792768,0.667665720974892,4
1142,0.430065154855795,0.781903536819848,0.669952236934144,5
951,0.425387289876364,0.746759949492725,0.667854429158088,4
1391,0.42369721106634,0.713037259243369,0.668051835663218,6
1405,0.436421532765482,0.721613716492304,0.671661535616674,6
538,0.807807511386927,0.439129281230271,0.383452158141881,2
1051,0.420905722400994,0.744226147945886,0.658165666526184,4
24,0.307984105776995,0.734719646861777,0.165959461359307,0
1292,0.436896657351179,0.778749857384018,0.665426484605169,5
1482,0.42844690806964,0.714437758363301,0.660222900241893,6
442,0.77630075532943,0.400553115899675,0.521492182929069,1
1326,0.42486584856312,0.723128020469144,0.663098202007586,6
273,0.804171208757907,0.54686325439252,0.371882829116657,2
994,0.425328203938735,0.73048550017204,0.673682854572969,4
222,0.119548008544371,0.195619156351313,0.658490313217044,0
990,0.425967976648866,0.747875903751139,0.659604372050039,4
616,0.809073528144509,0.544072114652954,0.398943418473937,2
1430,0.42308512902943,0.717158764702408,0.66029709708825,6
1393,0.430158863347421,0.720445962702813,0.667857169445048,6
104,0.99154080892913,0.126146158669144,0.687092926353216,0
204,0.606573201483116,0.485922044375911,0.398504739394411,0
1028,0.430762933505459,0.737916087209252,0.670886180440001,4
17,0.824611293850467,0.249240890378132,0.628369127865881,0
511,0.80962413320085,0.230101149436086,0.324293529451825,2
69,0.737187467282638,0.14409995265305,0.88426485680975,0
1369,0.42684433587989,0.72158690151992,0.670356190154444,6
276,0.17123976117,0.824249711586162,0.0589325467590243,0
1074,0.436232340731258,0.739605113557272,0.668972322324495,4
92,0.122211961075664,0.47820644127205,0.51146181859076,0
1082,0.43687105785344,0.741708039592479,0.673627562391452,4
797,0.748319080432411,0.461743917921558,0.521419406239875,3
1098,0.431845695383273,0.746378459749178,0.670381281700305,4
1043,0.419243034148044,0.738231964052631,0.662264754031274,4
1229,0.427978345709479,0.775450655338066,0.662118041374545,5
931,0.434442201185068,0.742647349919065,0.663639979730545,4
202,0.562973749125376,0.480317737208679,0.679280242184177,0
161,0.429636368062347,0.616278565488756,0.968050712021068,0
1396,0.432220975402433,0.719894309120483,0.662776948049461,6
902,0.427260573198253,0.74716665537092,0.670804386099636,4
1212,0.42360171608634,0.7783375125511,0.663868620441881,5
342,0.780642486100551,0.271324820374139,0.379248294117861,1
1135,0.42174048801492,0.773434378176671,0.667717992580036,5
1352,0.427360825000474,0.717107890743053,0.67270601468438,6
606,0.808704273698386,0.605939879338257,0.753960653976537,2
347,0.779638741312083,0.624462932953611,0.630256129265763,1
669,0.809734117370099,0.452746001211926,0.7545789755648,2
650,0.806547068678774,0.348978517251089,0.287494892324321,2
110,0.45540222292766,0.219171059783548,0.139642050256953,0
1189,0.431919365400562,0.76540056963426,0.66259670332997,5
938,0.421952037374963,0.744657979954192,0.667311238518059,4
1235,0.429821462003911,0.771474540185284,0.6626567635479,5
863,0.744350706033874,0.427791995019652,0.25809747686144,3
906,0.429207979858417,0.752901526541049,0.664742774466659,4
1109,0.431432034515642,0.764475107658202,0.662676213717253,5
818,0.748208196342457,0.262433315301314,0.275159476045519,3
629,0.805126520683989,0.547003440582194,0.508309109671973,2
1033,0.430014287259363,0.742119472363123,0.673731670927571,4
124,0.105924217728898,0.0590564899612218,0.360636104131117,0
356,0.776198305240832,0.257696943031624,0.337950677797198,1
339,0.781211194531061,0.355176497041248,0.701737367152236,1
377,0.781529051309917,0.239438907732256,0.59253404668998,1
251,0.671999216079712,0.336727039888501,0.888663160149008,0
570,0.804199344730005,0.475537848682143,0.59150024545379,2
146,0.23089796025306,0.470068556722254,0.743745647137985,0
761,0.753469298603013,0.159836774133146,0.423555493541062,3
1015,0.425148367159844,0.746183766175921,0.66652268267011,4
295,0.0550412605516613,0.389890768798068,0.40535626350902,0
486,0.777987550843973,0.510240806872025,0.482538926135749,1
1095,0.42885086064576,0.740533882889301,0.67176412576305,4
718,0.745543070158456,0.484525438421406,0.524822937161662,3
926,0.423244346853909,0.739023794873169,0.661770297559523,4
992,0.430142321473808,0.748464747522126,0.673192766095613,4
53,0.263349901884794,0.524686780758202,0.248009932460263,0
1017,0.424648455671565,0.737964864033442,0.66679215946045,4
1465,0.424400201489771,0.715138799305941,0.668415525481607,6
1131,0.432115223698861,0.782741036902135,0.664938396470636,5
1410,0.436172810900136,0.731888753421045,0.669191974320284,6
918,0.423665131416464,0.746128578367334,0.667134871639203,4
1388,0.424793607311427,0.713430979198146,0.670912838568799,6
220,0.148209470091388,0.265565304085612,0.0864717247895896,0
13,0.405251673655584,0.0604439049493521,0.0891501826699823,0
543,0.806019113815855,0.319645163859241,0.419636058225296,2
1349,0.436661694903666,0.707808256898568,0.670580058161056,6
748,0.747196370069869,0.222517818119377,0.318881069961935,3
701,0.752592590288259,0.211269139335491,0.656384965125471,3
149,0.655137291876599,0.987210568040609,0.595725584076717,0
980,0.435417668753141,0.754783011369125,0.671195482861418,4
1025,0.429356892085979,0.746546211233489,0.661002280307758,4
615,0.809603755013086,0.619387738779187,0.50201750472188,2
1054,0.426344093475949,0.750159109041662,0.666107917668587,4
732,0.744392758454196,0.310338659468107,0.684010819834657,3
1071,0.427891769979846,0.750493360604116,0.676367102920522,4
45,0.375431112712249,0.410685037029907,0.18180841114372,0
628,0.804592782664113,0.462684943364002,0.559912363719195,2
1263,0.428381356547608,0.778072200096492,0.66597153275293,5
472,0.781461188215762,0.513900213083252,0.303719149157405,1
696,0.811427805698477,0.194393270555884,0.57643099357374,2
993,0.424680343196289,0.741616766905382,0.671210786360874,4
1232,0.430107211844873,0.781117057827342,0.662640142922003,5
1227,0.421168801256563,0.766524839959255,0.674161747546406,5
1404,0.424402808944795,0.718496262080963,0.658056512709907,6
1169,0.425899647329421,0.774801548935001,0.66163774178534,5
348,0.778301671799272,0.334472737414762,0.335257535171695,1
1005,0.431912942315753,0.745810797309183,0.671569392672573,4
591,0.808497732018586,0.199653383367695,0.676941950060427,2
446,0.782907085311599,0.465744486451149,0.307199407904409,1
333,0.778268989366479,0.376182492612861,0.584534823615104,1
12,0.333420464303344,0.151773141697049,0.0684092896990478,0
804,0.752915521499235,0.362172894901596,0.36662345957011,3
1363,0.431623351349087,0.712202140488879,0.661958924531861,6
510,0.813659350753296,0.635307445330545,0.397620003973134,2
1483,0.434382815902316,0.716783637479874,0.660018509203284,6
989,0.440631890887591,0.743714817269677,0.676381268264191,4
373,0.777183835888282,0.638337062112987,0.6481138816569,1
1491,0.427293282639788,0.711673482993561,0.676257865257927,6
1467,0.429888326331265,0.709709659092756,0.663031975618515,6
678,0.810593931945041,0.463687900360674,0.701990319252946,2
1220,0.433050204215355,0.775443023076811,0.666820676156258,5
934,0.431156298944838,0.742887143676504,0.669884462860271,4
188,0.347160762408748,0.125817308900878,0.560916320420802,0
1476,0.424603182743865,0.703996329408137,0.672697921526543,6
829,0.746414991298225,0.396997265773825,0.5250662217848,3
685,0.808661366086453,0.252683979831636,0.421653563226573,2
754,0.750601924636867,0.287561533064581,0.271734558814205,3
723,0.750210433155298,0.446761966822669,0.701566743850708,3
440,0.778635070880409,0.374366644560359,0.457198815140873,1
920,0.431356618403156,0.747280357861927,0.677815401059241,4
1471,0.429819244551343,0.713847395421826,0.66875207554333,6
752,0.752817388079129,0.373533103521913,0.586816251929849,3
457,0.774812072352506,0.340693687694147,0.319759209943004,1
597,0.804328838866204,0.35110352167394,0.639863068773411,2
1247,0.435311975409888,0.771762231751429,0.673609055776812,5
630,0.811050528567284,0.488906542328186,0.728921070182696,2
109,0.341696087969467,0.960181617178023,0.434895228827372,0
90,0.507409531390294,0.829640295123681,0.281683852663264,0
762,0.743835350451991,0.596554893557914,0.287274368526414,3
1218,0.427002464005794,0.7618471278946,0.67516983858417,5
194,0.000365522922948003,0.239679770311341,0.678295616060495,0
247,0.0894733315799385,0.506382624618709,0.562594302464277,0
551,0.807914515472949,0.506911604921334,0.474438916961663,2
567,0.811040749396198,0.16768162350636,0.536206868081354,2
699,0.8098267502198,0.44639339428395,0.367561105592176,2
1036,0.431713235594769,0.747071186271578,0.667961961225434,4
286,0.181192269548774,0.99417170882225,0.229182080365717,0
1237,0.424605769018048,0.769248958778236,0.668475084601576,5
778,0.7526424870966,0.481814211723395,0.736893845559098,3
726,0.752166050181258,0.215822611143813,0.554768509883434,3
428,0.777780560697429,0.27870486411266,0.572417073487304,1
458,0.774055171627551,0.173984811780974,0.296962581411935,1
187,0.33745106542483,0.217875083442777,0.904841971118003,0
1087,0.419952185856555,0.740953213565613,0.66626578967657,4
116,0.970229953061789,0.310866837855428,0.747520914766937,0
494,0.7799964532163,0.288087801681832,0.527848282898776,1
1277,0.431197757580749,0.776539894891358,0.669160621608945,5
787,0.746688417436089,0.283680386049673,0.614663417753764,3
502,0.81100159263704,0.215870953770354,0.555574094131589,2
663,0.81358317659935,0.195736397663131,0.65029389790725,2
31,0.761787239694968,0.537869870429859,0.089671112364158,0
886,0.753377750071231,0.566208907775581,0.581492017791607,3
401,0.780570163305383,0.477440562588163,0.552385365543887,1
306,0.774678925483022,0.329916854412295,0.495479617919773,1
1243,0.430566974444681,0.774028802109938,0.673216423126737,5
1239,0.434239850088269,0.777802546567274,0.673559231233029,5
646,0.806244586049579,0.318261861475185,0.314577636495233,2
159,0.022237864555791,0.523356038378552,0.253818771336228,0
889,0.750047084374819,0.561606915923767,0.587510644528084,3
713,0.745536020786967,0.341195899434388,0.350159640260972,3
441,0.780634187997785,0.182783923833631,0.269659024965949,1
137,0.932880228850991,0.260894340230152,0.489793389337137,0
1012,0.431865542528171,0.755649338601468,0.664378320301582,4
835,0.747796958615072,0.21252656893339,0.502059252536856,3
960,0.431339762825388,0.751034797289279,0.662445606754806,4
205,0.226246705977246,0.182362115941942,0.971219047438353,0
1113,0.423047122657436,0.773141188095237,0.668282504570617,5
664,0.812906800380442,0.618065348616801,0.444731229054742,2
279,0.977412480628118,0.514757389435545,0.105198510922492,0
335,0.776846845541149,0.516331405634992,0.51441387408413,1
731,0.746992156007327,0.631618523760699,0.347285365057178,3
1100,0.438601254785062,0.745530613386141,0.670869044743854,4
487,0.779639848417137,0.193368337024003,0.445845295279287,1
300,0.78190373070538,0.141364864073694,0.517179016023874,0
776,0.747706378058065,0.595241667376831,0.512222457746975,3
666,0.806249029589817,0.625785391801037,0.753506259946153,2
5,0.400687526678666,0.141967830713838,0.350998483132571,0
1069,0.422423233032831,0.745784251540002,0.66490376785721,4
763,0.748071718118154,0.18174112602137,0.724475861364044,3
135,0.928204310359433,0.287909964332357,0.360397633630782,0
917,0.435770862802667,0.743823826809619,0.659371280933408,4
132,0.544637225102633,0.350756990257651,0.916946766665205,0
1383,0.427034898537674,0.716512811303036,0.660042718338503,6
1333,0.431707903726614,0.7092915785427,0.674212684742476,6
1469,0.430440220147923,0.721549075263688,0.665518532889496,6
590,0.808437653388828,0.421235589100979,0.492822436220013,2
1398,0.424269596269558,0.721593250790889,0.663470248740924,6
540,0.811619928497821,0.618989417469129,0.643838477623649,2
1443,0.422959385132197,0.706168663084044,0.673746047838156,6
823,0.747378919401672,0.524610238987953,0.618751568906009,3
1337,0.423276623329343,0.712714014905362,0.665022487892498,6
208,0.350937307346612,0.860274739796296,0.299165371572599,0
1371,0.427682783101729,0.711643847518712,0.66408430776879,6
1078,0.423975858308927,0.749947684694243,0.666299413822592,4
73,0.22237123711966,0.0223179708700627,0.379305098671466,0
1133,0.431842244184994,0.780914228457058,0.666294120185703,5
1208,0.429589208619689,0.77217219123063,0.674923107529539,5
240,0.692973999073729,0.548502068733796,0.371006183791906,0
1011,0.429974783696619,0.745465322749826,0.662002113218912,4
28,0.733253049664199,0.56657256395556,0.565832562977448,0
947,0.422167844700048,0.750667772810065,0.665832438480957,4
745,0.753728276542388,0.551799952192232,0.515341963339597,3
1158,0.424089992018656,0.775673345403753,0.670372503749548,5
1408,0.429712777574589,0.706351512801575,0.671321005541618,6
143,0.116919704712927,0.00966506823897362,0.263459620531648,0
1035,0.437178462785928,0.742906620046076,0.666566621081977,4
379,0.77687604431063,0.245964803406969,0.732060445658863,1
396,0.77972546143923,0.651280257990584,0.733720511267893,1
655,0.80836014010245,0.373495643748902,0.626237612753175,2
82,0.670405797660351,0.793614416616037,0.76371906674467,0
29,0.0542271612212062,0.991033451398835,0.361889294581488,0
498,0.781493883053772,0.28313043715898,0.640394976199605,1
322,0.782915265075863,0.492340178019367,0.584760657232255,1
826,0.747150730835274,0.44441350470297,0.535845818882808,3
374,0.783023034220096,0.248648601141758,0.667732126265764,1
1255,0.427323977921381,0.783638931023988,0.670480973136646,5
290,0.312055219430476,0.32825032598339,0.744977331953123,0
1472,0.428240794771538,0.70735576464222,0.664543409416409,6
1357,0.42610599714457,0.715202223340375,0.672266594063131,6
734,0.743973064962775,0.399971943022683,0.696727816900238,3
1390,0.422361852838803,0.715453834397723,0.670424765872503,6
997,0.428719613885298,0.739407000059063,0.671910757572358,4
875,0.746950285553467,0.556436458509415,0.58457527118735,3
1048,0.431085959597594,0.742325355723739,0.666592054405088,4
70,0.226092853350565,0.784872925840318,0.134429739788175,0
1108,0.431400446233593,0.776151812298771,0.67425383367887,5
57,0.479547685245052,0.508062087232247,0.349904270144179,0
264,0.3546922726091,0.882395667489618,0.114910217933357,0
1303,0.430409307301302,0.706613805236531,0.665397635729536,6
647,0.806056975219399,0.220072234538384,0.298546005343087,2
604,0.808700587830972,0.236416516033933,0.732790443184786,2
157,0.467340434202924,0.761248762253672,0.914163842564449,0
405,0.78127351608593,0.57786061745137,0.46647274279967,1
147,0.905297187389806,0.954739743843675,0.935512514319271,0
896,0.752353330184706,0.489515433926135,0.688238375657238,3
436,0.782490878526587,0.276487536868081,0.261976929102093,1
201,0.411080732708797,0.193535803351551,0.446984441485256,0
544,0.806675754692406,0.215092374500819,0.381374513800256,2
691,0.811213091351092,0.275343164126389,0.329720961931162,2
66,0.0478909206576645,0.959241925505921,0.813398957485333,0
1214,0.428337412306056,0.772205084904342,0.671298224394888,5
402,0.780253354252782,0.545122981793247,0.356495540658943,1
1061,0.436696920980292,0.747050588838563,0.664112657090302,4
1287,0.416715049700284,0.777986624294143,0.667712013827133,5
890,0.748459894021507,0.175676987180486,0.288311561755836,3
750,0.747478948519565,0.452056789794005,0.499418755131774,3
684,0.808978908730205,0.450827236426994,0.294040815159679,2
1281,0.429416934749269,0.775196372578539,0.664057914100455,5
1328,0.434129156343985,0.710398068348893,0.673278774569418,6
154,0.518470361595973,0.421976326731965,0.480894099920988,0
977,0.428177645274655,0.744820840741416,0.657527524550305,4
309,0.779644639212638,0.223513839906082,0.261238267249428,1
882,0.748561055921018,0.480252506467514,0.672671268647537,3
821,0.746991134362761,0.476617421046831,0.611041628243402,3
299,0.781340857036412,0.918305119965225,0.929123682901263,0
528,0.807815433333162,0.397717121080495,0.435429874993861,2
95,0.765617087716237,0.771865785354748,0.862753189867362,0
841,0.746672059411649,0.357323416764848,0.35057981912978,3
693,0.810100204769988,0.410657365131192,0.663492456031963,2
716,0.745666728192009,0.578273412911221,0.661199829494581,3
1454,0.428512642558902,0.707090068390189,0.665530550274833,6
662,0.813419271074236,0.228763696644455,0.559726050426252,2
710,0.750476824801881,0.569248652923852,0.439507834101096,3
129,0.76754213636741,0.246248963056132,0.288351357216015,0
833,0.745621399995871,0.210775240580551,0.37759671669919,3
1245,0.425123321137594,0.773839982762781,0.667695428433822,5
60,0.356753129512072,0.259979938389733,0.748245352413505,0
340,0.780477758836933,0.261411126027815,0.592169354390353,1
160,0.84635953605175,0.787616324843839,0.856432599946856,0
221,0.448512494331226,0.686137989396229,0.509407749865204,0
358,0.78280210422352,0.338614385249093,0.492310087033548,1
370,0.778148275970016,0.532078948826529,0.504965336248279,1
532,0.813686811625958,0.257425407203846,0.279006471810862,2
475,0.77859698779881,0.52230891995132,0.280633293511346,1
1075,0.419920792688634,0.746494212630565,0.67071703921721,4
426,0.777362469027285,0.335012569464743,0.324592636385933,1
838,0.749373879628256,0.213229546695948,0.396261551836506,3
867,0.747778145638295,0.468208818836138,0.518059643520974,3
939,0.423415504054071,0.735859677207012,0.663554001456653,4
280,0.820042639737949,0.757844553329051,0.76239079493098,0
553,0.812940162767191,0.333565538539551,0.482193796965294,2
145,0.388332260539755,0.55263687716797,0.547742043156177,0
1097,0.438399792255157,0.752685417164654,0.666055188299768,4
673,0.807009861706756,0.177489615767263,0.564752489514649,2
1262,0.427620074072774,0.782621386754811,0.669768736006995,5
437,0.776931428150274,0.579429276543669,0.319426364335232,1
1486,0.419752863803087,0.729407367804364,0.668819409310465,6
1320,0.429909434115399,0.705570421667269,0.663756509201839,6
901,0.43937585129846,0.751620424781863,0.666596192111013,4
321,0.774545644477476,0.381559613766149,0.489608461922035,1
395,0.779904128133785,0.582731495867483,0.492111987853423,1
811,0.743831482343376,0.173149639531039,0.607999827084132,3
503,0.807235141126439,0.624044576101005,0.451430358993821,2
1223,0.434126961838372,0.773415214792777,0.667538090426208,5
1020,0.427819710702423,0.749025499475846,0.671791281874136,4
1381,0.432672869295229,0.722270697694513,0.669486547230672,6
614,0.813127705636434,0.457468046946451,0.562403967208229,2
539,0.806024349536747,0.347348452568986,0.341328967316076,2
930,0.431369984739958,0.74426906200496,0.675549019296227,4
675,0.807634365563281,0.592039969889447,0.681188284838572,2
394,0.783011487000622,0.594323569815606,0.314690530020744,1
411,0.783552919346839,0.383430116600357,0.637560724583454,1
1311,0.42948160648646,0.72014552816597,0.664889996725298,6
37,0.358532660873607,0.394903199980035,0.311934374505654,0
978,0.441577866062554,0.745611093756697,0.667223811256588,4
783,0.747691344111227,0.333280917396769,0.429816728411242,3
245,0.889893375104293,0.0736998233478516,0.232698452426121,0
1392,0.424847197655725,0.729001577771358,0.661883124075984,6
858,0.753595566668082,0.263612903328612,0.552631492330693,3
482,0.778132756543346,0.224446987290867,0.592908878996968,1
681,0.812482889553066,0.431507503753528,0.64847415285185,2
99,0.923196041723713,0.65402466407977,0.86548736016266,0
2,0.227549860719591,0.177783254766837,0.0831067005638033,0
1174,0.431658446690826,0.777280234795374,0.669935509322668,5
462,0.780463225755375,0.246479145041667,0.36743919395376,1
232,0.33452483243309,0.502150935120881,0.427313943393528,0
425,0.78180285420036,0.227184859127738,0.655982266017236,1
1096,0.43248009628783,0.751198535312502,0.67066933600402,4
1479,0.432690081372701,0.720792683370779,0.664490625362549,6
1377,0.426893819756589,0.705328620902875,0.666519075316615,6
1123,0.425006463779708,0.771988650931874,0.67044683782163,5
246,0.597592859063298,0.834087482187897,0.667760514421389,0
1190,0.418392103926565,0.778864219286924,0.670795971159823,5
605,0.810961107269395,0.23040289923083,0.453698238893412,2
827,0.745232125972398,0.5323693952756,0.317982345074415,3
492,0.774914563037455,0.61908930845093,0.27440094454214,1
1276,0.431827272698642,0.77844093479238,0.670375448002423,5
1241,0.423835848860746,0.76999937986736,0.66357105443759,5
181,0.813175223302096,0.350719219539315,0.0495978456456214,0
399,0.775659329080954,0.546398417232558,0.722584276413545,1
1489,0.435345509713079,0.724653933494541,0.665260548635863,6
168,0.0760563027579337,0.232219697907567,0.303711695363745,0
1254,0.42745615130019,0.782226074489118,0.66869462111967,5
846,0.744305352531374,0.42334722368978,0.396406527794898,3
550,0.810846886830405,0.214588695578277,0.323347034002654,2
1440,0.429942529741096,0.72112656586578,0.672745653466877,6
64,0.428549578413367,0.567215497838333,0.125295448116958,0
777,0.745160245727748,0.28938259431161,0.275047184969299,3
1060,0.428529663984692,0.743425843221323,0.667938094592972,4
946,0.422862870750232,0.746382594513016,0.677490555593949,4
351,0.779839460379444,0.648300088266842,0.308027901872993,1
1272,0.433194291712944,0.775390319313718,0.666738332600728,5
585,0.809216935299337,0.434003222873434,0.748584175319411,2
735,0.750241495005321,0.575279735634104,0.650861829007044,3
353,0.777837358582765,0.376542510022409,0.6082441824954,1
1360,0.433477577598781,0.717212561518391,0.665596553282836,6
267,0.571699391119182,0.311128321802244,0.568113405723125,0
1139,0.429251754135541,0.77975492928714,0.66791268184656,5
326,0.78143779308768,0.499224357446656,0.713898444385268,1
609,0.809334890947212,0.340545256645419,0.659071678831242,2
1067,0.435450468638244,0.750215824005337,0.67070483292942,4
376,0.78245504720835,0.244156843889505,0.626522575458512,1
618,0.805467034904286,0.377557278634049,0.690564537025057,2
1154,0.431341809149327,0.774090237849254,0.672473707096256,5
470,0.781391317218077,0.26105062852148,0.428495465382002,1
505,0.805911549497396,0.52626731377095,0.390197554323822,2
1304,0.424701545360683,0.71421578585837,0.668388363607418,6
913,0.433102566554055,0.74582246052528,0.671854137994437,4
150,0.00780281005427241,0.653771312208846,0.877362563740462,0
1302,0.434103002375521,0.716358577532524,0.664357595977159,6
940,0.424015931240714,0.738921145995269,0.662320238175886,4
517,0.808809360193554,0.336703328089789,0.548998110997491,2
698,0.811819054342341,0.625035107042641,0.562503940961324,2
910,0.42828570701903,0.738297906450038,0.671207630647631,4
556,0.810020698031876,0.305557185225189,0.607161479722709,2
432,0.775003204387613,0.333934157062322,0.425415768940002,1
355,0.780807848775294,0.220068434393033,0.535782158677466,1
1034,0.436952731388004,0.743533217654059,0.663573038516689,4
1380,0.42187961840004,0.713342717235744,0.666301160562235,6
42,0.130705337738618,0.289421843364835,0.9414543278981,0
963,0.425999277344358,0.747546643744491,0.670781820551494,4
525,0.809349161996506,0.373505931021646,0.332272437238134,2
1441,0.42691110527119,0.708207156005547,0.66883713731222,6
283,0.224313542246819,0.00244132406078279,0.109990801196545,0
54,0.0917020388878882,0.693690949352458,0.0579690630547702,0
1134,0.432442404372932,0.786182796199004,0.666078923729704,5
845,0.746758714255411,0.480896881804802,0.311926203849725,3
1029,0.433250467642753,0.740338167966151,0.662078421663577,4
1252,0.41967580784744,0.773460777924116,0.671140353471919,5
1199,0.425941533123069,0.781038778500528,0.669161597786518,5
1171,0.423352506144035,0.774930942471465,0.676427181311689,5
1197,0.425036355463016,0.771412971163505,0.666633941867018,5
1250,0.416951230596903,0.769604077764015,0.671716994108191,5
1434,0.429638242840004,0.713987013821021,0.664866138871264,6
1058,0.42252058068339,0.750452029541536,0.672709027551681,4
382,0.775931048272178,0.340073159220628,0.276574537111446,1
1168,0.427535032411372,0.785218953936388,0.668809783261878,5
184,0.679863861296326,0.651808029040694,0.121995372697711,0
504,0.810895543927327,0.425995622319169,0.649973810371012,2
125,0.223615837516263,0.980408577248454,0.381208301056176,0
427,0.779539578831755,0.473043470201083,0.271185478498228,1
1091,0.428139366966932,0.748867083703296,0.663016452387543,4
621,0.805417615303304,0.267961317929439,0.438599162222818,2
25,0.967657008673996,0.964375759242103,0.638456404441968,0
1379,0.43206443605685,0.714122852038322,0.664306526610362,6
686,0.810521782082506,0.218865634896793,0.26551029139664,2
400,0.77540831633145,0.213626438658685,0.414284619572572,1
236,0.181729770731181,0.601636080769822,0.809341848595068,0
1334,0.431276238696908,0.716293176472287,0.660734746686586,6
1194,0.424340495174921,0.776257298664627,0.661802933381609,5
523,0.807862626363058,0.418582509295084,0.450322708999738,2
1330,0.432778320330934,0.717163991530202,0.675630521330268,6
649,0.810599827151746,0.154679136024788,0.332111064065248,2
973,0.423512457599524,0.752077707427417,0.659067634011782,4
464,0.775543075310998,0.370767736714333,0.302118693431839,1
921,0.430751520221896,0.742743565302651,0.676167555897775,4
1341,0.427482938505785,0.713457838583818,0.670072051399435,6
346,0.777557506540325,0.530111036635935,0.565526702743955,1
388,0.777506920306478,0.449000515183434,0.443688061856665,1
454,0.774657058590092,0.427725455746986,0.713388126296923,1
1403,0.430869210275342,0.713229121102753,0.667017117953325,6
1176,0.432933643954228,0.777019887274872,0.672761509154692,5
1094,0.422598580769787,0.745201964676578,0.669313382886128,4
117,0.477209607604891,0.149731071200222,0.764631693251431,0
215,0.917918483959511,0.237176761962473,0.84914611838758,0
269,0.809738803189248,0.868865121155977,0.221893000416458,0
798,0.746718315524049,0.353081414266489,0.520231138984673,3
1234,0.424020436157365,0.778981560546011,0.666097280464406,5
281,0.174832382472232,0.51100185746327,0.824269636766985,0
972,0.429243032621009,0.750155438051342,0.673175050829781,4
883,0.744843768412247,0.18809389511589,0.748293866240419,3
1278,0.441151631074028,0.776860169839345,0.664699888084328,5
1313,0.428610071657006,0.719835044135718,0.670230923087532,6
477,0.777304699954111,0.23461185793858,0.424565778067336,1
1140,0.428960208294768,0.776397474112977,0.658275357056361,5
707,0.745553802838549,0.495248591899872,0.630261627095752,3
1415,0.426347413312067,0.710778545269024,0.667178762647529,6
171,0.288755313493311,0.642612280789763,0.855810270644724,0
979,0.434980999427502,0.737663474524907,0.662326741854261,4
1045,0.435670617925056,0.736295785164552,0.666407220963763,4
403,0.780688950782642,0.360920045548119,0.622208328754641,1
514,0.81104231714271,0.641835059528239,0.262164455209859,2
371,0.779463530271314,0.422405906394124,0.612488000025041,1
228,0.466397503390908,0.117593885399401,0.00836064945906401,0
988,0.430370881898568,0.75485392610511,0.673371120950583,4
196,0.0220055265817791,0.957015010295436,0.24344758852385,0
617,0.812920630523004,0.252733318624087,0.299675687635317,2
450,0.781141553167254,0.4622139939107,0.284557669144124,1
1173,0.423613788214769,0.778901604063155,0.676211908759489,5
114,0.907429436920211,0.457603902090341,0.0757328697945923,0
268,0.383918386418372,0.133809410268441,0.460377366747707,0
26,0.587047912646085,0.781438159989193,0.434682526392862,0
36,0.389871323481202,0.835171001963317,0.103158108191565,0
563,0.807346902862191,0.285669668833725,0.392105398070999,2
509,0.810930031379685,0.160700820642524,0.294379004347138,2
226,0.627121650613844,0.800415847683325,0.506603051908314,0
224,0.797100355383009,0.188417698256671,0.899778419872746,0
575,0.811946950796992,0.254669479234144,0.422815542505123,2
263,0.67990077775903,0.631457635201514,0.658892196137458,0
1021,0.434651348605262,0.744502138649509,0.672150233637416,4
327,0.780385195859708,0.33140514921397,0.597552503412589,1
76,0.210116266040131,0.156845138873905,0.0420633913017809,0
434,0.775201602408197,0.398055248218589,0.622653902927414,1
809,0.753519645032939,0.622097187233158,0.453977774898522,3
956,0.427482771823569,0.745864300696169,0.669012221525116,4
1428,0.42505481823218,0.720469317652042,0.667752042547221,6
438,0.780788524306845,0.305437725642696,0.645617535989732,1
742,0.749409022058826,0.200194047554396,0.731465722969733,3
799,0.746557840290479,0.253686160454527,0.357503975811414,3
375,0.77509076661896,0.288708565197885,0.50661986421328,1
195,0.814982300391421,0.768737401813269,0.790812502382323,0
292,0.271431992994621,0.0837957547046244,0.972804139135405,0
1116,0.431115752921847,0.785621336947287,0.670138400487414,5
729,0.751328665399924,0.3229872479802,0.481489693117328,3
1101,0.426558824339626,0.783238019538558,0.661075773022656,5
885,0.744311161944643,0.579695340851322,0.521034355578013,3
345,0.776016293691937,0.16816504127346,0.718210229719989,1
259,0.681932271691039,0.0247950532939285,0.451969508314505,0
127,0.607690619071946,0.25578775932081,0.73701959522441,0
942,0.433374477772566,0.74341522616127,0.673333577854277,4
1114,0.428494202335854,0.775724582072224,0.669595018656566,5
1422,0.437449885079774,0.716425313147352,0.663127817396734,6
1230,0.430270793760078,0.771109947653554,0.670080781423785,5
1366,0.422811072319494,0.710201365720057,0.668122617087969,6
981,0.4385484783174,0.74360554102509,0.665894324533932,4
905,0.43414393747574,0.751049798758034,0.672138210795778,4
325,0.780306865707971,0.236088773608208,0.427186743658967,1
1111,0.433757902710072,0.773440227050353,0.674925681778048,5
491,0.78194319559494,0.404925286327489,0.353028932656162,1
687,0.812154716930818,0.284487105347216,0.528941883775406,2
1389,0.422000502560603,0.702848581363783,0.661944008774373,6
199,0.187792242038995,0.0153397913090885,0.709147850750014,0
545,0.80442993669305,0.509730749437586,0.718125742813572,2
1178,0.425780198066106,0.771957604185777,0.672186910998509,5
1329,0.425884875209569,0.719100165665479,0.667785810913891,6
887,0.75182887413539,0.442268835986033,0.725635879277252,3
368,0.777943161129952,0.529942317539826,0.741561188781634,1
1172,0.424033217001018,0.775731953865667,0.670214549093297,5
1339,0.42709011130529,0.707659541888666,0.663976555551844,6
991,0.418161174850674,0.746181501607301,0.667614125208136,4
1300,0.426325376884744,0.776375828236253,0.672034909159487,5
177,0.432216638233513,0.142365642823279,0.340581655036658,0
1019,0.430495594325676,0.736889978369561,0.673549002616133,4
1460,0.440150267780364,0.710641870122854,0.673431396147993,6
893,0.750529321429785,0.304694530693814,0.555470258183777,3
312,0.778396236232948,0.611859478079714,0.751887919567525,1
1175,0.430885295093045,0.78372564580938,0.665112976833211,5
954,0.431070405231041,0.749481348913732,0.667119449431702,4
1266,0.422411820585773,0.781957572158064,0.672500800615941,5
774,0.7450350736361,0.253358664014377,0.358938358910382,3
1256,0.429899106808837,0.777885566948954,0.667818608480358,5
74,0.674974753288552,0.190336221829057,0.809678356396034,0
861,0.744744433071464,0.601537863514386,0.573166332277469,3
302,0.778533219478559,0.525316368346103,0.647442689235322,1
9,0.262340339366347,0.466920755570754,0.846881661564112,0
1201,0.42528102499572,0.782164707744571,0.667703559685053,5
580,0.812243319796398,0.455156011646614,0.419738250388764,2
1373,0.428300165744678,0.72079077184365,0.667606736811721,6
334,0.774139462593012,0.550924175675027,0.647902421490289,1
965,0.432209824602018,0.747684949084535,0.658042012925606,4
912,0.434326123687945,0.740251913790654,0.663210912910377,4
964,0.430411130469921,0.750023102250781,0.659720647454776,4
1077,0.432965000745896,0.746688758185117,0.661123953824763,4
408,0.778230239471886,0.550250421185047,0.445074300933629,1
1450,0.434075196714834,0.723450640105275,0.661584597089819,6
572,0.807106103112456,0.61560119073838,0.32351170219481,2
97,0.469475214602426,0.691876044264063,0.114964213455096,0
365,0.778644565681461,0.424585543829016,0.482331750867888,1
784,0.748134058304131,0.490250953612849,0.718083177064545,3
651,0.804588057345245,0.540621659741737,0.382571042934433,2
166,0.690443659434095,0.858991600805894,0.093796810368076,0
725,0.748839223352261,0.441820949572139,0.69433967450168,3
1184,0.426200016721533,0.769112005748602,0.66577560425136,5
1044,0.432553669716941,0.739891555570952,0.669587755734187,4
1412,0.425723167484325,0.720174365826546,0.668367719023772,6
213,0.0914222344290465,0.734325134195387,0.933946252567694,0
592,0.808943567278329,0.363464892050251,0.492104925052263,2
1267,0.430124065324613,0.772650386780321,0.668449199711126,5
105,0.610497308662161,0.18640146497637,0.533372961683199,0
1206,0.425386157392394,0.776797622808775,0.677052999284184,5
753,0.746199571262114,0.610098454426043,0.52980519651901,3
72,0.362796206492931,0.265332474838942,0.817870874190703,0
362,0.78273490748601,0.218364084162749,0.598042285139673,1
88,0.517923697363585,0.720976037438959,0.0851941655855626,0
595,0.806887378273532,0.242082360456698,0.50385306829121,2
270,0.222073182929307,0.870218683034182,0.664592722430825,0
1093,0.42518169723688,0.753956173252113,0.678651855594071,4
888,0.753436761533376,0.517296184226871,0.501952303177677,3
625,0.810402605186682,0.34736614106223,0.661503896769136,2
493,0.778054593962152,0.539281022991054,0.693546223058365,1
562,0.808025829833932,0.505881539569236,0.616594736184925,2
1316,0.428648771958107,0.723056993355806,0.664697773655844,6
589,0.809902891353704,0.422312175645493,0.455238493112847,2
1099,0.430057624187243,0.742147855158249,0.663004814508457,4
416,0.774564960307907,0.413919079490006,0.627656052075326,1
533,0.810423646767158,0.510676493658684,0.686883059632964,2
485,0.782740432184655,0.58360895854421,0.412365518230945,1
791,0.748834052607417,0.522577826422639,0.450371942436323,3
1136,0.431518137693721,0.769463999781372,0.66580942048282,5
1130,0.42486587283074,0.778315996553201,0.666767336692923,5
982,0.435397346421424,0.747215953737427,0.669967909289979,4
41,0.319981097010896,0.766448765061796,0.827223084168509,0
974,0.434527742133717,0.747010661949989,0.674733931273044,4
1016,0.437419310680345,0.749170494690126,0.662459765552695,4
1365,0.430945469109846,0.709279644219664,0.662688369043001,6
1204,0.425680894602172,0.77258557235938,0.658059631587274,5
612,0.810446235977579,0.335900415689684,0.565689517604187,2
1225,0.427308603526027,0.772072747881136,0.664066951205486,5
900,0.745441325658467,0.641363602038473,0.27821839293465,3
820,0.752716417468619,0.557599429646507,0.512815849925391,3
622,0.813761057730299,0.262395514780656,0.353879545652308,2
1132,0.428455383637925,0.776828971807311,0.65882594800303,5
1023,0.41951156081688,0.74436123573302,0.666074190963936,4
1464,0.430410498849128,0.712997744597049,0.681473886865728,6
206,0.77122732414864,0.243609470548108,0.544854790903628,0
21,0.33819968951866,0.480158063350245,0.271406318992376,0
46,0.930309606017545,0.10152057162486,0.914970137178898,0
876,0.745771783895325,0.443571185367182,0.394247673638165,3
107,0.906354878330603,0.454180727479979,0.0932153654284775,0
1406,0.43035963195144,0.706771478370694,0.664638806979613,6
359,0.780377334291115,0.611657656519674,0.329894677107222,1
455,0.783655551627744,0.21648937955033,0.630780851538293,1
131,0.882240954786539,0.271291011478752,0.352661350974813,0
1203,0.422733673488939,0.774569306237859,0.67756586355801,5
759,0.752785995546728,0.163910661148839,0.717833738960326,3
1079,0.429437137567437,0.749775591468858,0.66858067815253,4
541,0.811682533221319,0.391156861232594,0.709595369477756,2
1008,0.436221249151879,0.747089595958348,0.667303838374021,4
16,0.302642291178927,0.336013676365837,0.221716542961076,0
1066,0.431460878701365,0.739158517969505,0.675841286046692,4
1423,0.436680805769939,0.720108275348862,0.668972873779078,6
1145,0.429356246022266,0.776994798335594,0.673122456864635,5
1063,0.422889619567013,0.734262218666361,0.672995334863335,4
853,0.750877802579198,0.158638276648708,0.677468446386047,3
391,0.781037568624597,0.348751291073859,0.31416731136851,1
1177,0.428640623418859,0.787270258187069,0.667458299841003,5
925,0.433576145036944,0.737512632943933,0.670139067963205,4
1361,0.43319480913967,0.723532520670445,0.663798491269294,6
607,0.809127213561442,0.594772322126664,0.525520554347895,2
705,0.747628492019139,0.39588608595077,0.678469783463515,3
844,0.744008527139667,0.332133696321398,0.586944430088624,3
68,0.620347001589835,0.98837946052663,0.127742939628661,0
789,0.748792623174377,0.350963146565482,0.408314729761332,3
542,0.80660912637366,0.273819784307852,0.752489170944318,2
383,0.777679079764057,0.280248744552955,0.725114039680921,1
1497,0.426954834669688,0.711120976939663,0.67830867053835,6
904,0.431602474352835,0.738649628993257,0.667356910780502,4
1056,0.435972460884391,0.74685027348172,0.664053368962592,4
583,0.810978126230184,0.517644947068766,0.679439844400622,2
961,0.430004081553701,0.748215547371573,0.672841115815064,4
1118,0.437865506415179,0.767619393892772,0.659820218292819,5
586,0.81110059523955,0.418142780684866,0.355257373256609,2
944,0.425704325916536,0.749097802546474,0.664452655453754,4
1102,0.421481117719263,0.768879399601285,0.669151882793643,5
668,0.805456486118492,0.570237204455771,0.53307474446483,2
1031,0.426659826419967,0.745078325105123,0.672537702773774,4
1269,0.427509146089309,0.776472570036468,0.66086224621844,5
1417,0.421484904811391,0.711674675367994,0.667537194258695,6
923,0.426747890317658,0.74745960641893,0.665741490250403,4
771,0.751555698097218,0.313057401357219,0.506186365918256,3
507,0.81357053355081,0.221592698269524,0.336147149512544,2
949,0.421651623487561,0.741731100850314,0.663857672694445,4
547,0.810608776970767,0.504419129248709,0.294485015398823,2
571,0.811686430610716,0.24300238492433,0.713894048775546,2
119,0.976956545608118,0.960163422860205,0.485470271436498,0
1124,0.421375078091792,0.774935119297492,0.676748937385798,5
1026,0.430602949290074,0.743502382901274,0.667334826402131,4
1107,0.429090428560119,0.777454693566746,0.674643723324125,5
79,0.800227618543431,0.163215315435082,0.389666997361928,0
518,0.813724590155762,0.169408014183864,0.364647501567379,2
1289,0.425519208633987,0.78210035523691,0.66798608881177,5
14,0.379408629378304,0.612495391629636,0.486203968990594,0
203,0.23797553521581,0.188707415480167,0.403050870401785,0
1323,0.433366114895975,0.715209707770857,0.667204615526128,6
120,0.676274500554428,0.277714180527255,0.0655288090929389,0
409,0.77742100500036,0.204749358142726,0.450421150727198,1
461,0.775854980077129,0.33364398535341,0.581331227859482,1
1055,0.426599073182453,0.740978273825706,0.66281715510915,4
786,0.751703923628666,0.342450373829342,0.462603327073157,3
656,0.807345003690571,0.601997201819904,0.66006973113399,2
773,0.751661453829147,0.638525915821083,0.636704021436162,3
935,0.423510035127035,0.745123049930727,0.6693336378696,4
324,0.778152403524146,0.208245483832434,0.725934689119458,1
816,0.746449403204024,0.506981011503376,0.512468730052933,3
6,0.0203774599358439,0.368902660440654,0.118846203899011,0
1466,0.431157940927436,0.729551427635105,0.66564067337406,6
848,0.744076721896417,0.620399898872711,0.415168297896162,3
1315,0.430410415892767,0.716514652973901,0.669783322353639,6
134,0.478774576215073,0.0915332450531423,0.222599024418741,0
1280,0.423055519227248,0.772937912444904,0.667353120360975,5
1195,0.430456674987288,0.774890828527549,0.668629965525514,5
840,0.745037517321762,0.529979523760267,0.628695075586438,3
297,0.418437902349979,0.884650147752836,0.57357623660937,0
50,0.816869685426354,0.138687660684809,0.359568128362298,0
1126,0.428506756419853,0.764888583452456,0.665327542910386,5
1297,0.429825849600775,0.776562350580893,0.667417394768459,5
860,0.752092940472066,0.504672792064957,0.389826452429406,3
516,0.807134378210176,0.36005334733054,0.294598830118775,2
1042,0.43130227447308,0.73854056811754,0.6657364566628,4
700,0.804116439486388,0.273231908469461,0.541162068326958,2
679,0.809438207710628,0.451287777652033,0.532694074045867,2
513,0.811752443725709,0.411104069231078,0.468931758613326,2
737,0.74553448085906,0.160705973883159,0.282601191499271,3
413,0.780352700196672,0.417250509280711,0.421420140843838,1
313,0.781280062682927,0.441546367737465,0.404794098180719,1
176,0.897595517570153,0.683052547508851,0.00189383840188384,0
20,0.8063527001068,0.41258551296778,0.318667466752231,2
1110,0.43839487902626,0.779650583029959,0.667644428114288,5
908,0.427340230088988,0.744728503827756,0.677811637637826,4
1325,0.42670308785053,0.710975849195709,0.671263941342111,6
1092,0.423038168651936,0.743958489108682,0.664096865876371,4
185,0.21060608769767,0.0215232244227082,0.606462354771793,0
1448,0.433128145737482,0.71738203901874,0.664438400374537,6
151,0.980346417520195,0.462309456663206,0.186607108451426,0
357,0.782603991024662,0.211909330356866,0.347024559695274,1
780,0.749614528378006,0.401267045433633,0.616275230143219,3
690,0.809072310877964,0.383161522937007,0.330715885804966,2
569,0.808401621815283,0.374357725633308,0.520141672994942,2
1432,0.42683457071483,0.712057771544615,0.677825127702578,6
1191,0.427999766508564,0.77738221387714,0.674300043397394,5
1259,0.428204471725407,0.777586540259735,0.674544371588774,5
1456,0.426706321627733,0.713321254354991,0.669688206915438,6
3,0.440053878119215,0.220540687441826,0.901231892872602,0
496,0.775058258671779,0.608320842171088,0.336365994135849,1
520,0.80423853403423,0.347298556612805,0.65703950561583,2
1449,0.427510847387033,0.72415484930529,0.670536259828833,6
1384,0.417588981557112,0.722202260900009,0.667782272117386,6
986,0.429795345473466,0.747445658096602,0.672758016765292,4
1426,0.441761217019797,0.716644377247992,0.657889217609538,6
1305,0.426323416052112,0.714985551348045,0.666563974037867,6
103,0.661146034020931,0.752562208333984,0.174770562211052,0
316,0.777414780594409,0.331524842558429,0.275367595441639,1
453,0.777838784602936,0.49305640605744,0.585781745216809,1
412,0.775309731781017,0.161194402747788,0.667087318212725,1
330,0.780299605526961,0.37645614487119,0.374842972680926,1
1000,0.419605995405191,0.742200113340384,0.681771467333294,4
1335,0.423280536838125,0.717802874927756,0.65920982383746,6
1049,0.435440873680737,0.747434533615579,0.666329214398075,4
468,0.782761098863557,0.239255453133956,0.311884784675203,1
1038,0.431905412776713,0.748339534717754,0.660189668797065,4
319,0.783584748378489,0.452920533623546,0.275741790374741,1
714,0.748071085212287,0.374887487757951,0.419002884719521,3
872,0.744442143479828,0.573348413710483,0.747288527386263,3
156,0.516175820492208,0.532024656655267,0.72606052365154,0
1265,0.441155850107045,0.773515521374087,0.673655862842642,5
136,0.554080367553979,0.603404066991061,0.853195496369153,0
950,0.438345899129731,0.744783575682911,0.659043795097611,4
397,0.779900342293549,0.307130745868199,0.674581906013191,1
803,0.744587289695628,0.397068824293092,0.3618022774579,3
249,0.485251532867551,0.594134770799428,0.318642350612208,0
1488,0.428970579924538,0.714897686385906,0.674365969234914,6
611,0.806772824602667,0.227506285323761,0.390989911113866,2
465,0.774886378652882,0.515679368772544,0.285633771982975,1
857,0.749157685022801,0.439180620852858,0.487159241759218,3
500,0.781437221555971,0.387925367709249,0.332190386089496,1
719,0.750603933020029,0.376634498266503,0.543148347479291,3
969,0.42746133213169,0.745418007203835,0.671268975418703,4
211,0.40796343726106,0.630080478033051,0.783138018334284,0
779,0.749473079738673,0.271836906811222,0.318793460447341,3
447,0.776479821174871,0.48226826232858,0.382169018452987,1
354,0.778261609531473,0.275673444988206,0.61359231704846,1
620,0.804344662392978,0.211855791532435,0.647507966915146,2
1409,0.432100165929284,0.719045326487832,0.674523790668622,6
1182,0.416045320874558,0.774687727399465,0.661042343515174,5
658,0.807012288870756,0.385578395007178,0.60895637802314,2
467,0.775900178453885,0.642493819375523,0.707042994978838,1
173,0.349637464387342,0.86842230707407,0.302260898519307,0
1425,0.430774612857081,0.708438658616765,0.672139018421143,6
77,0.714093836490065,0.77725595398806,0.0462349795270711,0
795,0.748155115013942,0.291315337549895,0.602832249901257,3
1151,0.424358396230475,0.780276688442691,0.664465110111259,5
1037,0.431678805569283,0.738708716084629,0.661112122947307,4
1362,0.420067082844359,0.717255441173745,0.67187621612411,6
328,0.7779072027863,0.46263153818436,0.338442102144472,1
499,0.781287566383835,0.27459175363183,0.66653582949657,1
531,0.809091084951069,0.279342344403267,0.640941810514778,2
56,0.20356922945939,0.784804290626198,0.317657444626093,0
1457,0.436590199581109,0.714779743535624,0.673593665553309,6
869,0.752285441649146,0.512123850197531,0.651032374077477,3
958,0.428731552043108,0.74383184329422,0.67042642265144,4
86,0.115961288334802,0.228875382337719,0.528237164020538,0
728,0.743982247922104,0.564324799831957,0.41629019328393,3
1442,0.431962884721685,0.718960322532606,0.665476394173506,6
1481,0.429459501318839,0.716454937735385,0.663346981170842,6
253,0.458137803943828,0.760115437675267,0.801333350595087,0
1233,0.425659187427933,0.772249261317338,0.676447587022579,5
479,0.781733773790766,0.378511254116893,0.300944570288993,1
387,0.778064406535123,0.581188635225408,0.692290461459197,1
317,0.780858782939613,0.453389881667681,0.281209886609577,1
252,0.502305562840775,0.271901353495196,0.849957054015249,0
760,0.749461835939437,0.389337199996226,0.622572813834995,3
272,0.467159910360351,0.617932128719985,0.0780863319523633,0
976,0.423642248423397,0.751320813751413,0.676806956866702,4
530,0.805481792769861,0.355783018656075,0.554777424153872,2
722,0.746383130580653,0.397656902694143,0.27678992676083,3
1070,0.436346309424509,0.738620927462464,0.665152682757838,4
815,0.746389370064717,0.636254911450669,0.485960539383814,3
546,0.808747832486406,0.264795802440494,0.465177183924243,2
419,0.782694660236593,0.323281623446383,0.474994738656096,1
1463,0.423642187231166,0.720463133215562,0.659329931734034,6
1007,0.425411455276469,0.740699920593464,0.669983186285549,4
1022,0.427358069917082,0.733131046348912,0.665740438931101,4
1200,0.433721103503913,0.775385659344299,0.675011976745362,5
112,0.699947524815798,0.268238918622956,0.437537715537474,0
398,0.782974718166515,0.629913900187239,0.41052191699855,1
1359,0.422140815252071,0.722314354564596,0.671760097500005,6
660,0.806633602369111,0.482221247185953,0.537796865869314,2
235,0.549140782793984,0.775286067277193,0.470139610348269,0
1170,0.426302574904352,0.770568040130118,0.674476140661357,5
352,0.775349174223375,0.599021574854851,0.590862996247597,1
1299,0.430263914556645,0.784575966689103,0.666639576146001,5
1332,0.427566731237641,0.708005444931795,0.67385867963418,6
1047,0.420461485206332,0.738615159623885,0.668131927843597,4
922,0.429320731133444,0.745614074360027,0.673225582938229,4
1435,0.428915907986885,0.721766417784506,0.665366275780458,6
880,0.752370365294628,0.344197407620959,0.749348264955916,3
817,0.746364894174039,0.335450786189176,0.518099668854848,3
48,0.996991396648809,0.082394375000149,0.611370220547542,0
284,0.92080262536183,0.407879347680137,0.660421192413196,0
1348,0.436105331989883,0.712507706041365,0.66371439418567,6
1273,0.427214536258382,0.779515660268579,0.668532031055474,5
967,0.431601846178386,0.747704896438006,0.671445162173588,4
744,0.747432026555762,0.551693756273016,0.379937540693209,3
1338,0.422155939721701,0.719260132572616,0.66987059854991,6
1378,0.429962554440535,0.721834415715873,0.666557587592938,6
506,0.809612720969599,0.316900479979813,0.356685466668569,2
740,0.751191502155271,0.16076806713827,0.296820912812837,3
781,0.744943952369504,0.603429216565564,0.461891678581014,3
697,0.810112793918233,0.187133454391733,0.481565922917798,2
1301,0.423724947128529,0.713280693856103,0.665321618389704,6
1385,0.435859563362409,0.71714931288287,0.648586874553957,6
274,0.966802446870133,0.264276634436101,0.709594493731856,0
1024,0.433330896696099,0.736358214597979,0.664943849356123,4
1183,0.42566700510563,0.776218294730664,0.668468924248505,5
1166,0.439891956672968,0.774850628910148,0.674936333229392,5
891,0.748998963446356,0.604380733589642,0.457190193771385,3
864,0.75298586699646,0.560682241711766,0.750830204295926,3
564,0.804816773287021,0.557140769693069,0.377120288158767,2
672,0.807291021440178,0.438782213162631,0.346103598899208,2
121,0.498075652169064,0.0636978540569544,0.468758412869647,0
694,0.807859980014619,0.630829483643174,0.303377631423064,2
584,0.811452940285672,0.228199919359759,0.46537621547468,2
433,0.779990992180537,0.551198691967875,0.365911732264794,1
15,0.418837971519679,0.137652541045099,0.0494557812344283,0
1,0.282329375622794,0.392856458667666,0.0818150641862303,0
241,0.482052462175488,0.0151672512292862,0.593323212349787,0
1288,0.42352227344009,0.784208846324748,0.661491962043661,5
1086,0.432616448791426,0.742985697707337,0.67369973767453,4
197,0.907188165001571,0.136146171716973,0.784498617751524,0
683,0.807104592700489,0.3484640161274,0.565059298137203,2
515,0.810009888347704,0.524086342332885,0.382564405282028,2
790,0.75164597815834,0.454117264738306,0.501324521214701,3
1364,0.42203726241606,0.711076609761878,0.673652556178907,6
1147,0.423948396046748,0.773826481353485,0.674376560689142,5
983,0.420831843419433,0.740711916340342,0.665767865345999,4
10,0.894192886305973,0.392949657281861,0.479892265284434,0
406,0.774614972788841,0.375537973735482,0.365314130508341,1
1433,0.43957649334591,0.709196484513458,0.674716431562063,6
1152,0.435323518695372,0.780085828960477,0.664881908251304,5
1431,0.43560306791209,0.716347187059477,0.672310461372958,6
770,0.751272289897315,0.312488708784804,0.479304763441905,3
102,0.0168820649851114,0.96546477614902,0.51503137871623,0
44,0.140319715254009,0.253465386806056,0.0524121979251504,0
1331,0.431588961043281,0.712915554237895,0.668662887793245,6
1370,0.429969483204888,0.716823437239259,0.674780903800067,6
1064,0.428379735890259,0.740378129173565,0.67012319512814,4
1453,0.425409275339339,0.715999252378914,0.667426589246164,6
291,0.764218768570572,0.0188067886047065,0.264540314441547,0
1216,0.424858241086059,0.769309997982393,0.665673011540685,5
552,0.813223400476854,0.364292744453996,0.465156317525543,2
879,0.752259304514155,0.278852648590691,0.614313823124394,3
1498,0.424047363093315,0.710169840792343,0.663369690460196,6
870,0.753060876051895,0.364877766603604,0.744963566027582,3
739,0.745200190208852,0.302923174365424,0.735413592378609,3
873,0.753115163703915,0.54450918585062,0.593680082424544,3
801,0.752699927815702,0.160886310064234,0.389256338658743,3
323,0.782209947865922,0.15571735277772,0.729973306832835,1
849,0.748318994450383,0.265701156016439,0.541954235243611,3
459,0.777919760004152,0.539307940774597,0.404806543909945,1
1188,0.42956206150655,0.776850360318443,0.663189429786881,5
645,0.810070705146063,0.228308023209684,0.69641142601613,2
308,0.780318732201122,0.628797725681216,0.741784127848223,1
1496,0.425104818420752,0.71340999912609,0.664055531743091,6
19,0.533270738553256,0.21119485469535,0.597305320668966,0
229,0.537916492903605,0.497061799047515,0.11674752435647,0
22,0.539744508918375,0.499433210818097,0.387180748162791,0
386,0.782456032163464,0.428046363545582,0.59791079997085,1
769,0.744015745869838,0.561449075723067,0.420834735920653,3
214,0.943713007494807,0.146549365948886,0.829113746294752,0
404,0.774120948247146,0.464678157959133,0.625953654595651,1
652,0.805281372254249,0.374629062856548,0.372892953525297,2
1076,0.429426917701705,0.745527487245047,0.670123963456485,4
1122,0.424366045790522,0.774580460136561,0.666473988395018,5
1196,0.426074265411747,0.779999739664023,0.668734363224902,5
1274,0.434195084862575,0.777893110531397,0.672367433534596,5
927,0.427096159048698,0.729725937741457,0.673219023553743,4
610,0.805741760621313,0.291793934442103,0.699705042247661,2
1219,0.421229457244985,0.764079282638905,0.666833988456039,5
1258,0.429809259360975,0.772047442225685,0.679198061596948,5
909,0.429196849752904,0.752760038211097,0.666405920306375,4
537,0.806075796755031,0.527059100125916,0.383884368650615,2
667,0.81225581238512,0.239501762925647,0.755860161571764,2
1492,0.427576734533608,0.715045573756137,0.667766327223203,6
806,0.745416091238149,0.426811719685793,0.635103542427532,3
1248,0.414664281206034,0.776709190855346,0.669032973440247,5
966,0.434162107287195,0.748696976306259,0.668529985057068,4
1345,0.429199960247016,0.722305898372653,0.672659254715363,6
558,0.81001813569339,0.572303693648428,0.296199060347863,2
1294,0.422072134301072,0.769458430559246,0.661110463323935,5
1009,0.436199839112753,0.750452413891459,0.670722427512413,4
1376,0.43188247434816,0.719285340682854,0.668152749303289,6
1285,0.424658411957671,0.782333979566756,0.662747812999375,5
1119,0.428359370861106,0.784666356363188,0.671167990889371,5
476,0.774325662576594,0.308341636462137,0.68467333605513,1
1068,0.437114571101204,0.737035423437118,0.667983501848267,4
670,0.80718771900516,0.227845062757842,0.366519650048576,2
831,0.749055211793166,0.581879598228261,0.619566235761158,3
623,0.804687704124954,0.45519931872841,0.631873102812097,2
1125,0.425661125692015,0.779108714226003,0.664102502057562,5
1210,0.424957696942873,0.76878977141389,0.672826428156893,5
1347,0.429623950575055,0.706275527160584,0.669734785128918,6
671,0.806466894017067,0.258125319634564,0.427637347672135,2
96,0.953232338652015,0.28158977185376,0.304154264274985,0
218,0.114783757599071,0.547121171141043,0.165877280756831,0
1319,0.420785398651024,0.713645361203218,0.671383008706133,6
369,0.778439079166856,0.33262820369564,0.586248575546779,1
796,0.745613562155049,0.344452919461764,0.3802508686902,3
1161,0.422283812455811,0.770432189781007,0.673291327998174,5
1284,0.423932042345638,0.770655903070757,0.680482693812222,5
1395,0.433233038286595,0.717018157502103,0.668190960001049,6
730,0.748935944084078,0.334943938325159,0.335114879836328,3
644,0.812344237386715,0.596787580079399,0.363130813185126,2
81,0.102441042196006,0.0349087656941265,0.608755469089374,0
1013,0.420030445692991,0.742242396218026,0.67227241406845,4
483,0.779557610868942,0.604196868976578,0.535469937906601,1
717,0.746643025432713,0.373197997245006,0.594987710891292,3
478,0.780517431478947,0.270084695564583,0.662939487094991,1
822,0.746614386592992,0.306777528044768,0.37509429694619,3
676,0.804285792268347,0.220175098185428,0.324777428712696,2
704,0.749387460798025,0.553433123300783,0.422396023012698,3
911,0.425711408539808,0.749760278877089,0.666793417405071,4
957,0.438288998433968,0.740507904652475,0.675122542873882,4
642,0.804143138895743,0.29561511289794,0.55846691406332,2
916,0.431717512399998,0.741563734867802,0.672029312118103,4
1144,0.424690804436332,0.767276899406704,0.672029079900204,5
343,0.783724767360836,0.50111273736693,0.364460164983757,1
1163,0.434793797947733,0.775567243483653,0.668927128522383,5
410,0.77538496121997,0.287180833891034,0.333309336635284,1
27,0.837292003212497,0.829426393844187,0.830717336619273,0
733,0.751869787033647,0.579614627663978,0.454749961569905,3
1419,0.433418203722426,0.716196407648161,0.65594028522764,6
430,0.778346436470747,0.580633153230883,0.423361863195896,1
1146,0.428688267934568,0.77655328427771,0.667852223898847,5
18,0.544194555608556,0.836383099202067,0.925565917044878,0
608,0.809155080758501,0.314011307922192,0.720498694875278,2
466,0.782730380054563,0.316633174335584,0.423109697946347,1
842,0.748962510919664,0.30637855201494,0.333434830256738,3
1141,0.431063187932463,0.770970919859189,0.663338067928161,5
420,0.77710014437791,0.646829877072014,0.729768692236394,1
489,0.775864547609817,0.539503874513321,0.577528342907317,1
456,0.777465966949239,0.532224156800658,0.332662713900209,1
1458,0.42345851896722,0.715534490546063,0.670166970150188,6
216,0.219822269398719,0.783770428970456,0.223130312049761,0
1202,0.431209795308788,0.77241917900537,0.665592534854631,5
1001,0.426261940818502,0.729509618715105,0.669218783086477,4
1500,0.432673174011301,0.716764673275131,0.668166166818277,6
521,0.813388896221295,0.3481537705753,0.403645810857415,2
1027,0.421997482600457,0.745882024405985,0.663834539982955,4
1368,0.425928239466896,0.702251074484136,0.67434495174445,6
1185,0.427809783621392,0.777707983313013,0.662537678435314,5
445,0.77995993318269,0.437552077020519,0.361926589580253,1
959,0.431553079563373,0.742595093096194,0.668114180594058,4
1253,0.426621491099238,0.777674206645549,0.667250521608696,5
179,0.55300920130685,0.797772544668987,0.553196960594505,0
1149,0.431306209275524,0.774924566050912,0.677580132805638,5
230,0.847877880791202,0.0629270130302757,0.0874011237174273,0
1003,0.430282815422875,0.753891790858168,0.666619875445073,4
1296,0.430348057831418,0.774537410063551,0.663973272309485,5
985,0.421749259670171,0.741837511727542,0.667749604419039,4
49,0.559186457889155,0.376905295066535,0.831985708326101,0
1480,0.423915898296211,0.719875006865196,0.679266375853161,6
952,0.421604839313832,0.749115292389887,0.670302045860288,4
435,0.77687749650795,0.545143647375517,0.678919980721548,1
1394,0.429922801867642,0.726394681266438,0.670498641385352,6
349,0.777864395237994,0.484898962569423,0.257052113139071,1
574,0.80468243942596,0.499053362431005,0.383109050174244,2
1485,0.43233855101844,0.706600322396023,0.667331529942564,6
641,0.810938754696399,0.239050778234378,0.548960055527277,2
1490,0.428698941673306,0.713081274566834,0.665233108521018,6
1416,0.427066824200024,0.705416008288278,0.668738374391512,6
1477,0.426653290755918,0.716657755926839,0.673528263201191,6
285,0.307600705651566,0.821012604981661,0.781165883410722,0
1181,0.429163677947754,0.777400776183085,0.666183538130709,5
971,0.430584373421893,0.74380166997026,0.672733307409153,4
1010,0.439314126091655,0.741461853440057,0.665362181704087,4
702,0.753525679341983,0.546166791138239,0.733218592894264,3
91,0.719113533385098,0.403537020087242,0.0662693663034588,0
260,0.411876115482301,0.72124061291106,0.0997478789649904,0
767,0.746824632482603,0.263215917302296,0.591705079958774,3
35,0.24887878773734,0.156600114656612,0.337373836897314,0
122,0.191129961982369,0.935343042481691,0.132912187371403,0
557,0.808573877757881,0.240047972090542,0.274890841171145,2
968,0.428817978520326,0.741814048304887,0.662146664012717,4
793,0.752805444400292,0.638270933902823,0.312770288158208,3
1264,0.425742675181444,0.772196000739868,0.674643952288501,5
1150,0.426663810594619,0.776265531599417,0.670992353502499,5
524,0.813755073721986,0.618977817497216,0.318589371116832,2
1127,0.431017172178498,0.778983322059729,0.668161050393135,5
115,0.642341703176498,0.906345077557489,0.896068298025057,0
314,0.780988132914063,0.300395775958896,0.563354647322558,1
148,0.489873970393091,0.299371565924957,0.477790312841535,0
337,0.778678621882573,0.300899980496615,0.299910871498287,1
390,0.783575942094904,0.193983015860431,0.512041013757698,1
1445,0.420761315188862,0.709666451475838,0.666392682899688,6
1407,0.424207225656538,0.709932466813902,0.66290001057021,6
1115,0.436363964466784,0.772194112936193,0.674142569131401,5
637,0.811370323954616,0.516346899583005,0.283627166133374,2
736,0.750431221269537,0.461340036266483,0.510812996258028,3
724,0.74661471572239,0.381103158602491,0.464452546276152,3
1374,0.433291303764753,0.719583282970617,0.666298479919027,6
856,0.749191366618034,0.300017220922746,0.293553529726341,3
768,0.745157128532883,0.353787934430875,0.460540268407203,3
1187,0.428499391305948,0.782943907347017,0.663336800067941,5
1436,0.432073193406035,0.711231168514791,0.678217433304965,6
75,0.105955411214381,0.193921087542549,0.250106071820483,0
877,0.751283714824822,0.173900904739276,0.439194235322066,3
336,0.782986768719275,0.240342805185355,0.350781248486601,1
183,0.667915204772726,0.708279197337106,0.767616669181734,0
1039,0.42940906207302,0.751233646857971,0.672765596370095,4
708,0.746222866701428,0.304955194843933,0.577050573495217,3
1137,0.425186820231793,0.774822323835241,0.670662882152183,5
1344,0.427928280378472,0.71241754792218,0.663484905290781,6
1386,0.42129772494936,0.708829500396729,0.660773596385881,6
996,0.429927447316254,0.744431455277278,0.66645855639674,4
423,0.776043752061669,0.503586249332875,0.719601339497604,1
239,0.925135282799602,0.828997476026416,0.731720137177035,0
855,0.748208207793068,0.327926404797472,0.670531560503878,3
118,0.472236717119813,0.248439767863601,0.62831838359125,0
1470,0.422813587349509,0.713542075761487,0.676764753275048,6
163,0.562798746628687,0.283207443309948,0.471609566593543,0
1193,0.433294875865875,0.779082973429113,0.668358805469404,5
94,0.243681180290878,0.605772753478959,0.379223902709782,0
1222,0.429341484818036,0.774887192998593,0.659727856188116,5
1268,0.433821194604924,0.776037567402965,0.670061002404082,5
1215,0.430437931901473,0.775807843863075,0.667262950292805,5
596,0.813366073805373,0.267272987542674,0.707459433889017,2
431,0.775643548015505,0.384479280584492,0.343169018696062,1
1353,0.421824987623311,0.713275104679565,0.661044584585865,6
654,0.807546032716055,0.307931637880392,0.595398876187392,2
421,0.774602869639639,0.405245849071071,0.392988794203848,1
1251,0.426221377644238,0.776622312345909,0.672729882844744,5
1157,0.423045663890781,0.767505754358854,0.66644490422005,5
452,0.773947723130696,0.397127897734754,0.611599184176885,1
282,0.549684591591358,0.483373357914388,0.126369723351672,0
172,0.400734348921105,0.96195005485788,0.192851120838895,0
55,0.273634209996089,0.673273526364937,0.686286259209737,0
80,0.419272349914536,0.788095879601315,0.697801864007488,0
1006,0.429127112709941,0.748901852379934,0.675199505751122,4
1143,0.428014785333849,0.783268481981916,0.669519004713816,5
633,0.809201237452217,0.639782030275092,0.476065058563836,2
385,0.781906349188648,0.547544784168713,0.42807697977405,1
469,0.776592198647559,0.256628029420972,0.326641068630852,1
802,0.752753362464719,0.283840518002398,0.475127604044974,3
277,0.434139725519344,0.904305597068742,0.723087555496022,0
303,0.780660666727927,0.2383226782782,0.434568950626999,1
587,0.804220328482334,0.352134598558769,0.526290731108747,2
288,0.696801940677688,0.25253351056017,0.0818960585165769,0
1306,0.423568841213988,0.716153640374658,0.667218482539041,6
834,0.74970754169859,0.326290295482613,0.522251257975586,3
1213,0.428897933696169,0.778483387615928,0.668145899786108,5
1084,0.427910137816344,0.750085157010219,0.676352345091745,4
1336,0.425406646506686,0.71564601814834,0.662788321174552,6
529,0.81115211308701,0.527797729149461,0.646468273666687,2
757,0.752773983478546,0.339053678233177,0.51235450473614,3
128,0.512811745982617,0.742802241118625,0.109431118471548,0
1014,0.43483896469411,0.746408967318874,0.663206170118785,4
278,0.464236170984805,0.501669912366197,0.770261341938749,0
141,0.451488127466291,0.373348549008369,0.356929021188989,0
1293,0.426704749467154,0.767856171978905,0.670530575685631,5
248,0.772895799716935,0.310009442036971,0.477151710540056,0
970,0.424191256879009,0.743472055255285,0.667970055580545,4
1052,0.432474892876481,0.749763755994965,0.667974279789616,4
688,0.807091372536961,0.357639653049409,0.49955916586332,2
1040,0.424727442165356,0.740118029657642,0.661613775928298,4
1275,0.432314739578488,0.776491871137866,0.666792766812536,5
1459,0.431890652916962,0.708436425626146,0.66731025956339,6
578,0.806803953258787,0.407284732349217,0.289142142469063,2
4,0.201659262413159,0.5263415153604,0.675565442070365,0
682,0.81309157693293,0.384431735635735,0.495474441861734,2
1046,0.423802606941958,0.750714263554248,0.675682658919052,4
40,0.60653186426498,0.453316638944671,0.335482576629147,0
61,0.0182005786336958,0.777542511699721,0.738764803158119,0
1224,0.436930114715235,0.761897993738205,0.677139978507088,5
953,0.432419742406257,0.748180755615453,0.663924677048559,4
634,0.812113319274504,0.212164236255921,0.385895381402224,2
1120,0.432991128014998,0.778865413583313,0.671092076992158,5
1198,0.421124226212366,0.775335450755809,0.669143699353462,5
674,0.813404328040779,0.471679056435823,0.383394243963994,2
43,0.594157901592553,0.996303514344618,0.856698801042512,0
1310,0.431542645473654,0.724174426870186,0.66452734522774,6
58,0.698290545493364,0.218748944345862,0.988250578986481,0
1282,0.431785555256737,0.778289542814626,0.663778582505034,5
998,0.436776620030472,0.744114868372315,0.672035632007841,4
87,0.371583832893521,0.190836454043165,0.829327155835927,0
414,0.778505601664074,0.208138819108717,0.696763471304439,1
320,0.777790075768717,0.259884096472524,0.439164432650432,1
474,0.779098468418233,0.160419080895372,0.319802559399977,1
1104,0.424101159707998,0.773577017088861,0.673906249617352,5
1478,0.434420882071189,0.712327088523447,0.663983219966495,6
1427,0.422402598327407,0.714502001971053,0.66994655179359,6
1065,0.43545620057432,0.748882263506632,0.668602348704419,4
1085,0.427290521464134,0.742726119679184,0.668901518262602,4
1207,0.433404690285501,0.775664325224904,0.659350322744966,5
1072,0.432491776437913,0.75039723714681,0.666602469239981,4
1420,0.420227707879385,0.710001787218914,0.671805582901392,6
600,0.804398820565548,0.45158160503488,0.664856887841597,2
1209,0.429800644026811,0.774549805224647,0.661321463256063,5
1346,0.435159032748956,0.71631538700148,0.668225694206169,6
192,0.940792881883681,0.198732055258006,0.563354965066537,0
34,0.902806540252641,0.331733608851209,0.496197079308331,0
836,0.752012738194317,0.546470952476375,0.745667002466507,3
1317,0.421841399057935,0.715981097157073,0.666020955495503,6
65,0.349654170218855,0.500088278437033,0.125661785947159,0
594,0.80798133631004,0.623712212918326,0.73028737930581,2
271,0.311807578196749,0.906413684366271,0.262652352452278,0
907,0.429309198443007,0.744238538883157,0.672222117055369,4
1228,0.433340408208737,0.768326837320923,0.663512519543503,5
175,0.885091349016875,0.854157489491627,0.856820970075205,0
588,0.808399467850104,0.45039595537819,0.655069610639475,2
258,0.353166365064681,0.709879743866622,0.815744028892368,0
987,0.435685648585743,0.739980776451106,0.663797310754021,4
859,0.750873573101126,0.426583967776969,0.589606757229194,3
418,0.78096624658443,0.387793109659106,0.47913264175877,1
712,0.7517070665746,0.479755062749609,0.717904071742669,3
501,0.809895753406454,0.214566881209612,0.330535915400833,2
830,0.745466148157138,0.582344543328509,0.531776956701651,3
1211,0.425853662163265,0.783940330937197,0.676607307041985,5
851,0.748588840223383,0.316731805703603,0.472207717085257,3
153,0.444180377759039,0.153329340042546,0.462327919201925,0
919,0.444072666615573,0.74028526890132,0.670401316198547,4
200,0.366843561176211,0.780044700717553,0.508835684508085,0
871,0.746259291432798,0.276882988074794,0.615162339247763,3
84,0.0339728267863393,0.361182219814509,0.418222475564107,0
139,0.963604527292773,0.294159631244838,0.604144411161542,0
721,0.751555536959786,0.205889289872721,0.725025581731461,3
657,0.805658945369069,0.174954617884941,0.631693251733668,2
758,0.749214111876208,0.237516364222392,0.600143800559454,3
463,0.776952220897656,0.216137583157979,0.38241923362948,1
573,0.813024491970427,0.625505340658128,0.361755183851346,2
599,0.811384162821341,0.513491120561957,0.316892370767891,2
155,0.387177411001176,0.690044164657593,0.0140243407804519,0
1307,0.42726960791894,0.714445843274334,0.670966685796091,6
8,0.83548368467018,0.624244465725496,0.390976005932316,0
304,0.779950840417296,0.628329161345027,0.64033152286429,1
695,0.810150252555031,0.314606068795547,0.455372833251022,2
113,0.947926335036755,0.618617686908692,0.351724801817909,0
999,0.41672906084393,0.749018498379876,0.677237943521873,4
363,0.781423978914973,0.552956111985259,0.614559066668153,1
174,0.522990783210844,0.655424445401877,0.621837994782254,0
244,0.35640310542658,0.174628210254014,0.716216674773023,0
995,0.424595885798923,0.755133882066358,0.667963051423107,4
785,0.749419622493442,0.15450560990721,0.749034395744093,3
837,0.749671656619757,0.197807961283252,0.621332350722514,3
568,0.813759083300829,0.614464552747086,0.641100430698134,2
819,0.752698545986787,0.570220237737522,0.494692791090347,3
602,0.813013182105497,0.404973153513856,0.694308666232973,2
659,0.807249759533443,0.437834261939861,0.351112672430463,2
1400,0.427191518644363,0.714975513668342,0.674284441321713,6
1475,0.42528789720436,0.712711649777254,0.664401895035009,6
1221,0.415938147157282,0.771544667524881,0.663749092694106,5
1089,0.426048730831073,0.742216397577564,0.662329020239806,4
1179,0.425071930069137,0.764875729008509,0.664174409107753,5
296,0.222760432399809,0.809974667849019,0.252878576982766,0
100,0.579998606117442,0.670615941984579,0.428037139587104,0
715,0.753508309025783,0.541369185573422,0.738935850281268,3
937,0.43349268758907,0.745701395720472,0.667723582059446,4
866,0.749318662406877,0.490695251408033,0.604197829216719,3
1295,0.424169657681872,0.774462725585175,0.662775867145491,5
1314,0.43387961221386,0.713149862399084,0.661080834593556,6
810,0.750589488565456,0.181294164294377,0.57079940715339,3
98,0.738785397959873,0.91626116191037,0.540027120616287,0
561,0.81243209015578,0.619808037788607,0.390459157247096,2
832,0.749181745245587,0.192892597429454,0.55344107451383,3
101,0.623932595364749,0.585907318629324,0.436474422225729,0
1474,0.432954041788207,0.716824907227352,0.669371483321554,6
680,0.805499065052718,0.335593998571858,0.666142370621674,2
559,0.808909091684036,0.400098416162655,0.456663517467678,2
576,0.806064923068043,0.203338132146746,0.527167265838943,2
237,0.70314907329157,0.194094397127628,0.0888165323995054,0
165,0.679343996802345,0.0380406836047769,0.0321325191762298,0
198,0.283421861939132,0.547785797389224,0.990661549149081,0
706,0.747150739082135,0.214730866160244,0.616787796327844,3
1244,0.435223623275005,0.776500440906385,0.66825830820745,5
1447,0.430630235453978,0.709100309303655,0.667386197521253,6
443,0.776143621753436,0.507134483917616,0.424761065584607,1
643,0.810971418863628,0.34796669697389,0.63051218255423,2
1260,0.431148858994858,0.778218683086006,0.66341899119385,5
824,0.750066732466221,0.411555482679978,0.35389944917988,3
393,0.77885224796366,0.601065544900484,0.434729899233207,1
865,0.751178889789153,0.40618551839143,0.676179776387289,3
193,0.998583636479452,0.943864517612383,0.698347360827029,0
23,0.926035893848166,0.649069235194474,0.715089918347076,0
1160,0.42935844487994,0.777914435965336,0.6778894354988,5
1002,0.426682295008796,0.742003132050096,0.662316934696171,4
1261,0.428634477452369,0.769429177099152,0.673316815790728,5
1090,0.429748410539748,0.747234885443267,0.658641664869081,4
133,0.566312429029495,0.545193844242021,0.976019916357473,0
265,0.808583001373336,0.965870440471917,0.150713755981997,0
1148,0.428484732041302,0.780581804811264,0.669157025367779,5
1156,0.423073244724984,0.785839316823611,0.676082391072582,5
794,0.750612889358308,0.328350585442968,0.432035166490823,3
741,0.749408116713166,0.437485654861666,0.613483764883131,3
1351,0.425232810092453,0.727113159671506,0.665711924319663,6
250,0.637090715114027,0.511282369960099,0.451436211820692,0
1238,0.435786987945785,0.782201216117758,0.661796103010622,5
1081,0.423821650101892,0.742567165277697,0.662239764439991,4
1165,0.427951301209291,0.775275799234997,0.665436968666203,5
1484,0.431437592569781,0.719327689999786,0.66433297695121,6
422,0.7744446589984,0.410821140184999,0.603948526619934,1
636,0.805631659494247,0.616997109982185,0.323876955616288,2
522,0.804688958106563,0.445714112161659,0.281670826906338,2
640,0.812858872527722,0.420062093902379,0.746416820865125,2
941,0.428811385344677,0.742586665095542,0.660444383077519,4
367,0.77444588172948,0.587914166646078,0.632931540790014,1
924,0.430971458393562,0.745331637938143,0.664331774274339,4
207,0.731479101581499,0.530071774963289,0.455744907725602,0
191,0.633411602349952,0.532568814232945,0.360090369591489,0
1291,0.429291632405978,0.774362238883296,0.667833147756883,5
1402,0.432228098576564,0.719365886409111,0.670416914958151,6
1375,0.428707726959601,0.72727838259515,0.664480801108989,6
878,0.753677231096663,0.470662981527858,0.396023883204907,3
47,0.361548678949475,0.8879454145208,0.728491642978042,0
1493,0.437175769434054,0.714415237446969,0.661764481050093,6
792,0.751072862159927,0.233553944062442,0.347159294132143,3
481,0.778415606142953,0.638615591358394,0.431592750083655,1
106,0.348048396175727,0.0784143907949328,0.240903476020321,0
1088,0.426071706383867,0.746184032455555,0.671768988120747,4
7,0.71688883472234,0.709444315638393,0.0737926471047103,0
142,0.207374229328707,0.63884884910658,0.0775964788626879,0
1495,0.42761927408959,0.709419269563626,0.662829147959821,6
293,0.58806530223228,0.0518486625514925,0.946586393052712,0
1030,0.427315352546267,0.744597331107647,0.670084587357108,4
661,0.809609793690033,0.290115543780848,0.685218790965155,2
392,0.77729550054064,0.171479505044408,0.474704329227097,1
1018,0.428930810767035,0.743685865160066,0.672540569094148,4
914,0.432081582046653,0.736690599142591,0.674856226408721,4
632,0.811119062730577,0.200707749952562,0.358216870063916,2
1452,0.431087618661348,0.715988799035375,0.671268697912733,6
311,0.78360026674578,0.410777509701438,0.698791889776476,1
238,0.586634384701028,0.391337070148438,0.693740722723305,0
555,0.806142552208621,0.357976676221006,0.708453074749559,2
473,0.781972650720272,0.422503396309912,0.500784897315316,1
1401,0.432624428146194,0.718254052703601,0.672418947775978,6
1062,0.426224815693647,0.738621430745597,0.666951096168204,4
847,0.750327614357229,0.447781719290651,0.27009367402643,3
577,0.809452081269119,0.364800745178945,0.571194756496698,2
1308,0.426275825037586,0.714123893190547,0.664199100368901,6
1192,0.429812060105322,0.778128960029567,0.676029050749099,5
519,0.806375808052253,0.566442879638635,0.668441622820683,2
1257,0.432014368672297,0.772907417463993,0.666245860620386,5
338,0.783682675850578,0.533578452677466,0.572248209104873,1
828,0.751838641827926,0.537014574417845,0.566382064670324,3
210,0.165386736858636,0.44289866858162,0.669349347939715,0
1270,0.428207505211754,0.773690035273248,0.668389920651338,5
808,0.748515005295631,0.440523955295794,0.348661347827874,3
361,0.782278225219343,0.395358257018961,0.532249965425581,1
