1256,0.315616689584873,0.66030080937774,0.212570490297739,5
837,0.170961624158081,0.820046072732657,0.69322209849488,3
1378,0.30781011847647,0.668137835575537,0.208208319474569,5
870,0.171381156737916,0.802595130773261,0.549640413816087,3
1051,0.319119878533722,0.633530847729233,0.212583157875405,4
551,0.197252198127098,0.746174865076318,0.413086446444504,1
860,0.174720423696563,0.720900373207405,0.420043637603521,3
737,0.230860458773095,0.658708519791253,0.444051663717255,2
852,0.169855482247658,0.775182568142191,0.628890817379579,3
425,0.205177152026445,0.832047968660481,0.282493759505451,1
1420,0.319309309092274,0.607394685427668,0.209480598609879,6
1318,0.311696201034467,0.667264989990654,0.210576144359014,5
915,0.167165998504497,0.608632976794615,0.688380258716643,3
405,0.19867940853117,0.909997148811817,0.373894834984094,1
321,0.254755281843245,0.458763960981742,0.718482590280473,0
709,0.232028275521006,0.589242105744779,0.488834432186559,2
1486,0.308953450961671,0.607170920999849,0.210032438769548,6
614,0.232797270026058,0.922484080446884,0.321868361416273,2
75,0.0323371805716306,0.543763167224824,0.0159045539330691,0
967,0.175688336989842,1.00101049398072,0.532031757384539,3
1347,0.310643021383845,0.663584063051807,0.219096018273898,5
1091,0.312085367011566,0.632029138676919,0.220954776327534,4
1341,0.311988159415863,0.659040242119216,0.209885146102522,5
951,0.17018173013581,0.633234702073969,0.324306428874843,3
726,0.227313874808606,0.534839392313734,0.266448368178681,2
213,0.11610244680196,0.0286785839125514,0.315384290879592,0
337,0.873051949776709,0.513534611556679,0.773568053962663,0
1289,0.314372433794521,0.659950692657287,0.21735243677709,5
776,0.228603619954083,0.654578908369877,0.539718263526447,2
1009,0.313356340492115,0.637285796985426,0.207264492950515,4
710,0.226904939883389,0.984644351084717,0.461301333014853,2
441,0.201807800256647,0.688904222124256,0.571475245733746,1
6,0.291387017583475,0.254891175311059,0.318002149695531,0
1126,0.310430787346401,0.639230322355956,0.212161365628025,4
913,0.169843789597508,0.590386395249516,0.361847009370104,3
217,0.584613997489214,0.602272266987711,0.503996527055278,0
456,0.20346666518366,0.768545628315769,0.580752803804353,1
1156,0.325485209805119,0.632062928773052,0.205131048708364,4
361,0.862295991741121,0.0753187937662005,0.871414263965562,0
1220,0.310129277958633,0.663568439278664,0.211642166383645,5
563,0.205665106519591,0.637445467780344,0.485738837253302,1
1226,0.314519329664044,0.662167852874086,0.20801856142595,5
263,0.366002523805946,0.78095625131391,0.137478034710512,0
676,0.232102826319169,0.628735009022057,0.702217678283341,2
761,0.232077349973843,0.857206414826214,0.331180301122367,2
741,0.22865664944984,0.790274839755148,0.349413260444999,2
1300,0.310364566555106,0.658019081224235,0.203752173296269,5
542,0.202236290550791,0.550139593915083,0.538862446765416,1
1297,0.310145704906062,0.667325157761882,0.210437264369804,5
1600,0.306039065026369,0.604772704783921,0.209126292647959,6
453,0.205715893728193,0.900004094955511,0.505627095093951,1
1046,0.313897596868178,0.637207519197611,0.200292058535313,4
1298,0.314929260503361,0.661250549597832,0.207976214223367,5
626,0.236011006252375,0.577295525488444,0.386890240223147,2
1039,0.31567413610895,0.637016809683699,0.208410360605271,4
1213,0.317721886931517,0.661156712344401,0.208325395142025,5
733,0.227273768123705,0.966876246873289,0.316482195258141,2
508,0.204020814604592,0.973676617746241,0.384514032374136,1
325,0.531015317188576,0.727838400984183,0.178869548486546,0
849,0.16619857620215,0.74439845806919,0.412201538076624,3
1498,0.320781100489503,0.606609374962888,0.217174899398876,6
480,0.205032627652399,0.833679684228264,0.373602704005316,1
1218,0.308508438881919,0.660549939002222,0.210743908101785,5
1495,0.31376431269648,0.605389100064631,0.210580284158165,6
1493,0.309995999805167,0.604023034083806,0.212772313008376,6
979,0.173211869664956,0.826973636541516,0.532621826371178,3
1444,0.322916905096262,0.596373625476955,0.2146152201435,6
1270,0.311500678478274,0.656100240451964,0.208142665491799,5
1307,0.307541853698699,0.664944861757736,0.217162672258562,5
1569,0.316730144551195,0.604970654536515,0.212090965449412,6
404,0.204992091509048,0.594447648292407,0.390418907837011,1
1262,0.310229284330084,0.666082962354095,0.208053065591002,5
1056,0.305319912410525,0.628387565653284,0.212957903619214,4
158,0.798270606668666,0.706099086906761,0.27986808726564,0
38,0.551475207554176,0.494792636018246,0.874756709905341,0
1514,0.314195674589968,0.601604011703151,0.215153479795224,6
96,0.679223481565714,0.840796658536419,0.90744324028492,0
827,0.175657090595923,0.898500841367059,0.367322807875462,3
1439,0.312562425932021,0.603008970306298,0.203909675870727,6
1241,0.313935522326213,0.659890533229589,0.2194948128524,5
1187,0.317050808944918,0.630558142624427,0.209830205544197,4
1095,0.309780918581276,0.626492691574646,0.2209882227738,4
853,0.168602099642158,0.84057475081645,0.24488045971375,3
157,0.853972049662843,0.457047457806766,0.497649198630825,0
685,0.236005114172585,0.956354325311259,0.531806384073571,2
647,0.235876965830103,0.609258127072826,0.269549079565331,2
339,0.2301025968045,0.427978380350396,0.0846258816309273,0
12,0.19162089494057,0.324696550378576,0.166101363720372,0
1570,0.306339919752835,0.590135621092258,0.215875006039909,6
1408,0.31049291685629,0.60523744125837,0.222861567423889,6
1104,0.308008553672762,0.623939990850226,0.214435418226602,4
813,0.167399025678169,1.01035365313292,0.313858490413986,3
1353,0.315273948511313,0.660280832694942,0.213927651706692,5
464,0.202482574807946,0.828057053289376,0.490013406588696,1
646,0.229950444228016,0.919822991383262,0.624789830506779,2
8,0.780969178071246,0.507251338334754,0.78370024333708,0
1368,0.311419909396167,0.665832345686996,0.22475726100649,5
752,0.226316024109256,0.584725383576006,0.477580885030329,2
1302,0.314726075197175,0.666156817545922,0.209101144801197,5
69,0.724454251350835,0.186095730634406,0.991336690960452,0
545,0.200729988832027,0.550211163028143,0.715422316314653,1
329,0.186328322160989,0.14592809509486,0.0131947402842343,0
1589,0.319353638837716,0.609836266592209,0.217066542986928,6
1581,0.318265642985141,0.59374548453707,0.20721016118652,6
53,0.221994526917115,0.759035817347467,0.594181213062257,0
82,0.0414890893734992,0.272401516092941,0.372844763100147,0
703,0.227071221077349,0.655140898679383,0.269675425812602,2
1178,0.309757605000358,0.639730636807123,0.214920751596769,4
1474,0.311649872273549,0.597656096215894,0.213726298387307,6
1248,0.311000793062994,0.664447140186754,0.205802027286335,5
54,0.162972590653226,0.973158948821947,0.356961179990321,0
1358,0.309931813911485,0.667265773669368,0.21836533781869,5
1463,0.306775569168533,0.602557551422914,0.206940816289251,6
1167,0.310972320507782,0.63037217591951,0.214895955470497,4
866,0.169067805679515,0.767115768766962,0.54663993450813,3
1168,0.304942924874329,0.630114709377132,0.212643323519502,4
1271,0.301513805485635,0.66156892195917,0.215494669339053,5
1313,0.302764213992288,0.660140267919545,0.217404182383912,5
532,0.200649633836001,0.571586844883859,0.349661434395239,1
1120,0.307052092686095,0.631073115549324,0.211274426426478,4
139,0.522155914921314,0.540644309716299,0.313463829923421,0
1553,0.31711021852703,0.596177556507173,0.213633703221959,6
1012,0.306543348663167,0.630746419864349,0.209916417790455,4
1563,0.300323867428642,0.601553079671672,0.209581226378045,6
587,0.198563224738464,0.944063611119054,0.722526275645942,1
609,0.227511577934492,0.634418663941324,0.339097934868187,2
782,0.232586505431682,0.978581528784707,0.560084596369416,2
59,0.8834368144162,0.17824398749508,0.600472361082211,0
1239,0.305980138383769,0.666735047728591,0.211397712662895,5
1246,0.30146866473948,0.66362678810485,0.206053186032509,5
1072,0.308397292588833,0.628838669261669,0.220208104455567,4
1532,0.312854870907118,0.596630209868027,0.209231894982297,6
653,0.228608856806532,0.891239205631428,0.624440469755791,2
1388,0.310650573444427,0.656254655108224,0.217015323106802,5
713,0.228449597978033,0.840080059622414,0.249818633054383,2
765,0.233187854331918,0.591343847825192,0.606542209954932,2
1162,0.311985055533221,0.629251367121356,0.207690657684886,4
390,0.196186954388395,0.564928833395243,0.55656499043107,1
1348,0.31394643656397,0.656817440910366,0.211065824410721,5
445,0.204975895939861,0.710081327613443,0.579950738325715,1
597,0.205916895526461,0.538251293729991,0.28626055023633,1
1001,0.318129877089091,0.622637046282131,0.215105512453851,4
97,0.97133778152056,0.00250183045864105,0.553526427131146,0
607,0.229366858676076,0.768812397983857,0.451611041533761,2
1199,0.317516381305393,0.632674056630394,0.204791847731377,4
1034,0.314709972307422,0.638227962627781,0.216550846991103,4
156,0.218989400891587,0.906641640933231,0.736003957455978,0
992,0.170175309609622,0.758353608567268,0.396126581565477,3
953,0.16608932900941,0.775208614906296,0.47666238816455,3
557,0.206005194734316,0.849882975011133,0.34426927540917,1
496,0.203006269910838,0.804349095351063,0.406763154175133,1
569,0.204515711390413,0.578898135363124,0.411107480386272,1
200,0.161733011947945,0.727080911630765,0.172457715962082,0
1329,0.308515684331663,0.664401083193396,0.209228288651389,5
310,0.0391579577699304,0.600434452062473,0.0858065059874207,0
279,0.241836711531505,0.904865694232285,0.908971475437284,0
708,0.226781155450735,0.983094813907519,0.35179082499817,2
33,0.57683614292182,0.0314264362677932,0.180070971138775,0
1017,0.317789597629945,0.625811918817105,0.209226289299245,4
240,0.338988180970773,0.439780733548105,0.37881751684472,0
317,0.773177109425887,0.630696278996766,0.217573855305091,0
974,0.168860962048639,0.916512652789243,0.276242891303264,3
1007,0.318712140967513,0.634201224897437,0.216427860207711,4
422,0.197623747393955,0.920895639713854,0.348900107643567,1
939,0.168487550436985,0.797964609833434,0.299438843363896,3
154,0.897428541211411,0.474774446804076,0.700260302983224,0
1279,0.308235361459105,0.657118600938465,0.224778965253681,5
893,0.170742167225108,0.726046104007401,0.25865142242983,3
1263,0.312594316586274,0.662919263113173,0.209817303003619,5
767,0.23319973672973,0.561903915042058,0.643617883534171,2
902,0.171186995008029,0.727464424469508,0.605421788035892,3
1384,0.298463906101842,0.66034435062338,0.209517841402071,5
911,0.175641571909655,0.881329657067545,0.466763963201083,3
1406,0.31552424069071,0.595402963600648,0.208972179411079,6
1208,0.307759230821658,0.663829932598239,0.208595625486735,5
343,0.543803934007883,0.936535405693576,0.626818128162995,0
830,0.169825166293886,0.841167843923904,0.601391037087888,3
955,0.17418450060999,0.6641834117705,0.549380044080317,3
31,0.912634924519807,0.42774420673959,0.188379187136889,0
1292,0.300228008875347,0.670425693994314,0.209494679835794,5
1024,0.307647937620225,0.635972979506136,0.208586904534177,4
755,0.235312378900126,0.599017949099653,0.624972419906408,2
452,0.197806690169964,0.982039716467261,0.65584567443002,1
266,0.287913842592388,0.0444122236222029,0.0545607372187078,0
1434,0.311471623035445,0.595744412283651,0.210179482001651,6
1343,0.317638552734607,0.666843446309448,0.20594788194654,5
1554,0.314103930625331,0.597649655116094,0.206108463286536,6
1475,0.302840400785442,0.602673393025221,0.208239620683033,6
141,0.0774636494461447,0.0146857223007828,0.32487233215943,0
818,0.166373516747262,0.64600875324104,0.579637593450025,3
83,0.953235662076622,0.828702674945816,0.924408607184887,0
1582,0.319819235828077,0.60149696264082,0.203767637312282,6
538,0.202992202907335,0.630452984385192,0.594510531029664,1
1144,0.313579548643083,0.629400523275228,0.216131345683877,4
1010,0.313689465216786,0.633092209736975,0.212788658724148,4
1375,0.307322961180624,0.67049845327536,0.22592622430709,5
1506,0.30742671133363,0.601959120555222,0.223116180116233,6
1452,0.312842332630575,0.608292428039315,0.208059436238808,6
1054,0.310356744540819,0.63576760022625,0.21410992869388,4
655,0.234001790008042,0.68622406295035,0.257386282994412,2
13,0.789523771964014,0.303798510227352,0.944850853644311,0
1025,0.310302122515476,0.639821396137798,0.216654813190997,4
658,0.226036431062967,0.92083734322805,0.41596262329258,2
1324,0.305678236434474,0.65902746304922,0.215502605668419,5
328,0.0014918502420187,0.414033237379044,0.924525548936799,0
205,0.23682946129702,0.403555587632582,0.432637011166662,0
1102,0.306385237693724,0.632158195139053,0.217528127340334,4
811,0.170974240328651,0.668182939081453,0.38534547444433,3
943,0.172704757291358,0.838362159579992,0.330831067613326,3
94,0.532921494916081,0.0955487361643463,0.0988214272074401,0
1428,0.30394642350654,0.608884617860023,0.20684772007559,6
392,0.781892644241452,0.143171281088144,0.867855917429551,0
179,0.890034448588267,0.468009067000821,0.616338174324483,0
1057,0.308057004933409,0.638646922332454,0.224518328966035,4
605,0.235865496043116,0.718209883919917,0.708044114732184,2
914,0.170734596173279,0.841026589646936,0.465301175694913,3
399,0.497251803055406,0.694276652531698,0.887447691755369,0
632,0.228021102545317,0.723608214897104,0.540778329921886,2
1345,0.307644817758425,0.658549247568648,0.21275737854605,5
138,0.148056531557813,0.10442803055048,0.469622975913808,0
103,0.56904887733981,0.335855757351965,0.746148454025388,0
147,0.0951402117498219,0.192844096105546,0.510797947878018,0
182,0.0845117140561342,0.607554060872644,0.644406565232202,0
1004,0.307102177402851,0.639623695541226,0.225413000211369,4
1369,0.309546490909173,0.653254410482822,0.212927433821376,5
696,0.22620452394709,0.589709366811439,0.582338983053342,2
1451,0.30651836576618,0.60289146645119,0.217689530728129,6
947,0.173019292217214,0.964474619389512,0.693441085726954,3
539,0.199450153200887,0.986081249220297,0.653099193796516,1
497,0.204209514900576,0.728061224822886,0.274823438003659,1
1047,0.313462602386194,0.649927473361682,0.214812455060634,4
535,0.200330586768687,0.717195645929314,0.514895148668438,1
693,0.232274251421914,0.999629953783006,0.67010536682792,2
727,0.234247881018091,0.794770261761732,0.249534361157566,2
1468,0.311640195476278,0.606660211705427,0.210840842997647,6
1172,0.305492561762832,0.639735496327869,0.205306248059217,4
1266,0.310758015934833,0.662784247838098,0.221629438066913,5
233,0.263503648107871,0.331308179302141,0.325826144078746,0
1274,0.309116695776147,0.664755185064731,0.192367246273893,5
1456,0.31715877639946,0.599790829188389,0.206029752927466,6
188,0.473072515334934,0.406110525364056,0.931204617489129,0
1543,0.310722712868659,0.60512345449286,0.210363072895643,6
296,0.362348066177219,0.57005780027248,0.281869440339506,0
372,0.70278329635039,0.566961448406801,0.737655795644969,0
463,0.201271746894345,0.644261296279729,0.640247899782844,1
997,0.169322091692593,0.701318271365017,0.612449736660347,3
854,0.172123541263863,0.775278991693631,0.237373598013073,3
294,0.527547189965844,0.944017399568111,0.21487453347072,0
1,0.297500698361546,0.962358051212505,0.357448305003345,0
128,0.236900542164221,0.0513607996981591,0.174416485009715,0
235,0.482912078965455,0.800791265675798,0.325591803295538,0
1573,0.313948063379077,0.608702135939374,0.21572427189784,6
1391,0.306793174217425,0.663152003549732,0.21461492375598,5
190,0.412071140250191,0.724173513008282,0.319156991085038,0
871,0.175569572874811,0.888887544535101,0.692087492765859,3
106,0.534996883710846,0.221551597118378,0.395106299547479,0
275,0.681220839731395,0.440582682611421,0.730436317622662,0
1268,0.315348743930716,0.666096944082644,0.213167861517908,5
781,0.235926045509987,0.957151346164756,0.588772168825381,2
705,0.235694062237162,0.554538581543602,0.262753631547093,2
1244,0.315257245915556,0.66420037886612,0.215295402482826,5
567,0.196903424295597,0.873715157527477,0.282875943323597,1
171,0.861567634390667,0.149313725531101,0.152257555862889,0
176,0.227879794314504,0.067656559869647,0.49839202221483,0
146,0.169189559062943,0.04127372126095,0.792258879402652,0
1403,0.311570997401136,0.599576643024388,0.207139743431431,6
255,0.369978438597172,0.681563025573269,0.985436458606273,0
662,0.23003684165189,0.63050925116986,0.512365631037392,2
897,0.174981297564227,0.570634260913357,0.396446744771674,3
724,0.230398540582974,0.921642703842372,0.299084826814942,2
838,0.166936519192532,0.656078604538925,0.245689512672834,3
1082,0.312102930968227,0.645823006335215,0.221567455588268,4
261,0.581650549080223,0.933015219634399,0.654029601952061,0
1139,0.319237588476847,0.632611357545781,0.216512492931581,4
1146,0.321189825789179,0.639381442631792,0.213075238856416,4
459,0.203300706322771,0.720355356368236,0.35222102466505,1
847,0.172101404895075,0.701790858665481,0.445705666649155,3
315,0.561478991992772,0.40782928164117,0.775158352218568,0
858,0.173600906687789,0.991924221650697,0.547564513841644,3
1207,0.311884654694144,0.662119720344455,0.210867128895494,5
62,0.572025413857773,0.891639681532979,0.244288626359776,0
1556,0.31430161408307,0.601702168793877,0.209150804868696,6
55,0.0817027932498604,0.334961743792519,0.459875261876732,0
1061,0.313315338013474,0.640322169615008,0.211571737236655,4
1314,0.306277201143385,0.670657545885181,0.21718251887004,5
1063,0.308362624941279,0.627611217503043,0.218022676649786,4
1154,0.311197278320238,0.631308109027545,0.203537046618818,4
921,0.174862847637851,0.902034439286217,0.522695314465091,3
225,0.517070900648832,0.826527649536729,0.503029394196346,0
1198,0.305517486735544,0.634819011606988,0.208523695490594,4
663,0.231188004431315,0.565537590440363,0.372093855962157,2
1119,0.308331132363194,0.633334523831357,0.215021324447759,4
215,0.893442223547027,0.148207468679175,0.0429744143038988,0
180,0.678061061538756,0.283732597250491,0.860696766991168,0
1319,0.311234132563516,0.666836233269256,0.215768249558219,5
1338,0.310395450997178,0.657503146559518,0.209422436469483,5
219,0.447832537582144,0.44943805411458,0.642739285947755,0
720,0.231473881921265,0.529799438337796,0.367334400629625,2
1560,0.303892480806211,0.59040818204837,0.210034068117557,6
938,0.170192738336045,0.63577550011687,0.560589756094851,3
274,0.659463807241991,0.648730939254165,0.633863437920809,0
731,0.23537432416575,0.804266721149907,0.236802239646204,2
850,0.166997409360483,0.82924631414935,0.426082403142937,3
711,0.226788467813749,0.903572881733999,0.386290828557685,2
722,0.230026521089021,0.757066266867332,0.342958444124088,2
21,0.483022024855018,0.91346637159586,0.660125172929838,0
1321,0.313477050264934,0.666960737098413,0.200957808842684,5
869,0.169305318160914,0.636319680977613,0.580786028504372,3
1362,0.309845675871141,0.662127629087587,0.213265350726038,5
771,0.231736366541591,0.781769486400299,0.589765069517307,2
1390,0.31449349171067,0.663383284834805,0.210751885916417,5
273,0.622193678049371,0.779578216839582,0.871428224490955,0
1011,0.31381286275229,0.630962689632265,0.210047398654602,4
750,0.229524039418902,0.698860306665301,0.325484035629779,2
101,0.0668339186813682,0.336281839059666,0.943618265679106,0
687,0.232046785650309,0.927676440821961,0.230908728647046,2
47,0.467810552800074,0.32645503222011,0.283977611688897,0
152,0.210113818524405,0.0493720187805593,0.45261752884835,0
1539,0.312392330075688,0.608137873175111,0.211256705587056,6
450,0.200754211554304,0.876297055068426,0.464618121716194,1
313,0.999739367049187,0.0359785226173699,0.381743343314156,0
1237,0.315464982716173,0.656387151477849,0.221383310001757,5
959,0.17131943566259,0.689747419697233,0.319470397289842,3
1252,0.308591245342393,0.663846791187851,0.216869470759358,5
1152,0.322116656838963,0.636248951177022,0.218809338425697,4
652,0.233671877617016,0.642854162980802,0.467360262968578,2
848,0.175599482723046,0.817694339808077,0.617123984592036,3
414,0.203453189523425,0.52412357905414,0.374738440825604,1
1098,0.308369150859682,0.640498171528381,0.211898416670333,4
350,0.152188512729481,0.235777710098773,0.986675868276507,0
980,0.173652640781365,1.0138319878839,0.427522644377314,3
1576,0.317115482999838,0.608418710502282,0.210891688740416,6
1483,0.300201020234087,0.600723740873653,0.216488881643715,6
1332,0.309958670968417,0.664243677105238,0.218167751871096,5
1518,0.31191696585977,0.604545417704168,0.199871241536823,6
1148,0.304263722712574,0.632583075146249,0.218038088740668,4
1084,0.310884458197902,0.637822553470379,0.211559076683637,4
1147,0.303942124557604,0.625214594709799,0.215261437639961,4
490,0.199792602329981,0.563901552488096,0.493924866290763,1
530,0.204143104664981,0.669586255121976,0.25053787776269,1
22,0.104033184703439,0.292040089378133,0.416948127327487,0
1259,0.310229082194809,0.660486124128592,0.210760863655441,5
120,0.990747705800459,0.448317772010341,0.393546395236626,0
203,0.326054814038798,0.0741006531752646,0.160714185331017,0
553,0.203954503419809,0.789433937193826,0.30043174661696,1
829,0.169525986195076,0.550774033553898,0.381176301953383,3
1182,0.315016101516103,0.639544516399427,0.219020375965543,4
700,0.228135294415988,0.821709967707284,0.685466977744363,2
1356,0.313838483657777,0.66678633588421,0.214722458443885,5
844,0.172611544481479,0.577600374608301,0.665121673233807,3
374,0.134633311303332,0.657941332086921,0.949134169379249,0
734,0.232974065286107,0.888202146650292,0.469456128985621,2
1059,0.303658494722583,0.631766200474056,0.212714971345009,4
1053,0.303274654382096,0.623636961961338,0.208663534634567,4
1265,0.330257560754798,0.660573068697573,0.219520304418755,5
1585,0.315401384988847,0.598776020572599,0.212190478668621,6
677,0.230626318433788,0.587681334838271,0.374759903387167,2
926,0.174397053278517,0.787688054749742,0.491410441906191,3
1203,0.309259068305766,0.662880621215076,0.215053504780865,5
625,0.232969228164293,0.823583133541979,0.720284190122038,2
1160,0.327483420584376,0.636649368917686,0.209995596804545,4
596,0.197191130553838,0.589738214062527,0.544024516106583,1
634,0.227665610504337,0.780433875182644,0.425896909297444,2
1028,0.309873375370446,0.638790698201519,0.21541266186903,4
670,0.231869016697165,0.770451786019839,0.49265653649345,2
880,0.175164633877575,0.614824854559265,0.257092606951483,3
1327,0.308430267608564,0.667359047202991,0.212699002137648,5
1565,0.309050013042029,0.6022665313259,0.217779143754415,6
145,0.24491693591699,0.970981108956039,0.183940017828718,0
172,0.557418160606176,0.842038740869612,0.994354338152334,0
56,0.597864886978641,0.432051682844758,0.367246706970036,0
1014,0.308123538212926,0.638928697553451,0.220068592820232,4
184,0.267586245434359,0.15039243735373,0.284133966080844,0
234,0.922190869227052,0.618738044518977,0.0884391719009727,0
1507,0.319110075085075,0.609883083928033,0.212825762508164,6
562,0.205646921878215,0.83007478704676,0.279832055303268,1
491,0.205977144965436,0.611291675968096,0.677911752345972,1
391,0.642610712442547,0.320343052502722,0.7826744527556,0
873,0.166257982831448,0.593640402681194,0.630182390543632,3
1380,0.313857307628789,0.657700485448058,0.213441371836305,5
1594,0.312535202169367,0.595761496907649,0.208262032705327,6
1238,0.308721601501471,0.671741470099389,0.219134513950587,5
63,0.425709867151454,0.0151057750917971,0.243449498200789,0
1023,0.313490618057184,0.626785071831092,0.215323110454481,4
559,0.204977011559531,0.597324794181623,0.310593038541265,1
862,0.166247204828542,0.925669549405575,0.654332213313319,3
697,0.234903984249104,0.944208737253212,0.259936852823012,2
507,0.203652613670565,0.535733569669537,0.409517830330879,1
388,0.735712792025879,0.363024566788226,0.0741201676428318,0
1133,0.315415038334757,0.632043161120251,0.209510620076502,4
1035,0.313293303743099,0.619772123281972,0.208568350884101,4
487,0.199305185386911,0.921517964010127,0.344920689216815,1
1340,0.314119803145471,0.655169718422877,0.217580553537686,5
1185,0.317165198038977,0.62617994568915,0.213104317349807,4
1546,0.30264177116044,0.603313562494797,0.204873435415117,6
474,0.199318500605877,0.980718808853999,0.359358919062652,1
1566,0.316525429975101,0.60654454163948,0.208948634950253,6
1491,0.320151750583051,0.602733111181119,0.209884381672342,6
108,0.326581119094044,0.85082045616582,0.415982651524246,0
244,0.594104398274794,0.95693092723377,0.535670134006068,0
1310,0.317293985336196,0.669019452209761,0.210419057650849,5
615,0.228791257466655,0.962511340179481,0.525157920527272,2
968,0.16940634313738,0.61192225702107,0.371977541106753,3
1287,0.31237193983066,0.667536995387667,0.217672809588566,5
972,0.174486450848635,0.591333631332964,0.701997582428157,3
30,0.554627663223073,0.69825322018005,0.187863889383152,0
514,0.203072979713324,0.701872502476908,0.39095783138182,1
1526,0.313144998498217,0.598057368699643,0.216606650341555,6
140,0.966446941252798,0.905802714172751,0.662012901855633,0
283,0.761215889826417,0.659702842123806,0.66868537850678,0
1459,0.301748086080766,0.59528739148388,0.211380965173631,6
1399,0.310213861483393,0.661684770847768,0.216111932708425,5
297,0.0119055442046374,0.982508816989139,0.155834291363135,0
610,0.227768017488997,0.73132180692628,0.624656540434808,2
85,0.602176735410467,0.975181718124077,0.130659755552188,0
1392,0.305462278063496,0.657310003128727,0.204260088815406,5
1092,0.316645834866533,0.638968892492452,0.217909605853319,4
1219,0.313667001536927,0.662323597292647,0.212871150851269,5
623,0.23552435023943,0.77979609197937,0.53598291319795,2
105,0.980916035594419,0.591150647960603,0.812102248659357,0
802,0.171880952836946,0.89495143762324,0.68796658362262,3
1164,0.303273609075858,0.624795992262258,0.213768270802924,4
793,0.226107741438318,0.998500552633777,0.489327836642042,2
810,0.174094250274356,0.923455923353322,0.301271646958776,3
840,0.16830196776893,0.935826739901677,0.476194117660634,3
672,0.230642695007846,0.64950474225916,0.275348597182892,2
884,0.169166056816466,0.751015373528935,0.347079194127582,3
930,0.17556281860685,0.820088553498499,0.306084537738934,3
1445,0.314459178149531,0.607425842235214,0.214578594983499,6
792,0.228355901157483,0.588919917028397,0.52956578808371,2
376,0.259165855590254,0.797941228142008,0.252492572646588,0
566,0.202774884302635,0.904192298091948,0.717636812687852,1
411,0.203255175105296,0.788067679409869,0.243159974785522,1
1019,0.310091480041906,0.637993187926871,0.214280343574468,4
1432,0.30373591106596,0.609010784801625,0.204781826494178,6
1374,0.311554965441093,0.661370111855235,0.213432625085759,5
758,0.22902329914039,0.791703562973999,0.553310614055954,2
833,0.171695358410943,0.751586363441311,0.294737632712349,3
236,0.785591963911429,0.581275454023853,0.575027004815638,0
25,0.372528253588825,0.767312936484814,0.879997938172892,0
808,0.167617966635153,0.556560962484218,0.471656647953205,3
1217,0.302093086598149,0.656287095934137,0.21060952936226,5
657,0.229753822972998,0.66970040651504,0.293610041239299,2
1317,0.309408606450691,0.672753639018181,0.217842940156005,5
1108,0.303544659372387,0.629375101372577,0.213604850447611,4
237,0.322699669748545,0.0191027717664838,0.961785360239446,0
460,0.201663939452264,0.585436788294464,0.441214150958695,1
5,0.598511898424476,0.842226504581049,0.735155793605372,0
1255,0.316518862597434,0.66544144891317,0.214951663239077,5
358,0.464600215665996,0.129307229304686,0.615641070529819,0
421,0.198466294864193,1.00614717651624,0.628357671527192,1
1549,0.311545982636558,0.600025290723955,0.215975669172129,6
131,0.246550993993878,0.386535557918251,0.398686733329669,0
817,0.170842140126042,0.716733854287304,0.361396485217847,3
46,0.46165117342025,0.810446656076238,0.545703265583143,0
1296,0.303555841372501,0.667787206460917,0.209002446788133,5
364,0.386244312860072,0.361496828496456,0.496000938815996,0
637,0.233227435704321,0.614427336980589,0.610096614086069,2
249,0.748665035236627,0.844780286308378,0.237478030612692,0
1354,0.313904626483692,0.666623722898132,0.216471670961703,5
906,0.175238154972903,0.616541438992135,0.313200111244805,3
822,0.173109987236094,0.538697811914608,0.466808993811719,3
925,0.166421689183917,0.714842353388667,0.546552864927799,3
753,0.232214575933758,0.545802778587677,0.699290485680103,2
16,0.93111819261685,0.693459905451164,0.101499208249152,0
701,0.22685144493822,0.953398530860432,0.549369184626266,2
795,0.233778932630084,0.601897354144603,0.487187251192518,2
505,0.205799915669486,0.755530947027728,0.489753289008513,1
2,0.687411320861429,0.105714029632509,0.535170403774828,0
1505,0.302295168454202,0.607289750914025,0.211968050244514,6
987,0.175105430285912,0.649611557042226,0.604034575494006,3
876,0.169528757955413,0.706956011382863,0.614430692372844,3
533,0.205110759651288,0.992035373137333,0.533191248169169,1
1018,0.311991449731827,0.638523849151211,0.214222146015465,4
39,0.559012500802055,0.415111570619047,0.597123045939952,0
723,0.230454286979511,0.869399664597586,0.421569718956016,2
79,0.821165001252666,0.00867160665802658,0.575345716206357,0
434,0.198631018861197,0.814504545321688,0.391040909895673,1
982,0.170018577091396,0.665973261720501,0.602091525541619,3
153,0.304518866119906,0.603786698076874,0.390642145182937,0
688,0.230903874435462,0.681070221029222,0.576293569151312,2
515,0.199072426313069,0.922679464006797,0.303292417759076,1
1548,0.305682435600617,0.602578269562875,0.208188079391223,6
1508,0.306342453399282,0.605980805788514,0.211992055143534,6
730,0.233805265559349,0.722258087736555,0.609025466465391,2
1022,0.311493560678631,0.631723047629658,0.211313890836336,4
382,0.233611440984532,0.580216927453876,0.945795151637867,0
1251,0.309952087736901,0.664050846886776,0.215262279793988,5
486,0.197048503225669,0.754380927444436,0.335073932516389,1
944,0.170748157678172,0.829841569438577,0.333134822989814,3
1516,0.31186109487212,0.605730307615046,0.216437069536261,6
721,0.226359455788042,0.601937047811225,0.505843765777536,2
331,0.738273511407897,0.591533651575446,0.548749499022961,0
142,0.298332136822864,0.782516531646252,0.938417493365705,0
1339,0.305158512923318,0.663231874116292,0.209959046915474,5
1336,0.317514220566996,0.658500974831294,0.207829973977288,5
543,0.200199702773243,0.740795147628523,0.670113000646234,1
35,0.486097386106849,0.424051049398258,0.886797276092693,0
561,0.201222755168565,0.565131263947114,0.634482021303848,1
740,0.230795785998926,0.686631290032528,0.432885030843318,2
1571,0.310843368933092,0.607840357428474,0.212992461640896,6
48,0.368486949242651,0.712206649594009,0.501969663891941,0
691,0.226705690806266,0.944516479526647,0.468112161010504,2
117,0.306039699353278,0.977636938681826,0.546869145939127,0
1286,0.301660694260005,0.658836566393967,0.217168792274728,5
1130,0.311391122877394,0.636819834373149,0.210335778484102,4
510,0.202855669832788,0.560199885186739,0.308252934110351,1
1205,0.305057712853766,0.66551542048808,0.210790932157181,5
929,0.175490936159622,0.521202987548895,0.273593930271454,3
1273,0.316686901208959,0.656040032606603,0.212710022878317,5
1088,0.306660241632682,0.634044036317733,0.217283310488729,4
1537,0.316036978174683,0.60232174783196,0.213438707351383,6
522,0.201468955925666,0.805930341267958,0.314222613093443,1
1155,0.311203400897719,0.629825401764279,0.206272635317707,4
206,0.699380232254043,0.844295262359083,0.0988316964358091,0
395,0.819820382166654,0.871251437813044,0.667945185443386,0
565,0.202723607586231,0.791959804389626,0.637880451022647,1
1177,0.311363104231614,0.62843754072116,0.211649469817373,4
823,0.167197223191615,0.749865114013665,0.271783593320288,3
1067,0.308234311021455,0.628493966147402,0.209273625312936,4
342,0.772317023482174,0.791870817774907,0.351455805590376,0
990,0.172215886500198,0.531167451897636,0.560160522907972,3
1087,0.307335461249501,0.631967746444876,0.212494853886103,4
886,0.172112851019483,0.664221492735669,0.549753683479503,3
311,0.8021254632622,0.263853962067515,0.44105366547592,0
1125,0.311086761173543,0.631953313593819,0.212028004974149,4
814,0.172992470909376,0.819552156864666,0.418581892596558,3
250,0.433842180529609,0.427032767329365,0.0154530629515648,0
127,0.326796398265287,0.0811151342932135,0.0426751263439655,0
1030,0.310107903408606,0.620168049225911,0.210378273044763,4
1450,0.316036054357356,0.61043233667486,0.219723509856526,6
1502,0.31231073477889,0.602315445002603,0.208927557013862,6
1189,0.309782277597083,0.632593884165138,0.213982150121336,4
1112,0.313790383409485,0.63210256976705,0.217301347414261,4
383,0.225673858309165,0.634990319609642,0.717582329874858,0
384,0.691883268300444,0.807425796752796,0.410860731033608,0
222,0.355197687866166,0.751214585732669,0.548125288216397,0
694,0.230075160020497,0.80662981714122,0.331277960189618,2
448,0.200885851145722,0.972894078842364,0.675593207101338,1
1277,0.309618824277894,0.656361313219678,0.214811484826698,5
1183,0.308248744779718,0.633324267581873,0.213430606850493,4
648,0.234567890334874,0.876514454628341,0.435393339232542,2
1551,0.3197217354307,0.597682595875153,0.217748398490343,6
801,0.171604720675387,0.618840505392291,0.631188356876373,3
780,0.229363161828369,0.677445796923712,0.404861720954068,2
690,0.23250285911141,0.604569948301651,0.659268148918636,2
495,0.199201813584659,0.834839489101432,0.261507910885848,1
1580,0.295856878281379,0.604364648025476,0.215813242509916,6
863,0.170986068537459,0.910668886057101,0.409752884623595,3
593,0.203965103260707,0.527797976415604,0.236339926463552,1
577,0.203663870012388,0.668390090949833,0.380556760216132,1
1584,0.306689740686911,0.601221291652406,0.215698278015579,6
41,0.139260645955801,0.0568482428789139,0.911992885638028,0
1267,0.311773623997154,0.664114044004807,0.207279883328774,5
88,0.241341234184802,0.204911343054846,0.997856594389305,0
1323,0.314721322928147,0.662072333286786,0.199929795890314,5
1533,0.302636346163586,0.60789650405071,0.216892550544327,6
248,0.675810858374462,0.956764830974862,0.66035448666662,0
118,0.526298288954422,0.590451166266575,0.261387882055715,0
304,0.661600104300305,0.984609038103372,0.316710506565869,0
1071,0.309493955554242,0.631235088076943,0.219445206668127,4
1419,0.315787797868041,0.600026023252166,0.210828267756119,6
948,0.16950817669509,1.00797726635356,0.67094332233537,3
243,0.926684524165466,0.207158362027258,0.787098828470334,0
775,0.233198286914267,0.536883742338978,0.508449682709761,2
1141,0.310514247409944,0.637371572390187,0.218268590887808,4
664,0.227997291944921,0.65088804976549,0.500165219162591,2
160,0.353497839998454,0.662129181437194,0.68269025743939,0
161,0.308330730767921,0.443183105206117,0.470527877099812,0
875,0.17418678676011,0.785315097449347,0.536524945613928,3
890,0.170788097134791,1.00706902986858,0.468569130497053,3
851,0.171409405800514,0.888078964338638,0.255674959137105,3
1449,0.308863402129457,0.5956772164648,0.215219269207913,6
683,0.228070144522935,0.903466180106625,0.615288740815595,2
558,0.197133418070152,0.544003726588562,0.703758448222652,1
518,0.198572565563954,0.871423112717457,0.38301063280087,1
675,0.227819021486212,0.537533361953683,0.44108033364173,2
820,0.174196306609083,0.645809303177521,0.585413824394345,3
1538,0.319591440851733,0.595621279595997,0.203177807586675,6
1171,0.322243553438651,0.63493065002484,0.226100278517317,4
1151,0.311529098256639,0.635896737958395,0.215671235528618,4
1157,0.31647600296949,0.636949729180917,0.220045201281137,4
332,0.930807775584981,0.281295284396037,0.75113757350482,0
1377,0.306147446155075,0.659450697668284,0.227594591511806,5
132,0.847577878739685,0.694458953104913,0.798632047371939,0
1149,0.312274296887508,0.632199570718938,0.198134965478977,4
378,0.919900840613991,0.828579400898889,0.70580547908321,0
4,0.221840673824772,0.0249344338662922,0.18123837839812,0
323,0.0439316562842578,0.91223873780109,0.808417890686542,0
580,0.196428844742477,0.584386280644685,0.240413861442357,1
166,0.302555180387571,0.58285155845806,0.808660178910941,0
1593,0.301148118252754,0.60203919621798,0.209375801251186,6
1383,0.319038760957402,0.659720968402809,0.209873111222058,5
1075,0.308473366411912,0.622944479137568,0.219870884162391,4
389,0.599118734477088,0.120119189610705,0.460008037509397,0
394,0.135435369797051,0.551866896217689,0.662786268163472,0
1552,0.30634586351327,0.590314697281099,0.216363106926384,6
570,0.20026925253449,0.861880199308507,0.349873808305711,1
1210,0.306677307216239,0.652565915048342,0.198736419153873,5
857,0.168566917895805,0.868998981220648,0.37406716470141,3
1559,0.310813691300201,0.595148145412129,0.215189727931811,6
1359,0.305807947703782,0.664824086023178,0.209008254866275,5
674,0.233520299450029,0.615657076146454,0.549953937390819,2
1135,0.308009520306506,0.639629962473259,0.211123961220605,4
520,0.199228773082141,0.918812441662885,0.520622035115957,1
1512,0.310552793587113,0.602951956677849,0.211730407458004,6
90,0.193075616145507,0.139313340885565,0.299033385701478,0
1137,0.307845076131609,0.632136324819283,0.209714908269483,4
1334,0.313413137840228,0.664020167087726,0.210858306964331,5
494,0.203376356589142,0.68370933344122,0.247943741013296,1
1002,0.309894166703475,0.625730380426915,0.219349271615011,4
1308,0.316349805045586,0.656753108994525,0.228144907930605,5
975,0.175720215702895,0.800707506155595,0.520604787953198,3
437,0.204564508905169,0.900602610688657,0.262620818428695,1
223,0.17282598814927,0.925259471405298,0.411908188601956,3
362,0.271877788007259,0.682658659294248,0.753968351520598,0
1174,0.31138933843349,0.627159193594729,0.212382544278384,4
978,0.167413524116855,0.798868305888027,0.431633853213862,3
1101,0.299685135714683,0.636854600184593,0.214442901275898,4
803,0.167523989416659,0.723251876910217,0.322954867128283,3
86,0.114101081620902,0.495377275627106,0.178907673340291,0
1527,0.310370573018257,0.597998501053876,0.215789057700439,6
1304,0.312756215324795,0.664129174515504,0.214073889845528,5
924,0.173540586919989,0.911855580890551,0.301372225838713,3
1055,0.311430830706857,0.630259293888678,0.213367422725934,4
1089,0.309483776645279,0.637479518021431,0.210380595294737,4
643,0.229259748687036,0.588441224093549,0.593227977259085,2
745,0.233626529874746,0.817073376406916,0.625702082621865,2
572,0.205908962963149,0.741128878807649,0.68674412262626,1
1322,0.312599372275651,0.662517453452637,0.211680515842433,5
92,0.648400438949466,0.455089786555618,0.0475693708285689,0
1398,0.308719438257749,0.661855790763844,0.212356839425407,5
1122,0.313638529232578,0.640376864596143,0.22113001218879,4
1078,0.316627371348755,0.628264233749354,0.214465683670778,4
600,0.201880018468946,0.951699882070534,0.349009017203935,1
702,0.232281513712369,0.704796006111428,0.560122892004438,2
20,0.518870261032134,0.526367796119303,0.370373006677255,0
71,0.48742567258887,0.218071117764339,0.963638855377212,0
300,0.476455432362854,0.948528534034267,0.287520605372265,0
735,0.229895005845465,0.808436649758369,0.515722109330818,2
1586,0.310863608995651,0.603604762252789,0.211539987857495,6
1202,0.304319886171468,0.668156754089027,0.206477697020622,5
407,0.200755877366755,0.692441939865239,0.582230000267737,1
1224,0.309630436258294,0.66026334706669,0.206505823641949,5
19,0.468288957839832,0.673698554281145,0.0350652162451297,0
1592,0.312932018815093,0.600011219568096,0.215655970869134,6
984,0.170594309715088,0.586721219029278,0.241443431098014,3
669,0.22880062073702,0.929842228908092,0.666872237320058,2
68,0.628543326864019,0.259954496985301,0.234528196742758,0
1301,0.314218502643873,0.667824078691717,0.203174855070082,5
1431,0.305776021027671,0.603270504360708,0.208373000952608,6
963,0.16980693647638,0.900057553919032,0.266444927756675,3
403,0.202593483852688,0.773050507321023,0.242624083044939,1
1136,0.30821367620969,0.637303501045563,0.208537054405134,4
617,0.23069321117131,0.99282131975051,0.285249903076328,2
299,0.751699166372418,0.439978868933395,0.556529605295509,0
212,0.708217006409541,0.254618359729648,0.22988233785145,0
369,0.986801454331726,0.56339472392574,0.0261343468446285,0
257,0.26400355855003,0.468434295384213,0.69680153299123,0
1215,0.308472732758971,0.663352304380234,0.210622138822145,5
554,0.200563651705161,0.971226587798447,0.594553457782604,1
682,0.228381091204938,0.988817608822137,0.620069720759057,2
216,0.0142395654693246,0.311209900304675,0.780477559892461,0
406,0.197902442445047,0.66685090798419,0.381930062058382,1
60,0.388008594978601,0.00829546013846993,0.714532551821321,0
44,0.789605655474588,0.337931526592001,0.411098525393754,0
995,0.171019520945847,0.547968218824826,0.464887924003415,3
410,0.204865522361361,0.620050284336321,0.253954152320512,1
608,0.233822230242658,0.657514465879649,0.293896620720625,2
1116,0.309199227742906,0.635375638685248,0.208367955451456,4
1294,0.319316772027884,0.660551212478441,0.215468862175873,5
498,0.197708469529171,0.754309020610526,0.713300660345703,1
785,0.231035165688954,0.911860742862336,0.546708968444727,2
1349,0.320751526905618,0.666431774382791,0.212721436393241,5
1382,0.30935050709278,0.669526613371019,0.20775211802294,5
344,0.52739525353536,0.584724799729884,0.452499452279881,0
438,0.202972110868432,0.775858391448855,0.721787447086536,1
7,0.80720093101263,0.312362600350752,0.808070854051039,0
969,0.171428866384085,1.01323433630168,0.550397154153325,3
960,0.173243123390712,0.857133402512409,0.395150769944303,3
1107,0.313550845006006,0.634472492141583,0.220353957910308,4
1258,0.308087189042332,0.660082382544801,0.216467384926502,5
224,0.546214213361964,0.817041157511994,0.861237223725766,0
1558,0.306164268623147,0.603868883553172,0.218192549024557,6
119,0.0270790471695364,0.414344530086964,0.211398231331259,0
1194,0.304538368427985,0.639565354296664,0.215666097757827,4
896,0.174227364896797,0.95434632434044,0.267927459999919,3
1195,0.315520914861951,0.630611539478435,0.218192722655944,4
174,0.642437292728573,0.40344325080514,0.706354183843359,0
1542,0.312892003127625,0.597915621569746,0.21603517409932,6
398,0.0715298771392554,0.308182768523693,0.277309015626088,0
1103,0.311556384017328,0.634035091860903,0.210924898849077,4
1446,0.317476026779521,0.605827250294656,0.218026862183157,6
1429,0.311620623171879,0.607477849847595,0.219810307092742,6
584,0.197725697266869,0.729967698361725,0.412803671183065,1
1430,0.308383487469097,0.604038767864627,0.208819210987402,6
95,0.334608051693067,0.739121108548716,0.492005165666342,0
1561,0.316206844267772,0.607301378969504,0.209870477411093,6
704,0.228979459665716,0.555645191133954,0.529194412729703,2
17,0.342585744569078,0.850172926206142,0.904432880226523,0
155,0.979512124089524,0.0216309281531721,0.443320178193972,0
1138,0.309882818490434,0.6327935688752,0.206981085478668,4
109,0.103648680727929,0.448031750973314,0.914518197299913,0
916,0.175104343041312,0.787482310459018,0.407789400289767,3
1290,0.302786261706796,0.666035186951571,0.211065215812816,5
467,0.205499773873016,0.798010284453631,0.586419254052453,1
228,0.16586315818131,0.0693580857478082,0.96099266433157,0
1476,0.310517625343735,0.598286415151455,0.218500715954651,6
187,0.662401672219858,0.509498214814812,0.314478898188099,0
195,0.849726442247629,0.295937619404867,0.530120134586468,0
954,0.175030514509417,0.934659489919432,0.661182335787453,3
1117,0.304590340123997,0.633905630823602,0.210709118869464,4
218,0.0594062800519168,0.0594174456782639,0.337441512383521,0
288,0.0931225526146591,0.529219081625342,0.419794881017879,0
889,0.16609971542377,0.538790732412599,0.576335155963898,3
226,0.342645685654134,0.697452631546184,0.353411487303674,0
679,0.235764169218019,1.00516627032775,0.256390471570194,2
756,0.23067961008288,0.62071406331379,0.407048384752125,2
641,0.233156404176261,0.549405780527741,0.372671394119971,2
1069,0.307726929456862,0.636000255686677,0.208810003976066,4
582,0.199793439754285,0.704928890941665,0.295138149615377,1
749,0.235176615552045,0.699458448938094,0.46898135994561,2
845,0.166905101125594,0.580461920495145,0.36452821942512,3
409,0.198126423980575,0.52626404913608,0.578942979313433,1
784,0.227301496204454,0.962158403964713,0.549668261292391,2
1355,0.313363260639137,0.660532780911232,0.217655072676917,5
719,0.2264924574201,0.616779714263976,0.633859167899937,2
1595,0.308590842038083,0.599864131502105,0.21100248478103,6
1190,0.302120958047954,0.635615966354858,0.216777524466589,4
124,0.171457980526611,0.395615524845198,0.94162391172722,0
1132,0.31045448214015,0.636870607468548,0.208347093873688,4
269,0.0636729181278497,0.191194779006764,0.320266921073198,0
1150,0.316741308992551,0.628654080086055,0.213248332763867,4
1134,0.31476044281589,0.631926740865093,0.213360287182822,4
1080,0.305150217740589,0.638309590942754,0.216727558978787,4
1325,0.314465847475627,0.663888124905652,0.226968929710704,5
423,0.201945419008844,1.00234822954517,0.528433551057242,1
919,0.168075067687314,0.584387909411453,0.458523354819045,3
603,0.229537889687344,0.835019618761726,0.685797610646114,2
1113,0.313570427705558,0.635883002107094,0.21261734333766,4
841,0.169496704014018,0.901146059762687,0.363438992970623,3
431,0.204990823140834,0.621593377343379,0.375182768772356,1
778,0.227920070590917,0.559406953188591,0.559910151036456,2
1524,0.308610573711412,0.60304839178524,0.214140534545357,6
1501,0.318384958794844,0.600115688506135,0.209224013262407,6
80,0.266103148227558,0.626639794325456,0.61441776691936,0
878,0.173637917102315,0.760768571426161,0.269243249413557,3
698,0.232155890737195,0.91192259141244,0.563690330111422,2
1016,0.30068953704184,0.6373158155446,0.214300005802936,4
550,0.199898120576981,0.716552547900938,0.410062196524814,1
602,0.226687676196452,1.00962019970175,0.721782663348131,2
1426,0.31484755229352,0.592677813798181,0.207062607013101,6
27,0.511045436607674,0.525137282675132,0.965121905552223,0
1110,0.324896028152407,0.63528740076624,0.21134876933585,4
45,0.573915593326092,0.168871485861018,0.0983585962094367,0
1438,0.308212432405904,0.604449617957371,0.220238320293072,6
1020,0.317156602131666,0.637793773704075,0.215800626346798,4
1578,0.307623980427735,0.597420142894535,0.205766715249808,6
635,0.229807802017313,0.616806435072795,0.512588725634851,2
1467,0.312269457472436,0.610309859389919,0.22232004342247,6
354,0.900280029047281,0.720855116145685,0.0535723173525184,0
732,0.234308952272404,1.00062900504563,0.373231851123273,2
571,0.205565323105548,0.601839881413616,0.358518460392952,1
312,0.91780358995311,0.106128184590489,0.683902689488605,0
457,0.201262803159189,0.791725812619552,0.549886620347388,1
1272,0.320423617717661,0.659163146287062,0.21340662172038,5
1413,0.31262118777639,0.602643627755342,0.210765525337395,6
1145,0.308105200383555,0.639379276738445,0.202675388921878,4
1509,0.306827217600149,0.606680001822781,0.209343174384757,6
934,0.173711042366922,0.924371185386553,0.556579280388542,3
143,0.870367241557688,0.0665730386972427,0.244981048628688,0
150,0.953230845509097,0.900317721068859,0.892519010230899,0
681,0.231357655050233,0.860285401018337,0.550128307635896,2
1416,0.312777602237814,0.598054470357721,0.206816968571704,6
536,0.198617299182806,0.774839381594211,0.447594371950254,1
556,0.203835819407832,0.55539524347987,0.265586186409928,1
1597,0.309709197661402,0.596466802075448,0.217728903425842,6
49,0.499665572773665,0.344455732498318,0.949034383753315,0
264,0.505410671234131,0.382711059646681,0.979996055597439,0
426,0.202008953299373,0.581604320229963,0.230771959153935,1
102,0.422919289208949,0.954337467439473,0.00423890352249146,0
1346,0.313382467407317,0.666856036745474,0.211942911196823,5
621,0.232754583058413,0.887479108665139,0.515310465334915,2
1361,0.303988424543181,0.661426735866383,0.202833638557325,5
307,0.186645224457607,0.792102713137865,0.327160747721791,0
334,0.1315143967513,0.250456790439785,0.995509473141283,0
439,0.205852058019955,0.582882952434011,0.406977750686929,1
1550,0.3140830728564,0.60548603300665,0.211961717041054,6
1037,0.311644499014507,0.629341573504187,0.204448601616591,4
186,0.384296948090196,0.0837861048057675,0.513710075058043,0
1394,0.312681074120019,0.661794895104646,0.215739477337921,5
178,0.0199411979410797,0.561885784147307,0.180151075124741,0
1281,0.315022621832352,0.663302824008646,0.217963275225595,5
418,0.202218329713214,0.75966862696223,0.491472352156416,1
165,0.169358876300976,0.505852103931829,0.490807353286073,0
420,0.198542885065544,0.88460204647854,0.46760906719137,1
1494,0.307992419847388,0.60246028065734,0.211368706765677,6
640,0.227429746529087,0.578800973738544,0.350396625790745,2
211,0.364295813720673,0.158559731673449,0.588427189271897,0
1260,0.311280298283288,0.66411985158864,0.212876163999825,5
578,0.202730478765443,0.784069376904518,0.717376584629528,1
320,0.195182181429118,0.241040154593065,0.493214269401506,0
1278,0.317875667965971,0.669307624081583,0.213749596340072,5
1184,0.300916593543782,0.625566410803261,0.213399668897696,4
181,0.380316230002791,0.470693064155057,0.889733129646629,0
1079,0.306045463480791,0.634509049641594,0.214117636334879,4
151,0.366340358974412,0.76786412904039,0.499004864599556,0
253,0.476712724426761,0.484247317304835,0.515582668595016,0
762,0.230565239053685,0.725959229771979,0.244561838195659,2
1234,0.309778423381554,0.668382372907992,0.212251972905844,5
931,0.168101531104185,0.986874932097271,0.676593151502311,3
208,0.117204793496057,0.302462537074462,0.132998528657481,0
1545,0.315615548922736,0.610322640710995,0.216293075147698,6
855,0.175145053372253,0.784633633587509,0.457357458514161,3
791,0.23431401792448,0.996660760394298,0.386314210225828,2
1068,0.319132792585328,0.633386708318077,0.208391281938332,4
900,0.168005101005547,0.936143934517168,0.331410973425955,3
144,0.466375268762931,0.228746742010117,0.452169180847704,0
971,0.172739488852676,0.889411510690115,0.410222463635728,3
1029,0.305751371629955,0.635075611249461,0.208981190486666,4
1472,0.310658969451471,0.598370880970012,0.217474666525439,6
928,0.167779969763942,0.893702967930585,0.546597194834612,3
292,0.405453847255558,0.252722835633904,0.589332418050617,0
1555,0.313340111892194,0.603288362028128,0.217596682076899,6
546,0.199551192168146,0.879123623738997,0.549645870202221,1
839,0.171977339459118,0.551367139234208,0.508238763175905,3
122,0.297341114841402,0.509335536044091,0.337701398646459,0
121,0.541128604672849,0.224744941107929,0.961743023712188,0
333,0.486701777437702,0.498934305505827,0.167033348931,0
999,0.167811546435114,0.949199592601508,0.264022682770155,3
1142,0.313710194231674,0.632316100778993,0.209101556369855,4
511,0.204960097805597,0.983242783485912,0.231358122290112,1
1166,0.308455772217848,0.630748077795665,0.2073155294636,4
1598,0.30960081014804,0.603177516304281,0.21703202828458,6
1316,0.311961544160258,0.660970953647117,0.217262485826458,5
881,0.175491265943274,0.905612323340029,0.525050145550631,3
742,0.229825864823069,0.911395527911373,0.524006456579082,2
564,0.198128232418094,0.796184001630172,0.407676133420318,1
619,0.230794000150636,0.527644785027951,0.426820022729226,2
1424,0.313313293751191,0.600305376397998,0.214203686939284,6
828,0.168969945986755,0.703330693324097,0.352143956441432,3
1536,0.299858999951029,0.598600506829529,0.213131611211294,6
1065,0.313268456981934,0.640115311541411,0.214210963370258,4
541,0.19653836739948,0.57786472318694,0.675953652337194,1
231,0.574048031587154,0.315422200364992,0.381859158398584,0
786,0.234446230994072,0.51882367618382,0.529860643530265,2
1115,0.312386753049022,0.637399563671247,0.216317164508901,4
455,0.203552448549308,0.912766085378826,0.443849012814462,1
859,0.175517068821937,0.996139904973097,0.422764377878048,3
1003,0.313366919774145,0.633297251735605,0.212455920888785,4
1231,0.320007862366706,0.667384284861249,0.215709390327397,5
1393,0.306999106192889,0.661984279796202,0.215822646307115,5
630,0.229135454734787,0.722930286452174,0.392532826028764,2
659,0.233894123020582,0.575614070892334,0.475569654465653,2
40,0.878865313716233,0.848502892069519,0.589231562102214,0
624,0.227771740334574,0.965434084786102,0.33127918697428,2
777,0.229797690385021,0.697396562341601,0.301242530322634,2
446,0.201622302315664,1.00442127222195,0.25295210860204,1
465,0.200421084421687,0.557881874637678,0.70453320092056,1
427,0.204486578803044,0.940511181158945,0.415848214970902,1
590,0.202696045429911,0.841647574235685,0.609117896622047,1
856,0.169503639074974,0.639596035843715,0.280193267483264,3
747,0.231801016638055,0.629690431663767,0.520183786493726,2
832,0.171585152412299,0.914900101278909,0.381078752200119,3
506,0.20416038057534,0.652015607943758,0.573373299767263,1
70,0.390590144321322,0.792201254051179,0.256665647262707,0
686,0.234329664988909,0.709095364925452,0.54771977881901,2
868,0.171364880842157,0.635960956825875,0.702047679200769,3
433,0.196570812547579,0.732150384015404,0.346057612774894,1
1525,0.313463389794518,0.602524621232518,0.206925607549879,6
1105,0.300278139143045,0.625590660744154,0.214608224452014,4
1473,0.314898681378433,0.608498267321634,0.203111183599597,6
34,0.0457901910413057,0.0241695980075747,0.994543923065066,0
1544,0.310080522856463,0.608373098497557,0.213784692252527,6
612,0.22653681665659,0.703059236542322,0.715468028886244,2
1090,0.315858184819222,0.625968613786047,0.210057451318052,4
416,0.203650116764475,0.82888594144024,0.440196758927777,1
789,0.23430655258242,0.854729976179078,0.5705081948312,2
717,0.229938743393868,0.907732438785024,0.568580556870438,2
214,0.72723956592381,0.627883734647185,0.457419939804822,0
1100,0.306424609235894,0.632803212425733,0.214830174624492,4
744,0.228118847955484,0.571697608474642,0.695377233298496,2
1541,0.308788552038624,0.603571613327392,0.21203566311881,6
601,0.227744576383848,0.638429780164734,0.417850783537142,2
1179,0.312480686702208,0.636291892677607,0.208632903390444,4
1484,0.314994710801229,0.605416768991396,0.204371726681763,6
447,0.199853405111935,0.601435794285499,0.318336475268006,1
242,0.509421508293599,0.593455270398408,0.436568207573146,0
1510,0.310194429440582,0.604772484887246,0.21822445461809,6
618,0.235564367999323,0.954790432844311,0.312089739926159,2
286,0.39356941729784,0.287192928604782,0.413737448398024,0
790,0.233331380004529,0.976680088113062,0.479187906114385,2
1436,0.312161826233851,0.603546737542168,0.217763395406006,6
1081,0.309112092945736,0.633048597827517,0.208734965218029,4
241,0.91402240539901,0.335071843117476,0.543535588541999,0
680,0.233068015892059,0.816470596031286,0.448161959974095,2
112,0.0754839177243412,0.276575764175504,0.110747288912535,0
1427,0.307072295860235,0.601302940134696,0.206466585980859,6
123,0.614199832314625,0.920498652616516,0.102835555328056,0
544,0.20539612577064,0.651889987429604,0.448069078009576,1
892,0.175039412542246,0.919294853368774,0.503836960042827,3
1245,0.302335871799591,0.660706034860436,0.21312668182387,5
1352,0.316150111437781,0.647810490148886,0.216090822880351,5
1299,0.319936458926461,0.662949378608456,0.208841208992282,5
468,0.201933904716279,0.617905079177581,0.470758200949058,1
748,0.233452952490188,0.846699954499491,0.279780204966664,2
1060,0.307888446249676,0.633761581563418,0.215399736982576,4
824,0.17516270053573,0.788756161020137,0.271120193856768,3
589,0.197621418384369,1.00472426684573,0.507106416136958,1
89,0.648799423128366,0.408039034809917,0.88666623365134,0
998,0.171362473068293,0.815978651423939,0.63528060480021,3
365,0.225174349267036,0.229015900986269,0.119713531341404,0
417,0.199774784743786,0.555302454181947,0.395427547837608,1
555,0.202863143994473,0.96504996183794,0.227250525006093,1
1048,0.311991334443385,0.637574955407846,0.206487084737164,4
1044,0.310706907910484,0.629300867035868,0.211522817712942,4
503,0.199962071576156,1.01336337116081,0.413385662692599,1
78,0.377449258463457,0.00437857443466783,0.638443637173623,0
262,0.440649243770167,0.683441641740501,0.793767648050562,0
831,0.17383886303287,0.523661294393241,0.393489310145378,3
751,0.232309324478265,0.911502994969487,0.338694336218759,2
472,0.204080594037659,0.758798203221522,0.258674377552234,1
1043,0.311771530286935,0.636164893472415,0.215959909013737,4
199,0.311526473611593,0.804994406178594,0.452066112076864,0
898,0.169183612130582,0.646619951957837,0.410955965844914,3
1464,0.308488749752603,0.605267098083989,0.219399400417548,6
15,0.0405394982080907,0.29084893479012,0.982691174373031,0
1407,0.314294288788622,0.603173853686276,0.212759605124971,6
1366,0.307378055182046,0.661474756874915,0.209794561214724,5
1458,0.312498086345017,0.600648137070297,0.214225573675575,6
1291,0.308187973702101,0.663637542130557,0.208463515574897,5
185,0.664233535761014,0.578233081847429,0.297640104079619,0
660,0.232744522995781,0.618712362740189,0.711720464611426,2
471,0.20572840756271,0.854130889079534,0.291157609643415,1
293,0.370958495419472,0.694042353890836,0.981365360552445,0
945,0.169061986929737,0.670222637616098,0.315057268692181,3
1129,0.309446616939545,0.643855637964748,0.210897556908083,4
1282,0.311873485896438,0.659597266767096,0.22075829680088,5
355,0.464807663345709,0.788680763682351,0.864071561256424,0
50,0.653321494814008,0.26079069962725,0.412570000160486,0
613,0.228128362207208,0.827962371543981,0.467358790780418,2
1315,0.314363900827099,0.659809461711886,0.207422646116329,5
291,0.29504808713682,0.0707552898675203,0.616224217461422,0
1320,0.308148473989731,0.665509638778365,0.215021665517339,5
246,0.953265041811392,0.53697090013884,0.854013994103298,0
940,0.172774333567359,0.901740636816248,0.398372185626067,3
64,0.820990402251482,0.0454214008059353,0.900817697169259,0
631,0.233485395482276,1.00335168095771,0.225087061035447,2
24,0.873027598019689,0.707827987382188,0.665711906738579,0
661,0.230968424654566,0.860274484870024,0.55665944328066,2
877,0.175463669626042,0.593210137472488,0.592412401898764,3
1487,0.306728483163312,0.60253356977109,0.219970566356551,6
804,0.173824531536084,0.78550043948926,0.333368847589009,3
254,0.774876039475203,0.980404072906822,0.757873157272115,0
1036,0.309325922925473,0.634794658719701,0.208334140334444,4
1000,0.169929837533273,0.55447915547993,0.397424365137704,3
773,0.228580531359185,0.82024834912736,0.32886485834606,2
592,0.205847206553444,0.599191952054389,0.564952187333256,1
116,0.502857343992218,0.943030011840165,0.736338198417798,0
52,0.578066349029541,0.0658329834695905,0.473579096607864,0
345,0.572189160622656,0.5737135973759,0.574564539128914,0
1033,0.313586632719275,0.624962465600879,0.213420000495591,4
91,0.936304756905884,0.842616226291284,0.432016318896785,0
1386,0.312091253071738,0.654077488567795,0.203101065963018,5
324,0.826381427003071,0.395045818760991,0.799672075081617,0
579,0.199169316187035,0.632303416053765,0.371897731418721,1
1433,0.309072319785497,0.611193997426632,0.213846346343804,6
1330,0.314528877278773,0.658279866900086,0.210785723086354,5
1221,0.312191251516542,0.663114786055323,0.219738069792251,5
1540,0.313057555293661,0.605944069537573,0.213866880988717,6
985,0.173618862440344,0.939369274559431,0.389814934320748,3
196,0.0546933277510107,0.676984859164804,0.560343533754349,0
58,0.880874833790585,0.402995147742331,0.441738001070917,0
1504,0.315311730218436,0.596685248104273,0.20546588271228,6
306,0.934095078147948,0.934850302757695,0.734742546454072,0
527,0.20576009452343,0.932761991536245,0.653066058270633,1
981,0.169524833520409,0.59992228182964,0.274417323619127,3
1159,0.314016276753424,0.640169515750638,0.222783476751268,4
1409,0.313167040109887,0.597939443926156,0.219884497610308,6
93,0.536337117897347,0.293892584973946,0.894733144668862,0
272,0.946308439364657,0.382489858660847,0.602095944806933,0
87,0.924014391610399,0.936731136171147,0.782555792713538,0
874,0.174765201818664,0.586837872653268,0.510839454689995,3
336,0.319233909016475,0.38642979436554,0.685190757503733,0
111,0.589293046621606,0.157997154863551,0.102803023066372,0
917,0.173817579031456,0.833061705483124,0.351403124257922,3
673,0.234361511012539,0.910668398626149,0.639290550583974,2
227,0.121651320252568,0.796496617840603,0.846461364300922,0
1590,0.305566134192351,0.602958187459566,0.209768961218909,6
816,0.166632288035471,0.768432170059532,0.703772732964717,3
1077,0.312870525550191,0.630538499816091,0.214748308311537,4
1412,0.31391395708417,0.595971931121907,0.213547398723322,6
1176,0.31722010979752,0.634976671930306,0.208221434344867,4
268,0.335132616339251,0.233030343195423,0.769616106525064,0
1288,0.310153631262307,0.668126848544407,0.22020910997326,5
1293,0.306112578779327,0.668353233444409,0.207615502539081,5
1143,0.306152416083298,0.638832759701795,0.218531668835676,4
961,0.172074495414272,0.670039172424004,0.672495929035358,3
281,0.558526376262307,0.889496213523671,0.212891449220479,0
493,0.197546609777492,0.871991891087964,0.514535658620298,1
1222,0.309960093556084,0.666514680062418,0.214128305962501,5
1201,0.298121488811465,0.661806067123642,0.208937322381232,5
386,0.814423157600686,0.935537581564859,0.214977390132844,0
488,0.202533589566592,0.753998827445321,0.639306139876135,1
159,0.875224047107622,0.129951935028657,0.00887525430880487,0
1591,0.31066851424595,0.597804437986891,0.210154089969502,6
28,0.876447988674045,0.593975699972361,0.866373343160376,0
908,0.174780197937507,0.841342899855226,0.531783179938793,3
220,0.511263045016676,0.276109122671187,0.995667323004454,0
1402,0.308933363334825,0.600223227557841,0.212987664596297,6
989,0.171262646696996,0.987047085911036,0.639206847851165,3
1175,0.303478456198549,0.62686749606517,0.215282595233687,4
1488,0.311068426181466,0.594139843710162,0.21529319764014,6
1471,0.319317089853512,0.602910178057907,0.20607703422384,6
834,0.167939818173181,0.879371059150435,0.465992444520816,3
1422,0.310051253346028,0.600262665558432,0.210770520723206,6
298,0.452048771316186,0.433054853929207,0.13292224612087,0
628,0.235563292095903,0.711999086220749,0.314348769118078,2
627,0.235419331141748,0.692219035374001,0.669557972555049,2
910,0.172973042936064,0.797682727361098,0.280997533211485,3
57,0.511982131749392,0.451451589586213,0.91889773029834,0
73,0.0286822791676968,0.401247032685205,0.160061358008534,0
1490,0.306068437820674,0.605705876104328,0.211336944788809,6
1460,0.320092061261411,0.605458373921717,0.206075865995409,6
651,0.233874310753308,0.775952424411662,0.312271048873663,2
175,0.586396867409348,0.820473037194461,0.987441611476243,0
134,0.845550634665415,0.0336914414074272,0.117862900020555,0
644,0.235592929958366,0.840875196061097,0.44464159172494,2
1093,0.301439529214227,0.634114865781669,0.212381023857178,4
864,0.173089234340005,0.975814718427137,0.383692822162993,3
1372,0.299739486406325,0.661626329310229,0.218339695973252,5
232,0.432191434316337,0.272554843686521,0.138340582838282,0
133,0.101382622029632,0.336271410109475,0.89562693121843,0
941,0.171546511049382,0.772879849444144,0.57113471205812,3
149,0.352394256973639,0.343549482757226,0.7367979506962,0
622,0.23145477446029,0.828173782583326,0.452223631530069,2
1572,0.309782704954664,0.608267436054123,0.212361853318808,6
1193,0.313623476351563,0.626787082144779,0.213326186319769,4
1257,0.309055933428552,0.657290523740411,0.216759632927095,5
523,0.201232065055519,0.857102605770342,0.504136274079792,1
129,0.448697407497093,0.307638911763206,0.79159716819413,0
885,0.175845947773196,0.93930340106599,0.702443074178882,3
1326,0.313745851326469,0.663932137317195,0.215393937692973,5
1333,0.314085290322816,0.66020017220456,0.218464430377662,5
1454,0.314541649975024,0.601920596005042,0.209257427374424,6
353,0.38385905046016,0.318532539065927,0.0745136444456875,0
66,0.808988441713154,0.383200686890632,0.907858590362594,0
950,0.173602811847813,0.595923903072253,0.271572433621623,3
451,0.196352892939467,1.00580376703292,0.41280367327854,1
800,0.231720473812893,0.955994022334926,0.314369748323225,2
368,0.194309182232246,0.985798184527084,0.58535146759823,0
1396,0.319601013318659,0.662601081850177,0.211542724932914,5
965,0.169813680590596,0.595961183798499,0.446347933355719,3
809,0.16685660693096,0.845669023366645,0.222922624414787,3
779,0.227060864572413,0.73271722313948,0.328416131529957,2
970,0.174921787194908,0.723229092801921,0.488752885814756,3
1511,0.310933836206998,0.601699875998477,0.201260916168973,6
424,0.202133316935506,0.708474882086739,0.232554612890817,1
706,0.229066099799238,0.875656874990091,0.314674159605056,2
221,0.200410547433421,0.919175615999848,0.681475984398276,1
521,0.200082870963961,0.998715513874777,0.608697933703661,1
130,0.201615507248789,0.315959035651758,0.956233017845079,0
835,0.175102499884088,0.861580277699977,0.70616904841736,3
583,0.197633216984104,0.743394675455056,0.685786680527963,1
678,0.228709125651512,0.557993790972978,0.228494036337361,2
349,0.554767536465079,0.549803511239588,0.26457956363447,0
754,0.229261118986178,0.845154401753098,0.408845805190504,2
548,0.201180864563212,0.586057348432951,0.469051504135132,1
1170,0.314031238011648,0.634871762127457,0.206154595290041,4
1200,0.316672168468512,0.628036593340658,0.211984285802101,4
397,0.731339709600434,0.431873150868341,0.664676285348833,0
1515,0.317822726553723,0.596996928113445,0.214131301135748,6
895,0.172391950963065,0.73548601185903,0.502466264972463,3
1303,0.30926812556457,0.664628614550224,0.204759417410678,5
1400,0.304319463684383,0.65967166269363,0.212757291457158,5
524,0.199037799725775,0.602591888420284,0.62149316733703,1
575,0.202788506546058,0.675594623340294,0.293533902941272,1
110,0.500812422484159,0.609778144396842,0.92753932136111,0
1013,0.302849175847815,0.626376863033642,0.20627123883504,4
348,0.204667745856568,0.532916517462581,0.017146147787571,0
1261,0.313511327543125,0.659400383887321,0.203363932467458,5
330,0.641321410192177,0.659347949083894,0.416179610416293,0
1038,0.303664663553862,0.634669975960153,0.215560292017941,4
654,0.231834007541183,0.657152839493938,0.420368560682982,2
1005,0.310819336361869,0.629096353600575,0.204512840305241,4
192,0.13058196217753,0.358081624377519,0.533162640873343,0
1212,0.309600545249182,0.674418541407213,0.208765282808239,5
484,0.20217544866493,0.857637466886081,0.663115469715558,1
591,0.200422288696282,0.544898642366752,0.610639025084674,1
1223,0.309556233682427,0.659767517683014,0.21411364900752,5
1124,0.304109554219983,0.628454011758675,0.213796044856018,4
289,0.771453688852489,0.125723381293938,0.679900854593143,0
1547,0.311605720722487,0.604488703361497,0.213155954840582,6
280,0.741462796926498,0.616417419398203,0.938893364509568,0
1192,0.312483818237677,0.631419304118403,0.212625956089537,4
922,0.17321636880748,0.749721230147407,0.239666606858373,3
1414,0.309753870950191,0.601238783995593,0.215583850790135,6
903,0.166457789081614,0.778322535241023,0.546014416008257,3
475,0.205601813683752,0.757334893126972,0.632721437234432,1
899,0.17132252846146,0.804132276354358,0.42796974289231,3
783,0.233502348023467,0.666131809144281,0.294570819102228,2
1232,0.315317044212452,0.659576719332216,0.210576938840837,5
229,0.583384441910312,0.858579875668511,0.991451012436301,0
412,0.204671320789494,0.867217548447661,0.655531695438549,1
327,0.00763957295566797,0.453877166379243,0.39853151794523,0
1099,0.309668014151484,0.631692684744729,0.218090899117774,4
454,0.19929961978225,0.551569544267841,0.244813520205207,1
1118,0.312869250756078,0.636115652134569,0.20070417100103,4
639,0.23020810612943,0.610795169626363,0.323523401725106,2
763,0.235589535629842,0.599061300302856,0.451538661587983,2
1181,0.306606768491954,0.637974759963781,0.213475660761843,4
861,0.168403181293979,0.730330516491085,0.348366726282984,3
1492,0.309133071483168,0.608252019288145,0.215278537024317,6
476,0.204705722795334,0.604313634359278,0.548061684914865,1
1363,0.308254796932276,0.659149795145981,0.215652247977768,5
230,0.569289199309424,0.0861456128768623,0.417529121506959,0
1127,0.310355668304115,0.630524553717497,0.208919541581048,4
1465,0.31716143194053,0.603710813944118,0.215381989569937,6
769,0.233793991708662,0.670620747399516,0.358038587588817,2
318,0.973992097657174,0.542679563630372,0.349720732774585,0
983,0.166578442330938,0.552115248190239,0.705165494326502,3
991,0.173421469901223,0.914702142728493,0.390548663074151,3
729,0.235529699239414,0.949145497661084,0.349321168242022,2
1247,0.301752854433346,0.673136874546834,0.21721341914893,5
1052,0.317794770262842,0.632847672035395,0.212461616873382,4
303,0.162564867641777,0.460590737871826,0.63767216890119,0
1423,0.312252747942331,0.601983542055006,0.212630022743774,6
408,0.197261570333503,0.767449095868506,0.514106967579574,1
302,0.376289072912186,0.508044664049521,0.0885465419851243,0
1521,0.311415006690782,0.590807179373004,0.213733656779287,6
1517,0.309522883354065,0.59458019606429,0.212310911706722,6
887,0.173879323438741,0.667497236537747,0.493665424850769,3
357,0.740887932246551,0.58662361302413,0.398415040457621,0
1531,0.309765941887819,0.605346540816164,0.222273789176103,6
1440,0.309329145027679,0.598619336254229,0.218929149464971,6
26,0.391489364905283,0.939927396830171,0.00407115649431944,0
581,0.201150649497286,0.944830737449229,0.44175928235054,1
10,0.0991063020192087,0.405153381638229,0.821448385715485,0
1235,0.313470985670589,0.666232116976987,0.216818813409518,5
1344,0.311576463197114,0.666907541168988,0.212246408685543,5
1240,0.32296690449349,0.663017673728213,0.213191650863966,5
695,0.229824303376954,0.830287414859049,0.586193399364129,2
966,0.175530982757919,0.739509590226226,0.313045881432481,3
245,0.180560228414834,0.253910782979801,0.425246727885678,0
148,0.642249112483114,0.732684870017692,0.738895574118942,0
764,0.235904069496319,0.933507335861214,0.491018144506961,2
825,0.169314411145169,0.854566174466163,0.710260939411819,3
136,0.846928947139531,0.778315043309703,0.444047338562086,0
1387,0.312075574593026,0.664860133511699,0.212844730223817,5
1499,0.310004177795465,0.594964660324522,0.216239010502487,6
718,0.232362711371388,0.538699382706545,0.636054672277533,2
366,0.664071578998119,0.966548911761492,0.491569627076387,0
74,0.675532064167783,0.292542230337858,0.402504616882652,0
1579,0.307556489048213,0.604177244900053,0.212392113364008,6
768,0.229102074222174,0.6501550398767,0.675761354365386,2
1530,0.308260793015271,0.599649341032652,0.211785661338762,6
812,0.166245927838609,0.951550405030139,0.349115951079875,3
1188,0.30722169864204,0.626676596062637,0.207706571860943,4
528,0.196661256311927,0.722603388736025,0.470705515681766,1
743,0.227396453353576,0.938807465624996,0.354338257201016,2
815,0.166877639100421,0.967845231899992,0.287508138664998,3
797,0.233110080945771,0.757480518333614,0.44085234075319,2
204,0.139902779599652,0.270894592860714,0.833491039928049,0
72,0.951622380176559,0.933392075356096,0.0577116925269365,0
586,0.200669019403867,0.796438190760091,0.29654071489349,1
715,0.232348515868653,0.625134819443338,0.314852830348536,2
1008,0.309788027870581,0.640041890365208,0.218968076224647,4
547,0.196651425368618,0.704383507859893,0.588955705147237,1
380,0.269570554140955,0.97735075186938,0.457632955163717,0
247,0.732525378931314,0.423260702984408,0.456390382023528,0
1050,0.322809973666753,0.631386324422577,0.216204812902567,4
1401,0.30963310455428,0.592026757631833,0.225808145832498,6
1096,0.315800406704763,0.628643150535038,0.213153389988759,4
356,0.154170705005527,0.0718893848825246,0.4617839474231,0
1331,0.31124200024206,0.663482296380934,0.216327641427798,5
1489,0.303251514659681,0.610135634152656,0.215381626099088,6
1469,0.310377659630681,0.601068874153822,0.217409462142342,6
519,0.197843213977758,1.00219694690313,0.382800421654247,1
986,0.175298858082388,0.959548144973815,0.637276155385189,3
1421,0.304629045363511,0.603273102474293,0.209115348076741,6
67,0.961734757293016,0.113477767910808,0.50051490101032,0
819,0.167672387668863,0.849119310406968,0.66387647271622,3
517,0.205164951346815,0.808358493517153,0.442478744522668,1
1574,0.315626330292673,0.603450247311318,0.213811269392858,6
1086,0.312486660506217,0.631526606428394,0.21495860556722,4
322,0.689525014022365,0.601217027753592,0.894134161062539,0
1373,0.314240338509557,0.655820271755078,0.214232250594699,5
574,0.199970259859692,0.882320653903298,0.568013227987103,1
932,0.166283491912764,0.693859472544864,0.665014612697996,3
1306,0.311299625573111,0.658691347924506,0.2162696761309,5
806,0.173710968417581,0.544567753584124,0.315962682105601,3
905,0.175519410956185,0.964575615851209,0.435354649880901,3
798,0.232110606702045,0.589610846154392,0.507185229077004,2
1173,0.307148704796285,0.63287681373704,0.216315432985057,4
1448,0.31975379840247,0.603869620343922,0.217201872227985,6
282,0.521871836623177,0.0752496742643416,0.0850692261010408,0
1085,0.311351793656082,0.630329424040129,0.216512244670595,4
32,0.89652215433307,0.107314933557063,0.567250166554004,0
1284,0.314104099425069,0.663671531793056,0.202060120458317,5
1479,0.315748169113831,0.599186893772873,0.213508237211295,6
1197,0.312477662904921,0.637698846587685,0.220136654457061,4
1169,0.309154609722856,0.638171624631684,0.219451734440806,4
656,0.233233003776986,0.898205289407633,0.329877233691514,2
137,0.968906093621626,0.132472469238564,0.346018285490572,0
1381,0.313102073925373,0.659859106227335,0.219037394297853,5
371,0.294804523233324,0.281880657887086,0.470410970039666,0
1311,0.319859130607527,0.658688644049382,0.200730775637868,5
821,0.166965661016293,0.844292673538439,0.336035353923217,3
636,0.235676540939603,0.900942823756486,0.519539359933697,2
760,0.227749067363329,0.694023441546597,0.467503608530387,2
359,0.668070018524304,0.170981240458786,0.640775853767991,0
1455,0.303406683888136,0.604021167785713,0.20773849072704,6
440,0.20586537434021,0.81213473030366,0.524559611896984,1
946,0.171548435024451,0.898204757855274,0.606536118872464,3
42,0.442683770786971,0.237022636923939,0.382156726205721,0
805,0.167022512301337,1.01508178401273,0.626654070196673,3
478,0.202867380410898,0.563478924822994,0.636341017996892,1
904,0.175797163515817,0.751881960919127,0.52353437661659,3
993,0.168961141281761,0.880935206450522,0.451683363155462,3
1411,0.30865495541971,0.602099867826539,0.21694757781758,6
442,0.19750222358387,0.833325343229808,0.628377360617742,1
846,0.168545060665347,0.853606154466979,0.573643089598045,3
1161,0.307450688637517,0.629271957053498,0.207883951472951,4
402,0.201922022032086,0.882453068066388,0.63281839711126,1
1249,0.309418739930311,0.660824698395775,0.213285982611391,5
526,0.201158095032442,0.786207221937366,0.569525906676427,1
560,0.201389843323268,1.01680514824111,0.393325950577855,1
1230,0.315770701504843,0.657553888987467,0.20988388485759,5
314,0.169743636623025,0.741495471447706,0.157239771448076,0
1026,0.308283610774162,0.639401556224846,0.206201567312128,4
707,0.235036004961003,0.74119799004402,0.59708386156708,2
1295,0.313525887089078,0.658481907124195,0.218076014270087,5
956,0.168018736175727,0.549235371197574,0.444823842705228,3
1250,0.304655203336549,0.668611459375096,0.221643002532063,5
258,0.906938574044034,0.852238815976307,0.885248239617795,0
162,0.577074815751985,0.138095353031531,0.486852555768564,0
826,0.17291134128347,0.64278939368669,0.627784891962074,3
163,0.520381042035297,0.265297113684937,0.0513008802663535,0
290,0.507825034437701,0.789202630752698,0.849153173621744,0
1360,0.304162761626767,0.65730951842142,0.219163569153874,5
504,0.204423455109354,0.579279719758779,0.54384925016202,1
177,0.449876643717289,0.164013394154608,0.145886561833322,0
1443,0.312659405825701,0.60977609846272,0.223001674193574,6
1021,0.306113802022819,0.631939552551571,0.202188452604795,4
239,0.0608490246813744,0.231059262761846,0.396879988955334,0
338,0.44092911388725,0.803694264963269,0.898505435790867,0
933,0.166448469744064,0.8988994497573,0.61072454971727,3
666,0.234412633515894,0.520109539059922,0.442124300845899,2
568,0.199864553669468,0.813874562410638,0.417744673648849,1
285,0.508665339555591,0.0395339170936495,0.330455061746761,0
794,0.232593750385568,0.827595916832797,0.320545414090157,2
301,0.675652337726206,0.207592845661566,0.0222642587032169,0
401,0.19894887321163,0.685828780429438,0.273452320345678,1
500,0.200162978558801,0.756053196522407,0.281266210461035,1
169,0.473641171818599,0.672015160089359,0.397628956008703,0
1242,0.320279109327742,0.660439817494426,0.211273761405677,5
1568,0.310279592944346,0.599823209225176,0.214123652541149,6
616,0.228551517871674,0.88223241539672,0.700906061893329,2
284,0.631027701310813,0.22647044248879,0.397701430134475,0
1206,0.317011437867748,0.66885699761834,0.205625267520958,5
1528,0.311768094720659,0.613637132581296,0.21132167253504,6
540,0.204023575456813,0.588915229332633,0.572053179005161,1
458,0.202044968605042,0.968295203777962,0.390570501657203,1
316,0.243273390457034,0.838848936138675,0.938258113339543,0
379,0.235745542449877,0.685876592528075,0.334388199262321,2
485,0.205366225009784,0.822171563189477,0.558513358212076,1
1229,0.307980498119203,0.66310785753652,0.20897362640138,5
604,0.228229379043914,0.911936505138874,0.297688785218634,2
429,0.202376013859175,0.955058520566672,0.680045161023736,1
1496,0.316614777202152,0.604712217776785,0.222604261010358,6
1513,0.315559569943639,0.611461589178224,0.218326142504745,6
512,0.198965787827037,0.917334145773202,0.450851476495154,1
633,0.228159297213424,0.940420737396926,0.640305787767284,2
481,0.199060903624631,0.967117532528937,0.434941096557304,1
671,0.228603475545533,0.845028433157131,0.401481952262111,2
1497,0.310721321178047,0.601367973848829,0.209445350943397,6
770,0.227142431726679,0.757461958937347,0.700680282874964,2
1275,0.299408536295412,0.659807495718505,0.209537575050482,5
201,0.111219345591962,0.173401728738099,0.0186640082392842,0
799,0.233586783015635,0.556173307960853,0.342902556969784,2
1032,0.303345307601169,0.623660324918316,0.210214184712629,4
373,0.845396897057071,0.253119712695479,0.971656722016633,0
461,0.204561675740406,0.661249816208147,0.526153987250291,1
994,0.170905478564091,0.812681742268615,0.228619916806929,3
606,0.233809648400638,0.740349544351921,0.563524315459654,2
1236,0.313425417968946,0.666816985228399,0.212937587375659,5
61,0.151402155868709,0.987899702275172,0.137067670933902,0
883,0.168905336442404,0.764639201830141,0.237552365497686,3
1365,0.317230302109124,0.659480033011151,0.220020539135978,5
477,0.201760650682263,0.85470153207425,0.277915903460234,1
964,0.174616860128008,0.614679113170132,0.280473571480252,3
935,0.170973298836034,0.966828426485881,0.283027563802898,3
1186,0.301714976719984,0.636224938031538,0.21388057151723,4
549,0.199993884025607,0.813635693304241,0.466775668878108,1
888,0.174978863860015,0.92967030047439,0.36772780304309,3
1049,0.308311938444589,0.641979989766671,0.214111451923492,4
419,0.196832875474356,0.919044133764692,0.347860429761931,1
684,0.232432328907307,0.523078886116855,0.461825326876715,2
1437,0.309596141098813,0.601099903319351,0.208936979580984,6
276,0.665161166805774,0.118820347124711,0.413476092508063,0
1305,0.308899364852919,0.666364324378908,0.217251207752254,5
843,0.16660612189211,0.727936419565231,0.336556232627481,3
413,0.200128962516319,0.623212311672978,0.378462054976262,1
346,0.461305825039744,0.378012812696397,0.32398652122356,0
252,0.681140950182453,0.802219530567527,0.513671217719093,0
1534,0.315845337644426,0.599251484732757,0.210802458902313,6
649,0.232791839786805,0.706682177283801,0.272110845055431,2
1481,0.306132877120031,0.604432342362318,0.217322418852224,6
295,0.151100734947249,0.40670031029731,0.237106530927122,0
725,0.235819505220279,1.01327510890551,0.608061006618664,2
1462,0.313882900504162,0.601701729848929,0.211266180298817,6
462,0.202970651153009,0.812098493124358,0.595113740861416,1
531,0.203379079375882,0.736701194802299,0.466434300038964,1
482,0.19907477480825,0.775595596316271,0.364415668626316,1
466,0.201520060682669,0.788456556643359,0.409594696341083,1
319,0.273393265670165,0.962313004769385,0.334066021023318,0
265,0.569309333572164,0.794750743778422,0.653184359194711,0
879,0.175065039969049,0.930874419189058,0.483484821370803,3
1564,0.312536035282435,0.600307975688525,0.208408597420924,6
1435,0.308211068100312,0.600821086108605,0.211800547621223,6
1342,0.311794528824315,0.662868517266698,0.210755104083166,5
1588,0.313208826007273,0.597344894252742,0.216635343190639,6
1335,0.317916868383193,0.663714382490559,0.213064262062526,5
115,0.836451420327649,0.241664726054296,0.0748354992829263,0
1045,0.309901677567092,0.630072459362472,0.21197945754584,4
1395,0.317005672637992,0.662644212284318,0.218627670540709,5
807,0.167091919416562,0.791867404966615,0.453886999259703,3
611,0.22972492715111,0.726097366446629,0.434414344583638,2
1204,0.314479579669964,0.668172142722427,0.218014546324936,5
1233,0.310360624416099,0.672290346085872,0.213688700240037,5
901,0.172690234959591,0.928739616787061,0.510498940688558,3
287,0.177487149601802,0.479981772834435,0.442394613055512,0
1285,0.311571296080521,0.661532727760645,0.220101260289576,5
907,0.16745888531208,0.61942412997596,0.430737192369998,3
309,0.0904623339883983,0.645882692886516,0.538233241531998,0
135,0.420265717431903,0.852430778089911,0.711840391159058,0
1228,0.304474707941942,0.672890454053695,0.214507105529304,5
267,0.103172312490642,0.698678695363924,0.995211986592039,0
638,0.227066462973598,0.804508424620144,0.367904233955778,2
699,0.229768262193538,0.829150404804386,0.648209881247021,2
872,0.172258917337749,1.00272718656342,0.245907442853786,3
84,0.544072507647797,0.615678019123152,0.353508297586814,0
104,0.741134298266843,0.543436008039862,0.188222632976249,0
1477,0.312953772080583,0.601645159934019,0.208637783772681,6
867,0.173387165740132,0.751581729995087,0.395894015417434,3
936,0.174839000878856,0.821008205204271,0.51724085570313,3
766,0.234119591265917,0.976564574777149,0.591237843944691,2
107,0.301437471760437,0.840890464605764,0.534195230575278,0
168,0.14629870140925,0.889196432428434,0.857890346320346,0
787,0.235514542928431,0.817346284305677,0.505155676254071,2
689,0.228801796194166,0.817016615904868,0.33425382883288,2
620,0.232882816572674,0.980633837659843,0.228253127634525,2
99,0.0948094704654068,0.169493487337604,0.671096649719402,0
1191,0.322254400090631,0.633384397094983,0.215412141072471,4
1276,0.31642141750057,0.664065613772252,0.210506965905702,5
650,0.226679203088861,0.894697212870233,0.600304771889933,2
788,0.235668348819017,0.787132627237588,0.308549216808751,2
585,0.20402995812241,0.943481525080279,0.329019275819883,1
191,0.919158470351249,0.837354369694367,0.897711131256074,0
1062,0.308164418191736,0.639981972958283,0.210616097780021,4
1280,0.309324883491477,0.661316452783338,0.21346627768961,5
1163,0.315041797420268,0.63971189478194,0.217364405063722,4
1485,0.307365199176447,0.598307573640593,0.204588733732621,6
347,0.649251436116174,0.436663517262787,0.460971780354157,0
552,0.203551680017263,0.93924187545199,0.421512177190743,1
716,0.228145475962665,0.600284414738417,0.626997756399214,2
51,0.771687223576009,0.571256440365687,0.0107067869976163,0
1350,0.310221242060778,0.668391520959715,0.208539496468516,5
977,0.17174191122409,0.724682797235437,0.327846574573778,3
126,0.68360029021278,0.536480026086792,0.271435764152557,0
1097,0.304038822282601,0.636864441612206,0.211016875019249,4
1328,0.310356707812764,0.659517643831247,0.220522951999178,5
1478,0.314936890314396,0.604862268902717,0.22030094907462,6
1225,0.310493342756103,0.667097766274318,0.204054635131424,5
1470,0.309012760690437,0.607459385326268,0.210817662561904,6
167,0.117406874196604,0.312035411829129,0.280908399261534,0
1482,0.307252073387199,0.597892078348686,0.211986903114501,6
335,0.282288127345964,0.494572241557762,0.0433355958666652,0
469,0.204913477515802,0.811018895730376,0.280248397472315,1
1529,0.313179513073828,0.609622582057669,0.205680808036604,6
14,0.359841974452138,0.885721801314503,0.579335237620398,0
1385,0.308940038785715,0.656812215439215,0.198881526606922,5
1073,0.316152151319327,0.635273535450622,0.20508406093015,4
1522,0.312442241639913,0.603192848884026,0.20448024146145,6
207,0.940719726495445,0.235405633226037,0.0672505225520581,0
18,0.55327145778574,0.648924262495711,0.453750775195658,0
1523,0.316204836972905,0.598604367758138,0.214092943511187,6
1111,0.311830064002695,0.635772058282017,0.215983318300872,4
576,0.203824193247128,0.982468032301404,0.68735840250738,1
918,0.16879184125457,0.842925522266887,0.421442774799652,3
1389,0.320817904694561,0.656562262889015,0.213720238444775,5
988,0.175798004996032,0.543664631457068,0.440547522483394,3
1041,0.311466127954023,0.634147092509643,0.211568348859681,4
976,0.168685695000459,0.537177510233596,0.49540157369338,3
473,0.205986473134253,0.576554424734786,0.486790156550706,1
537,0.198509310979862,0.757811864512041,0.556515399576165,1
483,0.197801308713388,0.519100632774644,0.278581243683584,1
352,0.491296993102878,0.95869982149452,0.148071704199538,0
1596,0.313923008549948,0.598977631640649,0.207981348328353,6
436,0.199290989323054,1.00033347799908,0.474702028185129,1
746,0.229952059255447,0.849882271047682,0.257404755079188,2
377,0.905715884407982,0.843830808065832,0.342177987098694,0
1379,0.30426017317252,0.669068013967606,0.220390165207983,5
1441,0.309488421191783,0.606335859530171,0.214214029427797,6
516,0.202936559678055,0.532398362783715,0.656237586261705,1
189,0.872163551161066,0.187205478316173,0.832169628236443,0
1254,0.314594198341667,0.660676264663923,0.211546064474,5
1447,0.309956114945734,0.60654216328543,0.210981603610901,6
81,0.977526672184467,0.00910331984050572,0.228465953376144,0
712,0.231206080054399,0.746503593889065,0.717625823547132,2
202,0.138721922645345,0.174387437757105,0.276881320634857,0
387,0.830663546454161,0.58468820201233,0.336723483866081,0
942,0.168746419753879,0.693899490893819,0.315310509852134,3
470,0.205908391778357,0.617242767848075,0.23153774542734,1
1587,0.310381348682748,0.597743697486501,0.209186722976529,6
920,0.173743675996084,0.735780229233205,0.714487667172216,3
772,0.227910663820803,0.703721054969356,0.464123805146664,2
738,0.227927470817231,0.54207427254878,0.393131647817791,2
1557,0.310599578358946,0.600743175174856,0.216800379429578,6
170,0.864898005500436,0.034190068487078,0.372490564361215,0
598,0.203168251577299,0.69040681773331,0.678207820025273,1
238,0.993040135828778,0.59034329559654,0.464496303116903,0
363,0.840026572346687,0.516353931743652,0.164788375841454,0
1094,0.310377143625898,0.637190446963095,0.210650997612489,4
692,0.235685514113866,0.684907183190808,0.600995967141353,2
891,0.175990814284887,0.561360731744208,0.588923666486517,3
1040,0.314269174790464,0.641060939563512,0.215135864091437,4
1083,0.318844351792392,0.626034021888522,0.212523552414172,4
1312,0.313918958459634,0.655180040291001,0.211833581501209,5
1064,0.31052650402435,0.629158021737802,0.221190074268322,4
1519,0.297612757906041,0.605432854841783,0.218129831253889,6
1371,0.319502967737175,0.660955284435118,0.207158207237584,5
1417,0.312182895732624,0.604134876712904,0.205227649630678,6
11,0.358159758849069,0.75734546687454,0.998655610019341,0
341,0.10510682198219,0.363193953409791,0.20665029482916,0
1140,0.313223350422395,0.635589776654462,0.220414165962639,4
1123,0.30245987153947,0.637468136001507,0.21638752679613,4
894,0.17366922709858,0.943890172895044,0.333166713104583,3
1015,0.305985139209729,0.626474378009561,0.221691955980449,4
529,0.205909411087632,0.719678584509529,0.575540115102194,1
952,0.172770078373142,0.610821746778675,0.254117875802331,3
443,0.205610340994317,0.672400791454129,0.299165236391127,1
428,0.198981813166756,1.01030591307208,0.430978018068709,1
65,0.603603493189439,0.192182089667767,0.174177363980561,0
909,0.168194382011425,0.921218585479073,0.356904628314078,3
432,0.204141090235207,0.713046681042761,0.549647942744196,1
43,0.78672709222883,0.209655807353556,0.892723180353642,0
1480,0.305629841108905,0.610554355199377,0.213625351194091,6
256,0.860987191554159,0.127048841444775,0.736581459641457,0
1227,0.308247967158917,0.661438006390566,0.213612712276467,5
393,0.93102247081697,0.507039679447189,0.0820654896087945,0
1503,0.313465890412161,0.604745917550941,0.21252422717652,6
1583,0.312595884208765,0.591573301073155,0.203378611459219,6
1269,0.301223868149534,0.662979517844448,0.206085021982398,5
996,0.175117400917225,0.586026482656598,0.425016422034241,3
1364,0.310789728116364,0.658176780408576,0.219223700002919,5
492,0.203551064336207,0.885120696411468,0.440996741387062,1
340,0.688880999572575,0.0629049078561366,0.879260155837983,0
1074,0.307752010451118,0.634701243667271,0.218932820309476,4
1006,0.312051961675155,0.641018894881861,0.216043524820979,4
1131,0.310330684569838,0.63001811534894,0.211101765218599,4
1397,0.310511240563997,0.662345984099314,0.209382919520764,5
77,0.135096245678142,0.431337938643992,0.381657931953669,0
501,0.204916573525406,0.817882134835236,0.680078263604082,1
3,0.310100055765361,0.464027125854045,0.401047514285892,0
1442,0.319425714423689,0.593927530114004,0.20810700768372,6
370,0.419820462586358,0.0393036720342934,0.330145275220275,0
1058,0.314611176207483,0.641254307881157,0.213983890193607,4
1535,0.307909454097467,0.604450042076734,0.20927368263676,6
937,0.168659528419375,0.552717074891552,0.578063755389303,3
198,0.489424566505477,0.0313171616289765,0.886826890520751,0
1106,0.308253200499509,0.627765511178647,0.211419685076004,4
1404,0.304446959647319,0.605042409772052,0.206528804290484,6
1405,0.310913642839306,0.605645099289175,0.210412782831589,6
962,0.171454929902684,0.901800942863338,0.617601080192253,3
1209,0.314587579979863,0.664610220735561,0.214072707958853,5
629,0.226263705755118,0.934616748383269,0.542594655510038,2
260,0.309833266073838,0.360397262498736,0.20794388698414,0
351,0.796013943385333,0.92974517121911,0.107380669098347,0
1196,0.31153562146436,0.638014388745859,0.211549944521233,4
958,0.173900973664131,0.754238967690617,0.286196599109098,3
739,0.234790702010505,0.985358835803345,0.262195046269335,2
360,0.924073787173256,0.214796812739223,0.992533804383129,0
668,0.235790966360364,0.672631975752302,0.284721584036015,2
197,0.795652351109311,0.131072741933167,0.461143860360608,0
1577,0.312991792968506,0.607259093007737,0.210963358964643,6
1562,0.307876620995831,0.605566894213088,0.210269455786656,6
759,0.233803953554016,0.949534810637124,0.230869400757365,2
1121,0.307401926701931,0.63190535508753,0.209055637242723,4
479,0.200049635495525,0.554467842006125,0.536138552101329,1
757,0.228231911954936,0.968550140294246,0.565677996701561,2
183,0.175644756760448,0.0507558512035757,0.493398019578308,0
1066,0.304824244074441,0.635424055192993,0.209113635558535,4
588,0.205905790757388,0.814557830011472,0.426389389298856,1
1214,0.313919144948186,0.658626593135046,0.219985290030374,5
1128,0.304155397158652,0.637574638421384,0.219974719732822,4
23,0.788007063092664,0.242345730075613,0.975798824103549,0
375,0.995477942517027,0.00711550167761743,0.455332420533523,0
76,0.382151494035497,0.640094337053597,0.906669552670792,0
912,0.167776739280671,0.722890609898605,0.449024550593458,3
1466,0.312533924017971,0.60297356454378,0.219870425607083,6
865,0.175222847547848,0.788184126513079,0.37309399524238,3
1042,0.319266178847979,0.629123435180997,0.204005274504424,4
251,0.255831465125084,0.845336810452864,0.833673593122512,0
1453,0.313390752812551,0.600861061708384,0.226844436312451,6
923,0.175398627999239,0.544544191006571,0.704018297814764,3
1027,0.316123454710498,0.634253253047889,0.210979459160903,4
98,0.765985646517947,0.816056317649782,0.0355049131903797,0
1418,0.312638090320362,0.597838165273558,0.210615958954174,6
305,0.203056915663183,0.245851998915896,0.953976774588227,0
927,0.173517014349345,0.543792186677456,0.519218370877206,3
308,0.191806208109483,0.403091077925637,0.466181410476565,0
667,0.234000057887752,0.82998026793357,0.501069306139834,2
534,0.198439183740411,0.880879349564202,0.710581681784243,1
957,0.174716664759908,0.957046098215506,0.620145710161887,3
1457,0.308876025478973,0.591598079913915,0.211892301194029,6
113,0.655733791878447,0.933460805797949,0.561845897929743,0
430,0.201754991728812,0.699335084320046,0.54224241336342,1
400,0.381112587405369,0.0464039903599769,0.92620689375326,0
125,0.350076038856059,0.0414914328139275,0.440231085987762,0
502,0.202470118773635,0.52671749542933,0.231645102822222,1
573,0.198213420503307,0.629009574675001,0.495360919018276,1
1357,0.31426479059112,0.668878199601796,0.210063133990432,5
736,0.235474637148436,0.674647015659139,0.230877475789748,2
1500,0.312140091975204,0.59735981761859,0.213642649376145,6
277,0.710096912458539,0.590339289046824,0.0381442478392273,0
882,0.167735880538821,0.58951564449817,0.280376103334129,3
396,0.586740356869996,0.177129808580503,0.420729260891676,0
1410,0.318912218324544,0.611069751231397,0.214671947632368,6
796,0.227662481910083,0.911429144698195,0.384210551716387,2
595,0.197796257082373,0.978314964473248,0.567387789580971,1
1415,0.307862721485757,0.596656160566159,0.217274178097843,6
9,0.905845747329295,0.984853565692902,0.617977718124166,0
1253,0.310252303719939,0.6632414876737,0.214067870708816,5
525,0.201250935473945,0.85571614690125,0.653517913399264,1
509,0.202020623299759,0.944712642603554,0.644623146834783,1
193,0.416803896892816,0.584128134185448,0.0374002764001489,0
1165,0.309855460214036,0.638682702155017,0.218604361937731,4
415,0.199435687314253,0.612748114415445,0.313661394501105,1
1070,0.322710570893761,0.631429190550356,0.210911820835696,4
774,0.226366963230539,0.681135069369339,0.322891639871523,2
435,0.203580585899763,0.691469760751352,0.381694935588166,1
1367,0.315428207479492,0.667020807418039,0.209406571749412,5
1243,0.309060565578707,0.666470198979535,0.220775196955912,5
367,0.693375842412934,0.295259579317644,0.597234503598884,0
842,0.170399947732221,0.943064390588552,0.35619616471231,3
1599,0.307359396328945,0.601488364836543,0.205517497789832,6
728,0.233440188509412,0.633114224439487,0.340323314280249,2
444,0.196327222082764,0.621727029467002,0.294495145534165,1
665,0.226545401087496,0.820934947719798,0.473508628061973,2
385,0.0619097142480314,0.983540771761909,0.598707424476743,0
1376,0.312797936662508,0.656529465300187,0.211870534768879,5
1567,0.311070991518282,0.604684492727709,0.219946292583623,6
1575,0.31428663152974,0.605020302075859,0.216653049591852,6
37,0.32847902039066,0.818792151287198,0.615022517042235,0
714,0.226230829257984,0.917331440630369,0.682623361446895,2
1216,0.313178383298378,0.668014941994625,0.212672934832956,5
1370,0.316637686195342,0.663220208102926,0.216399755556003,5
449,0.199096648220439,0.94182982717175,0.341476902342402,1
1309,0.306467497240669,0.656812637989475,0.208068582760158,5
1425,0.319112493708834,0.605415373920218,0.211229568477959,6
1264,0.307838369784162,0.664663568179363,0.210854836799113,5
164,0.741186671890318,0.0542488982900977,0.132865054300055,0
270,0.90779654472135,0.159382729791105,0.776351501233876,0
259,0.693078651791438,0.573332542786375,0.104293574346229,0
1109,0.302997882354596,0.639096728026279,0.213473965043686,4
1031,0.307715430260562,0.626453446325691,0.215397114693914,4
1351,0.309228219845904,0.668128412708059,0.208999228946827,5
1461,0.311088176612126,0.594087610326924,0.223047314903799,6
1076,0.311660933292287,0.628880409094632,0.216041231942241,4
499,0.199909302350134,1.01394343960565,0.392380104260519,1
513,0.205887823607773,0.604217755398713,0.310026707919315,1
1114,0.312544063323603,0.637334789490247,0.21696860619644,4
1180,0.308622437267673,0.637275204563276,0.217410667790022,4
599,0.196055259162094,0.531874052388594,0.379223759146407,1
645,0.233153608581051,0.747362108808011,0.505225898558274,2
326,0.323397980537266,0.168121160939336,0.151031426619738,0
1158,0.299684565124453,0.623840065593687,0.212791594728018,4
36,0.141085725044832,0.384026993764564,0.855964298127219,0
836,0.17146999709541,0.86783562998753,0.700170622766018,3
114,0.873190833954141,0.771596424281597,0.970113471150398,0
594,0.198574633242097,0.588880244083703,0.341863799467683,1
278,0.608789378777146,0.379291525110602,0.887489783577621,0
1283,0.306755491430954,0.651668067570621,0.216493015220465,5
29,0.775667153066024,0.936242873780429,0.747929943026975,0
381,0.82264969474636,0.208665621234104,0.0933911865577102,0
209,0.0751800425350666,0.891235216986388,0.258750589331612,0
1153,0.308838005631745,0.633198457126906,0.211483583188674,4
949,0.16764796350617,0.958927582623437,0.341500265733339,3
1520,0.316057354756565,0.598366503017402,0.210061301987111,6
1337,0.317560408249126,0.663520398597908,0.217038030313711,5
210,0.175836923765019,0.379337945720181,0.237144145183265,0
194,0.402675197226927,0.974049717420712,0.178142461227253,0
642,0.227487297023181,0.882412695582025,0.244806839129888,2
1211,0.311724140790433,0.675025099049054,0.209228202279599,5
173,0.560085088713095,0.123855405719951,0.709131648531184,0
100,0.479404451325536,0.936029824661091,0.642911148956046,0
271,0.983544148737565,0.451388622634113,0.714965263614431,0
489,0.197571902165655,0.9790698654484,0.686649715388194,1
973,0.167676186931785,0.635159975290299,0.262603155546822,3
