816,0.370181131528659,0.387764631311623,0.424868968337617,4
341,0.640205082017928,0.648184978915379,0.255711193801835,2
458,0.641339435128029,0.895431192754768,0.426080722152256,2
1208,0.351903990217839,0.355329620744147,0.433570198444443,6
919,0.355790041677537,0.387991332514511,0.439292359496305,4
319,0.616281181960367,0.569333397364244,0.128217106009834,1
4,0.543615756323561,0.0652704192325473,0.118169780820608,0
432,0.64011351200752,0.538693553116173,0.340754828555509,2
527,0.642159163539764,0.855963098979555,0.454651783243753,2
940,0.354148941952821,0.424788140011084,0.441228542939704,5
537,0.586035573254339,0.67477383131627,0.203224974009208,3
999,0.359845074016873,0.417996708243752,0.439480597376087,5
786,0.35492836311926,0.388618227454749,0.428022537747988,4
1152,0.351897645382996,0.362067279848029,0.430579529517783,6
438,0.641519441190176,0.612636918597855,0.28081355409231,2
357,0.641313747148961,0.732042154460214,0.476517782220617,2
581,0.578883631238714,0.629736565100029,0.234914239286445,3
729,0.580908223511651,0.588474089326337,0.270181079534814,3
513,0.639721686509438,0.674177064141259,0.175479073799215,2
1316,0.356094036151306,0.357144793086317,0.427235221722477,6
859,0.354311043368036,0.384253737805913,0.426887942335532,4
334,0.64520546088228,0.651609644689597,0.282574273319915,2
597,0.577738384092227,0.816121429018676,0.504301724862307,3
29,0.765840389532968,0.253789836773649,0.414029800565913,0
203,0.609716551704332,0.733273346954957,0.279536886047572,1
291,0.609334416643251,0.779834574833512,0.157016778970137,1
437,0.642450775748584,0.791726732789539,0.389075867738575,2
1107,0.363976161407103,0.426093646586939,0.432843738651586,5
970,0.356934915371117,0.418262084929992,0.422719054712016,5
1114,0.354720013021259,0.413512371704696,0.443182496527914,5
1255,0.352908722508516,0.370498073515819,0.432297676869172,6
358,0.637643643864431,0.599372468818911,0.47067408580333,2
965,0.357647502017886,0.411260645585933,0.443973680109719,5
462,0.640680248735007,0.638624979928136,0.46553477391135,2
567,0.57771445409162,0.711427973513492,0.117522414331324,3
225,0.616046198622789,0.964586145058274,0.232542212959379,1
945,0.353898155136495,0.423891848019552,0.422171649740485,5
140,0.611501089860685,0.656992568797432,0.121727917948738,1
227,0.615583916103933,0.671853066817858,0.414225780661218,1
376,0.640723426386248,0.522329518734478,0.247454922669567,2
318,0.60766002332326,0.846673481096514,0.198142655333504,1
1133,0.35520344680668,0.412961638246196,0.441587988859476,5
987,0.350124718382889,0.421116603649325,0.43416354066108,5
782,0.345757954345796,0.38812843221906,0.438413254408336,4
643,0.57710629102774,0.523150955955498,0.525965640810318,3
299,0.609781461025123,0.491773460689001,0.453550125728361,1
1228,0.358801270011312,0.368283037318314,0.430255104998146,6
710,0.583541168223601,0.741043826495297,0.210229150624946,3
63,0.306475482881069,0.33793637691997,0.496745005249977,0
418,0.646835602070205,0.60715875371825,0.26514293581713,2
697,0.585287244105712,0.870838467078284,0.448840194405057,3
735,0.35302167105207,0.383933318444091,0.43744422545638,4
869,0.356594599592791,0.384255654769422,0.440703083269448,4
563,0.577813416460995,0.972629226208665,0.522528735245578,3
1000,0.356359212579883,0.421652748108452,0.438512722558533,5
1176,0.352352913146381,0.363745869997674,0.437299344424814,6
500,0.644450693645049,0.639007609267719,0.503653490939178,2
519,0.645635682817083,0.785308078210801,0.268992328341119,2
289,0.608999918124173,0.663949734461494,0.440827555279247,1
463,0.645200405989308,0.648764225817286,0.458097573043779,2
141,0.611751019007061,0.554281618027017,0.336526080057956,1
1122,0.356638951139739,0.412069489954713,0.430838361056747,5
1268,0.341187425323788,0.35619362941694,0.435693923662064,6
630,0.577909968104213,0.815157942054793,0.171812774636783,3
1045,0.352570028903258,0.418484538421184,0.431603941047219,5
1138,0.353422359600815,0.358474891442266,0.44063295245038,6
422,0.643905339275953,0.821257330290973,0.570352919423021,2
763,0.35544268833483,0.388073456931789,0.433526976047942,4
1261,0.362171109848663,0.362710220029886,0.431591314170439,6
169,0.612516949481796,0.495275998185389,0.453233191999607,1
640,0.577566132678185,0.646297988761217,0.101816596020944,3
739,0.353176237921638,0.390710231615129,0.431454095134908,4
797,0.359321051701613,0.394714660389786,0.437347854975648,4
948,0.353679466197057,0.42199340891418,0.424544115306717,5
136,0.613942087122705,0.624496449995786,0.393250395916402,1
204,0.614282633797266,0.668129607732408,0.57435212158598,1
397,0.644323905427009,0.862496062810533,0.393297106749378,2
492,0.64572018422652,0.604756198520772,0.123095757351257,2
957,0.355083709012476,0.421323414282378,0.430959439080578,5
579,0.584795744819567,0.535600350983441,0.562036386597902,3
1171,0.3528236087969,0.374316513388262,0.431837111861854,6
788,0.360725441680196,0.386326435457961,0.426137664826714,4
111,0.739957446465269,0.768893484724686,0.35520124505274,0
486,0.646632660883479,0.501333490409889,0.412179417815059,2
521,0.644192621137481,0.860587844671682,0.176469457126223,2
576,0.578402447416447,0.710258945752867,0.0918706164462492,3
670,0.584330878313631,0.647683559497819,0.177376215020195,3
125,0.853176295291632,0.893747816327959,0.416985742049292,0
777,0.347676331436377,0.385806492013285,0.435957074785167,4
82,0.618598674191162,0.866488627623767,0.876749386079609,0
542,0.579749569015112,0.922292696824297,0.151759206340648,3
162,0.608377313693054,0.89061440427322,0.296232886984944,1
730,0.579663986582309,0.976313951821067,0.211314953537658,3
562,0.577531071235426,0.557145404792391,0.238192990329117,3
798,0.354570662856155,0.382396943017058,0.43301905595628,4
61,0.0935626151040196,0.40339041990228,0.0857278825715184,0
31,0.282882872736081,0.442475027404726,0.150853842496872,0
1059,0.352737919113189,0.427870381601064,0.425305373953403,5
119,0.819940370041877,0.239915398880839,0.469284153310582,0
861,0.355359960140045,0.385255697330711,0.437717400759487,4
838,0.356396781064477,0.391208320266532,0.439314879062928,4
1219,0.357262516991698,0.367025767102202,0.433532108854222,6
1036,0.360257565058509,0.418358591580796,0.437127780785267,5
560,0.582667529983446,0.62613534454722,0.474653146718629,3
699,0.579881254245993,0.758143354137428,0.553638661769219,3
1115,0.354705224618683,0.411723200570457,0.42842534403568,5
833,0.348580995256399,0.38824741187932,0.433033981166226,4
1055,0.351324141086472,0.415911835237085,0.431959879614775,5
101,0.418672440573573,0.632787946844473,0.557789371814579,0
720,0.579080390944146,0.912193344137632,0.1792040937813,3
1250,0.356930128557295,0.364307170629082,0.424437329143408,6
272,0.609537407653406,0.533704845630564,0.281025009835139,1
406,0.645127016762272,0.587219383264892,0.296168551570736,2
1086,0.351438257753649,0.418941328101912,0.428964407129266,5
1049,0.350269207373363,0.415756672284332,0.431026526173696,5
180,0.607748075842392,0.572161952429451,0.311572978063487,1
183,0.61426023922395,0.541174899716862,0.296550657041371,1
1285,0.354419815749626,0.360667563798463,0.443891951182815,6
475,0.644608100429177,0.661073391139507,0.309354963502847,2
46,0.274525637039915,0.32003159634769,0.040073363808915,0
1085,0.354560025501689,0.41729473998825,0.432385494338933,5
993,0.352509289722773,0.416993863353487,0.433078406942166,5
1116,0.354262018073586,0.420588284548888,0.43972102656483,5
1100,0.356415097767452,0.425638339769877,0.435486863034305,5
806,0.35214448350912,0.388566179520706,0.437648769811788,4
684,0.581328502723481,0.959859201265499,0.2818909131689,3
1110,0.355942485848739,0.422698628769816,0.425981380767482,5
893,0.352130028528473,0.392188249709392,0.432066730042173,4
1221,0.358488170530085,0.358283732667988,0.434401794341423,6
924,0.360697234830117,0.39020813762439,0.435754035419249,4
1146,0.351510113465354,0.36432270646709,0.432290127854055,6
369,0.64554192968877,0.956743609439582,0.504265281744301,2
309,0.616048637139611,0.936946266959422,0.210052679548971,1
792,0.357893748657803,0.382451994454957,0.426932006501585,4
201,0.606892401350196,0.864849737426266,0.508897733315826,1
528,0.638342557740398,0.801257635164075,0.290986644942313,2
1262,0.355646407088349,0.369719098908926,0.427323784727082,6
468,0.642077316953801,0.808714812085964,0.33746098857373,2
817,0.357805059473363,0.393150579286905,0.434866877597105,4
666,0.582669367475901,0.55711204377003,0.582822623802349,3
1151,0.353955880803749,0.358500655375203,0.426438470391124,6
583,0.579060705418233,0.574489893671125,0.201088789990172,3
145,0.615929518011399,0.970053191343323,0.107508251583204,1
395,0.63795634679962,0.759413718990982,0.239752756222151,2
765,0.353798833211832,0.393486284700671,0.433421210489207,4
1052,0.359223530477461,0.428270878149359,0.432109267751436,5
414,0.636885149560403,0.618716574669816,0.367230959958397,2
815,0.352818833010478,0.391429782750793,0.431861844270268,4
1322,0.357630056229607,0.35429368392053,0.433524973287486,6
252,0.609317606119439,0.870818445971236,0.113836926780641,1
36,0.864513050764799,0.188339958433062,0.615112809929997,0
419,0.640454384302721,0.850914048193954,0.45603083379101,2
728,0.582596574646886,0.48585300850682,0.240920559177175,3
1135,0.356437301490779,0.360557499745507,0.428238015674658,6
1168,0.359608592761577,0.361101561296007,0.432802297542107,6
723,0.580870298522059,0.562235234468244,0.44230388130527,3
207,0.610652231515851,0.736619498743676,0.236248367838562,1
1229,0.358948282979935,0.359163335098317,0.428476108267562,6
250,0.61263711696025,0.732692340551876,0.509312987467274,1
1180,0.358015820709732,0.369056747478214,0.42986175217554,6
35,0.717238285113126,0.482053031912073,0.411513108527288,0
1271,0.361876340945545,0.364852453915848,0.425146053600847,6
790,0.353814145925028,0.386125862004793,0.428254941026666,4
1277,0.359108189482154,0.366376762169273,0.422730610914141,6
1195,0.364468662148528,0.354781504406959,0.436955364310328,6
677,0.586261567845941,0.543211988336407,0.425601851684041,3
955,0.351724041243336,0.419916480639522,0.432922731382619,5
370,0.637366968591232,0.86250508534722,0.566098732082173,2
47,0.97580293356441,0.548562770942226,0.848744480172172,0
153,0.60747198055964,0.84025149657391,0.253073747875169,1
813,0.349541836328707,0.39130623188583,0.431752715520804,4
672,0.585092059331946,0.52104404270649,0.533717288658954,3
347,0.637783429704141,0.591270376276225,0.521932619996369,2
279,0.60969406490447,0.974188651936129,0.111552573414519,1
846,0.361637889063248,0.395887295025395,0.439725191296247,4
540,0.582344779635314,0.497450041864067,0.347119410196319,3
715,0.58010288954014,0.662279818952084,0.129348891461268,3
244,0.614900621182751,0.748462328501046,0.43743065490853,1
385,0.637362442044541,0.739848444517702,0.58625558859203,2
1175,0.365405990907233,0.355327149387184,0.433118557815595,6
1077,0.350312306395883,0.427907212951272,0.435304093602905,5
64,0.330505620455369,0.518617518479005,0.897968666162342,0
918,0.355764956454354,0.397311547125644,0.426854649978255,4
1141,0.353986645333455,0.362012826154833,0.432854801834869,6
759,0.344316307400425,0.398898867538939,0.433267656146156,4
860,0.348806130598126,0.388947960812949,0.423727384088657,4
320,0.613486591747496,0.870800863648765,0.137423012778163,1
26,0.600867495406419,0.175158032681793,0.04970946861431,0
821,0.348701763392961,0.401296154783406,0.42936952698554,4
303,0.615841291111428,0.769017866160721,0.289282086095773,1
218,0.615424436235335,0.502270270418376,0.327143431315199,1
618,0.584732381552458,0.708287868346088,0.257569669769146,3
374,0.644986742483452,0.492732927016914,0.306455120351166,2
1154,0.352095346559256,0.359278897881925,0.435729790372043,6
932,0.3531610502601,0.39491382575801,0.437212792207324,4
518,0.639226022805087,0.880805952637457,0.200297369412147,2
1256,0.35231973823972,0.372482323372979,0.431797051425399,6
980,0.349615649192927,0.424686134270835,0.43828138523718,5
89,0.317504909588024,0.815442734165117,0.708909471519291,0
1016,0.355684184636169,0.424659072205135,0.436231665886881,5
184,0.613885745208245,0.923467922303826,0.108360501029529,1
190,0.615292710412759,0.678588347323239,0.0986615808447823,1
1042,0.353384401971363,0.414332420564564,0.434496960250308,5
775,0.354618136560215,0.386826432791012,0.423948567945365,4
232,0.613383192890324,0.851846880209632,0.364399158768356,1
177,0.609572036301251,0.779391755978577,0.182918306579813,1
378,0.644150143929292,0.677268612594344,0.276017045392655,2
346,0.641240240256302,0.584010345907882,0.253753611491993,2
223,0.610937904515304,0.971768997306936,0.546317927329801,1
330,0.610279818060808,0.828878259449266,0.152798860589974,1
1197,0.355351949795203,0.35440288537032,0.436044034236072,6
692,0.58577492355369,0.573104249709286,0.161393191805109,3
553,0.579609852505382,0.646365521172993,0.224301426345483,3
708,0.586385910261888,0.660430849692784,0.321528789377771,3
77,0.80530333193019,0.273356705438346,0.0761822208296508,0
392,0.639467800862622,0.810860062530264,0.562120248819701,2
121,0.133659363957122,0.865908953128383,0.833941055228934,0
1318,0.35521460863164,0.366780114470485,0.431655741922802,6
613,0.584279732943978,0.74658866673708,0.409815226821229,3
231,0.609071624255739,0.837754860101268,0.102765991375782,1
30,0.494696909561753,0.926039051497355,0.781406854279339,0
1147,0.35366920226868,0.366382853147199,0.433538327857347,6
60,0.692532485350966,0.0991686650086194,0.145832139765844,0
449,0.639368717686739,0.860418659914285,0.103887270577252,2
1139,0.351785177475159,0.364145742271937,0.439387497768459,6
1266,0.353457438477153,0.363267210998697,0.444300571501547,6
1199,0.355704974266412,0.358682428349977,0.426992756606235,6
193,0.614109500737395,0.703179846797139,0.554740911256522,1
1243,0.356694923587263,0.36375006089749,0.436174365346263,6
305,0.615966535785701,0.646017418289557,0.294887501769699,1
947,0.354892401900182,0.416599306614306,0.424201630901477,5
598,0.579364909199066,0.874461533082649,0.542203833954409,3
150,0.610846116526518,0.510577736468986,0.243401124980301,1
978,0.354704889409434,0.426465957326159,0.434528345976493,5
702,0.580620523076504,0.491113391635008,0.232954327273183,3
172,0.611337168763857,0.678353184647858,0.0978349504526705,1
332,0.608306732254568,0.756058709160425,0.373653298965655,1
1002,0.359715139185955,0.422104251001982,0.428851538956717,5
1065,0.352901708909339,0.423662021050492,0.431823038636441,5
1050,0.359185853733468,0.419014490129121,0.432755218911276,5
628,0.578095015364233,0.694385531870648,0.299023080174811,3
1066,0.356567936936344,0.413587742663706,0.436115030439523,5
561,0.58434048938565,0.727257658890449,0.520752219855785,3
657,0.58315243588062,0.935924089211039,0.444344778102823,3
328,0.615723166728858,0.732897203112953,0.579452889179811,1
174,0.610161107657477,0.911899858084507,0.222823582147248,1
465,0.642560036154464,0.65851423998829,0.307793655688874,2
977,0.358256460902726,0.422029074506777,0.423847106313004,5
1206,0.353953949286538,0.360821599382564,0.432071505785744,6
825,0.358115608590529,0.386860201952415,0.428398978224083,4
448,0.645205271544401,0.894114072597586,0.537749502598308,2
949,0.357000157276145,0.432613321694765,0.43223874416697,5
793,0.34447357961232,0.398835830820039,0.416417858111174,4
175,0.614128287185449,0.560539258341305,0.282361355284229,1
25,0.83847404201515,0.270210255635902,0.0635258140973747,0
1017,0.360236399387351,0.422973826170331,0.432024236378386,5
1117,0.355114114962427,0.426669218082761,0.436143471318716,5
873,0.355309303316746,0.393669165002198,0.436937810139845,4
282,0.607110667235684,0.73230527730193,0.361035667033866,1
100,0.583812124095857,0.977519964100793,0.0791173845063895,0
1079,0.36703865494418,0.41147768440874,0.435825622235909,5
535,0.577869557067752,0.902200992265716,0.243667998141609,3
736,0.348542753434524,0.390376347187562,0.434985734146103,4
1125,0.356639441949727,0.415473112814985,0.438898922773823,5
1192,0.359023424265247,0.364990261079745,0.431379623150781,6
983,0.355147303406698,0.415874111772797,0.434240986705659,5
1190,0.356790312175067,0.362871283651989,0.438032447988932,6
738,0.351684777441281,0.380803180517032,0.437409853651249,4
679,0.58648205562029,0.614852962712757,0.372106076474302,3
288,0.615395414950326,0.590805495786481,0.557398299360648,1
213,0.616124958735891,0.873392631695606,0.565827634558082,1
939,0.351955815886908,0.419955311891389,0.434861586623206,5
1177,0.352324768711473,0.35796611468439,0.432498896463848,6
707,0.586304035566282,0.708751830668189,0.23357512129005,3
487,0.644468991863541,0.575606902409345,0.346406259597279,2
1011,0.351321144198197,0.416797196724448,0.442298564781052,5
781,0.34580663427311,0.384120729586585,0.435204405433984,4
1275,0.350938303286289,0.37081630663441,0.427269857682857,6
1089,0.347054999515504,0.411578724950047,0.431002690995073,5
206,0.612721506124362,0.738374446565286,0.318102439190261,1
1218,0.351820828803208,0.355842448274861,0.441059079188763,6
474,0.639714022467379,0.697757023898885,0.492118640593253,2
1134,0.358226683527161,0.360344730408102,0.432692881137478,6
1166,0.345806788164437,0.35666040155969,0.442075154112366,6
972,0.360648582091443,0.421668277498447,0.434337437328734,5
160,0.611763683003373,0.519825186161325,0.326769088767469,1
569,0.578611161122099,0.546756335929968,0.343223155732267,3
523,0.638207197531592,0.975020511471667,0.306075305235572,2
1099,0.346112742313085,0.428222630993581,0.43319998493296,5
404,0.645312532663811,0.709382445365191,0.217690200917423,2
852,0.371207722853939,0.385619894507326,0.431625830475725,4
152,0.6128848936758,0.58652207236737,0.504206032399088,1
1303,0.35515232260533,0.362713013835538,0.437250124444567,6
364,0.645513026376721,0.639179952722043,0.444303481164388,2
313,0.610916956344154,0.751707634236664,0.342189950775355,1
317,0.615116256938782,0.792236359487288,0.343873058818281,1
1044,0.360640561359683,0.409315986044372,0.434278129021087,5
812,0.360826788647272,0.393561721167819,0.438691165884639,4
992,0.353001272872998,0.426240976068892,0.434537410657445,5
1200,0.355983074256446,0.359929743977369,0.431213549501052,6
52,0.450815165648237,0.0505524764303118,0.34921847959049,0
986,0.356221843326063,0.418553495787689,0.429697746542211,5
589,0.578134538438171,0.557056648121216,0.287081840354949,3
607,0.583665426510852,0.979240520903841,0.35826440542005,3
23,0.691808735718951,0.786639627069235,0.128020192496479,0
975,0.355546804392923,0.422396079218929,0.433404511323442,5
1273,0.351612537010941,0.362117388605747,0.432280157636902,6
156,0.60788042180473,0.937722599064,0.453884806740098,1
923,0.354700759543368,0.385972199584082,0.445926357629707,4
300,0.609475425006822,0.789205115102232,0.15354617012199,1
1076,0.361514006299538,0.419654643641936,0.433206057491296,5
1029,0.354624090547052,0.41490000546182,0.436377242671521,5
451,0.645837826109491,0.626765918033198,0.104775014822371,2
674,0.583125215270556,0.637697987305001,0.576262300857343,3
820,0.351584125664882,0.393150760187546,0.437325523182247,4
1291,0.360839895318508,0.357287258467655,0.431079568720596,6
1078,0.365841273528963,0.418120451840204,0.433708412329563,5
706,0.581078385985456,0.550317897391506,0.535461514745839,3
1292,0.35462577932537,0.362935026800148,0.440863844420047,6
222,0.61011021951912,0.642286573816091,0.51679499449674,1
307,0.609178272699937,0.703186066052877,0.283563155005686,1
1113,0.360797373424968,0.424159112599326,0.43590200938502,5
400,0.638394876881503,0.713213460333646,0.407419180870056,2
874,0.346975412549082,0.392294679288044,0.435907006291994,4
336,0.637860175285023,0.957260548765771,0.230881081335247,2
522,0.644106676115189,0.597617557551712,0.35321672973223,2
609,0.584676836133003,0.488544663228095,0.445938898506574,3
322,0.611372334079351,0.940041995653883,0.566010340605863,1
768,0.349663182857985,0.396902108373706,0.430808719152611,4
601,0.585482140698005,0.533135398919694,0.370864617195912,3
1227,0.357638456519988,0.352897896915461,0.436219279052378,6
485,0.646424252041616,0.49644369171001,0.23161182764452,2
489,0.645613269316964,0.493215687386692,0.514843491627835,2
208,0.614314689217135,0.501206541596912,0.25673229645472,1
741,0.35435483982944,0.391305241345966,0.431933306573846,4
1182,0.357339637292299,0.356438479974858,0.430333217586403,6
556,0.583669079027604,0.921466529765167,0.530812017177232,3
671,0.586159779834561,0.885256262659095,0.359717677952722,3
1130,0.351318582280614,0.416663297998409,0.436418836914185,5
1326,0.350148426975614,0.364085002136208,0.435176763785118,6
610,0.582657825502101,0.666289652860724,0.474583319528028,3
624,0.580088556024712,0.942194952093996,0.196888255095109,3
399,0.640375265949406,0.512048137304373,0.474218001961708,2
936,0.354353186709973,0.42207545086646,0.428199818635137,5
1187,0.356717110174422,0.370033196685128,0.437665815029291,6
764,0.34614251073569,0.390655333278453,0.432989278407976,4
896,0.356658640565194,0.387970787005717,0.441317146431115,4
1005,0.359426675493213,0.420144993032147,0.428618160331791,5
1160,0.355833566474244,0.363569817030289,0.435932290239865,6
649,0.584056023878511,0.492595556471497,0.537372405198403,3
411,0.63925984069705,0.937510133651085,0.468018737761304,2
59,0.0352787403389812,0.876920244190842,0.151356097077951,0
1024,0.357900681160711,0.420335184306967,0.435744424869056,5
1279,0.354081566853735,0.363861634178056,0.430865963021507,6
515,0.64490791055141,0.554032741859555,0.254964480083436,2
665,0.577265709964559,0.921413162187673,0.234549920796417,3
831,0.356412391507246,0.389492367105628,0.43195643199634,4
524,0.639741470399313,0.753913772339001,0.500494519621134,2
504,0.64281909131445,0.548518804181367,0.201058500702493,2
450,0.646506407742854,0.716532373032533,0.365088094049133,2
39,0.642282417044044,0.891679052263498,0.593169370433316,0
921,0.357315364962941,0.390230759829088,0.430225489845827,4
696,0.57900202996796,0.757571841520257,0.27875943868421,3
892,0.353900278633926,0.397419943418859,0.422626240251612,4
3,0.553834457183257,0.973641781602055,0.641855170018971,0
455,0.646338172559626,0.68717501515057,0.58333396774251,2
851,0.349861137926847,0.386477860989597,0.428358531332158,4
897,0.352394867027631,0.38974065639096,0.440144541806036,4
675,0.578464787341654,0.979702329891734,0.561258451105096,3
1333,0.354634555536651,0.364258066370271,0.431677361339728,6
1009,0.363991004192702,0.425421635310475,0.4261461260945,5
88,0.37187393498607,0.640327075961977,0.818428996717557,0
717,0.577791750442702,0.796836743992754,0.43349248371087,3
1068,0.359421612127248,0.423532396584755,0.430675221902582,5
505,0.641100135508459,0.966557403374463,0.434441141341813,2
961,0.348559795489306,0.422033329831438,0.428810134704604,5
132,0.704228051006794,0.805701415752992,0.136005860986188,0
622,0.584475997367408,0.541405738610774,0.231287357537076,3
632,0.577390976538882,0.869745749677532,0.149486034666188,3
233,0.613761660475284,0.664242113637738,0.304557266202755,1
602,0.58647330685053,0.53260181976948,0.124274598690681,3
86,0.63700829166919,0.276822220534086,0.454237079247832,0
611,0.586168418691959,0.66695510763675,0.141194844176061,3
202,0.613738939298783,0.708526082965546,0.172497066692449,1
757,0.356393771055179,0.398275809582443,0.428870241580616,4
588,0.579586501836311,0.871595485066064,0.338472727593035,3
779,0.359121201425958,0.393377702547986,0.432659756551079,4
857,0.353955975154627,0.397420801462564,0.437052635355103,4
1103,0.347249383923175,0.410868585169409,0.43419553088507,5
795,0.355973355743093,0.390811165871925,0.426760085856476,4
884,0.359528718193825,0.387392486589599,0.436850732438735,4
1075,0.34990275595828,0.416551318007191,0.429409363500309,5
1254,0.363313806589461,0.358142151233954,0.444790838282747,6
402,0.639030907875858,0.954515894455835,0.365208079363219,2
529,0.646603475576267,0.853065326507203,0.411383091146126,2
134,0.611726135802455,0.793125812942162,0.140062082349323,1
946,0.356361830980092,0.423373466967556,0.424786162279046,5
1204,0.361682682357245,0.352019855224832,0.438014388263722,6
1244,0.350828377931057,0.353602685777542,0.433441202664882,6
644,0.580213363582734,0.665510953683406,0.329418067377992,3
814,0.355509134806168,0.390957444111971,0.429865630817192,4
755,0.356838946599433,0.386008307497891,0.437305654816612,4
212,0.615507646186743,0.849360792362131,0.121746763493866,1
839,0.353779968154871,0.396146014056,0.432582884472627,4
1245,0.354977638772206,0.359769933945366,0.428986607586162,6
1132,0.351355778007351,0.420321589922979,0.424968401874436,5
249,0.611200983379968,0.954778603906743,0.348886797227897,1
1320,0.352386256396547,0.36248395021864,0.434228523509824,6
914,0.358032810669633,0.390418808323096,0.436259056725331,4
1121,0.355504379783303,0.424904056694248,0.443005294149671,5
1111,0.359482990910509,0.41949611151263,0.43634657969068,5
989,0.350830412088879,0.42213433177216,0.443193600045084,5
484,0.640927438293584,0.68307327053044,0.26306574025657,2
302,0.61017139288364,0.520238446001895,0.486746131582186,1
85,0.0586639924440533,0.139356579165906,0.318956161383539,0
285,0.616320490015205,0.82121903419029,0.271744897030294,1
1108,0.360402047822817,0.422748189502777,0.427439731297082,5
210,0.60749994488433,0.766018211189658,0.139066859404556,1
497,0.644643107117154,0.569820657768287,0.506753445160575,2
734,0.363732131004733,0.39130653051979,0.441642462528612,4
682,0.586432202844881,0.728312559938058,0.486412262334488,3
342,0.644026415066328,0.651265638810583,0.475832508085296,2
381,0.637512854682282,0.544648262369447,0.202010369417258,2
587,0.580372106055729,0.503622271050699,0.539420615555719,3
1212,0.356091577915536,0.360506549999367,0.428589369449007,6
693,0.582081737895496,0.81475147260353,0.226781969913282,3
479,0.643921538242139,0.843291428335943,0.494369854126126,2
958,0.359154700832053,0.420466931562428,0.434891425659244,5
391,0.640643847752362,0.963675546739251,0.355953885149211,2
352,0.64011026605498,0.926824165089056,0.546472733630799,2
1270,0.35399060682224,0.361154577757735,0.426142513916764,6
1309,0.346289203226616,0.355975657114539,0.432352441155113,6
407,0.639695355691947,0.977304246206768,0.467852407624014,2
856,0.353357044958837,0.392828724378277,0.431646062528446,4
533,0.644315466440748,0.827352607087232,0.133432679250836,2
71,0.625187926692888,0.621846311725676,0.279192303540185,0
532,0.645387723247986,0.509666275279597,0.449110892391764,2
15,0.124981380533427,0.311772646615282,0.649702712660655,0
685,0.586524099181406,0.684569057938643,0.351164031331427,3
68,0.209990855073556,0.649802599800751,0.252705261576921,0
1178,0.357350153297803,0.367024291639854,0.429079932159977,6
469,0.643046477166936,0.816518939612433,0.429684961936437,2
6,0.599436092656106,0.261438789777458,0.371031312039122,0
865,0.342954639663772,0.392374879631133,0.431921512132232,4
42,0.157064733095467,0.148428962333128,0.847199708921835,0
695,0.582149966952857,0.643988640210591,0.345130892260931,3
889,0.350975401541232,0.387501809557269,0.43626121070907,4
105,0.559174487832934,0.586048811441287,0.35017007496208,0
295,0.610698589361273,0.966124672722072,0.331364666251466,1
1093,0.368416516527848,0.424751831735986,0.430354907374535,5
998,0.357755767218743,0.414570960123224,0.435012415759156,5
48,0.640516048297286,0.237242445349693,0.222150537651032,0
275,0.615647566323169,0.559307030099444,0.489666325761937,1
131,0.672707138117403,0.776558265322819,0.548559813993052,0
650,0.579136299828533,0.928941631037742,0.0914919778238982,3
237,0.609977909298614,0.730923637910746,0.248635198711418,1
654,0.58417211584514,0.963020598446019,0.538507016864605,3
18,0.639630689984187,0.65625428641215,0.0957399422768503,2
171,0.613283515674993,0.553412825614214,0.374498448008671,1
902,0.359932975484248,0.38778575678399,0.440745773524344,4
308,0.611164744303096,0.739136703475379,0.429947107587941,1
9,0.165760658215731,0.370260267984122,0.761068219551817,0
457,0.64469942195341,0.591090164659545,0.55666400610935,2
809,0.358337969680648,0.385544068879439,0.440555246407263,4
57,0.402546970872208,0.565449465299025,0.144114887109026,0
263,0.612930522938259,0.798466450814158,0.111091323685832,1
277,0.612343217928428,0.537812885642052,0.497272287285887,1
1046,0.352605678410034,0.425041905764093,0.431272441174008,5
981,0.349030804131071,0.42574473642127,0.429733561418743,5
1030,0.348701162311938,0.422723647366581,0.427144047650509,5
1315,0.366665779162925,0.363581424662347,0.420210269170471,6
405,0.645281086263713,0.562140646087937,0.166013820935041,2
149,0.608431361161638,0.956810223101638,0.566715104179457,1
1097,0.359944275418698,0.421355307268057,0.433820797250643,5
1026,0.363770184586388,0.422402241186562,0.431326704237033,5
264,0.616734758217353,0.899791844352149,0.345111190597527,1
123,0.490725944982842,0.566787504125386,0.0537441174965352,0
1193,0.353241276508245,0.353082816966131,0.429519288408375,6
1238,0.352246841517595,0.362222747583736,0.432568609279696,6
471,0.64410353702493,0.543925134046003,0.132719788257964,2
128,0.363625526661053,0.223837002879009,0.482523203128949,0
1230,0.361265152224805,0.354188782298297,0.438625336789812,6
1022,0.355834611933887,0.410626855225931,0.419789067158955,5
917,0.358570609816671,0.385634026474915,0.425616943946734,4
651,0.584578153281473,0.849398818146438,0.284648277121596,3
470,0.642710879046936,0.74963602940552,0.338106881501153,2
1073,0.347880513331717,0.410043100184974,0.439078945353748,5
669,0.577399070321117,0.96336788374465,0.542855870933272,3
1313,0.354781045413862,0.359153129446419,0.432935755972653,6
360,0.645329105439596,0.566890380624682,0.433515848848037,2
547,0.586075872683432,0.96363191427663,0.58225937364623,3
354,0.638849750317168,0.781784674432129,0.371037884522229,2
196,0.608701438377611,0.578062328090891,0.262399555556476,1
663,0.578816369529814,0.849741912959144,0.155424277670682,3
826,0.352211048020845,0.394899108896979,0.439001538186015,4
1145,0.352852151196957,0.363091740299418,0.43228415993875,6
67,0.652233531000093,0.972930699354038,0.928017735015601,0
926,0.360253143521294,0.383828139763367,0.431868337346117,4
1216,0.350116879316451,0.357547962036399,0.436083844690285,6
1211,0.348829805842869,0.358986148735612,0.435229946740183,6
324,0.612659145896323,0.674577138898894,0.216256584762596,1
362,0.644800487102475,0.809744318178855,0.214636894431897,2
688,0.583743737011682,0.520318149169907,0.330691574397497,3
329,0.612949662571773,0.724706142023206,0.237372581171803,1
1214,0.356674394547366,0.362026806296849,0.432481838713627,6
766,0.357985281496076,0.382022846609506,0.431550873196009,4
379,0.644099505536724,0.772918385383673,0.0975259108468891,2
608,0.57985657190904,0.846016201470047,0.334805235406384,3
1321,0.35112243170884,0.358098771659089,0.427035067325357,6
389,0.646701724284794,0.601678535854444,0.3670233536046,2
243,0.609071736377664,0.544195797923021,0.199678304628469,1
1165,0.353640782498283,0.359981167568337,0.429911587637048,6
377,0.639609499699436,0.856887801946141,0.333015098143369,2
855,0.357810033563658,0.399007783265569,0.441384062475795,4
888,0.356684530076875,0.386026571404492,0.427794115317576,4
1095,0.354317379785608,0.419145496840993,0.428610528524235,5
619,0.578322939977515,0.745130557613447,0.422850257856771,3
1253,0.356512448798178,0.356353867425846,0.434990139566577,6
447,0.639659126927145,0.81585843982175,0.387576299859211,2
701,0.580603984822519,0.769514547940344,0.172086531785317,3
1295,0.35551500279941,0.356992008200256,0.440456164914305,6
1018,0.358341853475759,0.419979204950391,0.43651189182999,5
431,0.639918658600654,0.728792419820093,0.389149268297479,2
1104,0.34477411162468,0.418166773890791,0.434154779128813,5
1109,0.354195740665131,0.420842907187391,0.431122650776259,5
616,0.5855177010037,0.77324209343642,0.557722170511261,3
959,0.359216759782778,0.418153161480417,0.431003330709415,5
1188,0.347448339982884,0.357388354253673,0.435390145085036,6
147,0.609018770989496,0.682589787687175,0.269391426141374,1
1102,0.359437421086392,0.41465857453288,0.4366408560721,5
146,0.610270452583209,0.661335618048907,0.364735298464075,1
774,0.35844568671782,0.402054126351302,0.434408428852277,4
14,0.508809427730739,0.488210977986455,0.689733782783151,0
467,0.640589281523135,0.617842778377235,0.416233967081644,2
1039,0.344348765944947,0.418975775008051,0.437724586298185,5
1070,0.35226125051678,0.416134553763538,0.441353765498419,5
973,0.35517969151231,0.418144207029638,0.43257192573444,5
769,0.35889093288753,0.39335419684914,0.43639679931727,4
1213,0.349227398651358,0.355041567878738,0.424201647413077,6
953,0.3550929353051,0.412159255935495,0.434790244201261,5
944,0.35546526445286,0.425142126027196,0.441570438949459,5
800,0.358995506850631,0.386572929615141,0.433777372102121,4
1090,0.350347539488391,0.42161610618534,0.441677077358585,5
804,0.356470830534177,0.401621184991001,0.428262013577133,4
878,0.358337464134065,0.392483387793739,0.430792626972682,4
398,0.646413104534149,0.754783935542219,0.461762251355685,2
593,0.586481324851047,0.481527292449027,0.097183209983632,3
573,0.583052627204452,0.662824949761853,0.33024833004456,3
1258,0.353602987433017,0.365872762516273,0.4268761403604,6
1281,0.350791246824244,0.350271893328171,0.442815701565635,6
595,0.581602852887008,0.71901456003543,0.576272643078119,3
903,0.350315847832769,0.38988315065821,0.432833024363014,4
881,0.361251392354335,0.387363960031941,0.434725237424929,4
920,0.359769494635654,0.399054541192624,0.436516231061212,4
1169,0.353590705624738,0.362701877000767,0.429815367321578,6
639,0.585794473222923,0.782398133119568,0.179314798116684,3
178,0.616815909661818,0.764899547724053,0.140603976114653,1
93,0.782896641874686,0.904572374653071,0.903899447992444,0
340,0.64615442104172,0.663969136937522,0.116280375653878,2
1247,0.358248719997047,0.352971515529418,0.432745583952003,6
1191,0.357549418831383,0.369371112924055,0.422170494090592,6
142,0.612637759426143,0.62677295091562,0.39606006492395,1
84,0.409406084101647,0.880083997733891,0.0918587844353169,0
78,0.32346186414361,0.599529277998954,0.257999004563317,0
478,0.641288310817908,0.714828826882877,0.119139259122312,2
425,0.646043059884105,0.755303576868028,0.452753274957649,2
1220,0.350575941124969,0.361048887845716,0.43382447628283,6
390,0.643115684273653,0.58990572176408,0.199158194148913,2
832,0.354017840707584,0.381619438063073,0.429825412205211,4
246,0.611481678164564,0.855763814924285,0.2755785982823,1
173,0.611004420637619,0.830055788671598,0.539821742475033,1
187,0.607667639830615,0.574297347618267,0.571870150882751,1
69,0.688880059868097,0.179023805540055,0.877630681963637,0
982,0.352821328938551,0.424391864687088,0.438049628810614,5
733,0.582334873634391,0.808885750640184,0.333162391348742,3
170,0.613530688812025,0.660695295128972,0.0935637344606221,1
276,0.60728399597574,0.727871451457031,0.473643093043938,1
912,0.356103111583495,0.397501239424945,0.432831061261499,4
938,0.359237027010703,0.426971582177385,0.438545429404929,5
1014,0.35595573204766,0.43263233474113,0.42614993623301,5
109,0.123963441932574,0.983708827057853,0.0385692876297981,0
241,0.615546792286914,0.959181785862893,0.360382817126811,1
638,0.582444355513435,0.50742546368856,0.148110969830304,3
371,0.639671190872323,0.652687247423455,0.557690769340843,2
117,0.265547974966466,0.168004068313166,0.890973287634552,0
127,0.877965017221868,0.687081262469292,0.0778933516703546,0
1054,0.366622470424091,0.412851838129207,0.435202809552415,5
1060,0.35533757361807,0.415467259763728,0.434321061148314,5
27,0.924276344943792,0.922184106661007,0.377400000812486,0
13,0.327149247983471,0.505322349956259,0.529198814183474,0
262,0.607453160188161,0.76482671876438,0.473975672177039,1
1301,0.357080171775224,0.356264044411697,0.431820953977361,6
1098,0.353294768887252,0.417079566922538,0.443334898465046,5
92,0.572904819855466,0.917149897897616,0.166881832294166,0
539,0.580718204907607,0.811780381761491,0.176770375482738,3
1094,0.349289031749109,0.424998321268205,0.426497041467539,5
361,0.645633632666431,0.501988039747812,0.105139963235706,2
785,0.36340462228561,0.394046377510678,0.428137786085819,4
941,0.3619319014223,0.419209925769207,0.43175324544468,5
908,0.352294904589805,0.395390794637005,0.43515207731002,4
1161,0.349892823061397,0.36247970449293,0.434306019791209,6
1280,0.359293558501981,0.361009764295212,0.434768221136237,6
1248,0.358952538116781,0.364896188289361,0.432960662195543,6
761,0.346115347164833,0.389311808602463,0.431399681925164,4
740,0.357587521020543,0.380656295532442,0.429011683350602,4
1257,0.351961690408124,0.365767471601253,0.425578983415083,6
771,0.361983199266806,0.389526197518878,0.431256553330439,4
351,0.63734883368481,0.782589285215363,0.483943242486566,2
488,0.639781018318608,0.652008606400341,0.566838562861085,2
40,0.901120902504772,0.896588008617982,0.815497319679707,0
898,0.360788733136273,0.390568691915011,0.4307206080622,4
185,0.613695702690165,0.743261827318929,0.169356575608254,1
104,0.605494836810976,0.435554659692571,0.458036087919027,0
388,0.64314229138894,0.674404758308083,0.20297352320049,2
33,0.786178879905492,0.209871296305209,0.93926416314207,0
511,0.640555938140024,0.829629879724235,0.569511122675613,2
951,0.35150384395216,0.416977176280737,0.430227591459197,5
1202,0.351036689782913,0.362646523316635,0.439376155828495,6
267,0.610429718040395,0.554974385700189,0.467720458074473,1
401,0.644367256297264,0.683187018544413,0.400714675220661,2
409,0.637091244370677,0.855704577104189,0.182179705961607,2
718,0.578763267470058,0.515672239288688,0.489188405941241,3
922,0.348015894070441,0.385466421080685,0.437998212962951,4
98,0.726354005513713,0.0152571985963732,0.0958436843939126,0
745,0.361924654974906,0.393555427815731,0.432583507639836,4
754,0.355307060711833,0.386421183219842,0.436273181718044,4
776,0.355934090149283,0.382967370826365,0.438714952360159,4
620,0.580722044741269,0.891176207736135,0.192513950541616,3
21,0.935359272640198,0.03120615077205,0.181292311986908,0
1196,0.350288004597512,0.36067432237062,0.425615274104107,6
200,0.608750456785783,0.825540362671018,0.161932372860611,1
214,0.614282020262908,0.952302255714312,0.333956345473416,1
482,0.639859231349546,0.625360131775961,0.368074959516525,2
238,0.613315424255561,0.692415521992371,0.326175939547829,1
1140,0.360571931954459,0.363427926669491,0.435088958567937,6
1276,0.35291640832449,0.359252613898644,0.437154995236948,6
1205,0.355419146874597,0.369863176373729,0.433135898185524,6
1299,0.355618090221767,0.353430997547484,0.431844180277562,6
842,0.355135289842005,0.38658896971862,0.431105144733267,4
1327,0.357758441689285,0.362760635613857,0.431438551817749,6
811,0.366714251766219,0.404684439855902,0.427722211039108,4
554,0.579174284453038,0.546085778088309,0.181899770651944,3
1274,0.351244144720613,0.353950204918438,0.435353587522979,6
719,0.586452663624659,0.582942458381877,0.201753103663214,3
867,0.356881731110255,0.383279688747647,0.424672956133787,4
102,0.0814422420226038,0.225068874657154,0.970713974907994,0
1001,0.353747565749606,0.420178603914734,0.423152343115579,5
905,0.361021895387243,0.385003409938633,0.4332635535804,4
747,0.361066761238459,0.386588921214191,0.436376422809931,4
807,0.346230506456845,0.391630611680163,0.437684674344735,4
1210,0.353413791563773,0.357591328937491,0.440113755266611,6
1150,0.352429371916922,0.364974303966379,0.430372826260041,6
1201,0.353374431269861,0.353544063365839,0.429260918034748,6
416,0.645161345235538,0.688443142850883,0.425670646736398,2
44,0.719292139168829,0.533920607529581,0.64107474940829,0
163,0.608436178020202,0.715570639865473,0.458379573677667,1
254,0.612519519943744,0.911855401750654,0.440973605168983,1
760,0.353356167684659,0.379317681351051,0.430571539865065,4
1028,0.349707589770477,0.41862152339776,0.42360089683629,5
976,0.34886797306538,0.411768080633625,0.426464314313037,5
1038,0.351993150013237,0.419177285837196,0.435407488695641,5
1143,0.359507340891322,0.364663959600631,0.442818670035409,6
122,0.476105384528637,0.853479251265526,0.200540286488831,0
673,0.584770815952215,0.731054184422828,0.348743907315657,3
217,0.615062187798321,0.855795108759776,0.450413763197139,1
268,0.608381273017731,0.558292704564519,0.473005439061672,1
829,0.350951398905029,0.394152372030576,0.433965763259084,4
837,0.354751868315732,0.389982195687756,0.430979218922044,4
582,0.579560577508528,0.818995773489587,0.158854986447841,3
454,0.63888549879659,0.684805546933785,0.111837039608508,2
722,0.579616692762356,0.878348373156041,0.423037498048507,3
963,0.351660186312767,0.421516707017019,0.433456868398481,5
574,0.582685270984657,0.947478427365422,0.25659187710844,3
1129,0.345580353577429,0.416172877638724,0.431453505129994,5
1032,0.366139962931067,0.42881793647457,0.43419292151077,5
259,0.615756116225384,0.829244897863828,0.539110237988643,1
1159,0.363736382975264,0.361733259315771,0.431208312472632,6
1031,0.35276464312592,0.420089048706608,0.44166272118001,5
525,0.641968152776826,0.501345034153201,0.139235959178768,2
1064,0.358412918361093,0.416535067857647,0.433141054373814,5
321,0.606870935151819,0.545396034535952,0.103095451276749,1
495,0.637717970940284,0.788456125929952,0.508231273759157,2
915,0.355517279472409,0.39106413331325,0.437520128618638,4
1305,0.362829618492538,0.355731330407029,0.431911727044204,6
1251,0.353233676786438,0.364623496173501,0.431269360141248,6
56,0.224935204721987,0.0343567472882569,0.885887310374528,0
154,0.608387602234725,0.701112027675845,0.43261781570036,1
681,0.580390625558794,0.904809020855464,0.51116709401831,3
278,0.61683244805783,0.494991934439168,0.257118179136887,1
600,0.582993619823828,0.879443338420242,0.285900550801307,3
655,0.577410103485454,0.851909659034573,0.290082345274277,3
11,0.686342650093138,0.407912908587605,0.638051136396825,0
34,0.361597060924396,0.329520120285451,0.383787486702204,0
694,0.585893056700006,0.596852775476873,0.417091060453095,3
335,0.641646968242712,0.79391854563728,0.393743457994424,2
966,0.353626892264623,0.41935170947574,0.432323202632036,5
1179,0.353522061948188,0.362543946057058,0.431979318068767,6
545,0.58146974299103,0.650741093256511,0.330499569093809,3
51,0.239775638561696,0.510573275387287,0.11578833591193,0
648,0.580599331066478,0.617782524949871,0.533433243772015,3
605,0.579873004001565,0.592172098974697,0.478856578958221,3
444,0.643780974757392,0.824207098386251,0.180599785898812,2
286,0.613849183844868,0.84966436882969,0.535905406600796,1
138,0.61138516770443,0.904884470091202,0.110065013542771,1
507,0.645586712472141,0.933628605259583,0.467818913422525,2
1106,0.356796803336015,0.418646237658358,0.445566216206286,5
224,0.612858846755698,0.68624196217861,0.443707987805828,1
1119,0.351678582294502,0.419392553321803,0.42910125520545,5
80,0.140321921790019,0.545431113336235,0.266588245285675,0
306,0.613742436144967,0.620969377388247,0.334946138691157,1
1304,0.358997140434254,0.360125264734241,0.434577312680106,6
301,0.615502408514731,0.838878394151107,0.252242418029346,1
960,0.361823570057423,0.418418083722351,0.437448578463681,5
910,0.362376103498833,0.394128024699463,0.43368136529131,4
1310,0.345848842761352,0.363839538027492,0.430392364862853,6
17,0.0355224295053631,0.834361106855795,0.240911937085912,0
363,0.639516422043089,0.501141590229236,0.208830668381415,2
126,0.782298101345077,0.373417734634131,0.242452318314463,0
1194,0.348859765084788,0.364661543940079,0.43330222205115,6
594,0.584650175345596,0.528516287961975,0.494368846202269,3
510,0.639899739008397,0.835017961496487,0.270126553508453,2
1019,0.360363033510897,0.423313586505868,0.436547241414439,5
461,0.642023847941309,0.653561265021563,0.124655462941155,2
375,0.643766301763244,0.923067233571783,0.369401669269428,2
687,0.58168715557782,0.910898858378641,0.192133940081112,3
883,0.354082840037949,0.398168778405239,0.438887819158774,4
1215,0.356403124676077,0.363078923522144,0.429229498741262,6
645,0.579848322647158,0.748553719185293,0.489002566225827,3
557,0.583567711904179,0.908856371464208,0.35614893285092,3
1,0.21718289447017,0.320866429945454,0.883733998984098,0
1163,0.357230132603726,0.364769557882106,0.430523342836896,6
483,0.64579176339088,0.939158516633325,0.331905839289539,2
205,0.607794517581351,0.968679223139771,0.260954767256044,1
935,0.34979192798812,0.417991774901521,0.427363979549904,5
1037,0.354890831574844,0.413818481714807,0.435600075602417,5
928,0.353311411625449,0.383793132510942,0.429031073018133,4
834,0.352878856477429,0.392873184766609,0.434837881325427,4
899,0.352427903717033,0.400573439652463,0.429950551676156,4
1330,0.356508124420009,0.355890366733984,0.426965717906994,6
913,0.354925868177972,0.388183337246812,0.434188635800343,4
927,0.351331820624585,0.382505019644349,0.432843025919825,4
1123,0.361830378834201,0.410479507574894,0.43860558725672,5
83,0.123634570511058,0.0571908336132765,0.602891982300207,0
656,0.584504293389618,0.709060775511898,0.337670409260318,3
891,0.357492675796756,0.386597155039329,0.435946936025632,4
751,0.35202513441779,0.388045328300945,0.435407871960589,4
442,0.642337715208996,0.773136687860824,0.16126435555052,2
584,0.577897753196303,0.772725068079308,0.466207802318968,3
1101,0.353535618147279,0.423100512931006,0.430497661146237,5
1051,0.355109234676981,0.416583825242534,0.435458291735384,5
822,0.353225433107478,0.394543010549507,0.436888624045707,4
54,0.011198231484741,0.807371503906325,0.0626163689885288,0
314,0.61206020424841,0.919235113938339,0.551959818485193,1
894,0.353655133889439,0.393895248695373,0.434675447660415,4
971,0.354824834443691,0.419190158424014,0.427342824042749,5
1288,0.354733107510805,0.357471957104123,0.429714474399437,6
808,0.351651949166556,0.393906711111149,0.437035230860428,4
1189,0.350750505272508,0.366587773788812,0.431962570159246,6
113,0.589743370190263,0.307679774239659,0.293471490964293,0
847,0.364616567899363,0.392547897203857,0.42731952706983,4
558,0.584545731460676,0.6006929557072,0.170816425373778,3
502,0.637606955303345,0.791588340466842,0.328783150785603,2
778,0.363101640616066,0.377010349341868,0.429614444806647,4
660,0.58314235043712,0.874454530701041,0.275091914949007,3
274,0.615661265028175,0.62933885846287,0.16022306450177,1
315,0.611938997406978,0.655395797500387,0.210275493818335,1
1082,0.350451908940744,0.424944492433678,0.436633088793407,5
1269,0.35969896997655,0.357631768180062,0.440916155041053,6
1223,0.351154173159526,0.353705038791691,0.426937520330029,6
1043,0.354221158319194,0.422349982432966,0.43228190917011,5
866,0.355447516065819,0.388314118018064,0.438522143531677,4
164,0.611178900636733,0.880640709586442,0.471208278578706,1
1155,0.356002424996337,0.367823548522249,0.429141332501289,6
664,0.584277643829118,0.676322515169159,0.503609090717509,3
1021,0.357721282179879,0.418098949341613,0.4359117241139,5
803,0.35808578690383,0.389553854886686,0.43372691705225,4
552,0.583918073314708,0.940830507245846,0.194787646317855,3
1088,0.350284099108503,0.416122522830388,0.433357740600955,5
211,0.610896303451154,0.577268990618177,0.482403487921692,1
544,0.582414755767677,0.798894046619535,0.572110061091371,3
827,0.355959226717214,0.393491586522535,0.430030522251323,4
575,0.581470738791395,0.855372329521924,0.142193575995043,3
862,0.348087023174389,0.385440785056456,0.438597740320964,4
197,0.607035128246062,0.613983489037492,0.396282014460303,1
514,0.638931369762868,0.496551600680687,0.41126847921405,2
1264,0.358067288103179,0.361666577392884,0.427752576341695,6
72,0.0452774190343916,0.77121526026167,0.462225623195991,0
198,0.615922621930949,0.648618295486085,0.553502594144084,1
1259,0.350020566555474,0.369317904673826,0.422317783176322,6
877,0.356971637658225,0.398163086922187,0.434259292897064,4
359,0.645919228836428,0.619881308800541,0.469590044254437,2
373,0.639038751698099,0.819886936969124,0.389423928130418,2
120,0.886026277439669,0.917258621426299,0.763327112188563,0
441,0.641583953152876,0.979501897166483,0.127014576946385,2
758,0.353857259790987,0.385504560550738,0.437194760544696,4
435,0.641452696905471,0.728514627483674,0.253916490846314,2
956,0.36107498712864,0.427347712219574,0.438867076407466,5
22,0.443400555290282,0.401386108016595,0.604523136746138,0
753,0.353744441239862,0.393433507171676,0.438587429300646,4
1319,0.351466059186647,0.35692413765862,0.43421207804364,6
1324,0.356732724783959,0.364071965768084,0.435633863696313,6
456,0.641172863522079,0.911604820564389,0.0896119532641024,2
787,0.355418758192634,0.394501146283786,0.433273270152019,4
1156,0.351014284858712,0.361155778058963,0.424547483483113,6
849,0.363574155697151,0.384455417146347,0.429980239209885,4
1118,0.352519962457106,0.42041930006748,0.43495550585048,5
872,0.361908118250714,0.392674246251935,0.435150731888032,4
424,0.63962391466368,0.832989080972038,0.290774955321103,2
1235,0.358008182094033,0.355802022280018,0.439066015433591,6
353,0.638062186758034,0.578951171063818,0.229251440055668,2
90,0.88052424765192,0.804151006508619,0.595814914675429,0
236,0.616077514605131,0.939035012200475,0.143936620349996,1
900,0.355331649379684,0.386751778933608,0.438510697633071,4
667,0.586489077578299,0.760014975606464,0.232079102331772,3
350,0.642676531479228,0.66985120815225,0.381628955039196,2
646,0.584230995927937,0.506659608962946,0.417532439948991,3
937,0.358598844333715,0.418403907863965,0.432399534070809,5
191,0.614464348843321,0.576646651071496,0.469399299961515,1
1246,0.355314783416906,0.360530384196181,0.427175175622609,6
118,0.153375712689012,0.212885353481397,0.624241598881781,0
159,0.610612913765945,0.689444390172139,0.305361622502096,1
443,0.645980434452649,0.482733179745265,0.564391573797911,2
66,0.684040701249614,0.459466601721942,0.351297766901553,0
1142,0.362329841306871,0.349330604591336,0.431540101262068,6
110,0.316382201155648,0.179476221092045,0.176484000403434,0
1207,0.352008829813849,0.360741816004038,0.421511558403747,6
234,0.612216803310439,0.68999533278402,0.514776950026862,1
65,0.648693632800132,0.615737295942381,0.405965172918513,0
592,0.579640538925305,0.947125742840581,0.21205899505876,3
436,0.646824808558449,0.949597832211293,0.382968984101899,2
636,0.580208888773341,0.852735832263716,0.587348450580612,3
1289,0.347654468986082,0.354368973035419,0.435604224028545,6
629,0.582081731646322,0.666264147893526,0.100020332168788,3
549,0.584795394574758,0.796841127495282,0.42312054396607,3
480,0.642161429219414,0.94046317813918,0.121807381999679,2
476,0.645687379073352,0.960945920948871,0.303039595740847,2
129,0.917792222695425,0.65066757099703,0.985387472668663,0
148,0.612308942724485,0.958688132162206,0.585959116136655,1
863,0.344903605276232,0.386460993012783,0.431979059293715,4
226,0.612214877556544,0.81781487101689,0.312906084256247,1
258,0.615997425746173,0.836554133729078,0.40928130785469,1
996,0.351505105525748,0.415401021171534,0.433791451785745,5
298,0.6069292982365,0.729949972755276,0.286759256990626,1
911,0.349659912978466,0.38343756279905,0.433650313950359,4
417,0.645216578971595,0.888095473102294,0.567487765126862,2
166,0.610516572317574,0.64708592351526,0.321442339825444,1
337,0.642714242055081,0.948642358463258,0.246897322498262,2
1048,0.354925621024676,0.41982341676244,0.43314636193645,5
45,0.553237844258547,0.794328469084576,0.706187528325245,0
637,0.585355525691994,0.976833983836696,0.14885795887094,3
245,0.608022657718975,0.917355951084756,0.271212723013014,1
339,0.641222490081564,0.71336030906532,0.581145543279126,2
991,0.358835605864955,0.414132362383608,0.434138728317375,5
686,0.57858967123786,0.552706206496805,0.410189457493834,3
239,0.613686602518428,0.699710544710979,0.262160661770031,1
555,0.585724309931975,0.529749588738196,0.112519598938525,3
114,0.641805168706924,0.0756673396099359,0.389233981259167,0
823,0.350281517229335,0.391052656022575,0.431352030475188,4
130,0.472330794669688,0.514536124886945,0.149027606239542,0
635,0.578936565485783,0.858639449393377,0.289069079933688,3
1284,0.357346954570608,0.363506410660721,0.436416286094531,6
704,0.582910455905367,0.679723449563608,0.337386259599589,3
12,0.692512114997953,0.404444842832163,0.510611896403134,0
99,0.821267914958298,0.608577380189672,0.931798703968525,0
990,0.348984720206074,0.430131347642315,0.435334307781414,5
700,0.578622837213334,0.523782888124697,0.335049899900332,3
875,0.351713104350523,0.38123944592925,0.437515799790809,4
906,0.360049184626598,0.385806726228976,0.442013364684634,4
984,0.347883842734584,0.421447417104102,0.429929555583042,5
819,0.354348339803479,0.391626079681707,0.442681398979599,4
621,0.584226595163345,0.494490886852145,0.537212047865614,3
491,0.63841056875186,0.595634802989662,0.317979262350127,2
326,0.61313853987027,0.791058181715198,0.337241715192795,1
228,0.609003476104699,0.627723439759575,0.242632811330259,1
1061,0.35396922742358,0.426044498797175,0.429582287482542,5
546,0.582019817149267,0.877744494983927,0.261207830300555,3
1124,0.359243414754427,0.417206538098865,0.438603999981366,5
876,0.356166363034344,0.394023091399011,0.426191460302204,4
1249,0.365732541665145,0.348629964492041,0.434864932504551,6
135,0.613217770757619,0.531604687380605,0.127725283638574,1
520,0.63837534729857,0.965914956806228,0.134715828718618,2
75,0.0531017316970974,0.534385762410238,0.966879137558863,0
653,0.582381727809552,0.655427397973836,0.431564605468884,3
536,0.578035938059911,0.782601430825889,0.26056854382623,3
737,0.352373178420509,0.388049088895763,0.426923853418476,4
1062,0.352657230131185,0.423248511162957,0.435232439586017,5
942,0.349726189947328,0.421277367488337,0.434385298263854,5
116,0.074691619258374,0.420148814097047,0.0461676076520234,0
882,0.354411726491404,0.398875886495524,0.429191109940983,4
428,0.638603050659876,0.692369233048521,0.464658546634018,2
577,0.579948116145097,0.676532969390974,0.417789890570566,3
538,0.579323694698978,0.724998696986586,0.111415554443374,3
19,0.567941525252536,0.423739986959845,0.270910144317895,0
179,0.608663267286029,0.769057443644852,0.520674594817683,1
394,0.640377398140263,0.485158514045179,0.20133702668827,2
216,0.616118281024974,0.611275453283452,0.208645595493726,1
596,0.577898482014425,0.689199612988159,0.259103207173757,3
603,0.577214367191773,0.505099260993302,0.477927194465883,3
742,0.354284564630689,0.387855953246728,0.442465920168939,4
229,0.610756748083513,0.961831012438052,0.439537589112297,1
265,0.612850732805673,0.680070976773277,0.577722231531516,1
356,0.639188119713217,0.930639760033228,0.111649934924208,2
137,0.615864267516881,0.512378477421589,0.125313923251815,1
1183,0.353645638177429,0.358686745945496,0.433934274437445,6
1074,0.35494969244231,0.42899270474778,0.437807958357877,5
257,0.61051303377375,0.950484023825266,0.125852517806925,1
572,0.578123312355019,0.63719737988431,0.49133188535925,3
907,0.353592043558722,0.393811242432572,0.427134325919991,4
943,0.356485168302825,0.418354109150445,0.427411528382804,5
748,0.359282206836713,0.387742326649068,0.441780102708381,4
186,0.607864000911359,0.91655718178954,0.403153798449785,1
773,0.352692742722771,0.39019697971493,0.434080661998134,4
312,0.60843790050596,0.770672068512067,0.574058304564096,1
1174,0.350513492530221,0.354507060702849,0.434848047363187,6
647,0.57904991263058,0.74297615471296,0.568391600996256,3
1240,0.354630457574238,0.354209820542785,0.431053917679143,6
8,0.657249630661681,0.413797091227025,0.847578431479633,0
133,0.648771430365741,0.515537763712928,0.701837552012876,0
772,0.355799743101748,0.379877449872127,0.421955753947305,4
7,0.817235765745863,0.845421991078183,0.787264524027705,0
580,0.580285734487697,0.860485075553879,0.231398567813449,3
182,0.611484186807647,0.883077941299416,0.448399642505683,1
531,0.644861220172606,0.519996389676817,0.228120656940155,2
1087,0.35185723584794,0.41128154138555,0.437147803332654,5
440,0.643551137293689,0.842772257211618,0.264753805729561,2
429,0.645768624381162,0.841322528477758,0.126547964429483,2
1237,0.354462003862687,0.371258707838807,0.428497571359938,6
564,0.58401131226914,0.670990019501187,0.379897448956035,3
841,0.355656752766467,0.385072969526443,0.435548149833499,4
1293,0.362720417416398,0.365468757962387,0.432469441425468,6
506,0.637821389629971,0.663298865011893,0.174161234195344,2
843,0.356635464413578,0.403077278693928,0.431935518359503,4
167,0.612103893901221,0.858087414223701,0.183715036744252,1
2,0.106239129090682,0.369667414808646,0.782822144916281,0
1224,0.364758190708441,0.357980629001396,0.432804482723289,6
1012,0.349888942168465,0.418997093377667,0.43144480982918,5
325,0.615292605001014,0.980930903623812,0.413826474826783,1
746,0.357847064755422,0.387471780784769,0.436013661815872,4
16,0.0152115316595882,0.565422242973,0.846021350240335,0
887,0.351055800642327,0.383661783969341,0.431746234153605,4
106,0.519184897420928,0.180146131897345,0.263488833326846,0
155,0.615396017550956,0.495408976380713,0.568948591151275,1
1084,0.357306819908614,0.429677777529055,0.432840278776999,5
1035,0.344430181640882,0.41821420895954,0.43622962465852,5
571,0.583957987439353,0.545977577846497,0.507524507143535,3
1080,0.356632368921752,0.416423980362868,0.435762911790723,5
427,0.641494286016095,0.530857096822001,0.506201610108838,2
1157,0.350432685260385,0.36132178396786,0.439189098381625,6
1040,0.355626175218441,0.415029031952865,0.439697658755067,5
188,0.610282122662757,0.653370262635872,0.540577895147726,1
1252,0.353974768798374,0.36140141622453,0.437094224677274,6
91,0.880864031845704,0.796493869740516,0.513548848452047,0
1300,0.35266961460184,0.365743284444065,0.429766326463205,6
1328,0.356641762975841,0.360841415691812,0.441761855353614,6
412,0.645219524085987,0.891467339056544,0.144529727543704,2
1003,0.358975776006909,0.425739279948738,0.433826201841134,5
331,0.612259730312508,0.686616939073429,0.533663465315476,1
850,0.35444547540255,0.386748029300326,0.431421850945332,4
28,0.802651956444606,0.616885694675148,0.230750695103779,0
1181,0.364837229297661,0.363315917587149,0.441741914745583,6
698,0.583287811863702,0.836696210945957,0.194733241247013,3
1185,0.357360033812097,0.35797336965876,0.431614242693957,6
1308,0.357509035095565,0.363955061459408,0.435062452044782,6
115,0.092383598908782,0.852007182780653,0.77198293316178,0
1278,0.353997594470605,0.366898954669082,0.43591177072444,6
494,0.642641130834818,0.929480456444435,0.514770712028258,2
38,0.525658678030595,0.684585695154965,0.622500530211255,0
452,0.64446746700909,0.567920209770091,0.129221804346889,2
691,0.576923813202884,0.905402072984725,0.45014280397445,3
393,0.642315978272818,0.823798594344407,0.311596910608932,2
835,0.346328992799495,0.388133376906092,0.431577007563671,4
1081,0.359769008972889,0.424651914647267,0.430367521722219,5
1283,0.352157743332317,0.352729256457876,0.434997410190118,6
10,0.492439967347309,0.700442401459441,0.247155977180228,0
885,0.343484377643813,0.388798673451357,0.431165437259554,4
220,0.610169184219558,0.820155508513563,0.349501610640436,1
408,0.646587302640546,0.769983106572181,0.586676433123648,2
840,0.355635651382936,0.391036257937994,0.438154415124069,4
81,0.543386033736169,0.711006220430136,0.180008981609717,0
420,0.639775636340492,0.823476645792835,0.226174352713861,2
1167,0.350364216347498,0.358952749010373,0.432358255719033,6
586,0.580616858261637,0.667627267935313,0.234350639185868,3
434,0.641305273375474,0.632848120806739,0.550868600513786,2
496,0.637626812502276,0.866322633856908,0.47876302364748,2
676,0.580865172178019,0.838007092406042,0.572020504530519,3
1067,0.352560774371139,0.410277299486883,0.434688989771527,5
933,0.351156452789295,0.394002374014789,0.435712292568736,4
565,0.586125167757273,0.935584954381921,0.166082832287066,3
1222,0.358862393546474,0.364912157980343,0.435332293817288,6
157,0.61231546071358,0.527826691791415,0.470260159019381,1
880,0.359595595689537,0.387512622008277,0.424270609243325,4
1083,0.348820206196196,0.420803440020032,0.4389210969772,5
139,0.607569391636644,0.603089024825022,0.117976009054109,1
143,0.607420871953946,0.942723350645974,0.20434327844996,1
410,0.64565202553058,0.798026871914044,0.414637797884643,2
1290,0.359621859335607,0.359722693617485,0.431925006168574,6
365,0.642005575709045,0.644327499950305,0.253133258689195,2
658,0.585120060129557,0.885673815780319,0.261598903359845,3
396,0.638582967617549,0.644527146173641,0.356351931020618,2
344,0.639383081481792,0.534959841216915,0.267440210236236,2
1056,0.360277139165079,0.42693966345546,0.430858276654585,5
1058,0.35520495413421,0.413566452337183,0.432192281718727,5
1265,0.357763062276553,0.362748752018773,0.433093861125897,6
551,0.585582504319027,0.870654255780392,0.397480097971857,3
1287,0.352337127582013,0.362050451113329,0.438217375166365,6
997,0.355510182678758,0.42060210753669,0.440242370051945,5
1173,0.354562408807236,0.357928491492515,0.42967295355763,6
668,0.585452104017604,0.697252284898423,0.524706696649082,3
534,0.58506163111655,0.489902410237119,0.341095540579408,3
284,0.614090810518246,0.654315353184939,0.135691519384272,1
1105,0.363770199161164,0.423841127224274,0.432086174927377,5
568,0.580499535282142,0.637381743686274,0.189475527522154,3
968,0.361224195765093,0.414861224748318,0.428192185927632,5
1239,0.354670608894533,0.359282296755715,0.436629932044954,6
323,0.615974937193096,0.573050442431122,0.40637296452187,1
952,0.365068585385117,0.416673880235039,0.428312104528292,5
53,0.478833973407745,0.680785180069506,0.970845455303788,0
266,0.613762819259427,0.75787098989822,0.582294929912314,1
612,0.581792466137558,0.839794938499108,0.409757688781247,3
802,0.355887163509376,0.391098838265384,0.429917754852769,4
661,0.578917307248339,0.572894425410778,0.352608845708892,3
712,0.586560308029875,0.720949325058609,0.412620423152112,3
512,0.638691262099892,0.703358677262441,0.229599067615345,2
962,0.364599112914116,0.427525180323652,0.436518468853694,5
606,0.580280109492596,0.745564268133603,0.187977925315499,3
1209,0.358531177625279,0.356467084156452,0.438562532244893,6
750,0.343488216954836,0.397883606732713,0.432066436270926,4
240,0.614074173700064,0.651240108464845,0.516123079368845,1
445,0.637509050096851,0.737368443794549,0.156421635556035,2
680,0.578622015090659,0.633886342216283,0.459315280802548,3
1007,0.350310627715799,0.424716854202579,0.446051706809191,5
791,0.353768179269862,0.383400682521097,0.437882218285813,4
1023,0.354852507897457,0.416314333384867,0.432340179189066,5
287,0.614712901571766,0.891291718394496,0.577316518197768,1
1234,0.353393319628401,0.362064851468307,0.437704517239201,6
415,0.64616273852298,0.762101329443976,0.12854798687622,2
382,0.643704856822733,0.556291707023047,0.390980318095535,2
1096,0.351818974747158,0.431573651157405,0.434890401186911,5
181,0.61678218140034,0.819148951140233,0.104776358604431,1
383,0.641029912545346,0.56976255022455,0.375539928697981,2
1233,0.357319643924652,0.357050600815455,0.431816766132082,6
96,0.510364343645051,0.251519188052043,0.946495796786621,0
473,0.646649556283373,0.685324513167143,0.157261015987024,2
439,0.64045342017198,0.670315022161231,0.209126443741843,2
261,0.613981714288238,0.737092002574355,0.218215856375173,1
634,0.579889797081705,0.895596373872832,0.212928999471478,3
333,0.610303457907867,0.693194760638289,0.450484310882166,1
107,0.325796981109306,0.299377410672605,0.0633155442774296,0
954,0.355107412887804,0.410443260367986,0.432046972138686,5
1184,0.35890282387431,0.35830032811085,0.428944796869961,6
1126,0.357327087013859,0.412148783294966,0.430939245524118,5
623,0.583067691277247,0.63292420974467,0.255272348201834,3
1025,0.35463374578657,0.426091875129973,0.433470760118826,5
731,0.580993903717026,0.662271896307357,0.538914390280843,3
466,0.64208340144949,0.544336057780311,0.539006206695922,2
1071,0.352112450405173,0.425920919365638,0.432888811402655,5
349,0.638094666008838,0.772959040990099,0.170069918991067,2
281,0.607919784595724,0.631337892427109,0.347961773071438,1
590,0.584856606614776,0.710642984416336,0.564898296166211,3
380,0.639357329681516,0.821574218501337,0.580007829493843,2
1260,0.357168327715279,0.356595180352637,0.430362505880231,6
683,0.583081109647173,0.689210969419219,0.258668634365313,3
743,0.354325488156648,0.383968909592229,0.436767773348537,4
1137,0.360683576809117,0.362819790146477,0.433844027968635,6
192,0.611502158506773,0.877917384076864,0.1924736734014,1
421,0.637241628286429,0.791565598733723,0.528249338059686,2
1323,0.353564212553958,0.360460782720059,0.422766752049637,6
215,0.610638100232463,0.525127757154405,0.495772041170858,1
1063,0.355472878692284,0.417261929404324,0.42788480681869,5
108,0.524495515273884,0.622271879576147,0.620582936797291,0
591,0.582858532201499,0.904553229152225,0.107245844812132,3
242,0.609356001340784,0.59276907814201,0.359084419347346,1
248,0.615278371979948,0.696271173236892,0.12198250812944,1
541,0.586504437795375,0.767906112526544,0.118574673566036,3
967,0.348598962534272,0.420746900715722,0.429310399067999,5
195,0.609350422827993,0.681220580870286,0.251307441410609,1
41,0.810314654372633,0.67391251726076,0.203724383609369,0
459,0.639786415658891,0.68571304010693,0.293171787890606,2
501,0.64442439166829,0.950554870464839,0.569803482294083,2
304,0.6077664794866,0.51083933392074,0.229509237711318,1
161,0.610385925725568,0.721145142382011,0.208474182314239,1
550,0.586289696502499,0.767547296406701,0.158099399670027,3
818,0.362875430613135,0.388507144647789,0.433967480760822,4
631,0.586033614967018,0.612420326960273,0.218336578714661,3
1153,0.354853096990273,0.355975937735474,0.439269820014092,6
1331,0.362788755688609,0.359378243456367,0.439840638160463,6
292,0.608922146798577,0.763788067200221,0.565837052674033,1
508,0.638463415787555,0.8485204633791,0.523473537433893,2
189,0.613219097165857,0.980137379071675,0.525000490504317,1
1314,0.356330003593931,0.357322698332605,0.429429454422594,6
1027,0.354296281784535,0.414134897577976,0.433703296429365,5
585,0.585733126148116,0.746644559130073,0.577839106344618,3
858,0.352393227517616,0.388582770011598,0.429923074139282,4
810,0.357291220431129,0.38780243978812,0.440595964437087,4
1198,0.354387074231056,0.360719680479003,0.435250560173284,6
1148,0.358514226588648,0.365854535289381,0.432750006766426,6
770,0.355072537102831,0.385876502246501,0.429892451027319,4
711,0.577950292695314,0.668589188181795,0.403429420106113,3
1127,0.343411049811472,0.423264694762786,0.433024554390305,5
615,0.578392836344428,0.558891210402362,0.509843311179429,3
969,0.352977324974864,0.4210597946438,0.431098560793392,5
1217,0.366060498096352,0.371883135836101,0.430605963553379,6
74,0.696325691882521,0.500077371252701,0.140463374555111,0
1329,0.343820687331424,0.348304461178803,0.441351886176928,6
493,0.644224815613125,0.693075795355253,0.371082364022732,2
678,0.584125642648432,0.727934464043938,0.26870799602475,3
1311,0.359690002682748,0.357671006270074,0.437144002580866,6
642,0.577437372675631,0.955796230630949,0.582419573236257,3
1170,0.352494246174602,0.363415911351235,0.43792071836919,6
1015,0.356220719431154,0.424615168018945,0.430293179709314,5
403,0.645501642364543,0.518605361739174,0.252930260635912,2
426,0.638498183863703,0.904765474190936,0.181831476418301,2
95,0.885815843008459,0.179244588594884,0.632299517514184,0
548,0.579462148663588,0.942590413661674,0.374682319373824,3
886,0.351724028921104,0.379301307065748,0.432881091403678,4
280,0.612700455898885,0.591991642653011,0.544786274572834,1
625,0.584098411663435,0.521481586783193,0.147996864188463,3
570,0.581950089724269,0.803461364866235,0.289801181550138,3
62,0.543701414717361,0.969004980055615,0.277837165864184,0
1241,0.345087342004239,0.362303054391697,0.432509636284079,6
870,0.346890140187408,0.393194509843651,0.429400514334633,4
652,0.583622298147529,0.728361533535645,0.444916208530776,3
503,0.639475571550429,0.956727836560458,0.561388605297543,2
490,0.638067748935428,0.707331427768804,0.215326654631645,2
509,0.643123617866077,0.617175648151897,0.583585195615888,2
144,0.615129499030299,0.960697001358494,0.210268288408406,1
1236,0.361964853542997,0.369093480668409,0.433379543569382,6
909,0.364367468822704,0.390207942333,0.435355553512629,4
559,0.579792446226347,0.882771501829848,0.282025790913031,3
916,0.354821648001388,0.398303301874688,0.428979470121894,4
1286,0.351716622365847,0.360931618864078,0.432512281167459,6
1158,0.349602724605719,0.364963477383201,0.432238488312096,6
355,0.642961995035876,0.881887985789217,0.439425015845336,2
732,0.580498967510648,0.72495972183533,0.556705818301998,3
994,0.36080946216004,0.424909740709506,0.429475733482469,5
1149,0.352923084697836,0.356156144489142,0.437036919234442,6
659,0.577462745595258,0.876715887500905,0.238454963685945,3
87,0.674975000089034,0.403460160596296,0.681689474964514,0
799,0.36173115700537,0.387358497796807,0.433682278573003,4
43,0.440119697712362,0.60596365458332,0.974596307380125,0
1296,0.345583514467078,0.360009832936338,0.428527540341534,6
979,0.351670031565397,0.419972041840514,0.431602342536214,5
929,0.353248009602675,0.385717206211497,0.43985141430834,4
387,0.638129307492636,0.815933327237144,0.337268561962992,2
1332,0.345309417427502,0.356671378856846,0.433456774469733,6
70,0.876495064701885,0.13193053775467,0.0474410341121256,0
50,0.679525417508557,0.349916713079438,0.238147641299292,0
103,0.219989407109097,0.275278364308178,0.844698849832639,0
1128,0.353600186456757,0.419758466056948,0.433272108698428,5
1325,0.355720664993268,0.360764066093123,0.434849741008945,6
1186,0.346786603378631,0.354984808200373,0.441641152873611,6
260,0.613993266103789,0.899350290815346,0.385860926727764,1
49,0.365731294034049,0.631167063722387,0.172318164957687,0
1263,0.359898311912967,0.366766496861854,0.434747929286102,6
1282,0.350466691016557,0.352649796810467,0.435187198473544,6
219,0.610487885791808,0.828618498332799,0.445690881018527,1
1013,0.36099508576347,0.419667550285111,0.431222694656727,5
725,0.586507302648388,0.741708245989867,0.452137201698497,3
79,0.36881465325132,0.624372272286564,0.507956244284287,0
269,0.615702943960205,0.556635136180557,0.545561112719588,1
1226,0.357242614424309,0.360259522082316,0.435825309431338,6
721,0.58297742487397,0.587155384290964,0.525157732795924,3
744,0.358746728469668,0.394890595171239,0.4344683430579,4
73,0.429835845017806,0.13566396269016,0.173571426887065,0
446,0.644842190486379,0.735671995370649,0.449119316088036,2
481,0.643522529255133,0.507852660072968,0.115104309655726,2
1144,0.358807442760369,0.363575654817681,0.432899188915431,6
796,0.349276664608907,0.393439135267654,0.428119953879129,4
76,0.357958994107321,0.459429510403425,0.202659429050982,0
988,0.355289140904714,0.424017738767884,0.424008508532287,5
168,0.606860874802805,0.599343280121684,0.277251223940402,1
713,0.582643057361711,0.863961604936049,0.242533871694468,3
384,0.643312134218868,0.967373927868903,0.191106975683942,2
783,0.358479774949183,0.384351999662928,0.426641514546904,4
1225,0.340308388551624,0.355525747048079,0.42800514575906,6
1072,0.360245011685435,0.41455294798938,0.437941489838955,5
641,0.585135317360982,0.832057768758387,0.278262526635081,3
1041,0.342087101929198,0.426726875068357,0.429070211216936,5
472,0.645307648866437,0.645627694367431,0.234937552385964,2
1203,0.353670933113059,0.362423986749687,0.432306224526078,6
626,0.583565952805802,0.8853051596554,0.587845028284937,3
617,0.580639214417897,0.588409174163826,0.482506445515901,3
836,0.352989676906159,0.400239264297999,0.428014062922007,4
271,0.609685640479438,0.75495158454869,0.468203376536258,1
530,0.64119614670286,0.63221806245856,0.322459852928296,2
794,0.354945190867846,0.38772483313731,0.426292159665992,4
724,0.581157346738037,0.590387584804557,0.275839226343669,3
854,0.347365451909306,0.390180102940326,0.430540403155742,4
1172,0.352676399030153,0.364284013739622,0.429158880355673,6
824,0.361434742547578,0.387290474718777,0.434650027689163,4
165,0.608011337341741,0.553180805919692,0.416411660518497,1
256,0.611987286093645,0.511997432028875,0.385012218053453,1
1294,0.353662770166919,0.352021902001855,0.432750736116889,6
423,0.640956530692056,0.87869871086441,0.413434540643357,2
848,0.348822037737458,0.390854624586048,0.425389869386342,4
386,0.638841345056426,0.871784944017418,0.535206605354324,2
1034,0.354909754657594,0.427174743059216,0.43142826008136,5
830,0.356074943926607,0.387196784476136,0.430684164843144,4
94,0.63979631382972,0.0188029271084815,0.928043956169859,0
176,0.613261345785577,0.831198603659868,0.516832149843685,1
283,0.616814872480463,0.757121194317006,0.387541467347182,1
477,0.644706301330589,0.748115822137334,0.123513126769103,2
24,0.400221630232409,0.00437172176316381,0.481530998134986,0
703,0.580035515900236,0.603455599560403,0.206758198002353,3
433,0.640038560854737,0.824866717378609,0.344285431806929,2
964,0.345279694545206,0.414024320896856,0.437854602050926,5
55,0.308276230469346,0.383517282316461,0.828897566301748,0
296,0.60786726300139,0.653090109978803,0.375308069656603,1
58,0.598169397562742,0.378940507303923,0.402510976651683,0
1091,0.356910589213509,0.421369555314321,0.432734141585968,5
901,0.356250739016126,0.391284380479164,0.441359610699132,4
366,0.644919693989214,0.523595960158855,0.578603266295977,2
845,0.350982446723014,0.377200693789667,0.434039117863044,4
805,0.34843560232703,0.392579513924466,0.433183365063753,4
633,0.582804893834982,0.847017466719262,0.532293743942864,3
930,0.360314479295179,0.382584160519424,0.436172260474968,4
345,0.645052396941464,0.731172710470855,0.208545440947637,2
868,0.358498630237223,0.392887598271609,0.439862916988847,4
950,0.35259073326388,0.423293701762427,0.430500655565169,5
499,0.639386802914087,0.809444030094892,0.172501712711528,2
112,0.0893493429757655,0.975296310149133,0.051536284154281,0
297,0.612165669112001,0.491621266398579,0.194230672460981,1
310,0.613925180388615,0.525932759908028,0.363071405235678,1
1297,0.348444266878944,0.371844466548485,0.442004343651087,6
1136,0.350987419193843,0.35566757288653,0.427239067432943,6
931,0.358588166635561,0.396417271879294,0.439421656421201,4
251,0.615171436183155,0.824345018528402,0.280139392847195,1
5,0.146237460430712,0.859829190885648,0.297729429788888,0
934,0.359069716148416,0.415251012451968,0.429551853549614,5
974,0.354343677455203,0.41875203322825,0.438166474553464,5
270,0.612067066428717,0.887714665778913,0.584814920811914,1
372,0.640887092719786,0.597960983216763,0.105193040240556,2
801,0.352065765487455,0.388710694625298,0.430846811930096,4
124,0.0954571880865842,0.586269800318405,0.552308552898467,0
209,0.610540515200701,0.776924323220737,0.482907730643638,1
1069,0.352574414962059,0.420297512549767,0.440667792113443,5
853,0.355450726272944,0.387014041794212,0.441238393883796,4
726,0.584491472719237,0.542185935238376,0.240124486992136,3
1231,0.351079512856389,0.361110740450513,0.428951076829896,6
1312,0.346384167484741,0.360127161551918,0.438197671128214,6
367,0.639239291497506,0.741362211690284,0.554313786001876,2
690,0.581581845518667,0.674227822967805,0.180169790773653,3
430,0.638059672592208,0.960853407671675,0.553459971467964,2
97,0.660852667177096,0.991655334597453,0.248210996389389,0
727,0.576933003626764,0.554227111092769,0.190832210727967,3
543,0.581826177290641,0.614087529759854,0.350650362693705,3
767,0.359321882440697,0.388396379542276,0.425664407296523,4
1057,0.354524528208752,0.421807352563194,0.431982911186293,5
604,0.581975969837513,0.72884412847925,0.229954233998433,3
1232,0.349774657578423,0.359466988301377,0.429027129753489,6
194,0.609450622166041,0.896258564363234,0.363059829361737,1
566,0.578953473644797,0.71377753703855,0.571172958496027,3
517,0.639021519152448,0.585718279285357,0.291289877402596,2
904,0.350838655655879,0.400613107537409,0.435152239636975,4
460,0.637918599504046,0.920218331203796,0.112492287205532,2
709,0.581731876034755,0.77348249561619,0.504747630120255,3
199,0.612904574533459,0.834040231001564,0.438874146458693,1
925,0.351836143998928,0.386480994994839,0.432556639838499,4
338,0.646699679908343,0.911983918678016,0.394861193047836,2
294,0.610317455756012,0.550058559328318,0.481158271688037,1
230,0.611909460707102,0.821167037053965,0.0910377329215408,1
749,0.355469765085753,0.391485970720956,0.445640169516148,4
526,0.642484997755382,0.688320545642637,0.491135541955009,2
1306,0.361597715302357,0.35826219835283,0.422941872813735,6
221,0.607220171068329,0.565735259489156,0.257012044102885,1
1307,0.350865212244712,0.369492716673177,0.428953117229663,6
37,0.660178201971576,0.0818831073120236,0.921186806634068,0
1033,0.35745169039319,0.422336012709373,0.436900603608054,5
756,0.358295199239051,0.390439938085486,0.434107704692993,4
780,0.35150621955794,0.382475349083873,0.427249600020061,4
290,0.615353794617113,0.937072542193346,0.414289102912881,1
895,0.358667274421392,0.389938780766367,0.434885778383211,4
762,0.355532280756129,0.379366778640106,0.42659806227664,4
464,0.642282214064617,0.674747775937431,0.38257857344579,2
1020,0.34838984845669,0.424052669924655,0.430131045582329,5
578,0.57873599951854,0.800034356000833,0.43729486016091,3
995,0.355669766298163,0.428524766818608,0.435590423786924,5
890,0.359845768742548,0.39047123112335,0.424678148403743,4
1242,0.357248726292979,0.367645141778479,0.434291250524351,6
1272,0.360146542827757,0.356827428801431,0.425596420308969,6
864,0.358063814836081,0.390043750021574,0.439987899249528,4
348,0.637394326489884,0.630704021826387,0.170932134287432,2
413,0.639435493459459,0.738703675381839,0.308906209561974,2
752,0.357355031428581,0.390110691227482,0.433370025477605,4
1131,0.357532262194098,0.407298577354511,0.44716962187485,5
871,0.357399088858562,0.391324704219946,0.443061386092793,4
327,0.607630786714144,0.793774181324989,0.266607789928094,1
255,0.608336944386829,0.902318559284322,0.174075841810554,1
498,0.645173072887119,0.763849283265881,0.477426651539281,2
716,0.579732081699185,0.850663891225122,0.561440049461089,3
614,0.579418426267803,0.850267295655795,0.49295592950657,3
844,0.352006094340317,0.389010114014865,0.432461033297965,4
32,0.559505772544071,0.264366967603564,0.98133898107335,0
1162,0.350329470435363,0.366344895172153,0.432063739991935,6
714,0.584797070685308,0.656482798676007,0.40101972958073,3
662,0.577550260440912,0.876986803417094,0.297216163040139,3
343,0.643036917394493,0.667857045121491,0.348700729687698,2
599,0.584271085672081,0.590709982486442,0.555594684346579,3
1092,0.354270690884095,0.414097561883178,0.455220790347124,5
1004,0.359979015026113,0.413049477118659,0.438154736722831,5
151,0.615600038261618,0.657876395666972,0.0933348007034511,1
985,0.354325424695882,0.423476501665516,0.442416294752649,5
1302,0.358976303596798,0.362672338180497,0.432205135271767,6
1112,0.355679957015164,0.420553849591178,0.438398256112443,5
627,0.576904251750093,0.934412421705201,0.36796094502788,3
789,0.355963233555808,0.393440177744183,0.430704126954187,4
368,0.638371436861344,0.492235902626999,0.246511195343919,2
1120,0.351584367146717,0.418694860602061,0.430066653499082,5
1317,0.351952348736708,0.357166066447196,0.43432625392176,6
1006,0.343292821523246,0.431776763513018,0.432825632134547,5
1010,0.357769155445992,0.428298934961782,0.435124118647083,5
253,0.607657568927389,0.647928318288177,0.400990768359043,1
158,0.609827734094579,0.833428584085778,0.345379280182533,1
235,0.607731120947283,0.852845328673721,0.3840435965918,1
316,0.61481935385149,0.725375203695148,0.336017609131523,1
1298,0.35299761388549,0.348320764207288,0.437636352460409,6
784,0.357473130675588,0.386564336273608,0.434015433103575,4
705,0.5819250388816,0.938593897898682,0.440444085537456,3
1008,0.358271503385817,0.422182149436026,0.437198590286109,5
1164,0.356484716953524,0.367459919883794,0.434227956105584,6
879,0.358295419845668,0.386842621949288,0.435022917264757,4
1053,0.356155416282539,0.416209329870165,0.427543767832217,5
828,0.35609993915596,0.393878497946898,0.431136096933178,4
689,0.585281707781833,0.705429639364593,0.358470608270727,3
273,0.614526502606459,0.628967700223439,0.143089723912999,1
293,0.610675971629098,0.573173579457216,0.407388162822463,1
311,0.616331143460702,0.625467552267946,0.273875534208491,1
1267,0.350732963843167,0.353246456754504,0.435510633398354,6
247,0.616369754048064,0.795873942133039,0.512417400861159,1
20,0.734777748119086,0.280908370157704,0.274628152837977,0
516,0.637837847841438,0.685761100309901,0.360855512693524,2
453,0.645062678128015,0.821579277329147,0.565941367670894,2
1047,0.359431891522395,0.42993882819129,0.435970616100222,5
