634,0.692683922967408,0.522939620027319,0.496898333122954,2
341,0.958476705942303,0.718981317011639,0.234033598797396,0
380,0.970688903238624,0.261381145566702,0.751154506346211,0
447,0.661492370795459,0.350794703187421,0.253195590153337,1
1503,0.76253606525754,0.75895325207653,0.441728110053182,6
1362,0.761389719158827,0.830963430532712,0.453113449115184,5
1132,0.756188334375443,0.792614000581176,0.446314190569945,4
539,0.658204372643959,0.170212683221325,0.257948310975917,1
65,0.556720280786976,0.209933750331402,0.452542786486447,0
531,0.658664874443784,0.251675701187924,0.406763365538791,1
24,0.837393242167309,0.751573889516294,0.0945661140140146,0
718,0.686310382394586,0.361831427621655,0.325061008962803,2
1004,0.755507713691103,0.800922385288874,0.459095768809611,4
1272,0.759121206086042,0.827055622457335,0.447138601062225,5
1241,0.764558148380275,0.832375838783975,0.445965531084595,5
1475,0.766297225139182,0.765151707069723,0.449871881086414,6
1166,0.751612366597371,0.799664280488623,0.4508776195515,4
787,0.687593941737432,0.378770865802653,0.618389809085056,2
892,0.632713194617536,0.464221781888045,0.236164483521134,3
687,0.689169258046895,0.0424687487073243,0.656936841248535,2
11,0.49338516429998,0.506795160472393,0.37888149661012,0
264,0.057914245640859,0.0879754358902574,0.262027115561068,0
170,0.705987005960196,0.992662507807836,0.21059578214772,0
1421,0.753891026688066,0.771510813606334,0.459685225494729,6
1302,0.764888654863475,0.831689778620247,0.458988717869081,5
363,0.0943212572019547,0.708244047127664,0.932526921387762,0
571,0.659168373772409,0.0672537316102535,0.526590357348323,1
800,0.693059075286146,0.441663176822476,0.420035122823902,2
784,0.685948786567897,0.436076793191023,0.68929691745434,2
1478,0.74659508412387,0.772209809346244,0.438950250817901,6
592,0.655496299935039,0.457550732954405,0.404733549035154,1
835,0.632559067292605,0.523977863322943,0.590403012395836,3
1574,0.76186014662689,0.763602736438904,0.434876314617289,6
460,0.661226903297938,0.277177700260654,0.386093262396753,1
1232,0.757246115567367,0.828108807051271,0.445619396916394,5
925,0.631173358773813,0.0753770226845518,0.405445832572877,3
967,0.628335984181613,0.287868675147183,0.677067173575051,3
418,0.657471237517893,0.45222037374042,0.71951774104964,1
737,0.687050699705724,0.362263393541798,0.584114708984271,2
429,0.660555950808339,0.0536676189629361,0.244732291949913,1
1587,0.761127130125165,0.768734610815698,0.446031628381905,6
1242,0.76443816138593,0.82569138336391,0.446732732729943,5
40,0.762392564443871,0.27085526753217,0.595373778836802,0
1377,0.764002164991665,0.826500661615236,0.446956855185929,5
143,0.910377736203372,0.326991652837023,0.876959063345566,0
753,0.691624214879703,0.247173894383013,0.271958998567425,2
534,0.66238817361882,0.196111851558089,0.595541924866848,1
1298,0.757981271092202,0.832670890795452,0.443934291873026,5
324,0.30818568286486,0.560012533562258,0.461255684960634,0
1344,0.758385918070602,0.82624135832968,0.449201740775257,5
874,0.633309647499118,0.522767333500087,0.649701421079226,3
1284,0.762747704914333,0.826388151775705,0.443001305690878,5
1390,0.760679923459229,0.834184864907913,0.453543693806853,5
992,0.626703906138428,0.0632475105347112,0.525227380963042,3
1171,0.760095350619272,0.793906224792092,0.452351179042872,4
1379,0.760563671688631,0.826680755871079,0.450668025392781,5
483,0.655995520877186,0.0798772221431137,0.609802924143151,1
1374,0.760448249479509,0.814064037042044,0.451567415196462,5
1427,0.756219822563008,0.767155776770405,0.453677943669709,6
520,0.65776223577559,0.509705061162822,0.714138996833935,1
789,0.690866965136957,0.237333341687918,0.255662640486844,2
1120,0.759167483541196,0.802433000044506,0.44935423744883,4
887,0.631319755755831,0.0671499301213772,0.673999893292785,3
119,0.965192443924025,0.355731177609414,0.89588360581547,0
1308,0.760737294780591,0.821404501156362,0.446049883427124,5
1257,0.753350169478165,0.819764343748257,0.453754737937434,5
682,0.686198753982317,0.182259859936312,0.498300734488294,2
83,0.141329634701833,0.670157117769122,0.500193996122107,0
1296,0.75522412019606,0.8225466136512,0.453674831750593,5
1395,0.754999318358469,0.818061424518864,0.461353961386948,5
21,0.0291008094791323,0.0368564731907099,0.322038901504129,0
1404,0.757601355342036,0.763271021459498,0.450670591871293,6
1522,0.757251603865897,0.770692817340631,0.457149341400407,6
1089,0.759011828566414,0.800376097432088,0.451198552476206,4
715,0.691661402520258,0.495936707430519,0.556134684756398,2
1126,0.756872872157733,0.800829957477177,0.458173474609539,4
1155,0.762424973861084,0.794265192867356,0.452062636677442,4
952,0.631751289686654,0.441182733117603,0.307794269453734,3
1563,0.75965652093101,0.762718155162008,0.443857426927773,6
1224,0.760403053573431,0.834398840663293,0.453467240837777,5
195,0.536389137152582,0.730320039205253,0.395164873683825,0
882,0.630570684117265,0.40535904369317,0.324855585279875,3
70,0.972631335025653,0.997340886620805,0.681114840786904,0
736,0.690161194535904,0.0341229347512126,0.24450088867452,2
1505,0.75743433487433,0.773022303049461,0.449130952574308,6
96,0.509072450222448,0.964228968601674,0.466372701572254,0
720,0.688738213612232,0.251325516216457,0.450557215302251,2
1324,0.752964304280086,0.827824711921558,0.450552131018366,5
1037,0.765349311312039,0.792312156843545,0.454627617777663,4
1435,0.758656345666344,0.769867886501891,0.456975396595037,6
974,0.631962586673908,0.514272792683914,0.518854117882438,3
249,0.517295373836532,0.170215255580842,0.71096029272303,0
1285,0.760078544404265,0.83451526776606,0.446264441610797,5
1017,0.751750069547346,0.800523231444745,0.450840648054935,4
743,0.692441878197715,0.0805067125009373,0.717740634968504,2
1211,0.757563594595888,0.823891815276741,0.445624183158168,5
818,0.628777606051881,0.244664048380218,0.356724169966765,3
1316,0.765346274651294,0.827570531490925,0.445970754038438,5
454,0.654523702645674,0.293899582652375,0.304158508009277,1
658,0.690560499646235,0.443860007752664,0.257943110121414,2
425,0.658900450798683,0.381135137239471,0.664774375315756,1
1222,0.757386426658335,0.823089579616912,0.442933657674901,5
866,0.63031198354438,0.20234383335337,0.481159491743892,3
786,0.685026946063154,0.262399415322579,0.401878072344698,2
1219,0.753012502300121,0.831279416456802,0.446586913584075,5
317,0.0160389072261751,0.215059249196202,0.146388339344412,0
1381,0.756502927460879,0.830464267561027,0.443549399289412,5
819,0.632462905982975,0.256440402427688,0.606042325426824,3
780,0.685041562076658,0.403988025221042,0.62114259628579,2
93,0.368290135404095,0.0865992347244173,0.575076692737639,0
744,0.691451746895909,0.102944866009057,0.554607754736207,2
1021,0.76247923578593,0.803312713688879,0.449786100760214,4
681,0.689119424275123,0.245623148116283,0.615326474700123,2
1530,0.756628843259852,0.773382665900639,0.455939963148558,6
608,0.685199163269717,0.381982123781927,0.345031430525705,2
868,0.630327757606283,0.158382984879427,0.369959156075493,3
1103,0.764099612566194,0.800007711356892,0.440808511463388,4
683,0.685963369288948,0.266339392005466,0.25756343586836,2
1578,0.759170401064059,0.76742348156679,0.441973384545727,6
824,0.630334894016851,0.429725047969259,0.630743232136592,3
313,0.081952755805105,0.832185853971168,0.837645199382678,0
79,0.794932721182704,0.156632795231417,0.917429478606209,0
842,0.631684471655171,0.158067093533464,0.676129051763564,3
1481,0.76643874001336,0.76561658802323,0.455988945623206,6
623,0.687017522272654,0.27339719964657,0.235599316703156,2
851,0.631295463105198,0.421135387918912,0.333076920872554,3
1230,0.755174934168136,0.824939220027855,0.44339869086423,5
1383,0.758169333718317,0.828825057840221,0.452043685896851,5
334,0.250959748635069,0.941449993290007,0.39143034000881,0
981,0.623877551718615,0.297637972701341,0.467604645807296,3
869,0.632724889148958,0.396573455142789,0.575917979166843,3
305,0.633313992060721,0.0466532397549599,0.444942896254361,3
1229,0.762057220305756,0.831813005207053,0.445055667606603,5
544,0.655896421510261,0.297345002484508,0.285768320248462,1
457,0.657075889545959,0.432459923042916,0.282113488693722,1
152,0.466532186837867,0.209277045214549,0.527412375668064,0
885,0.631030008443631,0.324463903042488,0.424933470948599,3
213,0.0826923213899136,0.939695725915954,0.291075824992731,0
469,0.661665122250561,0.294738189154305,0.251369196618907,1
1146,0.760989884677434,0.797751569145654,0.450605030649668,4
541,0.663717348035425,0.365567879122682,0.26140468607191,1
853,0.627016027737409,0.0607429758645595,0.693347082054243,3
1532,0.760462442979673,0.758493749421216,0.446341908499409,6
139,0.807542548747733,0.69631639122963,0.310498461825773,0
160,0.201267481781542,0.818460897542536,0.581720983143896,0
1221,0.767524209043463,0.831095069452159,0.447156426655333,5
339,0.596845303894952,0.928824968868867,0.371634903363883,0
1027,0.765490446357183,0.789873743708434,0.449436893272078,4
1424,0.761340892591362,0.774916526351163,0.441944300339388,6
590,0.659283342340495,0.157191441347823,0.573015343560837,1
631,0.689107733089477,0.379300543409772,0.508026499464177,2
178,0.112675866112113,0.575282387435436,0.453388868831098,0
554,0.65791322701145,0.189014108688571,0.410937644704245,1
349,0.148112336406484,0.850220790365711,0.722570354584605,0
1541,0.752432750937361,0.768804482941101,0.446435784397525,6
473,0.657652287520468,0.454363610781729,0.467888707225211,1
485,0.662399359547999,0.439739588834345,0.627538743824698,1
647,0.685286344871856,0.207448732876219,0.445094623998739,2
58,0.868975733639672,0.178487858036533,0.90737254708074,0
1592,0.752963728387134,0.75872027333691,0.452488103453924,6
471,0.659626098889858,0.179257887834683,0.474765937472694,1
1046,0.760374865329739,0.794502479810552,0.453906249840695,4
693,0.691210453691892,0.389179290225729,0.365248000994325,2
1535,0.752850825367111,0.766816216646891,0.444837276416094,6
1210,0.756476997573444,0.828846558893239,0.452457734455078,5
389,0.189835174474865,0.65820592828095,0.397670046892017,0
1538,0.760648005091654,0.76964036467043,0.440638968913602,6
1513,0.760549371380142,0.76932994701259,0.446127751832868,6
940,0.628816727702506,0.418077372782864,0.642340370384045,3
1482,0.753827394647518,0.755640673145538,0.444548306399744,6
908,0.628388809894677,0.438518037740141,0.694721979135647,3
570,0.657909948164597,0.4491280621849,0.296248027402908,1
1550,0.755875352416994,0.760773741633144,0.451561543004796,6
413,0.660432781861164,0.396464140457101,0.640967319067568,1
965,0.628669533580542,0.424684708775021,0.510951687395573,3
767,0.691332864589058,0.25284369844012,0.33931619154755,2
976,0.629833066826686,0.0594428445445374,0.698128600534983,3
702,0.689435452776961,0.522446790081449,0.260337536036968,2
75,0.842151244636625,0.826607562368736,0.0930709918029606,0
607,0.690721330577508,0.24130287412554,0.619360735802911,2
1255,0.752550380758752,0.824636312082458,0.448256386721711,5
43,0.409970416454598,0.764882268151268,0.526208454975858,0
933,0.628628749165218,0.0512275703484193,0.315871522342786,3
1499,0.748440801367647,0.769883682771175,0.444130552502286,6
235,0.957979706116021,0.265464917756617,0.743520755087957,0
1237,0.757479076552572,0.836303941416788,0.433477926446242,5
872,0.633457140754908,0.187269713333808,0.532335105049424,3
553,0.660143082847353,0.220017085969448,0.257044711778872,1
559,0.65484380596783,0.233260063524358,0.447141883592121,1
1521,0.756524926928429,0.768696515886212,0.458798945063498,6
644,0.686310390937142,0.185469256201759,0.29343522938434,2
745,0.684352109215688,0.187374095269479,0.498924950999208,2
870,0.631261938568205,0.274276377935894,0.613251892896369,3
1320,0.766101522278892,0.836203129777795,0.453108219978597,5
538,0.661605689011049,0.467380797327496,0.470722947781906,1
174,0.448352301493287,0.773084132000804,0.363981750095263,0
1544,0.758723683472149,0.777739997127772,0.4528307432961,6
833,0.625936800308991,0.509973317338154,0.356604467425495,3
1279,0.761117487097872,0.834782150782828,0.451708354758927,5
81,0.828804685268551,0.189697002060711,0.336594683583826,0
399,0.863665809854865,0.626212785486132,0.582146381493658,0
1001,0.7583874077764,0.797472119716211,0.453692281106982,4
1086,0.746073492211419,0.794898333030578,0.443658382540595,4
760,0.686339673253242,0.337379564600997,0.345105975563638,2
1412,0.752152955317829,0.769666462052384,0.452531645409441,6
1188,0.760060002328556,0.803307898377729,0.459492810151931,4
836,0.628956243579742,0.185649566887878,0.258824970619753,3
1141,0.760170056053136,0.794825807998933,0.449417536225626,4
651,0.688988670068793,0.0941619318444282,0.442802341119386,2
645,0.689549962009769,0.129992771730758,0.311394652398303,2
1443,0.764206170477971,0.779834442298023,0.44739140303239,6
1384,0.750218655259591,0.823820085657798,0.455588540963961,5
730,0.685976952456404,0.077055784012191,0.478061058139429,2
1131,0.753589700944859,0.790706886535037,0.443087494225256,4
1094,0.759279940411267,0.796003503551396,0.448846089803925,4
1572,0.759306737983692,0.769634040650842,0.445779123018405,6
572,0.656602228463162,0.206433801632375,0.615177162736654,1
1565,0.757907694488566,0.76938043851968,0.44787420814365,6
1556,0.76071665744504,0.764115468917898,0.450253342771811,6
1346,0.764939167624085,0.823403892689296,0.44368168968322,5
405,0.658564960565418,0.517396615538746,0.678778842021711,1
1529,0.762719541545501,0.766389052249878,0.452887055357792,6
433,0.660079286238179,0.051703710644506,0.614915126166307,1
814,0.627143565970473,0.114546140609309,0.408290532696992,3
1562,0.75673608015591,0.772883659089547,0.446028108092667,6
777,0.69153967512073,0.40349298780784,0.403996213618666,2
1200,0.761532873253339,0.80146139384875,0.44765282864972,4
612,0.688017458955292,0.32030613552779,0.538866097852588,2
1252,0.770579518295568,0.80871534318116,0.444610963355567,5
1158,0.761070258509241,0.802154486945333,0.446431448941707,4
514,0.656578234813642,0.415487165981904,0.482213942264207,1
667,0.687421612965409,0.450253610219806,0.542852675239556,2
465,0.658317983581219,0.338351663155481,0.588554157107137,1
1417,0.760633778345289,0.762709492469555,0.45509583754497,6
1484,0.75117581123621,0.762260671744485,0.451424636819534,6
180,0.649112097453326,0.733655054587871,0.0817896414082497,0
867,0.628104865506757,0.342748378240503,0.334357716655359,3
1299,0.761075636822681,0.824614717190199,0.447063756504482,5
177,0.693182667251676,0.647014369955286,0.183560057077557,0
951,0.632066909032874,0.444152545719408,0.287136248941533,3
1044,0.754464398177168,0.805489633540998,0.450878647811877,4
173,0.355945861898363,0.976365584880114,0.120717998128384,0
769,0.693032263594214,0.262217893218622,0.328970241174102,2
242,0.936706204898655,0.452273194678128,0.789329199586064,0
783,0.684757292792201,0.260052804322913,0.459796974482015,2
1122,0.763793278892013,0.797116547038498,0.441618780090819,4
138,0.846496941987425,0.957690144656226,0.0700631828512996,0
192,0.880516000790522,0.664439948042855,0.544874340062961,0
1444,0.75074368101775,0.76819074939167,0.448961471489359,6
247,0.582201673882082,0.0290370264556259,0.947232072241604,0
382,0.6262360913679,0.642886420013383,0.0608679901342839,0
123,0.142471189843491,0.0789294673595577,0.168633490335196,0
1462,0.768339601302738,0.773377582706938,0.450647217952773,6
858,0.630833477536216,0.411832322669216,0.269199386285618,3
1187,0.749958875012288,0.796973896102565,0.447419905825803,4
862,0.625222744999919,0.283873099903576,0.464284131582826,3
375,0.872193534392864,0.135911803226918,0.872530734399334,0
1558,0.754958174527303,0.763581027881864,0.447777112288656,6
135,0.0684194122441113,0.360978772630915,0.367536513833329,0
650,0.687671950841323,0.0492258952697739,0.61060071636457,2
597,0.656880170281511,0.490663084969856,0.456847528507933,1
1468,0.768983490454605,0.766178258961967,0.451172578775215,6
972,0.632749086646363,0.516276423656382,0.278000566223636,3
1497,0.760626131529642,0.763156526221621,0.44783377953545,6
549,0.659642450900283,0.397343035042286,0.584353766450659,1
1352,0.755015357724211,0.834135939148118,0.447744748597647,5
1093,0.759508543637345,0.803398622375335,0.446095207830986,4
996,0.625800969470292,0.130951893469319,0.508033221983351,3
419,0.6584523673472,0.290354066016153,0.458464128361084,1
366,0.921185344690457,0.0139488377608359,0.723994328873232,0
1073,0.750587002658388,0.806313511250006,0.443802252588707,4
175,0.677201573271304,0.198058597976342,0.137018010485917,0
565,0.661763669429347,0.43437012268696,0.382020289124921,1
1263,0.764950148427489,0.832201891192348,0.439995318131389,5
18,0.615075019421056,0.0987301573622972,0.259677512338385,0
1487,0.756727340677774,0.765660695989868,0.447672690523741,6
1139,0.755883072985963,0.805739141099739,0.456949592787774,4
416,0.658904643552378,0.250207968591712,0.270074156625196,1
1403,0.758940059129248,0.760800574135689,0.460248994100641,6
1561,0.762138591924704,0.765896339727618,0.444180139499739,6
820,0.63246682203142,0.205376299167983,0.576901233103126,3
1080,0.755920010668896,0.806491063339462,0.445291035112377,4
333,0.655071638757363,0.712531868834049,0.942916445434093,0
1437,0.760337259172159,0.765169485560692,0.443879433210516,6
297,0.398047226015478,0.489576919469982,0.756178675219417,0
1422,0.757758504088661,0.765843366108249,0.439734276498075,6
270,0.909042212180793,0.0331151443533599,0.382525866851211,0
785,0.684812504497822,0.287586430739611,0.72018641831819,2
1153,0.759027979274497,0.795010749394561,0.446766880486924,4
1150,0.762493788456444,0.799603453551391,0.453274287272033,4
595,0.659961496125907,0.239134284504689,0.411125598871149,1
717,0.685083907239605,0.222685027471744,0.513031670055352,2
710,0.685177179581951,0.157816898147576,0.336388349812478,2
637,0.68699037286453,0.237542071100324,0.443138963589445,2
583,0.66341614413308,0.46032827924937,0.346695474744774,1
1283,0.756982163623828,0.82861218573301,0.442950817958343,5
1597,0.755377178822109,0.766606842034289,0.448414865383579,6
38,0.532722890842706,0.0364056683611125,0.141837173840031,0
254,0.207810272229835,0.933717085048556,0.578954062890261,0
1145,0.766491647148403,0.800115202182316,0.442940947745323,4
385,0.0336749912239611,0.992752553429455,0.844626848818734,0
1128,0.756286912437455,0.795318249468654,0.449624931498003,4
1580,0.76076614411746,0.770189567948256,0.45534418887581,6
153,0.0301991095766425,0.889494115952402,0.754880482098088,0
1517,0.751188509399921,0.767860020900789,0.448019800311663,6
217,0.148051124997437,0.756455753231421,0.684048921102658,0
1433,0.763417087079796,0.768438295295844,0.445421230289384,6
642,0.689717734125443,0.445372656057589,0.353857582947239,2
1293,0.760876337802359,0.829914439899963,0.444648423599847,5
474,0.656553226709366,0.472001853003167,0.414740071562119,1
859,0.629379471852444,0.466320370393805,0.574793001683429,3
556,0.660676273184363,0.210094245453365,0.435374332754873,1
1278,0.758252791634372,0.82179601638996,0.442012824942056,5
1314,0.760005302894262,0.823759438674019,0.452712563959807,5
614,0.693705868367106,0.406034532072954,0.296517483703792,2
1006,0.749707418235372,0.805653150399395,0.445425309404765,4
809,0.628800973654725,0.440522395726293,0.35148384810891,3
1268,0.759861116969987,0.818791115893487,0.454366519307614,5
239,0.430880935164168,0.925063892267644,0.361247179331258,0
904,0.627436878851149,0.0322999683674425,0.597086557815783,3
943,0.625418210942298,0.368663871381432,0.63614038953092,3
355,0.39078564546071,0.563816285226494,0.108501543058082,0
444,0.654023517512251,0.346421314240433,0.347554908646271,1
823,0.632568145028781,0.232022114982829,0.717474122578278,3
897,0.6310488198651,0.441111804405227,0.454582434310578,3
507,0.661148835585918,0.271362170879729,0.710693234042265,1
292,0.230104881338775,0.651831167982891,0.6495966038201,0
801,0.6317396427528,0.523228338290937,0.270891944575124,3
498,0.656719857489225,0.527733916137368,0.285505944211036,1
802,0.627176744062453,0.0316156347515062,0.623346528434195,3
272,0.850743665359914,0.8221706955228,0.573299780255184,0
1534,0.757067579610602,0.762462016384007,0.448100652402454,6
476,0.661807520745788,0.322352596046403,0.712625512084924,1
841,0.624595894499216,0.0716331435367465,0.377811820642091,3
1589,0.764028498774957,0.76207775228855,0.446545211590964,6
3,0.485793656902388,0.576563328271732,0.0452750837430358,0
1172,0.764229002852395,0.800973017370645,0.444931734670536,4
632,0.691297020758502,0.492330120247789,0.226439990848303,2
1416,0.761938756339239,0.771163574952666,0.451166519216442,6
41,0.885988713474944,0.939810528419912,0.688949821749702,0
101,0.571318969596177,0.505171720404178,0.810110430698842,0
901,0.629031093602534,0.356823612307198,0.560657639568672,3
568,0.656320462157019,0.0621913949260489,0.385448124422692,1
1295,0.761913719800557,0.831639824953891,0.450935276977908,5
861,0.626815280434676,0.344407473062165,0.583562764618546,3
212,0.68045252119191,0.638739579822868,0.413255660329014,0
1045,0.754441849504425,0.791100117454651,0.453772991415947,4
1228,0.763936300033609,0.826315899714643,0.452664033843875,5
262,0.0280566641595215,0.897822014521807,0.195674847345799,0
788,0.691733097801916,0.37333906495478,0.412898705853149,2
1393,0.766549002421768,0.826963120013846,0.453975186410445,5
680,0.688677354601678,0.16853573913686,0.506960433954373,2
876,0.632884418729227,0.141230762191117,0.365381780592725,3
624,0.685897184063215,0.512993810186163,0.6579133548541,2
121,0.717278488678858,0.493027582764626,0.743561118608341,0
345,0.400988871464506,0.756556301377714,0.817729128990322,0
336,0.499276020331308,0.659532645251602,0.28573172329925,0
1461,0.761873594182821,0.75934521984064,0.456906398418327,6
1165,0.764567795367599,0.794999544200286,0.449649840620368,4
518,0.654055922930129,0.242208321066573,0.302955337497406,1
190,0.908434052485973,0.767818700056523,0.844579837517813,0
276,0.777202145429328,0.541236281627789,0.101267271675169,0
461,0.662264920750167,0.464004176273011,0.6029363169102,1
729,0.68578271572711,0.436824834044091,0.376936463452876,2
515,0.654986184965819,0.22040000250563,0.291372042661533,1
1202,0.75471830657888,0.819814178196098,0.446772066109447,5
1509,0.765894286024521,0.76477869344007,0.452127718032517,6
1306,0.756831222338678,0.82562931950592,0.449544215878808,5
427,0.662843960588798,0.151416733232327,0.6988845087355,1
907,0.626550317222718,0.0886767500312999,0.665509151807055,3
806,0.626785111057106,0.38859141683206,0.299663825589232,3
735,0.684641092815437,0.473869781778194,0.478610414010473,2
236,0.331114729167894,0.649440886685625,0.489584008231759,0
927,0.624992208296899,0.106039077811874,0.232025704043917,3
584,0.661730078603141,0.530240306933411,0.625036019645631,1
501,0.660191925254185,0.405183990090154,0.290612933854573,1
1531,0.757568254062176,0.769032281858283,0.4485628962768,6
1138,0.76040908486363,0.80325270853057,0.451457633579347,4
599,0.658000681982376,0.450776010821573,0.379349806741811,1
1186,0.761769574919624,0.793195018289795,0.446184586597532,4
694,0.685245353821665,0.359561190195382,0.595774393342435,2
1598,0.757073946485045,0.76680866610969,0.447574847843288,6
688,0.687074387485627,0.509388164919801,0.473884346941486,2
1463,0.755669834850209,0.767484540484337,0.452884084242703,6
692,0.684824186088517,0.523667557584122,0.642012671148405,2
641,0.690523140088189,0.52891247656662,0.232352500129491,2
1075,0.76786708084509,0.805090873345729,0.445697351326633,4
652,0.686866248759907,0.0382712038233877,0.280010305275209,2
1528,0.752696949139085,0.761000828106013,0.445151977887308,6
558,0.659616497196257,0.454190442175604,0.682631178107113,1
439,0.662256153624039,0.352499015582725,0.332368505583145,1
154,0.585069279652089,0.164369630627334,0.98423080984503,0
329,0.5693577863276,0.51417161221616,0.207475687842816,0
1101,0.757817682686617,0.792039213565817,0.453812474165002,4
1398,0.757153575669517,0.828478569750342,0.448841662178099,5
421,0.658725285746623,0.233267162996344,0.39335580104962,1
1547,0.757023489757457,0.763876334118981,0.458963273123764,6
78,0.663807873614132,0.806362027768046,0.17271744646132,0
1347,0.755503502421311,0.834608049160848,0.442799799140737,5
1348,0.752015198758026,0.8281480408561,0.457111710797508,5
846,0.628016166673042,0.316874543041922,0.245623380690813,3
834,0.63135645118542,0.416195521899499,0.434717085259035,3
1069,0.754636146013659,0.789599637382747,0.448881458579843,4
576,0.662185172666796,0.224356318195351,0.255879783816636,1
1368,0.756983383821002,0.826547726045124,0.455714545108962,5
905,0.633408990951721,0.433192533859983,0.623398509738036,3
807,0.627852689127903,0.265039082453586,0.630347690591589,3
1168,0.764550236671394,0.802088849038721,0.450731200192111,4
670,0.685009606990498,0.487445440446027,0.372507230425254,2
1464,0.76060549603654,0.761863132194801,0.447002223314789,6
564,0.658173710205592,0.371463032159954,0.378907088353299,1
364,0.502299622632563,0.668897720286623,0.634712197817862,0
343,0.72473853151314,0.996530217584223,0.170307975495234,0
445,0.655644710105844,0.311643557227217,0.26780720630195,1
883,0.631704962013755,0.0934850064339117,0.700182104646228,3
1205,0.762674215493101,0.823163189833524,0.445512761911416,5
1090,0.748958381047033,0.79649866002778,0.448251133734315,4
609,0.687137122668792,0.435122372652404,0.547338061779738,2
754,0.686823476401623,0.402176309912466,0.50290355719626,2
263,0.812075725058094,0.909101768163964,0.928723650751635,0
812,0.631001362020616,0.087710452452302,0.340569674549624,3
346,0.594650448532775,0.405983805889264,0.567833788460121,0
771,0.688779131809715,0.390685506351292,0.548341510514729,2
840,0.625567187061533,0.119705266272649,0.511024768161587,3
434,0.660168785313144,0.230111414869316,0.65556751312688,1
1434,0.758904353181834,0.76621888692369,0.457013437060081,6
1397,0.753358759603889,0.831699390309609,0.452974054955518,5
147,0.803814552957192,0.995384658221155,0.732136293081567,0
1038,0.757221863980847,0.79587862813799,0.448877767316088,4
803,0.628334256247617,0.20921428531874,0.494291256810539,3
747,0.688031587437727,0.0779322590213269,0.637493149191141,2
684,0.685501127373427,0.345698929810897,0.272471190709621,2
1309,0.759306727449701,0.82951657154682,0.459361552404973,5
594,0.659773810533807,0.505855139181949,0.306434182729572,1
446,0.657797780043911,0.0508532698266209,0.458754396345466,1
1178,0.755519597665557,0.801311749209305,0.446996559839882,4
1083,0.759234125554232,0.792896941057403,0.450695556809325,4
929,0.632618795454037,0.401512794266455,0.464793195179664,3
698,0.693027937409934,0.0700460478663445,0.558384711435065,2
1121,0.764488591056835,0.799993314968295,0.444705149833813,4
159,0.68319100397639,0.0224660092499107,0.449926522327587,0
1289,0.754541172514552,0.824138523717606,0.446582036512391,5
934,0.633592970301397,0.145435285125859,0.43085375642404,3
240,0.57353681162931,0.649291221052408,0.301606629043818,0
755,0.691261657499708,0.04901118199341,0.65557813916821,2
695,0.687927651607897,0.279769711382687,0.487610997445881,2
791,0.689475182150491,0.0681254397612066,0.46043358060997,2
1375,0.760078829101104,0.826314736800505,0.44563734403217,5
962,0.624803293452132,0.0528971169376746,0.271630305261351,3
847,0.62590269561857,0.52974102164153,0.314329624571838,3
727,0.692314861973282,0.283968856162392,0.38585683836136,2
71,0.510195567505434,0.324566292110831,0.299115960486233,0
628,0.693330958040897,0.133167258184403,0.528636895515956,2
57,0.456582827493548,0.378778481855989,0.691130286781117,0
1342,0.756825747501451,0.826244013475425,0.449075153879435,5
411,0.654868319102097,0.0675084108486772,0.230884208856151,1
1274,0.756143136380939,0.832698912912949,0.453008137050398,5
957,0.626869526661467,0.346997146913782,0.722365507902578,3
244,0.0427249947097152,0.233616383746266,0.336048521101475,0
613,0.687788604295347,0.261338519933634,0.31570717592258,2
193,0.847547248704359,0.166466313879937,0.579011333873495,0
417,0.654220512390602,0.275191103410907,0.574147289781831,1
1350,0.761328625681837,0.831476250505687,0.449101023245088,5
975,0.633637354848906,0.21843735310249,0.496171881607734,3
458,0.660890008343849,0.229795884876512,0.557205363223329,1
1510,0.752335927601029,0.757480649820674,0.45307805995864,6
1387,0.756777521403125,0.826114145502921,0.454022022446237,5
49,0.989470145432279,0.295728681143373,0.713429403491318,0
29,0.105575832305476,0.898215702502057,0.0968142743222415,0
726,0.69335024923319,0.475211415626109,0.478385198209435,2
561,0.660100906055886,0.434075723937713,0.718041372764856,1
368,0.194973842706531,0.205997161567211,0.642022805986926,0
1190,0.754370875498708,0.794513312631688,0.454193932080543,4
1465,0.752910709756601,0.764204670660534,0.449320806005458,6
312,0.647498048841953,0.989643848966807,0.0404656352475286,0
282,0.62130873510614,0.951162725687027,0.313619900261983,0
500,0.658588457943406,0.436756089283153,0.706805663113482,1
770,0.68749154062476,0.391173210879788,0.533287257235497,2
80,0.811931264819577,0.880961845396087,0.542358147213235,0
1123,0.761231658829182,0.802549354747572,0.447524963791976,4
1415,0.775102966098432,0.765720026779512,0.447591492193688,6
860,0.631324380221777,0.510711175808683,0.225588018586859,3
1400,0.748627581664579,0.835601769977221,0.450181392291274,5
451,0.659559641194064,0.312129378155805,0.303679012157954,1
1526,0.760362288320163,0.763642229391309,0.444463820585244,6
1207,0.754794562812596,0.827705648605597,0.453391869204282,5
552,0.660881463920232,0.0866037280764431,0.553436549892649,1
998,0.627996677143965,0.129529171809554,0.686141424044035,3
1586,0.758231104798891,0.771429662037312,0.447720270179901,6
347,0.264779522549361,0.418525182409212,0.7649321265053,0
616,0.692542630468961,0.185107346111909,0.265853150794283,2
197,0.877039641141891,0.289420813787729,0.259784694993868,0
1240,0.769366187497243,0.833521677076963,0.445989636596379,5
66,0.78992396267131,0.982023195829242,0.853796270908788,0
488,0.6571707541449,0.0772768400609494,0.543602594337426,1
1527,0.762327257215,0.771136674907958,0.451455586202328,6
978,0.625441228426062,0.0400493182940409,0.539137458591722,3
1474,0.7529722013976,0.771741365652258,0.456761004220669,6
1216,0.7585879856471,0.831483911260488,0.450951795132844,5
1358,0.76215040828879,0.833788484397084,0.443790571953503,5
275,0.216803218238056,0.62664375687018,0.262847190024331,0
1360,0.757537867876325,0.816816054877858,0.457159550996935,5
424,0.659418544424698,0.372567422641441,0.250118788261898,1
222,0.446451664436609,0.0720539244357497,0.830620984081179,0
12,0.147404205286875,0.0332943929824978,0.857280180091038,0
636,0.692250342606567,0.488533125328831,0.332184670190327,2
966,0.625197259599809,0.51331737714354,0.675676006288268,3
569,0.654364230534993,0.390815469156951,0.650793974567205,1
185,0.274861590005457,0.565966168185696,0.134290472371504,0
986,0.623996642732527,0.215493199485354,0.572436899226159,3
1029,0.756529725732628,0.791491016561373,0.444666300181328,4
1018,0.754275299402909,0.799822373612395,0.449113188190406,4
16,0.107079083332792,0.538057088851929,0.441979086026549,0
566,0.653898476578761,0.0994915031595156,0.243936383910477,1
704,0.692350236536004,0.206460784026422,0.364352749241516,2
168,0.916958232177421,0.637632242869586,0.583025954896584,0
1054,0.758788613085653,0.805879823575333,0.438888046828199,4
99,0.236375448526815,0.421741038328037,0.398605819791555,0
14,0.475379436742514,0.565537590533495,0.4366641913075,0
619,0.684117302803788,0.141973119881004,0.668712315429002,2
1329,0.756528944167542,0.834458315946036,0.444831145377201,5
90,0.872996812919155,0.919668191112578,0.961239453172311,0
211,0.529616265790537,0.95051000919193,0.0402283950243145,0
582,0.662192689836957,0.128202595468611,0.558975100913085,1
898,0.627353033002,0.458680992433801,0.331724238977768,3
752,0.690771057195962,0.350089326454327,0.577689291839488,2
923,0.629731712553184,0.38768008754123,0.349936772184447,3
620,0.69243637124775,0.508970228908584,0.293817208195105,2
696,0.690269625287037,0.444009525771253,0.413649690500461,2
1185,0.767580287483943,0.79225985058913,0.442759598393679,4
442,0.658554165768437,0.386352919461206,0.617033226578496,1
756,0.692562991180457,0.367460935912095,0.640426093991846,2
548,0.658235553798731,0.520516659901477,0.229624959337525,1
452,0.659637294388376,0.0959103136090562,0.555398690328002,1
1566,0.763368680122174,0.771795153811197,0.453641564849337,6
358,0.854615355143324,0.803117573726922,0.092943714465946,0
479,0.654192946145777,0.119452701951377,0.234914368996397,1
625,0.684970048260875,0.374466236284934,0.593702806439251,2
1596,0.759397788414965,0.770170659628244,0.446707103455021,6
1520,0.756347193669637,0.763476301051277,0.46003243802025,6
1473,0.756147845224955,0.77162358738809,0.45819541977233,6
1099,0.765960930062079,0.794871558209417,0.449037026595496,4
450,0.65742668408202,0.495573730859906,0.458280376787297,1
351,0.0820875691715628,0.502549262484536,0.0288637061603367,0
953,0.630480650179088,0.096033907448873,0.466255884314887,3
397,0.162280883640051,0.628341157454997,0.40616086893715,0
1410,0.760963997908409,0.770762494288288,0.456895732932826,6
289,0.447417590767145,0.101252784021199,0.958581726299599,0
1429,0.760135625386739,0.767050688945533,0.450851681291663,6
921,0.63125656748889,0.459870718955062,0.532281466573477,3
287,0.537511205300689,0.774644135031849,0.0412087172735482,0
586,0.653798221475445,0.12364746381063,0.277106053591706,1
902,0.629261572284158,0.246838525356725,0.63679415085353,3
220,0.61174626275897,0.72173044946976,0.0406455746851861,0
1181,0.762055811523548,0.802488079194398,0.452202653461741,4
299,0.219691753387451,0.787169165443629,0.520872591529042,0
133,0.567126224050298,0.990606186678633,0.797326795989648,0
1162,0.759899629347493,0.800459952040744,0.461620722340684,4
1339,0.759276555209109,0.825906101604958,0.453078128703346,5
762,0.684267813444603,0.203292049653828,0.48965145687107,2
91,0.319518093019724,0.378182367887348,0.266505387146026,0
107,0.095310477539897,0.175738407066092,0.469367045909166,0
1143,0.761721491165618,0.796864309781338,0.452205754667876,4
352,0.276295462623239,0.201671640155837,0.148265483323485,0
600,0.659233487164602,0.129944656579755,0.398802271042951,1
331,0.218892749864608,0.880599338561296,0.235698575153947,0
1204,0.764399457120082,0.823056522438446,0.444074307547101,5
463,0.660957953755278,0.0688298054272309,0.481785966595635,1
32,0.31474923575297,0.340502793667838,0.250283541390672,0
830,0.62470939990133,0.402162639377639,0.565296321921051,3
51,0.447067646542564,0.711119419895113,0.742645153077319,0
774,0.687333519959357,0.058754923241213,0.326703769667074,2
338,0.718493061838672,0.228669235715643,0.142578228842467,0
1193,0.768531019188963,0.808352195586571,0.450580262561407,4
1501,0.767863745273319,0.763563809423026,0.446948397650108,6
1071,0.765496569124546,0.797205816806777,0.45017910867993,4
1582,0.763624026853425,0.76969092815568,0.455162420654101,6
1577,0.760321199716634,0.776823892611573,0.441992545324624,6
1170,0.757988475095385,0.790014744521862,0.449982749419703,4
238,0.333524209912866,0.706869157962501,0.420324370497838,0
234,0.896508881356567,0.899178067687899,0.610679655103013,0
280,0.386919295648113,0.282399581512436,0.00752599211409688,0
486,0.661978673972189,0.289538314403035,0.580153894773685,1
1493,0.753323554675768,0.77021469651601,0.446219100682414,6
804,0.631256612071302,0.529029590147547,0.457806301349774,3
59,0.503392816521227,0.579136721091345,0.900041698943824,0
1109,0.760312684917249,0.793628636401043,0.436247446138462,4
662,0.68778094262816,0.329264636454172,0.605698532937095,2
825,0.63241942526307,0.504171227640472,0.72084331214428,3
1197,0.754567084190291,0.793169529419679,0.456641971643647,4
674,0.687384903468192,0.0814688592916355,0.456541834794916,2
50,0.835583140375093,0.604104714468122,0.806173474062234,0
404,0.657913522156887,0.202762947138399,0.228949551749975,1
1583,0.762993420699497,0.777887851614362,0.452623554328438,6
963,0.623825804730877,0.470369432773441,0.402247499022633,3
1194,0.753059571206786,0.794847252457163,0.453569659663938,4
989,0.624972551504616,0.502412535320036,0.532844883669168,3
1418,0.759061167532655,0.765782492341868,0.451771301033793,6
293,0.605911132181063,0.205851395381615,0.597235334571451,0
328,0.258754472713917,0.598082463722676,0.909682300174609,0
113,0.901009724242613,0.151798614766449,0.311841373564675,0
453,0.657815755938645,0.283234662795439,0.607581054256298,1
1164,0.749017024651824,0.799553250568155,0.453252029167801,4
799,0.688361607976258,0.149040324334055,0.440912893903442,2
298,0.835730544757098,0.0884480751119554,0.245682983659208,0
216,0.782366528175771,0.844439194537699,0.0185560672543943,0
757,0.68725449890364,0.347531482181512,0.399488465441391,2
1098,0.762919735489544,0.803707694387398,0.45233297343056,4
437,0.662538611094933,0.368582605570555,0.441265086107887,1
1097,0.751336325572953,0.793350394555833,0.43866619518344,4
477,0.659986421433277,0.196746433456428,0.372794901882298,1
1077,0.755679789870934,0.799219184393873,0.458065491301171,4
1445,0.757110969116424,0.766817036300842,0.45014469593563,6
257,0.784650770016015,0.694286990212277,0.357693617232144,0
910,0.629501236744691,0.445805952139199,0.605369088170119,3
1428,0.753691250831148,0.762306519899051,0.455497433804397,6
579,0.659215391098987,0.340920394938439,0.568819995201193,1
300,0.96884596766904,0.0664469692856073,0.165186982834712,0
749,0.68634000472026,0.256457189749926,0.36335617355071,2
100,0.216129074105993,0.914638327201828,0.635036845225841,0
739,0.693394500752911,0.131649493193254,0.243778780382127,2
117,0.0212170919403434,0.278866224689409,0.590872836997733,0
1013,0.763658929573315,0.795714590573945,0.449190345378989,4
1256,0.760521602530237,0.817983254664556,0.449438294805673,5
1458,0.759214801504801,0.768419827631008,0.450821571637547,6
980,0.625028820498847,0.2725802752655,0.521750928880647,3
1124,0.764404938507438,0.794662533275105,0.451574945806414,4
811,0.63037811989896,0.290896385279484,0.408194586564787,3
353,0.843827135395259,0.0585386415477842,0.968313346151263,0
1084,0.7606240575347,0.802061800569722,0.450613200383881,4
1067,0.762439241777312,0.799274092311237,0.446026133219496,4
984,0.630887857649941,0.35581457237713,0.611031916621141,3
1024,0.758218816735909,0.786814202246625,0.448307818094359,4
1469,0.755674977235238,0.771171253141903,0.45919483099263,6
977,0.627956979596056,0.137250947253779,0.278983318409883,3
919,0.629338714256883,0.0647633908782155,0.549642971646972,3
111,0.792773121036589,0.520863279700279,0.0623673165682703,0
1117,0.756774541385377,0.796699038107235,0.459655648158329,4
26,0.787321077659726,0.519392607035115,0.505722516681999,0
459,0.658277165379841,0.237136065796949,0.438475900143385,1
1335,0.767820015702734,0.826865184087063,0.447191493302614,5
497,0.657335515520535,0.148038399824873,0.71269755337853,1
467,0.663532741218805,0.39315318823792,0.431368351611309,1
604,0.685671918899752,0.117849725368433,0.25836348363664,2
37,0.750377682503313,0.356785580748692,0.31745005142875,0
430,0.66086306569865,0.354340158822015,0.612865405436605,1
1048,0.753548253807541,0.794975919034775,0.452198761334773,4
87,0.0967025435529649,0.386157623492181,0.96350387041457,0
728,0.686279250576627,0.526648407289758,0.548235091194511,2
362,0.92154831206426,0.233988747233525,0.701626202091575,0
1439,0.760595537158663,0.764212862553083,0.452197642390915,6
229,0.292714945040643,0.0493051076773554,0.348572093062103,0
938,0.628463982539252,0.47922211997211,0.490357852936722,3
1201,0.761533888130993,0.825003113976856,0.445603201408733,5
778,0.692030142100994,0.363737682881765,0.310212976229377,2
1401,0.756388339191741,0.767032000922076,0.44607173400038,6
196,0.591446726815775,0.458613356109709,0.945268038194627,0
1567,0.756364469859942,0.768043683379926,0.453812764413118,6
62,0.899038108531386,0.655923987273127,0.297330064000562,0
605,0.687945929954294,0.356474015931599,0.514049925422296,2
1082,0.75984158712768,0.806477019999169,0.453166072035966,4
409,0.662785634540487,0.359976743417792,0.249999798997305,1
723,0.692982802896295,0.178985503572039,0.646642126189545,2
690,0.691943985151593,0.211121872020885,0.476097116409801,2
1363,0.757246384701753,0.823543441972505,0.450533380082101,5
188,0.315369552699849,0.131475361296907,0.28445717971772,0
1423,0.758737650731281,0.76974345626997,0.450291313902611,6
1331,0.755748512596465,0.827645251781318,0.460080863172448,5
1281,0.758363582451685,0.819900614975142,0.454573048370226,5
672,0.684068300777581,0.426146509661339,0.322838892042637,2
1107,0.760908490391715,0.799612263128229,0.451929810191356,4
361,0.854436212452129,0.896410806104541,0.225605059182271,0
596,0.662286626789719,0.345250195660628,0.36934033378493,1
797,0.688381199326832,0.231104787625372,0.438058454939164,2
748,0.693321721104439,0.277508086245507,0.438051374792121,2
982,0.631464656067547,0.15574686632026,0.698908979818225,3
395,0.150233038235456,0.335170833161101,0.752623051637784,0
854,0.627142613485921,0.313880849117413,0.350274443440139,3
472,0.656165254118387,0.0718388858484105,0.540315412497148,1
110,0.803017893107608,0.109971570083871,0.351909690769389,0
873,0.633730536382645,0.338088437984698,0.245145566458814,3
1407,0.766953575952274,0.772124795258219,0.448742427961903,6
522,0.657222761919256,0.0680292360018939,0.57026757071726,1
1599,0.760632780749099,0.766588033855678,0.447801719960325,6
85,0.0509178342763335,0.499445195076987,0.387999172322452,0
903,0.629250673113857,0.359272178565152,0.634114510426298,3
1336,0.753685070143166,0.827172775991675,0.448085708352785,5
1052,0.758065984447809,0.800771013051132,0.449912429160764,4
1183,0.758986867388744,0.80246075025373,0.448595175072226,4
973,0.627781972442754,0.0747466600267217,0.342649644520134,3
621,0.685804146083538,0.399032420199364,0.581494363886304,2
155,0.819013799540699,0.487227828940377,0.00470132753252983,0
1059,0.762956075868079,0.805185795318906,0.445828594829656,4
1549,0.752473828578382,0.770692456022797,0.452809407470703,6
1557,0.758435393091552,0.758732896830118,0.44679160805936,6
321,0.242706364486367,0.038425081409514,0.112529073143378,0
400,0.761073013069108,0.269553432473913,0.124925327952951,0
323,0.699453604640439,0.793958616675809,0.539426711853594,0
256,0.641463059233502,0.882496283389628,0.0999202039092779,0
219,0.870520156342536,0.678849717834964,0.113706958945841,0
697,0.685826982320286,0.228140091709793,0.267037228611298,2
183,0.898297442588955,0.502895237412304,0.585803332040086,0
412,0.657951321718283,0.397179595613852,0.401702372753061,1
227,0.818494765087962,0.80161131452769,0.802786398213357,0
1304,0.768080718136229,0.820077147567208,0.445874444348297,5
255,0.759189845528454,0.823103839997202,0.536180272465572,0
63,0.727237382670864,0.26138769229874,0.5829563124571,0
1076,0.757684539874779,0.7887109395009,0.445920179672883,4
1079,0.758381291611166,0.79022890323012,0.445366565686272,4
1489,0.764832149853804,0.765308100885609,0.449238709066063,6
587,0.658744189587887,0.272003733855672,0.457660962291993,1
136,0.223640401381999,0.402405200526118,0.219000482466072,0
817,0.626306785435881,0.45138422162272,0.445064290473238,3
768,0.690100543962326,0.457602546387352,0.50817411665339,2
1466,0.750410752933967,0.764559231377788,0.458759717372803,6
403,0.656651797157247,0.365048587392084,0.406113316351548,1
7,0.64462819090113,0.538934390526265,0.206822534324601,0
278,0.648540084250271,0.561837937217206,0.824008686700836,0
440,0.661471137525514,0.125664934469387,0.523515979456715,1
659,0.6927154654474,0.0782373365480453,0.630014089099132,2
1364,0.762638084658864,0.828375521044269,0.446371614920074,5
611,0.687981802108698,0.468924952740781,0.493879571254365,2
169,0.743058272171766,0.971153476741165,0.0555863983463496,0
44,0.409748936537653,0.470262535847723,0.939627845771611,0
435,0.659004879740533,0.195261412370019,0.373867212259211,1
997,0.62805814767722,0.440487381140702,0.667103659990244,3
1055,0.759453677428309,0.792795335168831,0.456240428156432,4
369,0.939376413123682,0.858875281875953,0.0785196989309043,0
779,0.685164165096358,0.365027691074647,0.262653528759256,2
1147,0.763027606255707,0.797385293218963,0.4445054495935,4
1361,0.751509421163835,0.833752862078737,0.449178570724233,5
36,0.0824546730145812,0.733355822740123,0.534233468351886,0
1366,0.769115112431866,0.828094138258532,0.443358215336241,5
1058,0.766531760924619,0.79450116524584,0.448370715715797,4
985,0.625297262377571,0.0499580401927233,0.299900841829367,3
773,0.687740749958903,0.303655354492366,0.323655398958363,2
1253,0.770538041272734,0.831926275928516,0.451914627308111,5
1533,0.762803570487361,0.761380449032315,0.454024957378254,6
1110,0.75895469424359,0.798342446773173,0.449407491643045,4
1234,0.758948888780354,0.827950501211803,0.437155393941872,5
1430,0.760295584948593,0.76234419878438,0.443080025018903,6
930,0.625032540177926,0.370465636788867,0.458666516048834,3
535,0.658885661212262,0.486549648526125,0.321243012836203,1
601,0.692810356991831,0.133586727851071,0.567648535058834,2
540,0.655223707654513,0.356577690294944,0.361819794331677,1
1012,0.76488810576175,0.800101721985511,0.448529326152034,4
1359,0.757873108148078,0.821328777043965,0.453290516455136,5
1591,0.75224710238589,0.752484460126011,0.436777661995443,6
1265,0.760872958739821,0.828913731971047,0.447414738028431,5
685,0.685203045182861,0.440451432671398,0.478509939205833,2
384,0.00116410036571324,0.175253739813343,0.979140298673883,0
1157,0.75656911301192,0.792930129269727,0.454635564545634,4
937,0.628268711264245,0.237279642792419,0.300317263393663,3
438,0.663737258105539,0.524700025981292,0.720006593782455,1
512,0.657231680240948,0.263049190002494,0.395943231577985,1
230,0.619954190216959,0.27459854260087,0.811078814789653,0
1235,0.761201174662319,0.822821750052763,0.454437918781185,5
1167,0.767631417499849,0.799977621468809,0.459039763584244,4
340,0.480654777958989,0.197515936102718,0.544942877488211,0
1319,0.75998015879469,0.825164673066582,0.446001777242634,5
792,0.689675699006766,0.498643221869133,0.363818364730105,2
893,0.628946916698478,0.216472828015685,0.608735567703843,3
1189,0.758279445763115,0.796852034362614,0.453261259612399,4
46,0.299526643706486,0.842283854959533,0.380909117404372,0
1218,0.754536544680585,0.827529271959306,0.45012018791336,5
356,0.897410162957385,0.0222010896541178,0.934010250493884,0
1149,0.764744506017353,0.794250446041553,0.444517635884695,4
949,0.626650556486566,0.498641382623464,0.649118410702795,3
1215,0.758520019573335,0.83212102059498,0.454201135089965,5
707,0.688726090032142,0.504171957680956,0.716037081717514,2
1432,0.753877499703368,0.760214635928501,0.449478376478212,6
1543,0.765577537180345,0.764681292084754,0.443352926099333,6
968,0.625122633294668,0.304191542160697,0.669368362915702,3
678,0.691013285019435,0.189438283746131,0.591865058918484,2
1251,0.75483002090324,0.825246445240593,0.449976121384125,5
1536,0.749058537650358,0.767926815423548,0.46297811533875,6
588,0.655393176230136,0.498528614360839,0.562241641618311,1
1267,0.751531242759287,0.824213431966139,0.442561205471124,5
116,0.775421074824408,0.340987980598584,0.603720091050491,0
1151,0.759550505015327,0.809800896438521,0.452359387931982,4
401,0.657955997083336,0.410944666550495,0.263269684556872,1
1136,0.75764718390912,0.800919089560542,0.442965625937947,4
1280,0.756541957043191,0.830665630358703,0.449669125345228,5
506,0.661540538014379,0.0937379413051531,0.581455196533352,1
1537,0.763390360206936,0.768710685511364,0.457953355625496,6
1250,0.743278346940377,0.82890256281447,0.452880593202678,5
1116,0.75460802321452,0.799171352005447,0.44552377251116,4
144,0.463338840287179,0.11959079420194,0.734025927726179,0
148,0.975408798083663,0.157176171662286,0.365558477118611,0
1287,0.76235138292813,0.830853525790555,0.449961337717718,5
1057,0.764186433552024,0.791725044689069,0.452761270855566,4
52,0.968335448065773,0.13977435673587,0.681647037388757,0
828,0.633554232718889,0.0978722120169551,0.635829245834611,3
273,0.351953924400732,0.971390052000061,0.385827161837369,0
705,0.687654531933367,0.367746462649666,0.705963502568193,2
1440,0.757382739598844,0.769741484159179,0.451437747873772,6
344,0.507351775187999,0.1572181484662,0.339623986976221,0
932,0.627268035188317,0.453209846816026,0.465007144305855,3
941,0.632781537431292,0.226741481525824,0.349186003720388,3
1297,0.75954400792118,0.825436314870865,0.452248012682118,5
679,0.689782066673506,0.50307615690399,0.353381816926412,2
960,0.630651439945214,0.254324457561597,0.514533332944848,3
1227,0.76116234149374,0.823919542110445,0.449460218593753,5
54,0.0982054877094924,0.401493056910113,0.763562075328082,0
912,0.627202001463156,0.185835761786439,0.225770044769161,3
1249,0.759010465876123,0.825442152493117,0.447502321344972,5
1270,0.756289727393324,0.833973396306406,0.448249586371624,5
1552,0.748201185827731,0.774675017506071,0.445262122979264,6
1286,0.765720126541972,0.821377877973442,0.450088895622258,5
524,0.661336148858536,0.174448792194016,0.325987567822449,1
1480,0.759264250805595,0.764362581992356,0.450693951444715,6
946,0.630284481111448,0.516732953675091,0.368463852722198,3
408,0.663156250403263,0.522041674540378,0.605842797015794,1
1260,0.762078718021798,0.817233127670135,0.448698391894389,5
1269,0.763376568438059,0.832054281743746,0.442839170163056,5
577,0.658406751763541,0.374173431843519,0.256645774864592,1
1380,0.75812175722779,0.821683921564747,0.453089144846997,5
484,0.655669459791388,0.324457453633659,0.235457459511235,1
2,0.285004574339837,0.910640001762658,0.234333648579195,0
894,0.633452981445007,0.243483716109768,0.250654038321227,3
738,0.691858318997547,0.388252358371392,0.399499765527435,2
661,0.692845544579905,0.195948202582076,0.583513202425093,2
1357,0.756643129766648,0.822035661168063,0.449871231427898,5
891,0.628146170892287,0.204745075269602,0.555873840977438,3
1317,0.75801094156752,0.832434813876724,0.448995841601245,5
277,0.0333658140152693,0.828068549977615,0.134100632742047,0
261,0.404213226865977,0.741768035572022,0.778710490092635,0
546,0.662575531592593,0.514693712303415,0.236968821077608,1
1014,0.763524974337018,0.793685697187802,0.442848060196728,4
218,0.743546749232337,0.452369837323204,0.179204448126256,0
1414,0.763129695167151,0.773421210763792,0.453819441553014,6
1545,0.764271374610084,0.769822474366292,0.45384591741401,6
1453,0.759513386652117,0.765587935666707,0.445356542557713,6
1152,0.772397895043532,0.797285751238156,0.448718748752069,4
1312,0.760609971310104,0.830489151208729,0.458107117099455,5
671,0.686531591226813,0.493182527204044,0.661448314134032,2
326,0.154103834182024,0.262277227826416,0.26472550816834,0
839,0.631352990739979,0.454731701361015,0.2748354481766,3
948,0.626023256694898,0.404091815068387,0.514832467352972,3
750,0.684661784218624,0.389492003782652,0.712793004047126,2
922,0.627815466180909,0.0493637390434742,0.334523296263069,3
1456,0.757645280035766,0.767273658585402,0.45158820683456,6
379,0.460867479210719,0.925384775036946,0.673856585519388,0
1009,0.754781150686212,0.799054194183027,0.448855430235691,4
864,0.625980161393527,0.134932930534706,0.492585265706293,3
1161,0.75609324156239,0.798558157567058,0.443954236854637,4
1051,0.751933368367236,0.802990996696097,0.449656871417318,4
884,0.628871212932281,0.463703577010892,0.598535534041002,3
646,0.687980260495097,0.114656570670195,0.47213350625243,2
831,0.632801470444538,0.189472366776317,0.332217896869406,3
322,0.976875893771648,0.737982090562582,0.438967107795179,0
895,0.626990797230974,0.32807102247607,0.475561907677911,3
1040,0.7615160136382,0.80093283871439,0.446687190769835,4
837,0.625608315318823,0.379207334900275,0.556028993846849,3
423,0.659079813379794,0.347162731876597,0.472934256005101,1
367,0.219433856196702,0.0991959129460156,0.685159281129017,0
970,0.628498078917619,0.313846004847437,0.590701772645116,3
163,0.568180097499862,0.94938255334273,0.111886908765882,0
1239,0.751774686422726,0.827332823194518,0.445600961942143,5
1096,0.755662150651047,0.800542804800959,0.44719710783834,4
603,0.693393994434737,0.208560246811248,0.488591042044573,2
1049,0.758106760899301,0.798943300031485,0.455906465054971,4
950,0.633403799904045,0.273190810531378,0.358897582092322,3
492,0.663172224878799,0.0708722056122497,0.514261861611158,1
1184,0.75310070821282,0.788422365465623,0.455826231284616,4
1135,0.757693857102925,0.791589547569516,0.451716000572412,4
377,0.876876483205706,0.935950229642913,0.826483911601827,0
1301,0.759336032087522,0.830410212599373,0.446859528103133,5
1409,0.765906608602244,0.771392899597647,0.453072716913862,6
372,0.7614280434791,0.0305229988880455,0.825193318305537,0
464,0.661374115059152,0.261750032613054,0.512611885368824,1
654,0.684796465549152,0.224072697176598,0.646028977748938,2
1010,0.770726652399858,0.800434899170378,0.451315778563283,4
626,0.687976481497753,0.259942964836955,0.574459623242728,2
1203,0.760535582283495,0.841069044215135,0.451834443868297,5
1030,0.759195340500261,0.795704859253835,0.44988554984781,4
731,0.684659165712074,0.205433371546678,0.39129892566707,2
45,0.727291478775442,0.697153125889599,0.767575375037268,0
1411,0.76457886829354,0.771527284447139,0.4460179691307,6
165,0.401877272641286,0.824106559157372,0.706008833134547,0
1008,0.758147727321387,0.800941732795937,0.4434767057034,4
1127,0.771352694044819,0.800732397237431,0.44777440055457,4
1062,0.754562599821261,0.801671782449758,0.45675156478618,4
1548,0.755025163725848,0.765827344139634,0.449640332999505,6
772,0.692761782004964,0.516828216798604,0.591293016960844,2
703,0.691714926899877,0.373866766761057,0.348633243166842,2
805,0.630133209228516,0.143665369204246,0.634689963469282,3
128,0.216351771494374,0.426715895300731,0.810715306550264,0
856,0.631270520922262,0.090312307770364,0.662484635878354,3
237,0.763759331777692,0.795940200565383,0.526402076939121,0
1323,0.766200554013489,0.826118584998275,0.455888722148769,5
410,0.661474955005106,0.372738573420793,0.557782418257557,1
250,0.0558016682043672,0.284559861524031,0.966634197859094,0
1593,0.755664970073622,0.769579828140783,0.452546421835564,6
557,0.656933334763162,0.328066255734302,0.530397602519952,1
204,0.983254219405353,0.697290819138288,0.347906606271863,0
1019,0.761873290224245,0.807634157278878,0.452873988095543,4
1506,0.764506473674498,0.766384468423963,0.457657935341991,6
271,0.541598749347031,0.108815417392179,0.00779447355307639,0
360,0.898016549646854,0.598365094745532,0.100788741605356,0
581,0.661585362015758,0.0743857172317803,0.290797242242843,1
721,0.686545594229829,0.288162942929193,0.260462451307103,2
224,0.270230058813468,0.0986392875202,0.997859853785485,0
88,0.492282637394965,0.569187132874504,0.442443883512169,0
1220,0.753685848201474,0.826507940041025,0.447535301993325,5
533,0.656827649441548,0.145514433574863,0.519163544103503,1
914,0.629878686321899,0.288266462343745,0.536762935156003,3
259,0.920211614109576,0.763441812247038,0.156119823921472,0
1258,0.754545745476345,0.815752123633325,0.451865139578505,5
1305,0.760147079603924,0.81711885867672,0.450869767666961,5
664,0.687124556971248,0.322162221954204,0.29125625283923,2
1496,0.758458518720353,0.761952333272271,0.445197676075218,6
764,0.684699927400798,0.283648110879585,0.270245020091534,2
1546,0.759564578558085,0.762867809892901,0.455727279005846,6
265,0.51338926772587,0.647741466760635,0.154978301841766,0
850,0.623780101875309,0.256080071628094,0.25643331783358,3
615,0.683823973357212,0.373158928658813,0.22946956444066,2
1209,0.750808604169319,0.832021889928893,0.456447707390681,5
307,0.0868882779031992,0.216208986472338,0.220131980255246,0
711,0.685177339997608,0.192493378953077,0.652045388403349,2
248,0.146494978340343,0.530278770718724,0.13240958750248,0
60,0.732807874679565,0.955692464485765,0.42534245387651,0
958,0.633015729715116,0.436079235235229,0.302815703838132,3
114,0.359344919677824,0.78348654997535,0.514001979026943,0
722,0.69139744942775,0.0449949044967071,0.366414762032218,2
673,0.683931036987342,0.344023128226399,0.600379426195286,2
1467,0.762608697891524,0.775863351385389,0.453179208179437,6
390,0.710344159509987,0.807522728573531,0.295092501211911,0
999,0.632634659041651,0.330031368019991,0.277882321784273,3
1248,0.750173982868908,0.831574154683761,0.446013307128657,5
574,0.653786638239399,0.106669257697649,0.265992130897939,1
635,0.68874190504197,0.132191220717505,0.656549682072364,2
68,0.691227246075869,0.639976733131334,0.879240054171532,0
1495,0.770811583116372,0.776316507152753,0.44812240232272,6
1555,0.750827056192868,0.760720208190259,0.458749876020556,6
995,0.626226077692118,0.156920920079574,0.525871065957472,3
1198,0.759638157459491,0.801522222569775,0.449780067097279,4
863,0.630043556275778,0.183741730358452,0.529474519123323,3
182,0.71866687037982,0.973544454667717,0.189573941286653,0
1032,0.763560734305243,0.808218541512117,0.45819916394638,4
69,0.314210144570097,0.584601110080257,0.360891964519396,0
184,0.717699494212866,0.0710588593501598,0.897476825863123,0
1276,0.757676691163945,0.828177408571675,0.452202623119827,5
1292,0.768919298218286,0.82703899359591,0.462917276966388,5
1459,0.756872037187341,0.767157171107929,0.451309258645595,6
1328,0.765074694051276,0.816224704099804,0.449853797968447,5
848,0.626252902189735,0.0820298923179508,0.395016436395235,3
1100,0.759529985521552,0.792331011514058,0.441760264298738,4
494,0.661299394711386,0.26804189926479,0.421348113962449,1
306,0.897006004815921,0.0748433382250369,0.114270494319499,0
371,0.865819948492572,0.969858726719394,0.939963673474267,0
1112,0.756352991839065,0.793893881346756,0.448703824898647,4
542,0.660671385822352,0.155828268220648,0.309387384611182,1
1525,0.76045195140955,0.763574413300332,0.444014364313107,6
987,0.631742621860467,0.0799789018463344,0.466017817659304,3
815,0.630723182889633,0.478888806491159,0.674487651139498,3
1452,0.757747464392291,0.771697350190821,0.450874340089083,6
573,0.65989925484173,0.118805947084911,0.391147509147413,1
441,0.660354691003449,0.3501345586963,0.378256178507581,1
1091,0.757442157446698,0.79801839676396,0.439830358337042,4
1173,0.762502800138402,0.798209971498637,0.452416383557124,4
1163,0.764023644889771,0.800368876429179,0.445029617170237,4
151,0.17871175846085,0.949395703617483,0.259650566615164,0
1233,0.764371202495351,0.834223560336829,0.44877151425589,5
1275,0.757350459524533,0.833292673383025,0.438903912059338,5
318,0.555411684792489,0.692078647902235,0.0747922074515373,0
140,0.50226597674191,0.00289422483183444,0.224789048312232,0
1554,0.7579036572649,0.772766318417963,0.451288253410742,6
386,0.45324762002565,0.941354163689539,0.912794705014676,0
513,0.657592036814895,0.147577012260445,0.675784773938358,1
1212,0.754260770394362,0.836061527925134,0.445705768322055,5
1373,0.754098359761829,0.828579078707859,0.448003596585487,5
251,0.224414667580277,0.59262116253376,0.790130987297744,0
796,0.691918189830612,0.375953341205604,0.376914153504185,2
1288,0.757153727912473,0.823777342669821,0.450051143430113,5
1217,0.757682444068855,0.82587675862245,0.446239891271434,5
655,0.690363574451767,0.396079938113689,0.442119884700514,2
392,0.912387114716694,0.343127421336249,0.556392419151962,0
1540,0.749182522566601,0.765674226514098,0.448548516590109,6
432,0.661404922259972,0.164469835069031,0.306903030537069,1
231,0.487469517160207,0.283524160273373,0.545804212568328,0
487,0.654711296418682,0.204499371303245,0.240222538169473,1
115,0.38087325473316,0.69128722557798,0.510267753154039,0
398,0.740627488354221,0.884512964868918,0.75806562229991,0
502,0.663345877861139,0.253569106059149,0.68594902001787,1
1406,0.768631146142369,0.762020630313495,0.440205082071304,6
1277,0.762682574052357,0.821952773227176,0.452929640852555,5
1485,0.759508482495983,0.767837848703768,0.453162186679542,6
1025,0.757364618799536,0.794964349441221,0.451661839800849,4
481,0.658482737322338,0.132008921192028,0.334759591659531,1
64,0.99640939082019,0.0115781093481928,0.168331271037459,0
73,0.615352272056043,0.683691513724625,0.450534250820056,0
890,0.627645253289957,0.179701549652964,0.618753272620961,3
627,0.68378071088111,0.319344934495166,0.354044261784293,2
1426,0.764454606142403,0.760006368819271,0.451934716767167,6
663,0.686602647597902,0.119707114249468,0.703710241289809,2
284,0.923712074756622,0.758363315369934,0.652327940333635,0
1307,0.760527517061974,0.832565962978824,0.449363707911151,5
443,0.661936373037752,0.0683183576446027,0.661934186285362,1
198,0.386255970457569,0.554273459129035,0.601021020673215,0
210,0.162157596787438,0.74958041193895,0.0286194509826601,0
758,0.691258039197419,0.460189406829886,0.371496464055963,2
482,0.657123785421718,0.0777647112961859,0.329758804105222,1
1470,0.766521909068876,0.771324752129569,0.447036084930563,6
1382,0.759974891776505,0.836439617389785,0.455118615012925,5
1244,0.762079985786855,0.832532780619457,0.446918295478807,5
1579,0.758106408083693,0.776408083690376,0.45236968221181,6
701,0.687242920231074,0.124229186982848,0.514678393071517,2
795,0.689009258425795,0.406373264105059,0.395005253073759,2
13,0.164377795066684,0.704561227466911,0.37450512801297,0
161,0.455819522263482,0.774187521077693,0.4112752485089,0
295,0.794267949881032,0.0225681522861123,0.353328168392181,0
228,0.374438365455717,0.259981025476009,0.531476085074246,0
1365,0.763285398171197,0.828951744773479,0.446090369291761,5
1551,0.760610679238976,0.772609380991568,0.448694246747478,6
915,0.632485177451745,0.177322979271412,0.66294539119117,3
1396,0.75255507223446,0.822091400367639,0.454060511826763,5
1584,0.759845784721129,0.767269013690769,0.454420474783898,6
547,0.662134611015208,0.441031568287872,0.286014656350017,1
1585,0.761181910740106,0.768732953184054,0.448165079942888,6
1266,0.755692026894162,0.834626363565999,0.449431530762271,5
373,0.282162736868486,0.826436378993094,0.87553915544413,0
268,0.303786904085428,0.60059134545736,0.746235290775076,0
1560,0.757708254971143,0.766380232943341,0.461237146259973,6
776,0.685201275169384,0.142617263901047,0.306208434910514,2
1119,0.762388022386228,0.791630853705381,0.453339337158744,4
1494,0.75568681768155,0.766247005575744,0.455785941937399,6
223,0.712474799249321,0.141673821723089,0.635482771089301,0
1247,0.757667131213129,0.824340002114463,0.45005097993074,5
1144,0.754788451884967,0.795332160753637,0.449566074500353,4
656,0.690707233096473,0.478935412317514,0.437434951472096,2
545,0.663200891034212,0.444381388206966,0.555026898672804,1
1575,0.757780828479358,0.765307415549211,0.449107649731265,6
961,0.628819694572594,0.0333848295966164,0.708104113047011,3
1438,0.769054414619402,0.761618273718485,0.448257026832274,6
936,0.628432121395599,0.390284112025984,0.678129584225826,3
794,0.686620958889835,0.388993623969145,0.694558827020228,2
878,0.633035230252426,0.0927579659735784,0.477056784951128,3
253,0.385785147780553,0.448319846065715,0.159859681967646,0
74,0.202603095443919,0.539085066411644,0.873195827938616,0
314,0.671576060820371,0.954485149122775,0.774230888811871,0
381,0.379935249919072,0.769751032581553,0.448281580582261,0
1371,0.759513640150112,0.830577719367215,0.439178441427281,5
610,0.69244046099484,0.286672259285115,0.624205705407076,2
855,0.627103944283445,0.464891052176245,0.288831758592278,3
906,0.624300041620154,0.19784507395234,0.417885003774427,3
76,0.214558394858614,0.57225652015768,0.928886814741418,0
1340,0.753809598637729,0.822630150322076,0.452557144055518,5
20,0.89229345950298,0.19795852387324,0.421250852756202,0
426,0.662084242566489,0.308064334979281,0.39511334982235,1
134,0.687499930849299,0.995724664302543,0.122489806264639,0
1095,0.764980272405074,0.805968683443947,0.441204973513258,4
508,0.659606180435512,0.52459057951346,0.277066740486771,1
808,0.629015939778183,0.0678247345611454,0.319264177046716,3
415,0.654469161857851,0.267372715938836,0.530631143064238,1
751,0.688742317734286,0.40269617754966,0.714450572547503,2
1065,0.757800676336136,0.79078669419304,0.443642613561018,4
1504,0.757022227967595,0.769437737684135,0.444777395859087,6
1072,0.765127762432445,0.793962849742816,0.452024244804831,4
1356,0.762573161796972,0.821919517323072,0.449896187377089,5
383,0.286587643204257,0.732966723386198,0.943737680325285,0
944,0.62411855478771,0.259572097519413,0.309656546264887,3
775,0.68527228486957,0.275918988813646,0.606873005209491,2
1483,0.753692239742485,0.765353440215248,0.448968761593331,6
640,0.685182663986925,0.385985663696192,0.324068050296046,2
35,0.342790814582258,0.555351568385959,0.324148968793452,0
1389,0.76522433193026,0.827012664896931,0.453396648155395,5
189,0.0934619596228004,0.522970743011683,0.174479300156236,0
1492,0.761123150107339,0.761625417042089,0.449166397034776,6
1294,0.75016235611226,0.831803447871185,0.452440534377586,5
1341,0.756840230006188,0.827791981426195,0.45263831935677,5
639,0.689983493660111,0.222222016961314,0.659831538260914,2
713,0.68690087947296,0.504785777023062,0.666064611799084,2
889,0.63210210700985,0.425691806199029,0.29943666390609,3
495,0.660671030564699,0.209502249211073,0.3683842218481,1
1349,0.76177155524716,0.834449808073146,0.452439156772075,5
320,0.027581695234403,0.424272309988737,0.864139998331666,0
1310,0.760900501151815,0.824492302747913,0.453557679785118,5
1553,0.761525593012981,0.762560196527275,0.455337449597088,6
1354,0.767834845172188,0.824398615788774,0.446861377975605,5
269,0.862194739282131,0.134304005187005,0.613346086116508,0
1519,0.757085751981802,0.766701900220273,0.448671069194123,6
918,0.633577861711383,0.107851937832311,0.714309051330201,3
1264,0.764886999528241,0.834716552856516,0.448333262965255,5
955,0.63216899513267,0.371830442058854,0.342891442636028,3
1413,0.761533193038087,0.75839464074119,0.453053447624214,6
1225,0.762072119809387,0.817216001528753,0.451327963922519,5
1142,0.758605203303402,0.802045809059755,0.450402305472893,4
1590,0.75814312831605,0.769890608654942,0.44632168800339,6
931,0.628600948008243,0.449484771885909,0.252061482914724,3
766,0.691389936946798,0.307119960617274,0.482107384875417,2
391,0.630345831625164,0.171876762527972,0.165892718126997,0
304,0.30006972164847,0.299274470889941,0.68833779823035,0
407,0.658927886534948,0.410289212781936,0.272589553659782,1
1568,0.75771057091074,0.762812803313279,0.453919464485696,6
171,0.33559135091491,0.102740537840873,0.429354766383767,0
942,0.626263863623608,0.369237413234077,0.306482735602185,3
1502,0.76291836788129,0.775003104300917,0.454235494122777,6
993,0.628847834693734,0.205397782684304,0.491307588573545,3
1571,0.754688429034146,0.768112182445296,0.457970571244179,6
761,0.688951734711882,0.248273930116557,0.385493763769046,2
660,0.687447820308153,0.326392427622341,0.232035550568253,2
551,0.662697844740469,0.1606152132852,0.40740833110176,1
589,0.658780395509675,0.289103216328658,0.534341470967047,1
1321,0.753043674966159,0.832398929861005,0.452488026922046,5
1047,0.764601477301185,0.795233759533805,0.448034517158116,4
630,0.689851599829272,0.528260672884062,0.662509127450176,2
394,0.683313191868365,0.264271641150117,0.75201230077073,0
129,0.548160128528252,0.372755449730903,0.601247969083488,0
666,0.689945371462964,0.0485677766380832,0.36712595638819,2
1524,0.767921245706448,0.760903793819388,0.453877010430104,6
241,0.562441613990813,0.895989634562284,0.489876160863787,0
580,0.655504128711764,0.485081034782343,0.427432688232511,1
1,0.619178585940972,0.379216650733724,0.477571393363178,0
1130,0.757935400849255,0.79719339133325,0.453583698706104,4
503,0.661424535303377,0.269251913717017,0.478319059521891,1
909,0.628597257086076,0.423044833890162,0.322763311257586,3
243,0.706950969528407,0.179795274278149,0.757399648660794,0
191,0.61214420828037,0.291706151561812,0.540692361770198,0
1159,0.75904248420597,0.794364415610448,0.452210528071774,4
206,0.698167319176719,0.232558470219374,0.147829534718767,0
916,0.630708841700107,0.491645781509578,0.406704119336791,3
1007,0.755705459116657,0.803269237459223,0.444902818143018,4
105,0.81323163327761,0.232872789725661,0.0794689077883959,0
1315,0.765790593292864,0.827533664356097,0.447036670658351,5
1515,0.756198338482278,0.776266619114026,0.447435176448722,6
832,0.631940779339056,0.281259467429481,0.282927189068869,3
913,0.624605471149553,0.0868416357086972,0.637775696977042,3
926,0.62984447372146,0.328322938946076,0.516169637488201,3
86,0.574065224267542,0.681409606477246,0.801104780286551,0
741,0.688230992895551,0.275430299760774,0.43699246335309,2
1105,0.747494426921914,0.798648554290032,0.452339324657031,4
1518,0.756913909054566,0.773752761151724,0.446411202940185,6
9,0.33240439160727,0.908876752946526,0.360377824865282,0
448,0.663114922533278,0.26068584092427,0.229739593621343,1
964,0.627491223230027,0.133246869151481,0.576745464280248,3
1056,0.755198390823826,0.791550695877266,0.451667300211049,4
742,0.68667610791279,0.220566034270451,0.454583519999869,2
896,0.63126441136701,0.328676077141427,0.410898755816743,3
523,0.66053144273581,0.386367990355939,0.433144816942513,1
1016,0.752457894592461,0.80539429848388,0.448991763820007,4
98,0.979117629118264,0.846032838569954,0.0923742845188826,0
1011,0.758528631260865,0.799111987396518,0.444018632068817,4
97,0.0203276174142957,0.56493506883271,0.856548738898709,0
1318,0.763226196530755,0.826333149106927,0.448609811165861,5
838,0.625042562056333,0.434038163116202,0.242306672548875,3
1326,0.761946014832685,0.82651394878528,0.445484881016879,5
1479,0.756009169059032,0.757592984313409,0.448489510548282,6
232,0.758841042872518,0.200134608894587,0.754054694436491,0
536,0.655969070536085,0.235651464969851,0.536513720802032,1
1031,0.767418307310504,0.799214689473167,0.459510720710464,4
871,0.626709366454743,0.268398257275112,0.476420447044075,3
296,0.0820597149431705,0.705009231809527,0.884234980680048,0
303,0.185772605938837,0.868413930060342,0.306479228660464,0
676,0.687697933851741,0.0961957996012643,0.428005555574782,2
857,0.63169119060738,0.432171188481152,0.657898745313287,3
393,0.755513173528016,0.45481104333885,0.906665711430833,0
852,0.627336586038582,0.350214578397572,0.669099607667886,3
1068,0.760421144711273,0.792845952425293,0.453774002341128,4
288,0.077751855365932,0.258611934026703,0.931192131480202,0
225,0.738337498856708,0.100148046156392,0.345148682128638,0
47,0.556853575631976,0.740106587065384,0.623843497596681,0
39,0.636976120527834,0.0468466763850302,0.585630709771067,0
302,0.898256168933585,0.818123498931527,0.529434615978971,0
1175,0.763437066787813,0.799399394799055,0.448333897117532,4
1512,0.757696233607489,0.76152668160432,0.450229494493498,6
162,0.429378704633564,0.369652790715918,0.582765222294256,0
875,0.631341515604872,0.093671116582118,0.588757809065282,3
1569,0.760733274912694,0.767345504848968,0.436931728425654,6
1060,0.759686797844913,0.802214304335076,0.449757980945007,4
700,0.688469118049834,0.345295828254893,0.425848590605892,2
30,0.530462255701423,0.14595937775448,0.960686347214505,0
1576,0.761223639801225,0.777701048522477,0.457730544293237,6
1508,0.765965678119291,0.763185271332698,0.442214395247689,6
1003,0.748180069458581,0.79685400387438,0.441954414204899,4
575,0.66280773185892,0.0680262009380386,0.502147484035231,1
1420,0.757693089079662,0.760429639045489,0.458771784070873,6
1154,0.769832063113781,0.80298546455441,0.45286689697368,4
827,0.631280536202248,0.0521490189246834,0.413181680999696,3
146,0.492536914302036,0.619430750375614,0.328210530336946,0
315,0.403586619533598,0.06043472699821,0.460281238891184,0
354,0.968622147105634,0.0737281383480877,0.442794247996062,0
6,0.0485905203968287,0.359481424791738,0.933905202196911,0
291,0.781992134172469,0.55358544527553,0.267979260534048,0
325,0.0749090688768774,0.180925202788785,0.377388485241681,0
436,0.66042602752801,0.299978546402417,0.388828246784397,1
677,0.686475333722774,0.456499025179073,0.487669100333005,2
1472,0.755822151825061,0.766852197699311,0.458863724556317,6
1199,0.756389082611017,0.793955860243669,0.454805465628486,4
746,0.693690391837154,0.475658409483731,0.337062361347489,2
1455,0.767225603035881,0.760285252715911,0.445703422919725,6
712,0.692129824887961,0.0448040612507612,0.257967547676526,2
734,0.686855690276716,0.222330503701232,0.632108493288979,2
33,0.345696344505996,0.25875851069577,0.964965680846944,0
826,0.629929397092201,0.409689832665026,0.534366172319278,3
1500,0.754965340897401,0.775751484799329,0.450186581304731,6
1114,0.762230850808471,0.803740844772497,0.452403874463147,4
310,0.948717640945688,0.268382807495072,0.227516488870606,0
28,0.870522776385769,0.13882157462649,0.940813884139061,0
706,0.689457480397541,0.165506845526397,0.447255895170383,2
19,0.182325241388753,0.919505806872621,0.924914397997782,0
205,0.525548845296726,0.108461596304551,0.386734952917323,0
1516,0.763224810722025,0.764748197810533,0.457677789848354,6
357,0.624491444090381,0.354599294252694,0.642496530432254,3
489,0.654720653926488,0.282425968511961,0.399377964483574,1
283,0.694767265813425,0.271992936264724,0.34753565187566,0
1134,0.748591532011332,0.798746532674372,0.450678519732107,4
22,0.651659224182367,0.361698896158487,0.825926188379526,0
258,0.212472562910989,0.249819409567863,0.280466642230749,0
55,0.503620066447183,0.755030549364164,0.308033365057781,0
285,0.195848731789738,0.351524070370942,0.143514069495723,0
166,0.650659488979727,0.96487427665852,0.057231467217207,0
1180,0.768330652490994,0.786335256931765,0.45037929725894,4
675,0.690853931554593,0.345642271521501,0.512866644002497,2
94,0.886296612443402,0.0431353293824941,0.553072334034368,0
653,0.686686567501165,0.419612985523418,0.575158002600074,2
48,0.515083306701854,0.201716056093574,0.145265859086066,0
550,0.663707170186099,0.210912110120989,0.64756625185255,1
1148,0.759307887029198,0.791475130727876,0.450970745145839,4
1231,0.767431837276779,0.828581457725803,0.455925011826874,5
1498,0.755627101327268,0.768180027954484,0.447478104524526,6
793,0.684260013534222,0.346227444079705,0.577915036631748,2
4,0.562861563405022,0.518342920346186,0.0108017469756305,0
816,0.630493411493953,0.190415617846884,0.299962027627043,3
1441,0.755613656264526,0.770633892457328,0.446296185935081,6
294,0.482232853304595,0.999370903708041,0.0674670147709548,0
1351,0.75789669354454,0.829254265623636,0.441594356312841,5
308,0.325514126336202,0.462211758363992,0.804414346814156,0
629,0.686851974690799,0.286598370829597,0.405828303121962,2
724,0.688558554663323,0.362302827485837,0.250182838691399,2
829,0.631509005674161,0.106736540398561,0.610942459944636,3
1334,0.751093107825634,0.829137478055516,0.445576067646607,5
1454,0.759900153081037,0.772366038566627,0.454199422192625,6
991,0.62960187651217,0.48566781131085,0.605031979433261,3
428,0.656324000004679,0.142334875138477,0.554032538481988,1
10,0.63495201151818,0.962312135146931,0.621855517150834,0
327,0.347237606765702,0.817531912121922,0.606395293259993,0
1311,0.758690209871433,0.823537043699374,0.450708021265674,5
1300,0.765768491668188,0.823575670873544,0.444275644845266,5
1074,0.760699207168578,0.802951624821651,0.449974146049271,4
337,0.438530107960105,0.913813614752144,0.4081443506293,0
194,0.550312707899138,0.824976300355047,0.275140021229163,0
1177,0.762579400771757,0.803192781062246,0.44548511654132,4
879,0.626473254556768,0.472353878151625,0.613882671389729,3
1023,0.753430143664962,0.800671337101244,0.441635852224395,4
593,0.65435822290834,0.232103547500446,0.510278034186922,1
578,0.657348079532385,0.0728265031473712,0.37849151592236,1
1245,0.768049857819769,0.821753842993237,0.450984974529606,5
1507,0.759024500780667,0.769128268634044,0.454450956785031,6
1419,0.763745216333359,0.765070681836045,0.455187670151695,6
125,0.952381309354678,0.145177884493023,0.923500573495403,0
1338,0.766440789865581,0.828463090869025,0.445213692168659,5
376,0.341097058029845,0.628257615957409,0.372270203428343,0
67,0.992322371574119,0.562236534198746,0.330933116143569,0
821,0.630528551384341,0.150040697492659,0.241529920767061,3
1034,0.757300642504514,0.802590206792961,0.445556362338483,4
665,0.684292750325985,0.48131206696853,0.719486555363983,2
181,0.116474093170837,0.865130789810792,0.766727366950363,0
84,0.59322476061061,0.171802887693048,0.232970649842173,0
510,0.654539232940879,0.486228016740643,0.684500677208416,1
521,0.663250837731175,0.353163175005466,0.445875321677886,1
449,0.663620292011183,0.356255098781548,0.693126231478527,1
406,0.663110584858805,0.11636510847602,0.260035406029783,1
176,0.291674912907183,0.838350889272988,0.48812110745348,0
1113,0.762123193966912,0.791571025539773,0.444231332893751,4
511,0.661273892237805,0.328937976108864,0.553759357589297,1
920,0.6258921606699,0.408901801053435,0.302022212347947,3
274,0.68211034592241,0.28877312107943,0.608938459074125,0
246,0.326363026397303,0.471316329203546,0.895590109284967,0
643,0.688601674621459,0.29547426472418,0.293507521320134,2
527,0.657675978003535,0.311336706462316,0.679876238037832,1
668,0.687204993774649,0.0868020846508444,0.58751240959391,2
53,0.712131795007735,0.572910353308544,0.608247967204079,0
591,0.656409502755851,0.0863775050500408,0.412276171892881,1
939,0.630651840940118,0.363653424731456,0.448733536107466,3
1394,0.757286240235232,0.825763236562655,0.454707213063994,5
1206,0.75659569780729,0.827924953925716,0.447620673326835,5
1559,0.77239185281606,0.762400812037091,0.455145466361215,6
1104,0.761565528460115,0.80248066984671,0.452993591755187,4
1588,0.752946735591916,0.768094183157838,0.455062365013976,6
994,0.632572485483252,0.259245536476374,0.386443666927517,3
496,0.656394555224106,0.320762781961821,0.333312171325088,1
396,0.575783966807649,0.208159951260313,0.343104371568188,0
260,0.919288833392784,0.445397815434262,0.117979999165982,0
567,0.661350388876162,0.193339910078794,0.2514267438557,1
1063,0.758153215446012,0.788692093367043,0.448439190330374,4
886,0.628413435937837,0.464915563073009,0.404905683756806,3
1600,0.755742157115461,0.760211676740012,0.45850347368661,6
72,0.889698160579428,0.809552423888817,0.975710931466892,0
141,0.295552568277344,0.232902241870761,0.313724856125191,0
126,0.334163082297891,0.248835928970948,0.169240385992453,0
945,0.629867765537929,0.0901807919843123,0.484045411506668,3
1102,0.762464081623988,0.794735288122476,0.450327401609765,4
1000,0.628452336697374,0.305911947460845,0.448574797646143,3
130,0.73149141180329,0.066763035254553,0.903007965767756,0
763,0.690070691658184,0.365629053395242,0.516342305159196,2
1033,0.752554640113861,0.797585136158811,0.447289170640979,4
1325,0.758349980983245,0.829039831566579,0.445744854602726,5
1039,0.758332107270348,0.79774394481979,0.445749376403451,4
1192,0.763732736101504,0.799005939358255,0.449032537489812,4
1460,0.761350004651644,0.763330576064857,0.456262761815373,6
1490,0.759865989582736,0.768814910218478,0.45196648596045,6
1085,0.762796037297977,0.802546563887563,0.44831786203596,4
221,0.670915066963062,0.904140985105187,0.0117877495940775,0
104,0.418120718561113,0.05526795075275,0.544508208986372,0
1087,0.763085156381397,0.797697056887307,0.451183111538249,4
954,0.626706326720305,0.101069599576294,0.256056504952721,3
1330,0.754198242920233,0.824530140558588,0.448968083450785,5
207,0.0916014714166522,0.656126543181017,0.553052457049489,0
127,0.113861991325393,0.128027811413631,0.263142831856385,0
200,0.669978947145864,0.891704983776435,0.373150822240859,0
1333,0.755731614706549,0.820761915197627,0.446327540319344,5
1022,0.774451405583152,0.791902264814824,0.453082602269534,4
716,0.688230934084859,0.149728597793728,0.661260313051753,2
1405,0.759828389641696,0.768940324050521,0.456120474931799,6
374,0.133321661269292,0.907419925089926,0.286142718978226,0
34,0.731272854376584,0.735096080228686,0.77825851785019,0
1436,0.763205989275834,0.767568828673961,0.454922029267146,6
516,0.661198901641183,0.204669733485207,0.690720119792968,1
466,0.658275941016618,0.507050724886358,0.313872851361521,1
602,0.690676926439628,0.423263425193727,0.435033053904772,2
145,0.613627636106685,0.17090309667401,0.826187127968296,0
17,0.670891923364252,0.304301732219756,0.465433911420405,0
1043,0.763807701226428,0.79807243779624,0.450262706784802,4
103,0.832170083420351,0.776937379734591,0.261125322431326,0
622,0.686010673728306,0.0837805972667411,0.520253481157124,2
1564,0.762498813676393,0.77223624604455,0.454550003695138,6
1355,0.75897489419983,0.820595448736942,0.447979983139943,5
691,0.693272731180769,0.37530067616608,0.484377256291919,2
1450,0.760490852088781,0.759798606946604,0.452411083283849,6
517,0.658232419728301,0.248585828766227,0.673733197082765,1
1386,0.764411730699922,0.830813444675639,0.443104715520638,5
519,0.660458332786802,0.503850307734683,0.6117515651742,1
1195,0.762794105892333,0.788354994001949,0.449798755752462,4
759,0.691682713972405,0.518349618138745,0.481528172898106,2
120,0.578035189537331,0.425863028503954,0.16232277569361,0
158,0.0424215227831155,0.782957347575575,0.666184946661815,0
1088,0.755946640504165,0.796958596646405,0.444908846140906,4
290,0.303618705132976,0.0412193974480033,0.0290066271554679,0
1064,0.755577078642337,0.799574469135945,0.447923813520602,4
402,0.654325678562745,0.507420614431612,0.28512107830029,1
1486,0.754583014996532,0.764194527401461,0.448603137893172,6
475,0.659417871988844,0.336875238409266,0.652369647216983,1
478,0.657695770454593,0.246339603280649,0.621733172261156,1
499,0.659763732529245,0.490864553907886,0.258155174017884,1
301,0.721247908193618,0.389191704802215,0.0942209251224995,0
202,0.641840156167746,0.890716682886705,0.0966583087574691,0
709,0.691764681388158,0.0802680890308693,0.52343663496431,2
1129,0.755332659983278,0.804430741439327,0.446370358133325,4
1447,0.753693855785871,0.761716111210759,0.45623873507136,6
1370,0.768773568035775,0.830490878799562,0.448992440474066,5
491,0.663591760192066,0.446169572602958,0.284163380553946,1
790,0.688654703458306,0.204656321974471,0.46800319890026,2
525,0.663548386180773,0.476110662403517,0.720057562389411,1
286,0.400307274889201,0.294395032338798,0.92009456269443,0
649,0.687822945544031,0.399590092082508,0.671907853498124,2
555,0.655893935367931,0.50063806429971,0.301563414209522,1
1391,0.753684894032702,0.832164763088055,0.445002095155892,5
1313,0.761574462745278,0.831352364831863,0.450053213897447,5
648,0.688122898384463,0.40881475021597,0.500371375749819,2
108,0.372249954612926,0.114594589918852,0.685591897694394,0
971,0.631007678220049,0.20085540630389,0.639525725902058,3
480,0.658067785440944,0.396679688664153,0.484341860562563,1
1514,0.761717496778937,0.762812198410863,0.452497493545074,6
172,0.418871608562768,0.259711069986224,0.205545014003292,0
1376,0.746979180064719,0.826644594481583,0.445478785317772,5
618,0.692986522230785,0.302280465327203,0.493283803970553,2
810,0.630951193845831,0.450892519392073,0.569953211164102,3
252,0.0832466729916632,0.755730676697567,0.463051823200658,0
1378,0.766613849544835,0.832606492675398,0.454019595238302,5
1191,0.751438880469673,0.800807628537481,0.450146690704416,4
669,0.685247995965183,0.322404475486837,0.294025706173852,2
562,0.657232442009263,0.467384437518194,0.285933262249455,1
1005,0.762817975064305,0.792634898880214,0.452614170257867,4
309,0.544397881720215,0.206528559559956,0.381285595707595,0
118,0.425098293926567,0.945909450529143,0.0138351472560316,0
226,0.13502733130008,0.843148686923087,0.34582141507417,0
1042,0.755435055900444,0.808097347984239,0.458288996126278,4
1539,0.764086805161921,0.766656005873549,0.451178950998753,6
414,0.654134688870981,0.0701325546950102,0.345089304540306,1
1573,0.754159011371275,0.770574335032676,0.442997336008774,6
335,0.148161282297224,0.00986149837262928,0.713282632175833,0
1476,0.750601610944721,0.767959689673753,0.445223845229518,6
1343,0.763574173624908,0.824906268024619,0.449764162148837,5
1176,0.763360360072759,0.798400121367079,0.447758335368748,4
526,0.662918871326838,0.439241219381802,0.432979868771508,1
267,0.943541529588401,0.970221813768148,0.479808854870498,0
112,0.00610169838182628,0.197766543831676,0.130127443233505,0
813,0.625808715601452,0.334484287141822,0.322663820511662,3
917,0.626927789037582,0.0703583120601252,0.694146807817742,3
132,0.174986593192443,0.726558945840225,0.890556124504656,0
657,0.693221651045606,0.350139497267082,0.286058243643493,2
532,0.654000790121499,0.387517244974151,0.37225144803524,1
1041,0.760986353994576,0.800628285632468,0.45041121319785,4
865,0.626911657806486,0.441467738547362,0.472401049383916,3
124,0.156667220173404,0.163224861724302,0.116627451963723,0
456,0.65598105855519,0.0629893044941128,0.658752295351587,1
585,0.66172384432517,0.115233585541137,0.53310267853085,1
719,0.692718490646221,0.0589720875257627,0.699568580416963,2
979,0.624835986855906,0.0837671511806548,0.573255127109587,3
505,0.658553668798413,0.443421740387566,0.480129759805277,1
959,0.633272274162155,0.115208619576879,0.310955268610269,3
1050,0.752758919644351,0.797568198642462,0.445779162220917,4
1196,0.756925684553115,0.79753644390549,0.455557296060117,4
1369,0.765823027857355,0.826122354589286,0.452022934055854,5
245,0.855671565281227,0.615917922230437,0.793294861447066,0
708,0.685547695958521,0.28599888861645,0.590321223414503,2
316,0.200862613040954,0.369582280516624,0.647102166898549,0
157,0.588983876863495,0.60968954814598,0.234736430225894,0
56,0.524018671363592,0.635058419778943,0.530492789810523,0
164,0.516577820293605,0.845121620688587,0.520971578778699,0
1061,0.750636413725548,0.796838987386777,0.451249795431987,4
988,0.629197841037531,0.327652354096063,0.648360030539334,3
969,0.625407090645749,0.459274434088729,0.630343503830954,3
214,0.0191044302191585,0.55988767859526,0.765663521597162,0
990,0.630815898710862,0.166640475811437,0.385803006170318,3
208,0.812803540378809,0.181519423611462,0.704129476798698,0
319,0.330674667842686,0.763262202264741,0.700819508172572,0
911,0.631070610862225,0.117975873942487,0.560332375625148,3
1092,0.761439022251591,0.796784257390826,0.453648536769961,4
1179,0.753716068962054,0.802044863126568,0.457942681654069,4
209,0.350203320384026,0.0982313244603574,0.630306642968208,0
924,0.629238820530009,0.121516488329507,0.707507576956414,3
1115,0.755417772503892,0.790868941052585,0.448059341111663,4
92,0.423045598901808,0.235771977109835,0.130538538098335,0
1214,0.760661570436532,0.831236748567702,0.44968074913063,5
215,0.109308884479105,0.584942672168836,0.526324569713324,0
266,0.476428858703002,0.519456357695162,0.0299232304096222,0
370,0.336695667356253,0.851083966437727,0.129401173209772,0
203,0.91832940839231,0.587123975623399,0.319999650120735,0
1392,0.761505785689496,0.821220306470756,0.441070147560867,5
490,0.66371136863716,0.502406162745319,0.440760773071088,1
378,0.789109095465392,0.168693825602531,0.430306877242401,0
1282,0.757328181494603,0.832829167103004,0.463744018214858,5
1243,0.746343095153962,0.826751548897402,0.447035542166066,5
1028,0.757433120845998,0.806114464566198,0.447968010788139,4
1182,0.759425205346405,0.795412679940752,0.450836453782322,4
77,0.46340734208934,0.682572104269639,0.272162232780829,0
1108,0.757416058629066,0.796478257987548,0.452374558762556,4
1399,0.759294492812755,0.833484013599406,0.455295117821515,5
27,0.99114127876237,0.81730607105419,0.523888023803011,0
1208,0.758565142730163,0.828216610690524,0.451431896673708,5
633,0.685254258315545,0.301976233557798,0.480976285575889,2
186,0.913317338097841,0.636812099022791,0.628277827985585,0
23,0.476756952004507,0.388920161640272,0.198270352324471,0
1542,0.759981663959783,0.760596668036037,0.446560199782703,6
365,0.457948085619137,0.316505139926448,0.99246870004572,0
740,0.691244463438634,0.423437588568777,0.62948933574371,2
798,0.686961370268837,0.522170976107009,0.57465737585444,2
1118,0.761929875926225,0.804139306343881,0.447023256111717,4
849,0.623994505284354,0.277861164021306,0.527929970924743,3
1431,0.754098714034504,0.773280485012461,0.4420747900565,6
137,0.829911967739463,0.421283432748169,0.864479975542054,0
528,0.654111180745531,0.48344715225976,0.609993033506908,1
1595,0.7648640080368,0.767981736465645,0.448333885808756,6
1425,0.765119909953447,0.774063555111839,0.454107443884613,6
689,0.685117877086159,0.401771266199648,0.578783927531913,2
1036,0.759198554884784,0.797451232104338,0.454532430848647,4
1523,0.760529217112594,0.764799876023924,0.443966454395109,6
388,0.790621403604746,0.199411269277334,0.780513672390953,0
462,0.658602402154356,0.139609955321066,0.564021084620617,1
617,0.688654562651645,0.440298217418604,0.48832403535489,2
1137,0.756888947779487,0.794096570058898,0.44525843730176,4
947,0.631188534277026,0.307570609333925,0.33486662961077,3
781,0.684517048303969,0.311325747007504,0.259719080105424,2
1106,0.76296108048809,0.803872108251471,0.450180221683867,4
1111,0.752817125993851,0.802061245745263,0.454629471645811,4
560,0.660972429523245,0.349931161804125,0.438461386179552,1
1385,0.751630558756109,0.827657661261775,0.457693333377662,5
1388,0.754209501110245,0.82800435224305,0.445711159869743,5
843,0.627973052654415,0.310327779571526,0.23462165617384,3
1238,0.759573339300882,0.832821887324886,0.459374916886648,5
537,0.656719156813342,0.218789576622658,0.271704875794239,1
1066,0.756178980091692,0.798360837155479,0.450226773475839,4
1353,0.762626945764615,0.836268757277113,0.442253544699444,5
1156,0.76562462546491,0.807525680208105,0.447617400615075,4
1070,0.759250914796624,0.797592695125138,0.446808093160194,4
822,0.627324103938881,0.256516416394152,0.647616623598151,3
420,0.654848397334572,0.286886952887289,0.501177444751374,1
782,0.687225968947169,0.311896503390744,0.318069529300556,2
106,0.925730196526274,0.891134865581989,0.507005403283983,0
1140,0.761524304943735,0.792470128149071,0.451281474538659,4
122,0.359151368727908,0.827157492050901,0.668930229730904,0
1020,0.75583256357899,0.805520110453511,0.459072171933564,4
387,0.199583937879652,0.0639910502359271,0.530368665931746,0
82,0.344895600806922,0.848359482362866,0.716434069909155,0
1259,0.759209431207087,0.825647555376269,0.442966022446944,5
1262,0.752882161135938,0.833688900143392,0.451261519362547,5
1078,0.759576508306079,0.799022965109174,0.448531529323546,4
509,0.661397705916315,0.202041826397181,0.273285546037369,1
1488,0.753705208279014,0.76932335961279,0.452531939669788,6
1160,0.761841092764573,0.799824842665756,0.444207886441991,4
877,0.628412500543054,0.377238499885425,0.466184690524824,3
311,0.373676338465884,0.684955571312457,0.911626791814342,0
888,0.633408616476227,0.331316278269514,0.680120996246114,3
95,0.877313924953341,0.476696693105623,0.0483939193654805,0
733,0.686489494803827,0.234904836118221,0.53529636147432,2
1290,0.762159571154936,0.828626615929435,0.45256409363089,5
1261,0.755245389551131,0.831052238514213,0.448791923026729,5
150,0.725078511983156,0.392925636610016,0.0293638396542519,0
131,0.940344870090485,0.766440820181742,0.327589893015102,0
686,0.685724438419566,0.427031668787822,0.686338096787222,2
1303,0.765662054027803,0.827484529267657,0.448732620242261,5
1026,0.766928464524423,0.795911255270085,0.450630194889215,4
1477,0.759249008427485,0.767717660708783,0.454918092996379,6
149,0.433234989643097,0.811717179836705,0.488111358135939,0
725,0.689681776838843,0.443492951290682,0.662445394950919,2
1367,0.761051836161766,0.829508774687518,0.451099050731308,5
1402,0.759948471109524,0.77385848951742,0.451347510293883,6
956,0.633530554128811,0.381735630868934,0.643328436114825,3
470,0.661925533057656,0.263203793624416,0.673913985304535,1
102,0.208829048788175,0.425730094313622,0.461270404979587,0
493,0.660423786921892,0.10482641630806,0.626333298790269,1
1213,0.757945464767654,0.836236260380528,0.449338978138386,5
468,0.655113232834265,0.375078772380948,0.327137217321433,1
187,0.91374603100121,0.406077899271622,0.290079538477585,0
1449,0.763099736687261,0.774742563941271,0.449510198285137,6
1451,0.759857201842627,0.768532958150587,0.458894560896435,6
1327,0.758031150033119,0.824578855795377,0.453550850910065,5
455,0.65820183172822,0.465188174927607,0.51133043486625,1
359,0.4089241088368,0.459355953615159,0.966539058601484,0
1457,0.758124092783954,0.771679105651708,0.445110308565783,6
1174,0.763851883995182,0.792654475013195,0.455176221864894,4
880,0.625635199465323,0.142952046659775,0.457389594102278,3
530,0.657404959569685,0.45427658916451,0.270910163223744,1
350,0.865654095308855,0.174781555775553,0.285376502433792,0
1015,0.756588842250127,0.794677530299843,0.456743904921843,4
900,0.627065690208692,0.467654206277803,0.624453840474598,3
714,0.69024737365311,0.25470329921227,0.374896013457328,2
1594,0.754483392787358,0.765512076528163,0.457635639756395,6
332,0.15321141271852,0.0808567700441927,0.333106813253835,0
61,0.582498528063297,0.480676079634577,0.0771702008787543,0
563,0.658639168222435,0.32084683557041,0.45711611402221,1
1223,0.762262486578634,0.823456063734294,0.449945564219023,5
142,0.726107540307567,0.0549833902623504,0.534126071026549,0
699,0.684604841631372,0.0390279162209481,0.715089587075636,2
42,0.739547669887543,0.820486864075065,0.606454890687019,0
167,0.433501742081717,0.666829724330455,0.984781962120906,0
1471,0.750566974132526,0.766699960293385,0.448403969499066,6
1254,0.758020951455577,0.827708243628887,0.452400107348526,5
1081,0.752617090068373,0.795642703479783,0.449972972223055,4
1246,0.752539385911188,0.826877789485406,0.45025747009729,5
330,0.679057679604739,0.00534764747135341,0.287681828020141,0
1408,0.751629028413691,0.766341566491074,0.456488862940744,6
1133,0.757138413935564,0.794178053249871,0.44389310573098,4
1372,0.764236482067651,0.826226122378145,0.443975789833646,5
1236,0.755349681703708,0.825295864606152,0.452479976397499,5
25,0.918346875114366,0.750915600452572,0.449241579510272,0
281,0.927409377647564,0.653890228597447,0.299430277897045,0
899,0.632150223986246,0.147750297398306,0.479634978738613,3
844,0.625154413795099,0.450648313225247,0.344147752085701,3
1226,0.762946709879157,0.839698709894495,0.451965313419721,5
598,0.657750952930655,0.260668557672761,0.329399085068144,1
89,0.506133008282632,0.35586565406993,0.214178342139348,0
1169,0.756701238850366,0.792839873692513,0.447837169884208,4
1570,0.757981076043257,0.761302268108879,0.454918969691825,6
881,0.6300641912641,0.329098837752827,0.303478781064041,3
201,0.492977840127423,0.18635022547096,0.34810680616647,0
1337,0.755148340364624,0.839481070585747,0.443055484431496,5
233,0.954283085884526,0.268378075445071,0.087783042807132,0
1448,0.757048471183167,0.763085512876834,0.457422661482479,6
765,0.687907926151529,0.506032168352976,0.665556867420673,2
845,0.624865592434071,0.211989173851907,0.426170655572787,3
1581,0.74977716432961,0.765340066295599,0.451016121575081,6
422,0.662236696321052,0.507372976816259,0.70209967372939,1
529,0.658839259196539,0.153469590772875,0.351539346203208,1
1053,0.759928902928231,0.802809238224975,0.44557587274416,4
1125,0.764336193040725,0.802112335488911,0.448740522456891,4
1322,0.756209541660004,0.817405495778462,0.453368550974746,5
606,0.687973316442221,0.496920552058145,0.358535963390023,2
1291,0.757746832697629,0.827492174681867,0.446531761519029,5
1271,0.757630008186634,0.829217384067312,0.464390768820111,5
199,0.278458663728088,0.442441144259647,0.337075528921559,0
156,0.410927479621023,0.837101342622191,0.0252229294274002,0
732,0.69250700598117,0.498389055323787,0.341169394366443,2
638,0.687058637375012,0.11028341408819,0.558180696377531,2
8,0.588183420244604,0.91209207684733,0.491153564304113,0
928,0.629914847412147,0.403390865842812,0.558594254823402,3
1511,0.75934138801506,0.763829570818157,0.447757042319351,6
31,0.121262093540281,0.991444127634168,0.377236021449789,0
1035,0.768004946483402,0.791303779173629,0.451638742001942,4
1442,0.755128815244727,0.772978664900917,0.451576625846486,6
504,0.657936698184349,0.0349939686246217,0.594924103864469,1
1332,0.756211694416474,0.824527637253629,0.448336259765259,5
109,0.0662658789660782,0.483172925887629,0.16598209948279,0
5,0.937387929297984,0.848262466257438,0.983980303164572,0
279,0.838186572305858,0.837756767868996,0.154098309343681,0
1491,0.766049973953688,0.768419535199937,0.447177220019072,6
1345,0.764725373960672,0.825318266066905,0.445655176611489,5
431,0.655260909965728,0.487861245824024,0.561751303076744,1
1273,0.767006877611918,0.827684275906755,0.448805918433506,5
179,0.637319376459345,0.0297166267409921,0.926131077809259,0
1002,0.755162048811134,0.796953554168748,0.456294453342184,4
1446,0.761677967419959,0.772499437100946,0.449637169053373,6
935,0.628352977742907,0.35175592249725,0.651323981862515,3
342,0.462134818080813,0.57569750235416,0.89990829792805,0
543,0.658618671882432,0.203604252729565,0.38560375191737,1
15,0.34028915502131,0.730032082879916,0.726816630689427,0
348,0.835013982839882,0.808755728881806,0.0444546213839203,0
983,0.624555311622098,0.185958097642288,0.225437939330004,3
