942,0.627620902529982,0.277411794066205,0.519696338494912,5
1005,0.614144652556343,0.275655077875413,0.530865453457393,5
562,0.568360215818975,0.536185464286245,0.339568925672211,3
548,0.576149678158108,0.420340023282915,0.625521629117429,3
514,0.576235027967487,0.449765146058053,0.243200921686366,3
1114,0.634140035403956,0.218254472145337,0.521053240028534,6
992,0.628984657261425,0.278104578863208,0.515742150558354,5
952,0.633013473098328,0.280225384882502,0.522460506217809,5
927,0.611851621546216,0.281034032255256,0.525134242983965,5
14,0.274088774109259,0.894513131119311,0.834887002594769,0
131,0.597406558247749,0.451569809857756,0.345979197998531,1
506,0.569675337064546,0.535882478393614,0.465811233734712,3
800,0.621278598246418,0.252441674510573,0.52454831282134,4
914,0.634975985733779,0.278392938212339,0.529835733107883,5
452,0.63517343251966,0.366518404497765,0.552170383511111,2
1167,0.616619973741968,0.217776051019473,0.518058103618686,6
982,0.624256789249651,0.284663674852834,0.521420576758919,5
1165,0.630829343047125,0.225879174461912,0.523305967277819,6
123,0.605893854275346,0.421756858052686,0.362251029582694,1
700,0.630786240854089,0.253857483144671,0.516474955856747,4
983,0.619198178117692,0.272718570769182,0.514212212344802,5
980,0.634553596727676,0.280180020260757,0.525710970198337,5
1234,0.616291090523245,0.213522099751724,0.525683061276526,6
355,0.636326449769549,0.0835120414150879,0.577483259839937,2
776,0.618765820370254,0.246549023943689,0.517602205611486,4
1118,0.622486294920782,0.219848219156114,0.520081178756252,6
257,0.605848484560847,0.321010078582913,0.569686706759967,1
1139,0.618416231072456,0.213895178748616,0.530122140203268,6
1029,0.629156371393935,0.285334841199586,0.523188552338968,5
111,0.603714674282819,0.122101887175813,0.431960138608702,1
739,0.623784555329066,0.250098114618181,0.518393960045901,4
1020,0.625765066702679,0.273558533260674,0.523797962283481,5
1157,0.626342319475361,0.218518243975954,0.515274278269525,6
539,0.570569291135762,0.383487964910455,0.480681446613744,3
999,0.631155269279325,0.283798690311449,0.522170927195546,5
771,0.627311033847359,0.245852935998761,0.525210724739882,4
830,0.624293879818535,0.251637423123961,0.519966739702661,4
221,0.60040366669884,0.138928906456567,0.505623790435493,1
224,0.602374335199129,0.382068029302172,0.413854573387653,1
748,0.626472194156903,0.258963185207832,0.518991796832422,4
1223,0.618965399801752,0.225040761303235,0.522987820146272,6
644,0.575449149396736,0.131081180344336,0.236517013865523,3
878,0.625910794150117,0.27070042698719,0.519719374276534,5
531,0.5766334674065,0.21119525404647,0.274026499711908,3
378,0.628433219341096,0.309941575559787,0.526245635817759,2
543,0.569547363864258,0.136566871823743,0.485544973169453,3
834,0.630505104648748,0.243693854679312,0.523825878021057,4
620,0.575139994050842,0.482127909245901,0.617777720908634,3
690,0.618991882250072,0.248997379934488,0.524739067457826,4
1122,0.617426988689655,0.212194636060549,0.517711064147458,6
604,0.575044906274416,0.544276880845427,0.468992355978116,3
1216,0.623775290095944,0.218372075990553,0.526133005522668,6
1033,0.625493066862616,0.273391880815038,0.524629234605224,5
1215,0.617013234532079,0.22610441660772,0.518626016369462,6
1137,0.630077637044075,0.210160717387921,0.522275937694941,6
1121,0.628003940959903,0.223899614762708,0.521786466769961,6
867,0.620806733888696,0.28069193939994,0.522381724629217,5
1008,0.619531027332857,0.271677986338612,0.515652884733173,5
398,0.628317723465152,0.50457326292526,0.240623781108297,2
1055,0.616974896922893,0.279550384942123,0.525151056316656,5
533,0.57296766201267,0.380947920307517,0.482427177252248,3
139,0.599623334722128,0.290652382466942,0.508812787127681,1
330,0.63038020080654,0.383571753790602,0.523378760670312,2
1101,0.618085230748347,0.221600093118754,0.517339700117436,6
822,0.624082220388201,0.255108723787863,0.522619092876464,4
22,0.833038627402857,0.793068541912362,0.679681338835508,0
339,0.635409672600217,0.304220164357685,0.4863422451308,2
723,0.62062372336655,0.235556329149098,0.52428463732553,4
10,0.157169757178053,0.332446952816099,0.649107762612402,0
964,0.625618702805818,0.27401708247916,0.527905897119416,5
25,0.0279267083387822,0.218543328111991,0.673551149433479,0
1072,0.632467265688548,0.211072302028792,0.527312664499073,6
289,0.633763413440902,0.401283818925731,0.559196709189564,2
293,0.636148069119081,0.102000970090739,0.573317387490533,2
29,0.0458287743385881,0.273726991377771,0.617161742178723,0
122,0.600183145373594,0.266929615335539,0.441812583361752,1
579,0.570837749773636,0.526119190896861,0.571244610007852,3
1207,0.612297537858058,0.218014213190536,0.523404457032463,6
1173,0.615030701129954,0.224865897267811,0.526745768553792,6
643,0.572535185967572,0.201669511781074,0.380540360580198,3
1103,0.625031019919584,0.21621725991068,0.514808469395353,6
26,0.729636719450355,0.894940519705415,0.981855811085552,0
869,0.618286838112047,0.276007969855907,0.524640431840854,5
1045,0.616584899420129,0.280550107716359,0.520384275718503,5
426,0.626985901566222,0.200836000777781,0.689158034394495,2
200,0.597149384994991,0.372977543552406,0.702809436828829,1
1044,0.626966116865315,0.281627944225902,0.522972327567946,5
21,0.738394229440019,0.793357360642403,0.309513966087252,0
587,0.568235980055761,0.478672133106738,0.473366955528036,3
901,0.624472741833961,0.273348597881957,0.523103334841268,5
1134,0.618612107643545,0.226898794271448,0.519902641961548,6
164,0.602534930743277,0.508455982827581,0.322579881525599,1
235,0.603731228739489,0.157983552943915,0.572738201357424,1
462,0.630543920639902,0.427237630751915,0.391022014548071,2
1227,0.631636534470142,0.222740008183055,0.517032138832784,6
362,0.629625051624607,0.363617207086645,0.456446857075207,2
234,0.599032107794192,0.544447814044543,0.275871155201457,1
73,0.606580227757804,0.189104055101052,0.40099343797192,1
871,0.622377825087736,0.275176767230968,0.51323616539531,5
708,0.621284992817067,0.247716338152476,0.524330316905801,4
1010,0.626225543081019,0.273771392866622,0.526944103085025,5
594,0.572086297785863,0.438610952626914,0.489670576062053,3
109,0.606073851897381,0.352148462599143,0.379452232969925,1
276,0.626854584156536,0.406464817398228,0.602637388627045,2
811,0.624490949732525,0.242592028116112,0.521437135095655,4
315,0.63406611409504,0.308888222370297,0.236946626915596,2
1098,0.626500154371278,0.223270824549901,0.518411968999724,6
996,0.622421699090971,0.275919373412325,0.516988207680477,5
858,0.611947804655844,0.241102345494052,0.521379475073845,4
509,0.567401193343103,0.227911479934119,0.570859487168491,3
635,0.57056386455195,0.216109806718305,0.493529522558674,3
694,0.631699918053968,0.244262479598294,0.535176416279562,4
832,0.625125823542017,0.252662487165143,0.524816178695744,4
146,0.597345519086812,0.435219247289933,0.667507619829848,1
499,0.572469578748569,0.27602638960816,0.314818047685549,3
925,0.6129892097821,0.271164842471319,0.527945396245208,5
921,0.623699712833825,0.285963956071742,0.524576705098204,5
945,0.620007347035294,0.273965073151031,0.525304694308986,5
518,0.573375577239785,0.295006913295947,0.474153597955592,3
244,0.59944969387725,0.291089828289114,0.595640306011774,1
817,0.619916563277639,0.239052870781373,0.515255668559326,4
951,0.627446613172793,0.279266789866198,0.521602113508565,5
789,0.627204957195355,0.238831401945752,0.51660709052234,4
285,0.635889445424546,0.495266911736689,0.50900824915152,2
296,0.63036117444979,0.409899594541639,0.367986685945652,2
859,0.625219940948785,0.238832888847079,0.514926355389957,4
1093,0.618601329434836,0.223368111987255,0.518268899062517,6
1013,0.62943276918955,0.274328710015158,0.517049376349455,5
103,0.601785263486672,0.513600188819691,0.436807983671315,1
255,0.598912694237661,0.485716258571483,0.447509902063757,1
511,0.571861861457583,0.164218142791651,0.576169599895366,3
758,0.617145383183173,0.247730288111247,0.514646171652372,4
1195,0.631531910455745,0.208449332292721,0.528776301788919,6
377,0.631687761726789,0.0965913661522791,0.51572074147407,2
889,0.619462661753895,0.274559144466849,0.514003543687599,5
872,0.622725918785861,0.276410083377936,0.524565017230014,5
860,0.622300095540852,0.243798330190513,0.538228392750021,4
702,0.625300834797968,0.247769567269317,0.524709933714658,4
99,0.598293530642986,0.288189385365695,0.371807063929737,1
610,0.575496118050069,0.085000797919929,0.269115207251161,3
231,0.600800303171855,0.398580850497819,0.377852859091945,1
1047,0.627588309544235,0.27861268916683,0.508279922427412,5
1112,0.619558941376452,0.210006583584966,0.523179338218955,6
1086,0.625116984934636,0.221664164227518,0.52323323000641,6
394,0.629825734882616,0.0833295480581001,0.507563237566501,2
442,0.628432064522058,0.521730943280272,0.64945556037128,2
354,0.629354708206374,0.540928256744519,0.69827642198652,2
600,0.575813511942979,0.541911846539006,0.641998603590764,3
946,0.625758782230229,0.280690039968913,0.523558732359787,5
1014,0.625542742999368,0.276848419392266,0.520630060678775,5
688,0.627502217446214,0.246115179448851,0.522407463412718,4
489,0.575745539555792,0.08429513014853,0.681345957331359,3
935,0.613730123902388,0.273239690419974,0.516664631866637,5
337,0.627092197253369,0.275289454660378,0.373349601402879,2
1037,0.621571445354234,0.279887727055252,0.517707995762667,5
364,0.630182101442479,0.0677171203307808,0.579790700692683,2
1035,0.619330963549127,0.28018055252176,0.524893005913524,5
975,0.621107497759896,0.275387601686805,0.524574434650529,5
1222,0.617570093847164,0.219795855443758,0.523181543893739,6
492,0.574106322990265,0.332091369829141,0.52524802472908,3
286,0.635506669620518,0.287330084410496,0.359061585506424,2
981,0.616393748962317,0.282000633190267,0.523148660931799,5
179,0.606019499241374,0.348554471554235,0.418395178741775,1
1262,0.629316582697538,0.224625551800833,0.518315015380158,6
784,0.615168912685921,0.244801083341096,0.51914533508936,4
282,0.629030902548693,0.403586928313598,0.377809413592331,2
642,0.576563826615456,0.257099006720819,0.371488112723455,3
813,0.63147983716847,0.244624019113164,0.518196851721054,4
1002,0.6162412025255,0.283343858607665,0.523717892625093,5
516,0.573505559479818,0.391358951968141,0.633769705309533,3
42,0.0330201270990074,0.242750660516322,0.89198530674912,0
762,0.618868869917238,0.249600309216959,0.519182629815584,4
988,0.615268429931481,0.274342219472175,0.522940007758624,5
30,0.287917273817584,0.611233501462266,0.142849190160632,0
1228,0.621795749544813,0.220311107559759,0.519800080233791,6
641,0.568236118271016,0.368256886885501,0.615056435926817,3
955,0.627749099945047,0.270368751833136,0.5209445317013,5
409,0.629217375961598,0.482817208906636,0.404535471228883,2
66,0.597519099761266,0.226830101618543,0.262195979827084,1
341,0.628085031912196,0.533656901028007,0.344248213805258,2
392,0.634361202497967,0.0501996352570132,0.245451245107688,2
206,0.600876384265721,0.444551165960729,0.317199380486272,1
307,0.636276752632111,0.281267915549688,0.695664308732376,2
147,0.601685168163385,0.410665259044617,0.376625803532079,1
1133,0.629444352604428,0.208986718625167,0.523420372347343,6
725,0.62356407253504,0.24695860825158,0.515749206708809,4
478,0.572967551366892,0.337712511583231,0.483421006239951,3
764,0.622797348915649,0.235935537489877,0.520725662374905,4
154,0.60123930235859,0.165325710712932,0.339682564139366,1
989,0.628289698330181,0.276295920708689,0.518088936297972,5
701,0.618018899050431,0.247922777144713,0.517187909617396,4
171,0.606048984935042,0.419227348803543,0.474492174340412,1
715,0.61688879284343,0.244390904977642,0.524051593742454,4
313,0.629524276619777,0.518167278310284,0.219576433300972,2
319,0.627479274382349,0.1825336484937,0.49798321200069,2
1255,0.622910213220114,0.224932156823299,0.530870072366509,6
875,0.619231991512128,0.27273439199604,0.52454986395313,5
1067,0.618050621237968,0.221119205215229,0.521977214045398,6
720,0.617148034422957,0.239435355728648,0.523877076170263,4
1136,0.619218122660882,0.221151978063686,0.516870568689012,6
779,0.626429250233148,0.252289778768402,0.526836383351863,4
554,0.57470168445725,0.529133097780868,0.646371204638854,3
1229,0.631222370176973,0.217128234240802,0.515610797903395,6
835,0.619324192711777,0.250019694696231,0.518400088463433,4
368,0.633629299674649,0.539724396239035,0.537400058819912,2
12,0.218906997703016,0.451774204848334,0.17294548638165,0
342,0.628708126158454,0.256002773693763,0.43198450258933,2
1104,0.627611848406418,0.219904747790569,0.525734940474434,6
689,0.624912194859642,0.244330199459879,0.527699537624719,4
948,0.61483068275397,0.277009523437572,0.521587477602613,5
218,0.599340172421653,0.483074073959142,0.289702274021693,1
84,0.603727373636793,0.0986079000169411,0.263224117690697,1
418,0.635053194323555,0.203140428801998,0.390371368033811,2
960,0.619212490928619,0.284561243959613,0.529014684400968,5
1241,0.625057463474359,0.209092299357978,0.521132945720341,6
370,0.629530310882256,0.416633519157767,0.69502241734881,2
322,0.630251102629118,0.248997287987731,0.23574670497328,2
907,0.61769702932612,0.26912706358008,0.519115757411005,5
614,0.572188619743101,0.457672093808651,0.637427103472874,3
1034,0.622765902320926,0.278275469110803,0.521703179640808,5
527,0.571198312940542,0.210768311098218,0.569805938168429,3
1204,0.632216818326916,0.225716241277196,0.517844780925984,6
465,0.568342146293726,0.537134271278046,0.388411735068075,3
707,0.627095378243381,0.253018357208352,0.52662499150972,4
117,0.60597428703215,0.167248298693448,0.52187539730221,1
920,0.620266884306959,0.269273580619784,0.523265723366784,5
1258,0.623003970053054,0.213555624506492,0.524719110326979,6
863,0.621430746922085,0.240664384429229,0.521568755960914,4
201,0.604809307595715,0.217881637089886,0.366486601647921,1
60,0.687680064700544,0.723979425150901,0.296445827698335,0
69,0.603822755750734,0.515269610611722,0.474154110299423,1
931,0.618735944822358,0.28880988375987,0.523098541484796,5
592,0.574983529404271,0.535894183255732,0.599820067523979,3
803,0.616636524844272,0.248590152962094,0.51940378891425,4
1170,0.630372546091087,0.21767826975134,0.516094234229823,6
1053,0.63328022861809,0.280900668725299,0.521797392270808,5
481,0.576334723515902,0.452476144465618,0.330893866950646,3
908,0.624784440358431,0.283303336563454,0.529106242861683,5
1176,0.628509445005114,0.212460709136437,0.528605615674193,6
299,0.62758425203152,0.112942555034533,0.32495422847569,2
966,0.623501336135868,0.275521043528328,0.519970166752286,5
1,0.918142824200913,0.631469011306763,0.0481581164058298,0
185,0.601548726733308,0.401580091379583,0.61798833834473,1
862,0.618499033168865,0.248789323773755,0.525165558834192,4
304,0.630628804361913,0.413890198618174,0.381928830058314,2
1180,0.627604963498383,0.212235084173192,0.519335319368245,6
132,0.606630460622255,0.545703719765879,0.388535689096898,1
681,0.626903905990532,0.245668579337821,0.52357296294933,4
23,0.0126069588586688,0.147637455258518,0.663579291664064,0
213,0.598733303502668,0.106166506931186,0.28483146824874,1
1159,0.620943053687597,0.217190672905114,0.525118608006262,6
106,0.598801859808154,0.39661377731245,0.260672764736228,1
781,0.623231609903633,0.257533898046148,0.514591641533885,4
582,0.575527964055073,0.449928739620373,0.642118225456215,3
114,0.599702578105498,0.493587340274826,0.426858117803931,1
1068,0.618590868375035,0.227553256993583,0.51651016204757,6
48,0.676915357587859,0.903578170575202,0.653063988313079,0
93,0.602868561816867,0.0621167443925515,0.531162340310402,1
1092,0.62419965176259,0.221440440940123,0.517739144519231,6
524,0.574067167816684,0.362833509384654,0.432891681673937,3
698,0.626052437557403,0.248166723235556,0.525363155142937,4
28,0.49033490405418,0.728070278884843,0.47059145080857,0
476,0.576591474448796,0.229813276603818,0.447919136960991,3
280,0.631953765971121,0.317183544207364,0.647559073753655,2
56,0.500677593285218,0.0840115807950497,0.886665626196191,0
351,0.632765408733394,0.411537027265876,0.643872306449339,2
1249,0.62091562720373,0.21627437331245,0.519193243747117,6
372,0.631491784711834,0.0627993863774464,0.439741936163045,2
436,0.629005257613026,0.25871075799223,0.483496237313375,2
717,0.623674855909224,0.253048263139864,0.518099948800912,4
569,0.573231675727293,0.441441583959386,0.375362019287422,3
1238,0.626024295674582,0.218604448561031,0.524361363581374,6
215,0.605483947310131,0.202024380955845,0.503712798119523,1
447,0.630301927644759,0.0651088023325428,0.501665644580498,2
1052,0.628025979722676,0.284736683693298,0.520630050995407,5
189,0.602024604238104,0.375512620597146,0.425747150555253,1
1191,0.62792830550133,0.21569775066675,0.526012669838116,6
1201,0.618473842008723,0.220989188037946,0.513987908619775,6
137,0.603958890670911,0.067290448048152,0.70265881868545,1
424,0.636267574015074,0.316709559573792,0.698499162797816,2
1016,0.623291418800702,0.28414299087215,0.52806577747522,5
59,0.545815849676728,0.310762310866266,0.00503009674139321,0
290,0.628803673393559,0.269601279566996,0.36741557624191,2
1247,0.624218481735518,0.217693290709498,0.522104800617395,6
77,0.602098778744694,0.345175567944534,0.368935763021,1
870,0.620145312385737,0.2835520254248,0.521813076474278,5
344,0.632671971919481,0.433335754601285,0.640780836110935,2
321,0.627066540329251,0.217324046464637,0.214010227588005,2
741,0.620641607119894,0.240845904674213,0.511950915245536,4
153,0.597697024913505,0.255810720892623,0.478523933794349,1
403,0.632673170396593,0.100648886570707,0.470543374540284,2
115,0.599269565425348,0.334997766232118,0.634219350526109,1
972,0.628413797334151,0.280479495393884,0.528272565570675,5
1009,0.629354113453693,0.279503658513631,0.514788751312176,5
203,0.600590558093973,0.29356008656323,0.372581148985773,1
831,0.617733545235949,0.243280761881928,0.526036694721558,4
919,0.629065153134951,0.282719695749342,0.5249145787084,5
163,0.601251665598247,0.246104713343084,0.542983913444914,1
1011,0.621880725149318,0.281285387095462,0.522067090058882,5
804,0.634683619295149,0.252349227901582,0.521903706003654,4
1085,0.627387130509475,0.221310611742896,0.517365828510956,6
904,0.625273989291148,0.278819772408179,0.532372920965872,5
141,0.605033272400033,0.473708684951998,0.483807312208228,1
458,0.629323328142054,0.355414081411436,0.645863595884293,2
475,0.575404397398233,0.175421785842627,0.563521872041747,3
974,0.623817517635759,0.282234788072555,0.511177828615139,5
247,0.604631245227065,0.303440765989944,0.576710673747584,1
1050,0.622054636367641,0.282632131728375,0.517189587384631,5
1102,0.618245977441089,0.215869968751118,0.520780540070788,6
673,0.624815457121444,0.24641050665974,0.525825618145811,4
138,0.606045792622026,0.33863044034224,0.548699167440645,1
329,0.630630861753598,0.490874168160371,0.622623502276838,2
940,0.625047228833824,0.273783180268463,0.519386131868982,5
19,0.258500593481585,0.0259780348278582,0.560996151994914,0
74,0.597547526876442,0.277245086431503,0.517504158080555,1
266,0.632796332859434,0.527185977715999,0.576161317061633,2
410,0.634137905337848,0.323419522540644,0.601833366788924,2
1154,0.629625018362426,0.219270061168518,0.522949702833385,6
563,0.573082294117194,0.104502050252631,0.502568065188825,3
1151,0.619883614570683,0.22435206245625,0.526606658420827,6
127,0.601374964835122,0.223460194584914,0.444958742591552,1
943,0.633270678504904,0.284217523627326,0.525033483254458,5
238,0.598805619564373,0.258168937801383,0.480864919605665,1
414,0.635885088322684,0.541945377411321,0.569816059549339,2
926,0.624410867157831,0.286904329153601,0.521041426778566,5
704,0.62562076068931,0.247512041003997,0.522786135376195,4
184,0.59711106910836,0.265642807167023,0.447899310383946,1
130,0.606489708442241,0.184020217205398,0.252722472068854,1
148,0.604857300159056,0.534831751184538,0.4962852204917,1
500,0.568139337103348,0.350297658750787,0.460011811112054,3
654,0.567028795792721,0.459898866410367,0.388908159453422,3
763,0.622617814395051,0.251751844672908,0.516756705987673,4
1231,0.630355238837388,0.217332522414392,0.526528146916371,6
404,0.632274456408341,0.298291319445707,0.358590865158476,2
848,0.620251728610121,0.243280794325519,0.518272428050627,4
70,0.600267213582993,0.332466049515642,0.4674949668115,1
659,0.571960420701653,0.399420213350095,0.460700686671771,3
449,0.635739607287105,0.46560844539199,0.672157740336843,2
1208,0.621364678241456,0.224438425419755,0.517763573242485,6
208,0.602471519538667,0.0538613065611571,0.244059088290669,1
675,0.627060948630094,0.250276217113549,0.52648081318677,4
1171,0.628913967141565,0.222240420292557,0.521631077328606,6
1096,0.633593051727792,0.215231115967528,0.525825287361319,6
175,0.606425531255081,0.468174633034505,0.547940769814886,1
336,0.635157151368912,0.234243251429871,0.52193342463579,2
1164,0.628397267220655,0.22499882093381,0.514815769085956,6
250,0.599736741674133,0.496952728298493,0.551261621643789,1
1242,0.612934434634788,0.215742147776462,0.530580110297312,6
501,0.572450983633753,0.0907436315203086,0.471181640285067,3
466,0.568000844295602,0.228747614705935,0.409842473338358,3
1259,0.626907585325695,0.222260305500191,0.532590872772446,6
408,0.62832928776741,0.389217419596389,0.393455293495208,2
891,0.628301164070326,0.272163623758596,0.525079668035953,5
382,0.633427111753263,0.171589981694706,0.497328737052158,2
757,0.629432605886752,0.249079937468696,0.532894497638886,4
714,0.621091033116909,0.248878173285285,0.516409798300911,4
618,0.574991850117222,0.244873689534143,0.532753908773884,3
552,0.570746856597252,0.527547750901431,0.386845997185446,3
971,0.619635655256499,0.280636203737912,0.5178538554807,5
794,0.621466628533252,0.241303444363651,0.519812370868651,4
669,0.625975589724317,0.248116389705774,0.516413696225549,4
824,0.6254089486966,0.246213060087233,0.520239860177286,4
612,0.575937247173861,0.117126722983085,0.545199191663414,3
578,0.574352414105088,0.362264229380526,0.273749615764245,3
856,0.622147751774901,0.256746541671851,0.525097230021888,4
1039,0.634446423072467,0.276244899524052,0.528185592807982,5
1248,0.627338127433558,0.219272818195573,0.519038939313846,6
80,0.605389365106821,0.326862347242422,0.501502897706814,1
528,0.569760998832062,0.384261071495712,0.304315286688507,3
297,0.627777478985954,0.197126933536492,0.496921683195978,2
1210,0.616110128309183,0.210631492743915,0.517836175671359,6
1243,0.628123090965135,0.214622334186033,0.525245710157256,6
568,0.57220916186925,0.0907993696630001,0.238998432061635,3
494,0.567161864105146,0.153305277973413,0.364842921844684,3
949,0.61973576871326,0.273603460103342,0.523206380414335,5
1090,0.62425522428937,0.211352274260862,0.520334566236108,6
471,0.567920976304449,0.458903892710805,0.369912091060542,3
1145,0.62386422064264,0.22610834582414,0.518022357337113,6
430,0.631390819966328,0.247144067590125,0.278452559607104,2
450,0.629650658660103,0.298012295318767,0.324374080868438,2
110,0.604150277734734,0.359841258311644,0.577200397383422,1
854,0.620094530851803,0.242350311929585,0.524947138397179,4
470,0.576648049172945,0.237966590025462,0.651992297149263,3
65,0.601870843935758,0.104960433603264,0.387171886162832,1
1082,0.621714273833712,0.217000058376998,0.524737640896354,6
1209,0.619582951361906,0.225618635382067,0.525362753366621,6
160,0.603918097706046,0.497668099403381,0.554959880886599,1
1153,0.624793983743084,0.220292476406381,0.525617123989501,6
987,0.627308544418731,0.279773886179955,0.515205786030507,5
967,0.626452991665908,0.263782822560621,0.517164472784009,5
882,0.627040110896526,0.271046011521496,0.529115039240363,5
1109,0.630090164353363,0.215956181511886,0.523859486628579,6
496,0.572726536013652,0.516124714212492,0.302422129549086,3
929,0.624232835275848,0.287054597143807,0.522667040874647,5
564,0.572626126508694,0.137448634300381,0.342211254057474,3
873,0.62377299939071,0.280695097474305,0.520575936342519,5
262,0.600683808082249,0.144487949716859,0.466450269217603,1
1099,0.633470876151295,0.223182783548503,0.520078790219447,6
100,0.5991131288209,0.483411540556699,0.379438323201612,1
718,0.619079519774879,0.24460952020763,0.521142030841796,4
338,0.631044832065236,0.347484690649435,0.553223387338221,2
1190,0.622692542233792,0.218345106752144,0.529626905232859,6
155,0.605066325392108,0.0580467664869502,0.550455941585824,1
696,0.633410245516524,0.241630078546124,0.529032582060222,4
651,0.572318846690469,0.230443575698882,0.591411413275637,3
294,0.63446277581621,0.265100032952614,0.309728365158662,2
413,0.627644403323066,0.408584732376039,0.610568837495521,2
1172,0.628774342898469,0.218652508874239,0.518837587325486,6
913,0.617973542064195,0.270003688854373,0.517281997547677,5
912,0.625458019932746,0.277037648748733,0.518455106438317,5
819,0.62636405408654,0.244798114175456,0.519179421387422,4
311,0.630980288130231,0.368323028483428,0.467916619149037,2
660,0.567228412665427,0.400588100939058,0.401593573624268,3
550,0.575102506885305,0.409414566284977,0.547054091817699,3
391,0.636672681828495,0.166314642922953,0.622995788929984,2
885,0.622743547506491,0.287844799515539,0.513274235663218,5
31,0.200608086539432,0.190514831570908,0.0157892066054046,0
309,0.636072598728351,0.406737907836214,0.402076589642093,2
287,0.629450434790924,0.320453008566983,0.502762276097201,2
728,0.626868024789718,0.253782360105467,0.521829478066741,4
968,0.619288655341616,0.284612464050378,0.525566384499223,5
1056,0.61563369800781,0.28671465798161,0.515067123503032,5
107,0.600298396239523,0.473200628580525,0.362513334257528,1
574,0.56929601961514,0.0900638788472861,0.659950384753756,3
893,0.625344554543234,0.269251506717183,0.52491575254511,5
1186,0.615280771340797,0.219057411934759,0.52430874289841,6
1116,0.619496425209478,0.217769596309843,0.529489065990967,6
1127,0.627589705383401,0.217375904917764,0.525726036549297,6
874,0.626123979411405,0.273333251020826,0.524952120030426,5
390,0.627377680791542,0.144124369416386,0.264094625250436,2
386,0.634236195329577,0.310875529120676,0.369487520540133,2
575,0.575705587370321,0.513359672436491,0.705578191322275,3
652,0.568743211778346,0.284092402132228,0.360466037876904,3
346,0.632712046112865,0.0779803994111717,0.486549229593948,2
910,0.631745559142249,0.271882056708923,0.52295442641737,5
258,0.599229811334517,0.455482457228936,0.330791936954483,1
818,0.619143145476472,0.250794175982401,0.520611011893913,4
95,0.598169764149934,0.295646213041618,0.681187670095824,1
310,0.635144645262044,0.437367604044266,0.41669589409139,2
1211,0.635220154458566,0.210811724647004,0.52299639938883,6
932,0.626795461594459,0.2821996233944,0.526031449088329,5
1147,0.629637296962775,0.213897049534643,0.521045357345368,6
1217,0.622733850600434,0.222824541470748,0.519299054802683,6
210,0.606117222055327,0.292386997537687,0.697395739494823,1
523,0.572989904102869,0.349020836339332,0.446470137685537,3
228,0.604028368277941,0.165707348310389,0.299543082597666,1
243,0.599457771524321,0.355599371646531,0.650055795325898,1
679,0.615922713000912,0.2420893815551,0.521544941234458,4
829,0.622498516487364,0.243071574547111,0.522042635724235,4
1108,0.62734433481341,0.222403317200238,0.521704192685403,6
993,0.621834262085521,0.270198766175012,0.526366523454647,5
328,0.629218005470466,0.29829385089688,0.519605876645073,2
894,0.623319459647112,0.28428505792749,0.526253861072084,5
519,0.573613466841634,0.533975323825143,0.361994358594529,3
168,0.603732761882711,0.537405422586016,0.70847291406244,1
1018,0.626017695052801,0.2788173466646,0.518961675981194,5
274,0.628893444142304,0.446915596653707,0.672757674590684,2
9,0.762623417424038,0.632609739666805,0.67102820170112,0
788,0.616810374955268,0.249155755878296,0.524850602568995,4
864,0.624802915395579,0.270277247967134,0.528161965957353,5
469,0.572590227650944,0.518418084876612,0.253560698241927,3
54,0.19947513542138,0.495116189820692,0.885643406305462,0
1135,0.617502074319558,0.219386662206904,0.520469256878939,6
626,0.575886720775161,0.532758434582502,0.619562063715421,3
284,0.633940354974475,0.268831162760034,0.333924431703053,2
116,0.601389940686058,0.330086311255582,0.664086227654479,1
656,0.569771793109831,0.209525085333735,0.655395321315154,3
1064,0.619073548331387,0.213314549931796,0.518082352610447,6
577,0.572534979141783,0.114209177019075,0.671928639989346,3
53,0.806308642262593,0.0299305927474052,0.606307175010443,0
1023,0.627444683182399,0.276864844402139,0.518522897990148,5
1113,0.626084279062338,0.212573583373075,0.516137158739454,6
1105,0.632494123350462,0.216377688062139,0.523007511340118,6
326,0.630873723474797,0.0489330305019394,0.320739030255936,2
1076,0.611163786724109,0.215085919415716,0.517419063348604,6
710,0.625673091810621,0.256092588129518,0.529395930170339,4
484,0.575006917866413,0.449039581976831,0.584669033647515,3
1174,0.625366887645819,0.21704558412091,0.520529064156309,6
729,0.622816671329904,0.244342436786355,0.53095808342004,4
1219,0.623153820957188,0.225175274796006,0.530299396645684,6
833,0.623580465528392,0.246948863229952,0.51783601585445,4
192,0.605501310597174,0.14346470979508,0.542017096304335,1
613,0.575838032823522,0.0614174664253369,0.519132937886752,3
513,0.57486106275348,0.440860603400506,0.23788733384572,3
1087,0.625759468669603,0.208190960825708,0.5196660011312,6
97,0.598088610924315,0.374974309746176,0.452637843205594,1
774,0.625190038611129,0.241227983876308,0.523806394245028,4
497,0.576527458531782,0.170921828993596,0.60842412605416,3
406,0.630170347697567,0.178787909611128,0.650367228779942,2
567,0.570234880351927,0.253111697896384,0.334984754212201,3
672,0.6146266123173,0.248716500748778,0.518637259878557,4
556,0.575128059564158,0.0789476052625105,0.291716227889992,3
486,0.568011963379104,0.388099556835368,0.642689675674774,3
195,0.602698001831304,0.290820854296908,0.38168816443067,1
637,0.570822977311909,0.0960271294927225,0.258046478265896,3
685,0.625668136214066,0.244067371587668,0.521428398359765,4
1106,0.62318733699531,0.221263862431634,0.525056911114674,6
634,0.569643432262819,0.49820116283372,0.540249146171845,3
166,0.604437792315148,0.225415936484933,0.381696217576973,1
918,0.62284431099278,0.267997855046871,0.518316141714004,5
928,0.61702047022384,0.276816977068926,0.524680530459172,5
1150,0.622692936321151,0.218490180886633,0.514520142646859,6
1187,0.621705254962379,0.21423236592369,0.523982451527146,6
639,0.571129090411123,0.12981998657342,0.455541277420707,3
845,0.629255700193957,0.241479263121153,0.516153203700423,4
312,0.628198369401507,0.224230755167082,0.53682709345594,2
629,0.570903568824287,0.447708241338842,0.520728390547447,3
615,0.569099095098209,0.495551537419669,0.258288421668112,3
464,0.567005207918119,0.120836419565603,0.52718356042169,3
1048,0.624591583423153,0.277956247156444,0.523458438969137,5
691,0.621201478421406,0.24505942360972,0.51859603961258,4
439,0.636329469715711,0.480857692472637,0.618734548217617,2
142,0.602852553995326,0.536858832393773,0.587124244426377,1
112,0.601875116925221,0.41349907212425,0.316532416152768,1
1196,0.624147893566864,0.215557797305458,0.521737988677619,6
808,0.624756052684951,0.249112455384213,0.520945659066908,4
236,0.600812724565622,0.209675155510195,0.64866729802452,1
51,0.153820623178035,0.634206203510985,0.916184994857758,0
898,0.621539912506909,0.272699530415821,0.523675497480635,5
545,0.567483389582485,0.164693929068744,0.353245556820184,3
443,0.628509363736957,0.168486682861112,0.700691610691138,2
348,0.634322293826845,0.102984850574285,0.246530499192886,2
986,0.629945564897895,0.27943499231684,0.519531235581269,5
57,0.0111756247933954,0.472256891895086,0.25316057074815,0
429,0.636582745683845,0.0509619503747672,0.221159229637124,2
1193,0.631173809684775,0.222734164444803,0.521504838884555,6
217,0.604370385198854,0.202933874959126,0.580350870615803,1
806,0.617000233393209,0.25165792751185,0.525644786697793,4
586,0.574590635448694,0.124848560476676,0.318396691582166,3
593,0.569268888332881,0.163673690683208,0.649201945052482,3
459,0.629659105751198,0.195320105459541,0.581959213130176,2
260,0.598396572906058,0.339919187524356,0.560396112734452,1
1123,0.628046172807601,0.226213486639383,0.526944167720786,6
630,0.56904788450338,0.0648869984317571,0.571612403960899,3
1022,0.617320342947825,0.280306478176746,0.523548430627945,5
883,0.622854919648532,0.274750068056126,0.511655102054937,5
278,0.630969642824493,0.282306509721093,0.605913811945356,2
1077,0.621065392450009,0.215204409683208,0.518906557150517,6
684,0.636527475997664,0.255889532001397,0.52221915905671,4
924,0.623397563802627,0.273622288227513,0.530764967878217,5
662,0.569528842247091,0.0702984054107219,0.258850472397171,3
232,0.606482677732129,0.0628130201250315,0.450082270195708,1
441,0.633090420996305,0.0966940271202475,0.396547777228989,2
521,0.568340829275549,0.347883278783411,0.364632948301733,3
525,0.573611343188677,0.537948321015574,0.492222222965211,3
666,0.621485474330412,0.241969610568841,0.52124421105169,4
646,0.567789548642468,0.520190445985645,0.368115728953853,3
1252,0.620029340612572,0.212516969454866,0.524047852560873,6
1069,0.616027678329406,0.219606897588037,0.52394358101066,6
340,0.633983317804523,0.226380337309092,0.563109518610872,2
438,0.632242913886439,0.405101726576686,0.497022951953113,2
606,0.567736088545062,0.340720544732176,0.618440369726159,3
508,0.568751691144425,0.499719486036338,0.508215234149247,3
1026,0.630176203874943,0.279079540590954,0.517048664059468,5
753,0.628878923150998,0.241987441111126,0.523534489618134,4
343,0.634369177045301,0.491013736627065,0.401482923654839,2
1054,0.610427862218494,0.267824976641105,0.524203134510866,5
425,0.628837163092103,0.492196649126708,0.512950247619301,2
1224,0.630582037614432,0.220034967837339,0.525292330017037,6
775,0.626860751639273,0.257330761452228,0.528600517225712,4
836,0.619279267134683,0.237199826173925,0.51591148228641,4
358,0.634652548779268,0.303813475929201,0.282876664306969,2
13,0.743195266695693,0.764533405890688,0.0959341514389962,0
169,0.605444092168473,0.516408524406142,0.436496067559347,1
517,0.568953268257901,0.37846572061535,0.698289139545523,3
252,0.601617860412225,0.422027764189988,0.55154762940947,1
157,0.604822928607464,0.122264983295463,0.431707074516453,1
183,0.602757437799592,0.400334697728977,0.230503332102671,1
82,0.598393945090938,0.492492018081248,0.699284296366386,1
421,0.631404221684206,0.526798022259027,0.63833805010654,2
1158,0.623512727684135,0.22010651627632,0.515410104849103,6
317,0.632884863519576,0.317598939221352,0.307271745870821,2
186,0.60460922528524,0.200482294824906,0.593379451660439,1
625,0.571572755579837,0.173086173646152,0.231318660429679,3
655,0.568692285874859,0.142835987778381,0.627198268542998,3
1120,0.623158167962333,0.220843564762232,0.525665961872694,6
786,0.620182121746755,0.252932014482488,0.520162381287722,4
422,0.630597636259627,0.214935648767278,0.275363355292939,2
1197,0.624275677869667,0.221796831732819,0.524935021203147,6
211,0.598866370918695,0.0808541260659695,0.551079710945487,1
542,0.576764091632795,0.138761516707018,0.343905388261192,3
144,0.603941788107622,0.272298855520785,0.56190518650692,1
457,0.627070488780737,0.243453979189508,0.536550675169565,2
595,0.569496822538786,0.423831416340545,0.348948728875257,3
1097,0.62995958729793,0.215918366243391,0.516495763627042,6
645,0.575235247025266,0.248495181719773,0.435666542965919,3
941,0.629788279198773,0.280318189467954,0.522539159568822,5
1124,0.617614056535953,0.214951490015704,0.519270659774107,6
670,0.625835217130302,0.242441243737034,0.517305308944931,4
995,0.613830591667661,0.26801784692023,0.514856799594021,5
359,0.630120932215359,0.0736227942863479,0.636570956208743,2
196,0.600914047106635,0.296179163665511,0.235634263255633,1
802,0.620580186634398,0.253523338203952,0.5195490865837,4
798,0.621978398874839,0.24926847940671,0.524196737521101,4
402,0.626790061660577,0.0695316789671779,0.594858031254262,2
787,0.625957708292232,0.253143302205654,0.517238957958816,4
847,0.616757056355506,0.249498434727316,0.528369904547255,4
205,0.596785459318198,0.266358573036268,0.314673290471546,1
178,0.603183675543405,0.393516944302246,0.600884622428566,1
1156,0.62591521639462,0.218383786891852,0.520636427557855,6
300,0.635010690756608,0.425548829650506,0.573912978870794,2
281,0.635726068252698,0.141781624802388,0.667601425549947,2
468,0.570994387352839,0.361613931762986,0.461302715935744,3
1074,0.618705128634034,0.216017638946957,0.521153974340164,6
683,0.631157328168722,0.242084650758685,0.525625147532063,4
665,0.612129192373259,0.238111587169291,0.520266608816908,4
719,0.616263425371649,0.247061315391327,0.517009086026317,4
102,0.606127388013992,0.269299390423112,0.621510166791268,1
488,0.569411040844861,0.342477021086961,0.707177641335875,3
844,0.617282415537592,0.252476467077389,0.528139401693804,4
487,0.567653549346142,0.519805316976272,0.67052878299728,3
950,0.620151392209572,0.278641690963457,0.514737644229296,5
237,0.599293536371551,0.237292484776117,0.515354036469944,1
976,0.622552027884822,0.277548834740074,0.518781629176062,5
1183,0.629969082878161,0.215963602247791,0.523270536336508,6
838,0.622866191173524,0.252564955588125,0.521199353977786,4
101,0.599343460658565,0.197961110551842,0.680269613862038,1
661,0.570105313521344,0.535646259482019,0.261858212877996,3
76,0.600914063788951,0.295612687990069,0.322299130493775,1
510,0.573838204895146,0.0812603814294562,0.437346441904083,3
1246,0.627879699298978,0.217703578999635,0.521251756348866,6
855,0.626211472573616,0.248365714066042,0.515463413238446,4
628,0.57512693710858,0.0956601517274976,0.267127015860751,3
1182,0.628564964536739,0.217714836082726,0.517960711012093,6
899,0.623523793118362,0.272879097619736,0.511908446120278,5
295,0.636096343952231,0.452354341908358,0.619498698506504,2
969,0.623840459222847,0.272676408730527,0.509925979467815,5
588,0.573442706787027,0.330731355049647,0.424067855696194,3
396,0.627670120256953,0.461558200581931,0.319242708617821,2
1253,0.628817387990182,0.223410077488613,0.527571656568899,6
801,0.623513322230024,0.249417808574886,0.522246898221363,4
85,0.597752366142813,0.0499044218333438,0.456021678633988,1
63,0.0386790884658694,0.484235360985622,0.945976293645799,0
657,0.567385798797477,0.422076818929054,0.482603033073246,3
1177,0.622966094201251,0.219194451919559,0.516001782910152,6
181,0.597058207141235,0.189369533956051,0.664367024670355,1
584,0.571770468147006,0.435125945764594,0.576254034414887,3
467,0.574953812903259,0.302219088352285,0.639883551513776,3
384,0.631232072073035,0.0886574595235288,0.605653069331311,2
61,0.909198254812509,0.422477406216785,0.0793535762932152,0
782,0.627001055525848,0.24456217245611,0.524848464715497,4
225,0.603205157117918,0.158133796812035,0.30361005384475,1
445,0.63039679113077,0.367415033327416,0.41869652713649,2
761,0.623231273414698,0.2523549393555,0.525150614790843,4
58,0.323815386043862,0.363844325533137,0.46067503397353,0
1004,0.626536426795543,0.290941713963311,0.526358931090724,5
879,0.619615683311935,0.27308890664427,0.525125931115597,5
1094,0.623014435361137,0.221628941483464,0.521948037202178,6
1040,0.624511147900608,0.274335228314303,0.520615846958275,5
647,0.567569582802244,0.321340385172516,0.374170256312937,3
405,0.627131736876909,0.49901729139965,0.264337333850563,2
302,0.632488834999967,0.389706518314779,0.436310124234296,2
388,0.629372269965243,0.0869570131646469,0.567158903111704,2
473,0.567699345918372,0.279548893263563,0.324487459030934,3
601,0.574168651970103,0.346503506228328,0.220116451731883,3
737,0.623439898998195,0.251515429518568,0.52076887679321,4
1169,0.626037889344132,0.210798043194385,0.525028327963068,6
52,0.418341399403289,0.363025955390185,0.783171077491716,0
695,0.625006013579034,0.242870665018857,0.515992654514742,4
1126,0.622252275464998,0.219968058942359,0.522975469866911,6
877,0.628299911952654,0.282506535845585,0.521548098343927,5
649,0.569419256285764,0.509574911720119,0.709355684230104,3
529,0.569660687432624,0.276300861663185,0.232037319685333,3
826,0.624166027992344,0.249600314114021,0.521124787983693,4
1065,0.620664865693591,0.201640402464739,0.521970449417639,6
705,0.624346919331015,0.230680725494503,0.526084980481044,4
572,0.57237701783888,0.474541034013964,0.608644208521582,3
598,0.570583218499087,0.481727464986034,0.578266684897244,3
1142,0.631099669595248,0.218925445974086,0.518691239731241,6
507,0.568398185139522,0.152332963352092,0.425293851643801,3
270,0.632669664896093,0.169614755944349,0.260115990880877,2
291,0.635688094026409,0.254586618789472,0.26640375086572,2
1107,0.624096094493973,0.211812686133425,0.526665559647587,6
187,0.597378434424754,0.134315274353139,0.257818475482054,1
1119,0.617588259398632,0.217906861765489,0.527046508092464,6
288,0.635202345347498,0.469457188318483,0.38480079791043,2
143,0.602239532349631,0.147667484055273,0.65324611554388,1
1057,0.621885360453807,0.275891403173209,0.51978243546272,5
735,0.623230331874088,0.241591941220458,0.536430209614213,4
1089,0.636968076602563,0.217310521733353,0.511292883411967,6
448,0.629836191241629,0.437358029116876,0.465585196856409,2
821,0.627015226001364,0.239977686925104,0.523400788773072,4
451,0.632761748193298,0.490993361384608,0.319014312699437,2
401,0.62697972034337,0.192580211139284,0.56800721178297,2
892,0.619020604362308,0.272284057493372,0.521908041276349,5
887,0.624604533995388,0.276097574382997,0.520580606149951,5
1160,0.632016712936952,0.219272497471927,0.520088645648954,6
347,0.62802587345941,0.338645008672029,0.537264356506057,2
880,0.617913223601756,0.283634218384797,0.526352816415644,5
121,0.599447233872488,0.0692856654524803,0.29540422919672,1
963,0.618251290735913,0.277228639457491,0.516362248322022,5
851,0.628878153702099,0.243897195582633,0.521042164539801,4
177,0.600515634983312,0.451482757623307,0.268854257883504,1
86,0.602153484108858,0.0872966638300568,0.499385601375252,1
663,0.568648644725327,0.15742598734796,0.233578197308816,3
67,0.599205670766532,0.398888512793928,0.32509756507352,1
271,0.631460927815642,0.293615827732719,0.436148619395681,2
1038,0.623332746794033,0.282787670787325,0.520093023964148,5
173,0.604143392669503,0.337271130573936,0.568115715985186,1
170,0.602817840324715,0.357800930552185,0.557151398272254,1
369,0.630371073521674,0.370139672933146,0.575954174972139,2
991,0.624585201538593,0.278703153621862,0.522827404445173,5
1051,0.618043906259769,0.274741076603398,0.530009142733235,5
815,0.618576685361423,0.244588440771246,0.522420024963696,4
151,0.597903269224335,0.203150908858515,0.648908796487376,1
622,0.572963561320212,0.29995711967349,0.634964028606191,3
1000,0.620310934892886,0.276735645672051,0.532280025029388,5
1149,0.628050515669429,0.227167554653209,0.5236446972843,6
49,0.908149892697111,0.152716621523723,0.743007673416287,0
353,0.635687865456566,0.424813915905543,0.320279868203215,2
547,0.573170093803201,0.143030980997719,0.405409460538067,3
621,0.576034894902259,0.264618659671396,0.395697232102975,3
1225,0.620995188871024,0.221679864154849,0.52926486134097,6
174,0.6001098504127,0.256492258794606,0.617259194608778,1
456,0.634817403017078,0.147124363505282,0.243551479768939,2
944,0.619494906212973,0.27904876124429,0.523380186158609,5
947,0.627619697054891,0.27950295297364,0.522658559721561,5
216,0.599684491625521,0.116935935267247,0.421906104660593,1
561,0.571834762231447,0.175142538314685,0.346358086680993,3
1185,0.6331129166763,0.214617616780535,0.524930460548489,6
632,0.575958644940983,0.316425295360386,0.34916801052168,3
245,0.597223032973707,0.353803320252337,0.32147230161354,1
1254,0.62894668621484,0.213311328378563,0.518234962232229,6
249,0.600948021535296,0.154136396641843,0.618203552090563,1
40,0.93044449086301,0.881205163197592,0.332927598850802,0
1161,0.614375343601096,0.222064507118923,0.512277142130883,6
1062,0.626653010767882,0.276896373848158,0.522505578294321,5
520,0.56771322452696,0.250444976426661,0.61658711778,3
444,0.636149522943888,0.413061895221472,0.361370487837121,2
765,0.628630265382889,0.248685922450996,0.521652750315605,4
38,0.755379120353609,0.492490614531562,0.999239741358906,0
55,0.876818483462557,0.304697251878679,0.161842908477411,0
937,0.626390447509096,0.282810149557292,0.524613745424572,5
1006,0.629181112861908,0.282922914348242,0.524235142002402,5
611,0.568317252104171,0.0496680895332247,0.372832583729178,3
664,0.619812311334841,0.252091983439107,0.513769956299389,4
417,0.627227745288983,0.454816966247745,0.500640797195956,2
1095,0.6271340809338,0.220466820417558,0.51993631279064,6
241,0.598891203962266,0.261375010758638,0.453304678550921,1
197,0.597592231214512,0.176885706419125,0.581353487097658,1
320,0.633887234507129,0.0863202768843621,0.371472931466997,2
571,0.569611018002033,0.320891565573402,0.399023244157434,3
474,0.566950160046108,0.36051712364424,0.312931402819231,3
223,0.602536194722634,0.32217447871808,0.218821142218076,1
399,0.630808065768797,0.348411169531755,0.651153517654166,2
792,0.62696948573139,0.241707908926106,0.526373774325678,4
810,0.613409622679117,0.245200593193715,0.515169625924381,4
745,0.623198866526222,0.243419260797869,0.512726387495936,4
770,0.615184807737073,0.247300365492088,0.525717471638965,4
1155,0.619245715506181,0.205587650326331,0.514385850310552,6
105,0.599392065177672,0.497939010313712,0.654863359988667,1
1024,0.631193118697404,0.278788063874693,0.5324111309612,5
970,0.630330590452504,0.267170741313856,0.518916515926572,5
973,0.622652026807999,0.275813405557068,0.519736854235018,5
709,0.624650752551927,0.24413467566387,0.524831399638042,4
1189,0.621766676616641,0.217438528104113,0.525466234258986,6
1199,0.623372173352496,0.216472853586922,0.530162695237404,6
479,0.56795492395293,0.355017887824215,0.389197467826307,3
92,0.604983913763426,0.277636315836571,0.302589903469198,1
349,0.627768850082066,0.507883016299456,0.540503739728592,2
596,0.57072787793586,0.161558253038675,0.611554189352319,3
323,0.629274914157577,0.234679083619267,0.468918528640643,2
119,0.598433044012636,0.0862305100774393,0.692845600191504,1
1192,0.617448461589307,0.225359655576311,0.518279506050256,6
161,0.600401364194695,0.337581562739797,0.458623263635673,1
553,0.575613814431708,0.138214343274012,0.569985981681384,3
740,0.624292733106533,0.249606859832596,0.523336151357036,4
400,0.630309576168656,0.0899546907050535,0.638413104927167,2
1245,0.620196260978646,0.219540722222716,0.516833266111806,6
866,0.621883462971986,0.279015339395916,0.518642619118079,5
389,0.635499663099181,0.349248573579825,0.685919981682673,2
512,0.569152009643149,0.390819567069411,0.536428583902307,3
50,0.164368540514261,0.0110140999313444,0.401030953973532,0
306,0.6303643320431,0.272490544989705,0.563704178552143,2
1061,0.619049299745637,0.277009623596044,0.518246338121802,5
379,0.634467114808504,0.401677261735313,0.300552434055135,2
233,0.603918876040261,0.309732387703843,0.289333457476459,1
207,0.602260539692361,0.529961953917518,0.542731515597552,1
1060,0.622440584468128,0.281953429712721,0.520380621612952,5
314,0.630411044415087,0.146297380141914,0.281628325465135,2
126,0.603708050828427,0.0828057766659185,0.483924165600911,1
165,0.604546291497536,0.103651278000325,0.434691918548197,1
504,0.567973250129726,0.181410045875236,0.465392173849978,3
190,0.606025724352803,0.297054943675175,0.22066835174337,1
746,0.622175040439204,0.248819162880925,0.52222957930455,4
256,0.601111102167051,0.431516799074598,0.611557736992836,1
91,0.599113004254177,0.489382549934089,0.280864948523231,1
591,0.569520596591756,0.411667430121452,0.475715708569624,3
482,0.573271304245573,0.536148141301237,0.424540876643732,3
1036,0.615849907989029,0.279590930365232,0.515365453090522,5
335,0.631948623978533,0.381684545939788,0.684086047229357,2
318,0.627240154801402,0.199935552012175,0.602091352455318,2
427,0.632499647345394,0.368407502118498,0.457964364788495,2
1115,0.62494862357518,0.221049680788867,0.526877795150068,6
953,0.617964830520885,0.275679269601325,0.521898114411116,5
522,0.567642154844943,0.182544541358948,0.522501745959744,3
158,0.600631142389029,0.312743992358446,0.632076452602632,1
1263,0.627476080242868,0.212556128561787,0.520927529344948,6
624,0.568536040247418,0.314393295836635,0.555817679152824,3
254,0.599163655615412,0.194623217033222,0.438559529255144,1
750,0.619836690695249,0.241782321184061,0.526579030095943,4
98,0.606365147382021,0.390690083079971,0.287902252632193,1
886,0.623057598962187,0.279017522085964,0.515394435974287,5
194,0.605729017402045,0.218699538544752,0.623196512111463,1
345,0.631205926369876,0.460988234775141,0.600234045530669,2
1063,0.631271331926417,0.273573565976657,0.518211517091869,5
1019,0.62183311027101,0.280968833323292,0.524132483164081,5
1066,0.619416164244675,0.217402763533861,0.518577631945395,6
1088,0.629570868616295,0.216131633362479,0.534912868202092,6
538,0.572467630298343,0.148601699899882,0.707672078860924,3
699,0.63406274513295,0.253910674055216,0.514092733589556,4
692,0.626139890414309,0.250706961419092,0.528199827452835,4
113,0.597206746113952,0.264579035970382,0.676557300146669,1
793,0.621451116420239,0.246088613989748,0.527159846719682,4
283,0.634405576719437,0.182758413418196,0.512486455962062,2
1235,0.626958556591071,0.212551101898061,0.525647234438447,6
939,0.606320485240289,0.278422074372418,0.523285761611493,5
352,0.629590043721255,0.312296330509707,0.612499817390926,2
608,0.576749774608761,0.200033337855712,0.497962859924883,3
605,0.574217623872682,0.238044703309424,0.550716419820674,3
198,0.60101129592862,0.116832890477963,0.463228210108355,1
75,0.60059980153339,0.111501543130726,0.436817269888707,1
549,0.576136777640786,0.275598829658702,0.452271123998798,3
176,0.60147748868214,0.514809686038643,0.58497842552606,1
20,0.325372422579676,0.627018344355747,0.673044318566099,0
721,0.617787072073559,0.2531519412837,0.52334389996734,4
17,0.851199346827343,0.501946410397068,0.572577645070851,0
152,0.604003724437207,0.376182495430112,0.535430883988738,1
159,0.605327935698442,0.256854845257476,0.614306355942972,1
374,0.627985808763187,0.240626343223266,0.395055445493199,2
682,0.628246777272477,0.254542420304617,0.514292963618957,4
226,0.602735799362417,0.532754841772839,0.451418376760557,1
648,0.570858979572076,0.0637460321187973,0.579543891828507,3
385,0.635516761422623,0.520391425979324,0.592836116091348,2
706,0.621678602774437,0.242062243194205,0.522591601121268,4
1028,0.62543560407104,0.277211172576758,0.522231138040338,5
1129,0.626174979193914,0.222006705181714,0.515515554402129,6
754,0.622408970161941,0.247534819186411,0.528282842239053,4
846,0.624848973476703,0.235363243460844,0.521050106699512,4
958,0.619331922731924,0.277934261472225,0.516461440070388,5
881,0.623207577374968,0.273298042630107,0.51899629752193,5
411,0.636562104984187,0.47410382416565,0.650054138503037,2
1206,0.624484791909748,0.218133463430725,0.520812783229006,6
623,0.570693864864297,0.359748525707982,0.300840196548961,3
785,0.627145478695915,0.246808049176935,0.521226997823149,4
334,0.635467654734384,0.470922651863657,0.367642933619209,2
900,0.631473200816694,0.278230144601685,0.526435527242808,5
1027,0.632719738301242,0.290366961883072,0.526662717790121,5
229,0.6049898617086,0.297503255587071,0.585304954671301,1
537,0.571756676502991,0.429981574695557,0.527601872687228,3
1031,0.626524478659153,0.277027115317053,0.520488193475882,5
1046,0.614861404233347,0.27265737693636,0.518897251859619,5
1218,0.627609943205036,0.213180954157219,0.517342586091434,6
897,0.625612603410842,0.285209889072458,0.525409823207774,5
68,0.606167482575402,0.451024437369779,0.473870113259181,1
1043,0.616644038003427,0.280409915499753,0.528667732160507,5
454,0.628894236984197,0.157828661077656,0.681258049211465,2
640,0.5725768437027,0.525857796589844,0.445701371412724,3
1140,0.620497787564604,0.214082679141539,0.518267765837339,6
733,0.620690777954047,0.251237677617017,0.51862461987263,4
526,0.57213995948201,0.0896250302204862,0.692475272458978,3
361,0.633095469954424,0.449560832977295,0.498840625397861,2
1015,0.626196427641169,0.270213380744607,0.520452848689122,5
505,0.567552110827528,0.507648475980386,0.539875844726339,3
1130,0.625206484664176,0.22221354360239,0.528876000374948,6
534,0.576186097864993,0.536524929502048,0.504368807305582,3
6,0.382212617201731,0.643409877317026,0.162589426385239,0
888,0.618173111344989,0.285360346276155,0.516862993129287,5
957,0.623821941804475,0.282287801503979,0.517256095936575,5
676,0.61830888541805,0.24566612330603,0.522090153757184,4
503,0.573930743434466,0.323048131121322,0.672667105915025,3
432,0.636631427442189,0.0862153852824122,0.382283666986041,2
251,0.597323491733987,0.20564388174098,0.551630939473398,1
193,0.60255446233321,0.0764565058518201,0.238843303872272,1
1117,0.632019721958429,0.213435276414566,0.520151759861328,6
716,0.614605904102156,0.24787025565627,0.520913873215747,4
316,0.633551043872722,0.517511967383325,0.520343012758531,2
1141,0.618571026438707,0.222719440810035,0.525699800277967,6
407,0.633482086581644,0.269675366277806,0.38176853035111,2
772,0.623675776492133,0.253899284522521,0.516297187945661,4
581,0.567523150481284,0.0761547300964594,0.334140951745212,3
677,0.620939046596516,0.245258677892815,0.531157412556587,4
437,0.634006319229957,0.214227222884074,0.640189662459306,2
566,0.572176076495089,0.499816087004729,0.646006448077969,3
896,0.618744577473436,0.280942024820672,0.525805644627542,5
327,0.628565324766096,0.462984313070774,0.362236535991542,2
242,0.604731233343482,0.126143269636668,0.297127515194006,1
674,0.625987921032303,0.243587781162624,0.520840877452039,4
279,0.627696625848767,0.427694321423769,0.62992539559491,2
905,0.626381798799792,0.286869225820911,0.524738590915037,5
1058,0.621431816771918,0.273294349360005,0.523564143018366,5
485,0.576190314085688,0.543296402250417,0.283371569821611,3
3,0.45118837733753,0.91798297315836,0.852877904195338,0
724,0.62695872801534,0.245840013823648,0.521212874325008,4
791,0.616065903135541,0.243915397209509,0.526034101883495,4
1202,0.629753355544889,0.221399676688917,0.523127739550708,6
277,0.630163625723217,0.30451817070134,0.501062778057531,2
962,0.627198487563204,0.288387558354913,0.534510537652365,5
128,0.59952573928982,0.369361192034557,0.383892128127627,1
261,0.600730837055016,0.341970397671685,0.449451765976846,1
303,0.627366386521608,0.0529869245830923,0.493721622275189,2
1079,0.61625896008285,0.223318752696681,0.521720153880324,6
34,0.701879762345925,0.49395700218156,0.209228309104219,0
546,0.571120534215588,0.0843400194309652,0.426528759533539,3
884,0.622097194052233,0.271618949075069,0.523901848881972,5
1175,0.616468916036832,0.216211235792887,0.519699760243383,6
434,0.629866129765287,0.0528703264892101,0.560986488242634,2
1261,0.625806636827463,0.225299602717807,0.517803887751337,6
1152,0.616151695449334,0.20612694136656,0.529814934160465,6
812,0.624362141423956,0.255533693502962,0.526233002934945,4
72,0.604341757218353,0.097739116800949,0.540819758898579,1
731,0.624143823476861,0.249766175439127,0.517135680460262,4
1240,0.625422039819859,0.218129859993909,0.518995295423718,6
463,0.636653973031789,0.478017881559208,0.33184932754375,2
1237,0.621963114941189,0.215245213771303,0.517233006000565,6
895,0.628025441543507,0.271142490678889,0.527310757644165,5
807,0.622091427040501,0.257842978286176,0.514473244188898,4
1205,0.627663380601186,0.216782843543459,0.523588680132761,6
589,0.57179708522046,0.314425476407632,0.247221866273321,3
1042,0.628332371165155,0.283610727623121,0.523162287387377,5
79,0.602518742107786,0.139219770370983,0.481083226506598,1
742,0.624984538862925,0.251138939211903,0.520958614456592,4
839,0.61891011472724,0.245715540794681,0.518979690757441,4
220,0.597259602081031,0.261303326743655,0.580693733994849,1
333,0.627146390944254,0.403275490086526,0.305537968873978,2
4,0.673033756902441,0.86035815323703,0.514164796099067,0
954,0.621316505503472,0.285151280710465,0.520625424504862,5
796,0.630349985671024,0.24691792286135,0.521340968458337,4
5,0.6181928999722,0.7567601618357,0.150898399529979,0
1179,0.635546600740592,0.216393211650554,0.514442250331802,6
590,0.576346683260053,0.0917417464544997,0.634683748008683,3
246,0.602251997895073,0.117040630243719,0.230749447597191,1
324,0.629975789601449,0.370781878987327,0.420561844715849,2
956,0.62382568518748,0.279296441097835,0.520253003808728,5
736,0.625983822379799,0.242936390656361,0.533837775581083,4
777,0.614997176998371,0.255041051950596,0.519692881002696,4
671,0.620641820458136,0.249152598061152,0.521361879064319,4
440,0.629633853482083,0.473687811451964,0.48908322758507,2
823,0.633722704883372,0.244805006825009,0.52689716442558,4
253,0.606228911676444,0.197086609946564,0.405188931035809,1
47,0.386858193203807,0.545471457066014,0.790865794988349,0
375,0.63222171623027,0.465761635848321,0.603872263571247,2
861,0.625769966946002,0.238149382501959,0.523392339849472,4
350,0.630692784038838,0.457635019603185,0.678173827473074,2
978,0.634885945213522,0.273898464709188,0.521198573668109,5
209,0.596862823013216,0.42126175230369,0.253888028557412,1
990,0.625068644886642,0.28576901774135,0.517613285551342,5
124,0.606456516445614,0.296581690595485,0.612320097745396,1
997,0.624690012472982,0.27758133157765,0.527675210486091,5
551,0.576716813349631,0.523343667667359,0.310974536114372,3
752,0.62818698464676,0.253453190277539,0.531397692656578,4
1017,0.619934373990066,0.276798702644584,0.518807079270796,5
150,0.602329227491282,0.355780122266151,0.393823319347575,1
145,0.604291111985222,0.486924971151166,0.677977376733907,1
1198,0.620683198105998,0.22251049470036,0.520924469283015,6
230,0.602696177887265,0.287702931137755,0.573629720835015,1
1041,0.626642508064944,0.27252223423533,0.521456578324086,5
933,0.625246182183717,0.281091230256381,0.518735012540485,5
239,0.600285640154034,0.46092943130061,0.387002419796772,1
1226,0.618902218152686,0.224030636969611,0.529439808965985,6
961,0.620486694721483,0.281815440711151,0.508507678256562,5
631,0.570972309997305,0.498365419264883,0.561578029068187,3
703,0.624163165332482,0.241144286917743,0.52185245232727,4
532,0.571621534135193,0.389787779236212,0.497340438654646,3
104,0.605547067574225,0.448655706527643,0.645507805747911,1
24,0.17333073518239,0.572132761823013,0.707589943893254,0
541,0.572059669941664,0.0933535891119391,0.397581292549148,3
1091,0.628637619317372,0.211923722472438,0.521462001716294,6
45,0.80025997152552,0.915374039905146,0.435614312533289,0
607,0.571437189439312,0.0518548245774582,0.338715075515211,3
697,0.628870030351783,0.248189299532261,0.526173624478627,4
397,0.635534069829155,0.147362129110843,0.221714738174342,2
1213,0.62415882696457,0.213096776259009,0.5252724932689,6
446,0.635877312766388,0.341670315759256,0.594336107140407,2
1003,0.616081264230327,0.279454961217831,0.522904228356564,5
977,0.611121270279521,0.285290675685567,0.514627496492946,5
1021,0.626119417751603,0.276405560305477,0.523831188927688,5
502,0.567356706380378,0.282909844699316,0.391548424726352,3
129,0.600971571060363,0.277028922503814,0.508843582472764,1
1084,0.620974591929656,0.222905342789714,0.512905254215773,6
71,0.598720583359245,0.451749285729602,0.636362225282937,1
617,0.567001683076378,0.301799330208451,0.658253926434554,3
140,0.598029036594089,0.472649611462839,0.412128473166376,1
680,0.620413109719425,0.245709060726329,0.52138019318226,4
809,0.633339718362201,0.247677468364605,0.522399444167553,4
570,0.576285937812645,0.49122534499038,0.387430743896402,3
573,0.574492223379202,0.105302128288895,0.623826970113441,3
727,0.625894608555446,0.251012835069158,0.522192048527785,4
530,0.569089361384977,0.149060735059902,0.241482270881534,3
8,0.678991083055735,0.699998698430136,0.203696175711229,0
1212,0.624826789428931,0.221562237836156,0.531174631034207,6
83,0.597581910102163,0.181899945647456,0.594350165454671,1
41,0.762775380862877,0.460682143457234,0.313427713932469,0
916,0.624057504092488,0.275290544303341,0.511240687695036,5
984,0.622478945266013,0.270413884764399,0.521031344268376,5
627,0.571271884720773,0.435898950952105,0.710780039778911,3
1083,0.616274086236415,0.209686834847293,0.525906236586937,6
1143,0.611862861393942,0.221679549378425,0.516983989545687,6
1125,0.631287488472856,0.221617125172549,0.518414791067033,6
134,0.599771260414273,0.153724937979132,0.379546740325168,1
915,0.623243036303892,0.281862725446685,0.512075379594151,5
18,0.410177624318749,0.48967051343061,0.334350025979802,0
214,0.601807871470228,0.0832965220790357,0.687035106122494,1
212,0.597571370434016,0.457583849714138,0.482646478805691,1
1059,0.621088268913158,0.27535284705347,0.529224782418958,5
795,0.618243800765837,0.24008642175386,0.526839805729834,4
678,0.617135378050352,0.243389480666442,0.530567739040899,4
1181,0.619119337690552,0.211893122833721,0.523594343482426,6
903,0.622145938475996,0.279428700536483,0.520124356682549,5
94,0.601518877823837,0.465615735668689,0.615453597041778,1
1250,0.623849260237894,0.216318794484348,0.522649017511546,6
78,0.59824111511698,0.13313246848993,0.387254516128451,1
535,0.569488995585125,0.199942570691928,0.253439304768108,3
1203,0.6215860280499,0.220047398366314,0.516141220125327,6
387,0.629713425475638,0.257398907374591,0.616892479476519,2
420,0.633833203373943,0.0694377162028104,0.685605492908508,2
62,0.495335392188281,0.634634148329496,0.531975206220523,0
902,0.630564573447856,0.274642814167732,0.521342335200805,5
136,0.601664894344285,0.2291664050892,0.275089123519138,1
536,0.571058318007272,0.162526017101482,0.583275239332579,3
332,0.630992551355157,0.193764642509632,0.456813876051456,2
1200,0.62439249023227,0.220303457060086,0.524006301654857,6
759,0.624207990879728,0.244375140613301,0.518419830393599,4
472,0.571686419055331,0.517912964499555,0.361239953781478,3
202,0.605999588079285,0.39050917471759,0.279339031549171,1
638,0.574375576481689,0.058203136944212,0.557578822947107,3
493,0.572318558515981,0.243683809810318,0.689096987945959,3
36,0.213829879648983,0.931615627603605,0.105751615017653,0
360,0.636249903056305,0.388361642882228,0.499303490621969,2
412,0.629024317071308,0.258564944774844,0.387335777515545,2
850,0.619316738333328,0.24671897240167,0.522706451215498,4
1239,0.619199693605691,0.213797369329706,0.513946987554471,6
1110,0.621832129798966,0.224401494791947,0.52237487970746,6
46,0.285900529008359,0.6467552438844,0.159860512940213,0
576,0.572788918919396,0.505731976404786,0.310528198257089,3
979,0.627326001851111,0.27154593203228,0.524027178974049,5
383,0.626982758585364,0.057294277055189,0.221325781429187,2
1030,0.621187286841317,0.278709498601612,0.521385453146723,5
118,0.604659270998091,0.217152136890218,0.448655676445924,1
922,0.61870106681109,0.278242362689388,0.518352334221506,5
730,0.632072306187915,0.253552661407319,0.519648384852077,4
248,0.601462829683442,0.340158688067459,0.584856945555657,1
1025,0.627813781340096,0.274673190649354,0.523503541761971,5
33,0.432594741461799,0.655463400529698,0.680986334569752,0
1146,0.621794574555552,0.218569241530017,0.521890134406728,6
264,0.628782361028716,0.328119224566035,0.46767416910734,2
726,0.626559578960778,0.254409728585172,0.516147767906474,4
768,0.621795711208245,0.2467196909287,0.52702048734887,4
172,0.59951131236041,0.213590435381047,0.53172482678201,1
1162,0.621742937109123,0.212046762168486,0.521869700776725,6
357,0.630041011918802,0.321725894743577,0.285603788215667,2
1244,0.627919575313029,0.219267470899048,0.521262083000665,6
744,0.618195683971177,0.246167495591328,0.52001768627025,4
767,0.624196210134891,0.250370099608839,0.523109074293324,4
191,0.604284492316656,0.0627317247446627,0.364997877273709,1
495,0.570278043111321,0.546303502912633,0.703954498865642,3
560,0.569425064716488,0.190486624767072,0.420493062352762,3
498,0.574536123855505,0.519849285297096,0.706895843148232,3
455,0.636384302249644,0.394647168391384,0.262554289656691,2
365,0.629741015674081,0.112180389044806,0.649257821962237,2
259,0.605776708414778,0.40000211102888,0.559068431030028,1
7,0.827799454564229,0.75470459042117,0.122806937200949,0
1236,0.615732788734608,0.208357185156703,0.523328291756301,6
1100,0.616752852704552,0.21794241279196,0.531574640367336,6
1166,0.630564475031082,0.211685983719671,0.524030117900252,6
799,0.617823774899299,0.24695668981185,0.520215900580999,4
837,0.61960689016727,0.24971045173428,0.521421779613724,4
27,0.657918952172622,0.337400537217036,0.581883587874472,0
298,0.631299646387342,0.0851485647028312,0.486784818116575,2
783,0.626389799715484,0.238281398997718,0.516948291510802,4
371,0.633267273732927,0.321903199469671,0.259510047500953,2
909,0.614184206883649,0.27622807521978,0.52592254392541,5
959,0.624724916664598,0.272878989590469,0.513791437693757,5
769,0.630623735268258,0.254974546093432,0.515444113178787,4
1214,0.624896812948524,0.208612408016488,0.523182638053962,6
416,0.628201537558343,0.0561043166555464,0.248626249958761,2
865,0.632669925720687,0.284960821398469,0.520711695230586,5
269,0.631719880921301,0.317395804845728,0.337753407657147,2
1178,0.628776446186387,0.222587092100871,0.531967941696038,6
44,0.845279719214886,0.874555521644652,0.292382185114548,0
199,0.60301872887183,0.0732419663574547,0.493572092964314,1
135,0.602631567146164,0.161022605188191,0.526597678428516,1
1070,0.631541047903284,0.217694758358832,0.52435519925104,6
760,0.621023167286938,0.253055454838287,0.52051134796648,4
616,0.575835871442687,0.47667894156184,0.227612192742527,3
1080,0.623049037673662,0.218207636400223,0.523901076558439,6
1128,0.614728706779729,0.221256436485476,0.524427786591389,6
167,0.599878725493327,0.179544134577736,0.571108021424152,1
491,0.574175597976428,0.219004197441973,0.389680761960335,3
325,0.628521195140202,0.449617907684296,0.564167273696512,2
219,0.604749476290308,0.359614408039488,0.448174505960196,1
308,0.633244386289734,0.407107782480307,0.608227070304565,2
911,0.624990907878446,0.280051297456263,0.528437094472331,5
1260,0.623106901206765,0.212282382492204,0.516938737887221,6
292,0.636624938908499,0.245512222219259,0.458273978787474,2
301,0.62700552016031,0.447502956772223,0.675712350872345,2
1081,0.629137811130828,0.213231894814524,0.533219495214898,6
749,0.62500517925624,0.249935309223307,0.526659184381457,4
555,0.57163024218753,0.144519130862318,0.390304149128497,3
825,0.622818062346557,0.24663272174854,0.513462668313174,4
433,0.629357950885315,0.0678594797383994,0.432199380826205,2
667,0.630650829888469,0.247881710733538,0.523848001810836,4
188,0.606235473384149,0.392558016744442,0.467145727714524,1
272,0.62929378078552,0.21260051864665,0.423489636275917,2
906,0.624279750144923,0.28434625493465,0.516537893148944,5
1221,0.615323677310635,0.216409499848681,0.531031942149362,6
431,0.62712238637032,0.0553531732177362,0.606522137764841,2
597,0.57265584919136,0.505114383343607,0.62746123445686,3
460,0.626932366052643,0.294663927098736,0.508483990794048,2
423,0.633478951696307,0.508260035701096,0.408481244347058,2
842,0.625786114735736,0.256582506586691,0.525675184305773,4
222,0.605244721479248,0.473763396544382,0.632530690752901,1
182,0.59831821807893,0.286446438916028,0.366419377387501,1
419,0.631856274029706,0.394881671923213,0.373615374555811,2
778,0.627007401414418,0.24522120175493,0.520020162859099,4
156,0.604895601286553,0.491535424417816,0.573686353047378,1
687,0.614211138049164,0.246153741497815,0.515412075335121,4
722,0.62381553678002,0.243597831833501,0.522028490473471,4
650,0.576542952146847,0.141543824854307,0.571177952457219,3
90,0.59929402026115,0.15155928703025,0.582705062814057,1
773,0.62763524110433,0.249653601180931,0.522913719484988,4
240,0.599461528677493,0.384331683674827,0.306702350499108,1
125,0.597350161168724,0.319106428464875,0.56088866724167,1
395,0.634907542101573,0.146904417593032,0.396409524953924,2
1256,0.620479098564968,0.222401518718288,0.520243537457473,6
780,0.619616998297168,0.254814087922497,0.518537615913482,4
1032,0.629730112995875,0.271826078987139,0.517783579495106,5
1078,0.614942183603429,0.216691550611407,0.513655240853023,6
1001,0.623538076246987,0.269159501961697,0.524640765127196,5
267,0.627439421543386,0.505219803587533,0.355143498047255,2
868,0.616899118051432,0.274338820805498,0.518976955937228,5
580,0.569775095188525,0.297642187727615,0.341719821910374,3
843,0.632123240514079,0.236892820685666,0.520413774231176,4
852,0.632410723153222,0.241786803261897,0.522238270915064,4
1230,0.624634354764392,0.220735230601784,0.515757564937675,6
376,0.626906180486549,0.192852779338136,0.233217269531451,2
1144,0.625975850000175,0.224772838203036,0.532033084946434,6
227,0.598115062890574,0.489078649017028,0.242103475728072,1
393,0.636117918384261,0.290171898715198,0.21791688608937,2
890,0.620499741371578,0.286105236376297,0.521690383334386,5
380,0.628214186136611,0.176724166772328,0.408466040855274,2
15,0.73951811902225,0.722020320594311,0.725154803367332,0
89,0.601692471508868,0.371995857963338,0.355896622058935,1
1232,0.619262784054911,0.223658940912009,0.517861541309592,6
88,0.598718010000885,0.32621415220201,0.257881688885391,1
204,0.600067578379531,0.222250200388953,0.282033268013038,1
747,0.623113994844233,0.23666964173405,0.520713149447302,4
268,0.633703535359819,0.184014907153323,0.440967236179858,2
1163,0.630101655493562,0.210700129910511,0.514226652465764,6
305,0.630081600947306,0.406233726115897,0.320169837446883,2
985,0.622351103442161,0.274970541191965,0.516499667322941,5
828,0.62345016022722,0.250426157380803,0.517298756309527,4
275,0.63494566986803,0.165939352288842,0.634673003223725,2
11,0.100033356109634,0.251253550406545,0.0042785806581378,0
790,0.622454751371872,0.247488256191352,0.51722786482884,4
133,0.600249789343216,0.360836657159962,0.41516830038745,1
1071,0.630853853805198,0.216189290743415,0.519858044617054,6
64,0.604663027073257,0.423484452115372,0.388531356817111,1
857,0.624159486186788,0.24698957273941,0.517148489208835,4
820,0.622786949971471,0.242441852877559,0.536127206414626,4
32,0.171120269456878,0.378682658541948,0.510276816086844,0
998,0.629705222322732,0.280507545993277,0.520883342296909,5
483,0.573664947240613,0.537327630724758,0.452078925445676,3
565,0.568351711251307,0.214462381717749,0.69113238947466,3
162,0.599117737587076,0.341242184792645,0.392094443435781,1
453,0.630435731359758,0.303881176561117,0.502348144422285,2
653,0.574970086400863,0.143754732375965,0.483727735234424,3
693,0.620165795412555,0.250633177693076,0.517332237618696,4
461,0.628469947758131,0.471171343512833,0.684279745677486,2
1194,0.624867806465296,0.219273784938087,0.524940029424432,6
713,0.630431055375551,0.252436699343074,0.51678162278199,4
841,0.627109859066831,0.246512395212071,0.523382102514318,4
1257,0.630032901692727,0.222780393859495,0.529517456112376,6
797,0.621414067126765,0.252622361619751,0.512438076718664,4
609,0.567797254349571,0.307379470253363,0.520742763765156,3
599,0.569070375433657,0.350255278917029,0.647965604672208,3
1251,0.618130153080792,0.213843556251714,0.517011984860474,6
1188,0.613132109801241,0.219103414198662,0.513652773507982,6
1148,0.62653915673328,0.220433539030099,0.520944472232275,6
965,0.631492823431015,0.279588582755325,0.51907669500025,5
602,0.572681831794325,0.119422962935641,0.316237530205399,3
366,0.634938173128758,0.516728983540088,0.440835937042721,2
39,0.922271802322939,0.631135701667517,0.779339053900912,0
373,0.62685562384082,0.128420520154759,0.578952590702102,2
1049,0.620013613009201,0.266334854112791,0.52588896098197,5
1075,0.62194149753743,0.219999553398405,0.523123530371827,6
559,0.568701461770106,0.232598689431325,0.474447660963051,3
1132,0.62422584445048,0.221818809722878,0.522647780960038,6
480,0.571060590476263,0.190003531915136,0.66160773660522,3
840,0.624760553384807,0.249640706371607,0.518284603412659,4
923,0.625436841535333,0.276002365071707,0.529387353854022,5
934,0.619286490391109,0.275257883561515,0.522471440824619,5
751,0.631391394608342,0.247558907416936,0.531557544143168,4
515,0.568966227457859,0.30936190362554,0.355069253011607,3
712,0.627149525063177,0.244234862784042,0.51811583355172,4
668,0.616282570850428,0.244793322572636,0.525883293094209,4
428,0.629264243212529,0.24032127012033,0.686132949194871,2
1168,0.62781910940059,0.219998167390122,0.519175981518702,6
415,0.634073974420317,0.20989058567211,0.285537098534405,2
477,0.570225055550691,0.0912386283045635,0.356516760773957,3
756,0.612056943656904,0.248710457352606,0.515837261377556,4
686,0.627536354395576,0.247573900163529,0.527031050300303,4
619,0.567967138239183,0.534492490859702,0.469907912076451,3
585,0.567213597854134,0.335994279291481,0.289151462377049,3
814,0.621460125998199,0.246193359514399,0.51689067918538,4
35,0.800877877743915,0.260791746433824,0.676054946845397,0
732,0.621598792896398,0.231178714082358,0.516272121813542,4
743,0.625195677352286,0.249498098012299,0.523132209103729,4
120,0.604454432127532,0.532769336178899,0.263024195213802,1
273,0.632182651192416,0.153329682932235,0.686041724286042,2
917,0.627220136661137,0.288732264657569,0.524512702886216,5
356,0.633083974341862,0.165922323404811,0.385579668101855,2
367,0.635021059650462,0.516136957262643,0.471643373370171,2
633,0.57322410391178,0.0701852122321725,0.464843927649781,3
827,0.627695891478156,0.245932175769484,0.522512562956623,4
87,0.603483158489689,0.44238685076125,0.218704198603518,1
544,0.573744077959564,0.504287263192236,0.578193834167905,3
603,0.567626231510658,0.277700235298835,0.615458275889978,3
1012,0.631818020928842,0.281554637321124,0.518601616085104,5
1073,0.618009835144073,0.22100123734307,0.512587263021364,6
658,0.568065459588543,0.540886577614583,0.658189614652656,3
994,0.625593660798155,0.276840709622244,0.515908648971757,5
849,0.628718684611821,0.242574084397828,0.524358952774922,4
558,0.570439681769349,0.195132695999928,0.378204380278476,3
1138,0.6212617046085,0.220987054719354,0.52419354812955,6
16,0.653995287138969,0.269861862296239,0.414110884768888,0
265,0.628699794220738,0.229892311431468,0.696179755264893,2
363,0.632923278983217,0.509282486909069,0.289236069540493,2
936,0.6142541242305,0.281574269889764,0.518929089471788,5
180,0.604064961685799,0.136045669717714,0.522618148475885,1
435,0.635698028313927,0.436578081967309,0.447839081287384,2
108,0.603788547420409,0.44404632858932,0.227503581205383,1
734,0.6220985659686,0.254741328382598,0.523844625114174,4
938,0.617078755149693,0.282704416853855,0.523924505288519,5
636,0.573148142222781,0.186968154786155,0.415278565720655,3
557,0.5746789810271,0.515537341986783,0.328930093673989,3
490,0.568682782326359,0.2739048239775,0.32142923749052,3
1184,0.627821834333732,0.231269728432455,0.520069959779681,6
1220,0.62678936233405,0.220025371846461,0.518420511109191,6
853,0.621864265980029,0.250492586563137,0.523768828436909,4
96,0.597871885341592,0.346924750646576,0.249203521991149,1
331,0.628713304472622,0.493570637935772,0.42800338473171,2
43,0.170697289751843,0.370363303460181,0.566703255753964,0
816,0.623358391175031,0.246216875992778,0.514102497861501,4
263,0.603308636851143,0.184537417418323,0.406885482370853,1
755,0.617942334365385,0.251943051237649,0.519490040644241,4
1233,0.623736793990579,0.212619799228288,0.518652700635796,6
1007,0.621301365268905,0.280566697203261,0.526362447209768,5
805,0.628200835980633,0.244346726956956,0.517337279529207,4
766,0.625665543916332,0.249869847081859,0.515088428439322,4
149,0.603989996183664,0.446444240794517,0.307893901714124,1
37,0.165400741621852,0.537074086721987,0.453673204174265,0
1131,0.62636858383521,0.21280203234094,0.521819691026963,6
381,0.636018262889702,0.0752489091129974,0.628342245938256,2
738,0.620297068004884,0.240500971176603,0.519651519686516,4
876,0.624983184738419,0.277047079395285,0.512284118927373,5
711,0.616750213725605,0.256248692364093,0.519028782537992,4
2,0.272105692187324,0.50649535912089,0.0111460292246193,0
81,0.598824158376083,0.0973146771313623,0.285383890965022,1
1111,0.625797344438044,0.211760025563276,0.521575580459799,6
540,0.57297298731748,0.0833278877427802,0.656235307804309,3
583,0.571928497320041,0.459306300315075,0.707552243140526,3
930,0.632691321286502,0.285791794975309,0.518324646843181,5
