1261,0.724682569085907,0.452340011119029,0.571957981281723,6
598,0.591959700554144,0.408929681568407,0.434083044156432,3
118,0.0165973545517772,0.134738430613652,0.983468136982992,0
1151,0.72316208738036,0.454022372268208,0.576176821377019,6
1159,0.718648049921742,0.455522380528649,0.5611725536827,6
869,0.725125747081176,0.47683347687378,0.559890295084204,4
1284,0.725948376975572,0.452024863060903,0.565724294191473,6
172,0.626835586843081,0.369906467199326,0.747642187261954,1
1327,0.729309082266924,0.452392207747309,0.563818042215542,6
308,0.62714302732842,0.670422632410191,0.69662220494356,1
202,0.622762887883,0.702233307808638,0.811914024152793,1
762,0.716814506372941,0.47705829218967,0.562033226794991,4
1177,0.723802595511199,0.459797902050891,0.562656863045184,6
1285,0.710897264176617,0.445208238569614,0.575154429408774,6
969,0.718125860706373,0.514617736936279,0.562700782536658,5
1053,0.72530802079015,0.509970224296781,0.559227775977533,5
1072,0.716131393247546,0.514949637821935,0.551392729858612,5
591,0.597764488155954,0.444131073006429,0.439002291858196,3
286,0.620179221553262,0.66179931377992,0.858655407070182,1
1230,0.71846677798025,0.453298545036371,0.563043111277023,6
4,0.847895815735683,0.211343339411542,0.726776684401557,0
619,0.59169194490416,0.650121203088202,0.72425456144847,3
665,0.591804414128419,0.297026725765318,0.530587811581791,3
807,0.710608548616337,0.476936412370615,0.569123525161456,4
667,0.59132016858086,0.511322523280978,0.566111186845228,3
658,0.597126255419571,0.452326846355572,0.477869503409602,3
530,0.654316885634325,0.429576012818143,0.753151258430444,2
1276,0.716300966561191,0.446921161623617,0.572205039835629,6
926,0.719951671083222,0.482340918249855,0.571180973093501,4
114,0.457718495978042,0.270191808929667,0.205164564074948,0
369,0.657302241786383,0.711948917293921,0.70497483315412,2
573,0.590071707381867,0.719304940360598,0.686161622032523,3
1040,0.719216362079677,0.514132200565771,0.568504180827873,5
572,0.598596700315829,0.635805241111666,0.430235209735111,3
927,0.723336016496866,0.48853704620045,0.564344486154226,4
822,0.718601857932436,0.488047222124308,0.568685868429057,4
359,0.656550773498602,0.534976133308373,0.743668330111541,2
233,0.62348516511498,0.609076285082847,0.609414619836025,1
127,0.502373731927946,0.787678864784539,0.283935500308871,0
1169,0.715021636650049,0.451623940033533,0.57018030588489,6
3,0.263864234322682,0.071462859865278,0.608065296662971,0
1211,0.725864792421314,0.443509722211908,0.56761494394527,6
21,0.49518480245024,0.678099350770935,0.145849785534665,0
185,0.619516028624494,0.311995425191708,0.588987625297159,1
245,0.6211408823682,0.646391771431081,0.477463506604545,1
1070,0.723358149806677,0.509564967776122,0.56238319190505,5
230,0.623293229821138,0.769352730643004,0.706776605197229,1
864,0.71977168235938,0.477490518143335,0.573259132046715,4
1028,0.723026153925588,0.512874499577556,0.567642103719488,5
1194,0.7151345637325,0.454100678257,0.565900248559522,6
1118,0.721705690359491,0.505156850868001,0.553602135385345,5
1087,0.723666133387287,0.51757927822673,0.567492858312808,5
439,0.656578461662866,0.734433111199178,0.878032293030992,2
1331,0.722996354249031,0.451064455587504,0.565353495918774,6
595,0.595474181857426,0.756963885785081,0.882518217409961,3
606,0.590767508670688,0.419629174331203,0.606306830164977,3
1333,0.722513305359918,0.449198026003244,0.562184374460144,6
48,0.27490805205889,0.0480218969751149,0.554927430348471,0
853,0.722679131164259,0.486622061726927,0.561536754855878,4
133,0.189479208085686,0.389797198120505,0.333352107089013,0
1188,0.727277330635568,0.454983942772767,0.566648602233953,6
298,0.628307028622367,0.333508403436281,0.791038160887547,1
461,0.651701966538094,0.440857672761194,0.647609845479019,2
180,0.626442201032769,0.387636417220347,0.865104391681962,1
654,0.596138383855577,0.72264014899265,0.507914420077577,3
423,0.657155563279521,0.648549690656364,0.422424595546909,2
586,0.59522039729869,0.428499675868079,0.773328499146737,3
223,0.624280360070989,0.441269191144966,0.660609015938826,1
268,0.620422162998002,0.295550325233489,0.676084190350957,1
1317,0.728032060682116,0.445277008985226,0.561688727060302,6
58,0.550778909819201,0.751684928545728,0.285206048516557,0
734,0.728829022439553,0.479919947925294,0.564536701183607,4
1007,0.709598035589932,0.515314806124391,0.560690899155355,5
522,0.657190580277238,0.769248258601874,0.638851788570173,2
1147,0.727869565005234,0.453285807784918,0.561689512456618,6
1029,0.714757703462564,0.505660251178571,0.571488142652551,5
1322,0.725137445437561,0.453272001862952,0.563247471779269,6
728,0.593772135658655,0.67526011383161,0.480321731162258,3
161,0.626482832138427,0.285092619759962,0.607576615270227,1
459,0.658930307917763,0.389564293134026,0.567419847217389,2
951,0.719520856923643,0.522816545749462,0.564386982362851,5
709,0.589694726050366,0.473697970900685,0.483621390745975,3
566,0.590304066822864,0.767951366305351,0.778713499172591,3
1308,0.725165433337079,0.45514815920849,0.563418099997402,6
371,0.652651685308665,0.320329888770357,0.878077696752735,2
741,0.727473717708293,0.478098859987658,0.564410059419266,4
633,0.598337239180691,0.378134484682232,0.448758887918666,3
792,0.716512499488309,0.485946279144671,0.555710983877947,4
1253,0.722706299407211,0.451783291822648,0.564318833255945,6
215,0.623197843185626,0.650800843536854,0.441725884540938,1
534,0.591157814210746,0.363654202478938,0.831602579192259,3
924,0.722747832692361,0.485224811138601,0.562530850398491,4
835,0.723402007489513,0.482553251028334,0.569155100564544,4
78,0.299127013189718,0.840188623638824,0.520197324221954,0
1157,0.719265784128118,0.444817624733921,0.571193284627596,6
592,0.589428661877755,0.418367634806782,0.790732417115942,3
686,0.590904644886032,0.35511941339355,0.88779243871104,3
427,0.65135181884747,0.589107167255133,0.871513616736047,2
117,0.345350523712113,0.139610113110393,0.964185231132433,0
404,0.657270787346642,0.759662048239261,0.608488566451706,2
491,0.652980312830769,0.725980687234551,0.554229037929326,2
947,0.71991261061239,0.510316380587041,0.563322295559363,5
1068,0.726964284813008,0.519431815787148,0.567242911003988,5
412,0.657506695659831,0.670695787807927,0.679695696313866,2
952,0.720186986444525,0.508224718548473,0.572782580720253,5
1255,0.724924161640312,0.458563990327665,0.564646795520932,6
1114,0.723965312634329,0.511377684690015,0.560984263634213,5
871,0.72477141730436,0.480121787079639,0.567413554009476,4
802,0.718003635163876,0.489010879660744,0.56883099117893,4
560,0.591075661571231,0.718801587517373,0.832978525524959,3
796,0.723317238676135,0.477842456670333,0.565361083240128,4
1303,0.715438828895416,0.462262348426319,0.56413595350816,6
147,0.627427076851018,0.59350841275882,0.737896875105798,1
61,0.0644682571291924,0.627917102072388,0.453955207951367,0
774,0.709097713481775,0.474602736771629,0.55750652508288,4
648,0.590477814795449,0.309151700395159,0.488244972168468,3
198,0.625132408072241,0.431056820135564,0.614496785774827,1
386,0.657387447741348,0.32249835242983,0.636625111312606,2
1272,0.720238625442977,0.447655935398527,0.569718233535368,6
56,0.349311574362218,0.549761627335101,0.130229150643572,0
476,0.65320483611431,0.754392870632,0.877629206725396,2
106,0.423124959459528,0.157344075851142,0.626041912008077,0
635,0.59697652626317,0.570213054236956,0.768193214293569,3
171,0.622170290083159,0.466181259648874,0.585195797472261,1
881,0.709215595402226,0.477797481063134,0.563930132144855,4
9,0.067329345503822,0.123421948635951,0.340090296929702,0
139,0.625210425162222,0.547541211056523,0.848698847205378,1
1099,0.71710372123864,0.515247093085476,0.56469063648995,5
192,0.626576092001051,0.559385928488337,0.807884922577068,1
15,0.50020900904201,0.350360235199332,0.98844709340483,0
564,0.591524147561286,0.371141626196913,0.65074505340308,3
708,0.596800412775483,0.590683250268921,0.475589543790557,3
1180,0.721398059564826,0.451015489750167,0.568486456452118,6
1239,0.719266318145319,0.454666092011758,0.559411620275815,6
867,0.717001506498988,0.477790792074597,0.558903736064699,4
733,0.596840986767784,0.330357508664019,0.528222440951504,3
806,0.72422576373019,0.489350732944609,0.567209594011123,4
514,0.653017718445044,0.713985057128593,0.84218347419519,2
895,0.719966887279067,0.477132242662264,0.569333141976488,4
348,0.657499356549233,0.732221902743913,0.699671255866997,2
1189,0.719942549484938,0.455189084231807,0.565942515902773,6
972,0.72185316588446,0.516452743377655,0.56919391456607,5
707,0.593879375534598,0.625228029722348,0.844100693217479,3
1219,0.717622025610026,0.450852931682445,0.567469163794218,6
657,0.591051169601269,0.307697313884273,0.777623373526149,3
674,0.598669671891257,0.366792234638706,0.592845784476958,3
788,0.721071398243232,0.479295462072843,0.569102154928297,4
153,0.620166853158735,0.598055892321281,0.397175845666789,1
858,0.728247300704451,0.477606777625872,0.567859869701259,4
1212,0.722601560012905,0.459722989040759,0.570046529332568,6
729,0.591362279392779,0.444811165030114,0.812669078912586,3
178,0.628189188071992,0.617922285036184,0.578058469085954,1
390,0.649904154739343,0.67366766911,0.563012812845409,2
138,0.620376500710845,0.594856369821355,0.69281716037076,1
1174,0.724994595054751,0.453768586123982,0.561625411604837,6
548,0.592362919698935,0.538591162348166,0.794797122455202,3
141,0.627728167651221,0.605489696539007,0.592684616544284,1
561,0.59697274844395,0.7089918281883,0.860533858975396,3
281,0.622082323331852,0.415719835483469,0.858860199316405,1
787,0.719677677562359,0.482492239044929,0.563403116947425,4
958,0.722785813044775,0.508400260529202,0.567497670561085,5
302,0.620099492741283,0.379790297406726,0.650037436839193,1
873,0.724130588320372,0.486725647377155,0.565946420576083,4
978,0.734782610163639,0.504848254547679,0.579642346368899,5
329,0.621209467323497,0.307994036749005,0.412004237156361,1
335,0.657852466476616,0.28914043114055,0.410948807001114,2
754,0.723128160708608,0.480673036604297,0.569161507646866,4
885,0.70404427627007,0.473469283849563,0.572035373514072,4
473,0.650986113783438,0.445108072645962,0.665009502880275,2
134,0.62503948698286,0.416414477792569,0.662084464775399,1
416,0.653487732841168,0.336087952298112,0.784206462767907,2
799,0.729170179863499,0.488004348376707,0.568471771871061,4
687,0.593638476221822,0.605817176448181,0.855222840653733,3
242,0.623302644582,0.429477429646067,0.570551338233054,1
1110,0.716558292379039,0.515044984213807,0.561320387679789,5
414,0.656888318676502,0.600389219634235,0.55045698103495,2
274,0.629024288987275,0.678352374280803,0.559435605164617,1
54,0.50942430505529,0.970923666842282,0.408446049317718,0
511,0.650430662943982,0.744566456694156,0.547818683763035,2
987,0.724958288335594,0.506842598920898,0.571321691377255,5
1084,0.719069732180792,0.509102060296874,0.565547885694134,5
204,0.628265841498505,0.38134486861527,0.675559558067471,1
110,0.943713373504579,0.849355193786323,0.369588152738288,0
1283,0.723086884407013,0.453780678597705,0.570091085052658,6
316,0.624444126915187,0.552737650158815,0.853442930593155,1
580,0.591796731420327,0.538588433223777,0.487142212083563,3
739,0.714546154701327,0.483928641028193,0.558075426893923,4
485,0.65847739370307,0.306096755480394,0.667507373355329,2
137,0.623500631577335,0.547526719560847,0.70612909165211,1
1310,0.720746298026759,0.445650913959107,0.559054403048078,6
660,0.591735097621568,0.664621874503791,0.455270415148698,3
77,0.32145275734365,0.928602872416377,0.80239419080317,0
852,0.724063592152599,0.478918033606686,0.570389424447313,4
10,0.270568426931277,0.789671326288953,0.353073206497356,0
825,0.723977609287688,0.480803200354299,0.558742038845906,4
508,0.658105191222858,0.648834223556332,0.874759278469719,2
1145,0.714422657326915,0.451677005270311,0.566396350121559,6
751,0.725538293024632,0.482492907440879,0.570122206294248,4
944,0.724905986953406,0.511418090259694,0.568613395496787,5
238,0.627242964648176,0.604356452752836,0.599319961015135,1
587,0.596833121576346,0.400304909027182,0.635711799119599,3
1021,0.71975545486374,0.508475657522989,0.559518620129154,5
65,0.360672621754929,0.501342213945463,0.616788311395794,0
1095,0.715080048606077,0.509869495943367,0.564642576707157,5
287,0.628524071138818,0.613458405062556,0.822556602046825,1
179,0.623778087492101,0.352646672446281,0.570870032743551,1
1225,0.717960869932589,0.460928513134426,0.564299851608504,6
556,0.589106028366368,0.376676433184184,0.832839667773806,3
695,0.59587782777613,0.500688732066192,0.394693845743314,3
818,0.72084753925315,0.477625238519494,0.561519861722341,4
521,0.649379771284293,0.537447089375928,0.39694171291776,2
30,0.177729404298589,0.448094186605886,0.445010309340432,0
324,0.625060689612292,0.755672476417385,0.447940396005288,1
234,0.621574398644734,0.594040743238293,0.729151641577482,1
97,0.774305179947987,0.378887702710927,0.595844681607559,0
1274,0.719072600124094,0.454932998168951,0.563675631223789,6
336,0.6515531126922,0.511193372239359,0.394182271300815,2
1064,0.725558176926013,0.514500685407483,0.55847477965771,5
942,0.72224456937594,0.510271302663157,0.558745631182915,5
247,0.622475671379361,0.764894670620561,0.42353503566701,1
821,0.72002190134748,0.481512781341302,0.569241950521409,4
878,0.716382568603748,0.490609418747999,0.563915655242261,4
1202,0.726113354306768,0.445163223233514,0.559776335463756,6
866,0.723150825717075,0.476891835925409,0.564093132556655,4
191,0.62024610653054,0.719576388993301,0.734829818457365,1
813,0.720447811004553,0.475329328202841,0.57233386920453,4
552,0.593244385372382,0.29620491694659,0.571640624059364,3
899,0.728116624324708,0.484897105054669,0.568337255990218,4
731,0.589693096384872,0.477775382623077,0.797243110928685,3
904,0.713264838348784,0.474497194435941,0.569134885454466,4
879,0.711642164211081,0.489068447416489,0.568365606880007,4
322,0.619290475833695,0.494853172148578,0.6585547772469,1
939,0.730884663323462,0.508753395190022,0.567190290797277,5
157,0.623094877637923,0.700851196586154,0.732190304296091,1
343,0.653532689828426,0.55982503357809,0.699624214763753,2
478,0.65437093438115,0.717851194716059,0.544429889856838,2
744,0.726232232414659,0.488614203410069,0.577628575560012,4
724,0.594851918581408,0.582207210524939,0.423565896903165,3
1074,0.716307011199187,0.524202758725877,0.555707477737223,5
616,0.591029289374128,0.600631431839429,0.582213315274567,3
542,0.595379157217685,0.569505409616977,0.791753524541855,3
1206,0.720800103307225,0.455308187301994,0.566063212665183,6
844,0.713297729850295,0.479790027761949,0.559429220105033,4
1089,0.718692142260994,0.502570697276141,0.556872106646592,5
630,0.598097948373761,0.61701977676712,0.677499916846864,3
936,0.720197122340124,0.510507008481337,0.567784915411317,5
17,0.956732247024775,0.711816815659404,0.184075429337099,0
900,0.720354249717823,0.478822369286604,0.567017345173616,4
1127,0.719758824493801,0.502887210146901,0.569808332254535,5
746,0.717031022610178,0.477848464645873,0.569299671042834,4
588,0.590757118097972,0.348095705895685,0.593388747051358,3
1325,0.71988339813302,0.443177172570947,0.573034837083007,6
311,0.628680091872811,0.358205387182534,0.809733443288133,1
101,0.301695611560717,0.395352313295007,0.946136752841994,0
768,0.725132516742841,0.482449062302762,0.563065625588037,4
1097,0.710864700751142,0.510077464551934,0.561267523600274,5
282,0.627990286524873,0.33888623972889,0.640200893138535,1
253,0.621790564169642,0.600174812297337,0.486996411089786,1
555,0.596203596198466,0.584789505507797,0.624107308895327,3
1071,0.722191686228615,0.518242359779604,0.563131325011932,5
438,0.652960515210871,0.388486543018371,0.738816566742025,2
409,0.657477278471924,0.628710929350928,0.498251045448706,2
432,0.649554407887626,0.37916086234618,0.719381096865982,2
92,0.517046311404556,0.512490686029196,0.728758019628003,0
252,0.619402785620186,0.754089747485705,0.411849562055431,1
1165,0.719072840497891,0.459375233638876,0.560599441084858,6
296,0.624250134730246,0.475276492699049,0.868282099231146,1
1282,0.722358463402336,0.450510960868768,0.57462540209641,6
70,0.0921403639949858,0.104893075069413,0.59680765774101,0
83,0.829096622765064,0.552610662765801,0.355722330510616,0
1273,0.725845970948606,0.445884079334899,0.563911774924686,6
1030,0.721995160076494,0.51113072008844,0.555506163749535,5
571,0.596665528952144,0.463643613667227,0.50397091251798,3
971,0.721467702028782,0.510645593720642,0.56832184982526,5
1279,0.711719739227126,0.443684867562407,0.563164406368174,6
874,0.72218647041985,0.488107647227528,0.563601358867246,4
1321,0.718246693237256,0.460636480141734,0.567404730186564,6
38,0.841650743503124,0.266697532031685,0.689994563581422,0
995,0.71928134283717,0.516693316279113,0.565441445228146,5
387,0.653518937665504,0.402377518988214,0.617999673215673,2
190,0.628800613016356,0.750707954447717,0.772466634726152,1
682,0.589706925214268,0.587641243520193,0.552812389540486,3
1098,0.713452846561155,0.51648985285484,0.563464930717009,5
1229,0.713317190663759,0.452994323288919,0.572311915325796,6
165,0.622966428496875,0.328728145151399,0.793320697708987,1
1019,0.717299066889176,0.512297247073471,0.570612834134675,5
515,0.650004541736562,0.355020071426407,0.612453846470453,2
615,0.590887442873791,0.717033254494891,0.87428588650655,3
460,0.655410883850418,0.750634079263546,0.438319422397763,2
34,0.54080749838613,0.780724931973964,0.331899317679927,0
358,0.6568750675302,0.344045529421419,0.425955526623875,2
607,0.590786241099704,0.698980890377425,0.517162212962285,3
148,0.622922863122076,0.573240624321625,0.56417838819325,1
1267,0.73229892650306,0.448481625075165,0.570170547688049,6
600,0.593553414773196,0.765749988774769,0.468652668152936,3
617,0.592280152728781,0.32055732938461,0.626033656857908,3
1179,0.72467941712432,0.452343719197784,0.561325674768717,6
338,0.653417063108645,0.579184976336546,0.457622457388789,2
1299,0.723215371741007,0.449819955634293,0.567431460485502,6
259,0.621398367672227,0.643436316796579,0.802790441294201,1
743,0.725528450685293,0.490981018540335,0.567044210134764,4
39,0.389098621672019,0.837037650402635,0.698605908313766,0
632,0.59463272863999,0.343016792135313,0.83372519814875,3
921,0.723900857234563,0.484344871393705,0.575312415792561,4
747,0.717698490158667,0.475761833568425,0.567701463344076,4
181,0.62335020051105,0.374804465961643,0.685057929810137,1
797,0.718739029027752,0.475814286433692,0.567757114825316,4
1251,0.719490137497888,0.45993598972892,0.561804331076871,6
1244,0.725632073812957,0.454585926535437,0.565718364628866,6
582,0.59771267947508,0.653722022008151,0.528815621254034,3
136,0.621202486467082,0.342609308240935,0.515076022455469,1
908,0.724069385554323,0.479796076776841,0.569675864062348,4
154,0.62424552786164,0.653675383701921,0.677477038209327,1
837,0.720454906925148,0.480878531965572,0.565761335626841,4
1207,0.720158036751176,0.451728834874981,0.566916881585359,6
278,0.620146199360024,0.378271516226232,0.773733957763761,1
721,0.593113337941468,0.537955353432335,0.518518740986474,3
967,0.723259270591628,0.511038996288908,0.562189139657125,5
1292,0.718414963176286,0.459278097883792,0.564582257573117,6
1041,0.719188600914359,0.526885158382501,0.570426387135643,5
51,0.818941531237215,0.458747006254271,0.169194241985679,0
226,0.627428835316096,0.312567153992131,0.515199178806506,1
500,0.65410075367894,0.514996202243492,0.699159267451614,2
684,0.595896415114403,0.764495584927499,0.578862933884375,3
1152,0.728919325693464,0.452057769252905,0.568206036825616,6
671,0.595034619481303,0.365918471408077,0.495293689635582,3
1044,0.722048275198098,0.513952540179644,0.564606167203407,5
487,0.652992066706065,0.681511987862177,0.739504780480638,2
411,0.649500137083232,0.699425047193654,0.786912325629965,2
455,0.649908996128943,0.570934582548216,0.757591179548763,2
1092,0.715043351402568,0.501757825307175,0.567291893532901,5
396,0.65772944933502,0.284154431009665,0.43280734422151,2
1038,0.714950211951731,0.517505203874919,0.56891908618657,5
578,0.593443438841496,0.432578689348884,0.794139084964991,3
688,0.592688559170347,0.463442090479657,0.804758233344183,3
696,0.59425082747126,0.370380162424408,0.777256424631924,3
197,0.624282012237236,0.309617255046032,0.824451325554401,1
894,0.716996081942907,0.485006022074995,0.56538375726103,4
880,0.718935149267487,0.474692018677855,0.566075290556293,4
994,0.716210425435231,0.511628272568366,0.558819628480899,5
815,0.720574225818672,0.492221688123447,0.56897349441328,4
303,0.627764267292805,0.694191776029766,0.582807000819594,1
365,0.656751234410331,0.756405427167192,0.556324076000601,2
1136,0.724475297346568,0.453264968211623,0.558849757499429,6
72,0.968563341768458,0.759156190091744,0.796218990348279,0
1112,0.717782543707581,0.50406322168721,0.567135944033343,5
647,0.592904664452653,0.328085336997174,0.55151154762134,3
1001,0.713416218970889,0.503019499826254,0.565902331962358,5
212,0.622363174546044,0.340695126843639,0.683719363156706,1
44,0.548038340639323,0.524463449604809,0.886041541816667,0
770,0.717694857337491,0.480542574147855,0.561757446433593,4
1319,0.712712192487456,0.453705407414796,0.573815111325918,6
128,0.38089034659788,0.870331766316667,0.861797186546028,0
1300,0.731090897412645,0.450573796113925,0.569733478590426,6
701,0.593402195498347,0.714856618479826,0.532959651411511,3
1204,0.722427367387766,0.448791310241982,0.566302694738288,6
417,0.650809564234223,0.409177693119273,0.693047451996245,2
1046,0.717894592339017,0.51454764980327,0.566850918256724,5
1257,0.721981106079458,0.448662740664847,0.55621243091279,6
664,0.589611960523762,0.563592411275022,0.641710032802075,3
519,0.65408453717595,0.472375551052392,0.872643442335539,2
1079,0.716175344902997,0.505072881607709,0.564400238022531,5
5,0.415399725548923,0.00495821144431829,0.228882297640666,0
704,0.590632808427326,0.748993170144968,0.513237598445267,3
1081,0.712381892201388,0.504387508675739,0.577913448730289,5
89,0.382756465580314,0.344366631470621,0.909969228552654,0
273,0.624079454720486,0.715834990772419,0.433668806077913,1
145,0.625293516346719,0.439314365433529,0.535625398950651,1
1168,0.722462150296237,0.445838777123172,0.553226730765337,6
997,0.710650329624398,0.509154235069608,0.560556759318588,5
1237,0.722813638368254,0.449349100097663,0.558144645679979,6
67,0.773365317843854,0.462282635271549,0.0717479502782226,0
832,0.721122572586755,0.484050539585081,0.564610205609508,4
504,0.652842302198988,0.69995692120865,0.424627560516819,2
1130,0.726416757630229,0.517919457047415,0.574364620705695,5
20,0.806677558692172,0.54881127178669,0.315197759307921,0
1125,0.717143190522008,0.502549837437105,0.57238326499719,5
524,0.657470567147247,0.394697792991065,0.871958902664483,2
758,0.711442069902782,0.483047439396156,0.559025269956051,4
795,0.716590376344208,0.476050520895995,0.565342681644686,4
569,0.595424242410809,0.29266037447378,0.660843700263649,3
753,0.724637629980286,0.483801921572927,0.565168930668342,4
884,0.722335172585089,0.475900364952578,0.572054432302137,4
213,0.619415575701278,0.50600167310331,0.656925881607458,1
402,0.653599790930748,0.629311759071425,0.439293625508435,2
195,0.622867664934602,0.657336297607981,0.452393701393157,1
700,0.59688033048762,0.342299444414675,0.544065591273829,3
675,0.595784380701371,0.576009455299936,0.705841965600848,3
479,0.652649729948025,0.715657834592275,0.745607733121142,2
1332,0.72614499881583,0.449335824646112,0.561004363216982,6
11,0.145858152303845,0.725167822791263,0.503733065212145,0
820,0.729630364758918,0.484462515283055,0.566150688251309,4
1047,0.722254097595858,0.508377599523141,0.570133829343142,5
830,0.718711719081757,0.490777556168651,0.560848566391881,4
637,0.590238347549457,0.426903831120581,0.805521437642165,3
889,0.725060424568603,0.481059792751235,0.560887321586848,4
1150,0.71564560127868,0.451388167802179,0.567438813162397,6
1085,0.71544037549302,0.508230296565746,0.565850050753287,5
1014,0.725140934714248,0.508732470137931,0.563112552771227,5
52,0.266966955503449,0.634407294215634,0.758521566865966,0
506,0.654846764716785,0.311972217215225,0.848860028525815,2
443,0.656425391344819,0.556978506082669,0.733810074720532,2
839,0.724527106875372,0.48240425308789,0.560220510656751,4
497,0.651405112429056,0.289948836248368,0.739180881157518,2
811,0.71773094712534,0.484088465004308,0.561488103611223,4
486,0.655589836332947,0.687896856036969,0.648264223337174,2
6,0.801335212308913,0.864110922208056,0.185659865383059,0
177,0.623004382892977,0.577844391623512,0.454282606230118,1
201,0.626963383629918,0.660096020484343,0.669033188931644,1
841,0.718773686111025,0.480941785607609,0.565067598729106,4
16,0.916747120441869,0.198691019322723,0.959703976521268,0
954,0.722979830203778,0.51490957061723,0.572693807693632,5
589,0.5966033208929,0.671727033145726,0.477571720583365,3
1057,0.719970264867346,0.512646895911094,0.568369661144899,5
1093,0.723063009135083,0.511062942786525,0.566371351423467,5
1048,0.724191785241747,0.507882025676901,0.563151997240748,5
419,0.652548270381521,0.448158434289508,0.528285747603513,2
949,0.729064155865796,0.520884754536187,0.556020474774779,5
652,0.596012953722384,0.380553623940796,0.461090850154869,3
676,0.596265014908276,0.547626661416143,0.814240763289854,3
772,0.720414295036637,0.486390816155291,0.564349174455122,4
1075,0.723792014746783,0.514783770289506,0.568554171000552,5
1103,0.739621495705154,0.508574499460751,0.566095103068188,5
843,0.725539142108078,0.477510347963663,0.562782299211663,4
13,0.749867845559493,0.417021207977086,0.47134415525943,0
765,0.730741367991026,0.485201959988078,0.562328961221488,4
1088,0.71248079785203,0.515712539380369,0.564087910820454,5
642,0.590132353198714,0.650069776386954,0.541166111803614,3
132,0.365302386693656,0.356135383248329,0.163006138056517,0
321,0.623355694620404,0.313693742081523,0.744255701522343,1
405,0.654095239220187,0.529029466840439,0.533094770135358,2
1037,0.73008857514785,0.510348460731018,0.563376952623224,5
905,0.729452189025971,0.482278916417798,0.559513568858909,4
539,0.5944472795818,0.317164254304953,0.893164904532023,3
49,0.333938689436764,0.0273433420807123,0.262942587025464,0
1311,0.731518412630728,0.459071260670619,0.564004700204727,6
1249,0.720775881570588,0.452010232611898,0.569649545452083,6
1235,0.712336931916702,0.443878122924238,0.561674883363439,6
284,0.620253003381658,0.492886631330475,0.408580691530369,1
1060,0.719130842216779,0.506309172192005,0.563352929658698,5
1050,0.713022987873162,0.511500408214076,0.565603328288137,5
42,0.379994726972654,0.0590711904224008,0.344774827826768,0
982,0.722111992990808,0.509507837280659,0.570278273434934,5
452,0.65422512244666,0.398159657185897,0.778314184839837,2
917,0.716576461124404,0.48492271427464,0.555706476135394,4
1122,0.712966280319494,0.504771346646543,0.56587192973402,5
575,0.596720753798727,0.71830691518262,0.878124595363625,3
35,0.246354480739683,0.559402684681118,0.0438644080422819,0
1187,0.720885520737647,0.455071943046011,0.56038164341483,6
1113,0.720640722298437,0.511705007054502,0.565375328913846,5
655,0.590726438714191,0.607682784483768,0.427091968338937,3
1248,0.71827936088729,0.444053783966429,0.571346066100163,6
383,0.652019322304986,0.773788228095509,0.75441999475006,2
27,0.916833186056465,0.939685011748224,0.854434353066608,0
554,0.598793714835774,0.289150184416212,0.471942338952795,3
263,0.623554775000084,0.741875185794197,0.812484444095753,1
609,0.595758150098845,0.396542060584761,0.71844292068854,3
457,0.657354798130691,0.732500946428627,0.612663928163238,2
293,0.625209577088244,0.546179205109365,0.437400895380415,1
32,0.0573033967521042,0.911678011529148,0.191946440842003,0
683,0.59074056756217,0.41864031185396,0.613501064688899,3
334,0.657095491189975,0.487345264805481,0.665872662770562,2
1173,0.719135134562703,0.447730201415604,0.558062575443905,6
420,0.65127301014727,0.701584222191013,0.715174494870007,2
1316,0.72103111190286,0.458667622075365,0.566395528862622,6
489,0.655709632758517,0.620109084341675,0.425153466034681,2
1216,0.715941630289257,0.45335117163898,0.569269788526928,6
394,0.657048035829794,0.346050597308204,0.601285109040328,2
777,0.721508726706897,0.485256652351814,0.572838300745404,4
725,0.591582347308286,0.738032421958633,0.557183085917495,3
510,0.650639804827515,0.736954657873139,0.785620606830344,2
377,0.656925783117768,0.387905779457651,0.712997643486597,2
659,0.592339645822067,0.429104993166402,0.798511466570199,3
384,0.650674961756449,0.762302992329933,0.419860306754708,2
785,0.716718443933533,0.479915438406429,0.569015364729011,4
640,0.593230479480699,0.737478898884729,0.43334914543666,3
401,0.656396053549834,0.536152971838601,0.706525835883804,2
1160,0.723822733907327,0.450595944511333,0.569638522522702,6
850,0.716385253380621,0.482941040971264,0.563436448146135,4
1008,0.718355907163563,0.508519378635333,0.559231333472506,5
993,0.721238474579528,0.514981589612954,0.564463036739324,5
716,0.594325895414222,0.29045716363471,0.466793131758459,3
319,0.624563850737177,0.44908270360902,0.656256418535486,1
916,0.724142176783902,0.479389969804219,0.567040230621549,4
332,0.625025410412345,0.501213306258433,0.72952312589623,1
31,0.216551230289042,0.382371901767328,0.44941411097534,0
809,0.721862671236239,0.484653567787796,0.565519093142817,4
730,0.593866085093468,0.770220932364464,0.583324759476818,3
612,0.590329476937186,0.594302692497149,0.69180172632914,3
162,0.619100177804939,0.580395434098318,0.681359721906483,1
794,0.719758022519848,0.485043980579941,0.576664310141683,4
685,0.597919953940436,0.277624272904359,0.590396794001572,3
1164,0.720562158077085,0.448291129675232,0.56353770176078,6
444,0.651291521468665,0.733280493342318,0.629971511056647,2
625,0.59584194020601,0.416994503047317,0.894006995577365,3
73,0.924277772428468,0.392534516053274,0.365726822288707,0
845,0.712323045362081,0.480233877483822,0.561623911329146,4
986,0.720640021167026,0.515660536246757,0.558719274679938,5
325,0.628258290425874,0.657528352504596,0.520048686861992,1
611,0.595744744578842,0.516008085617796,0.641013021208346,3
163,0.621128844390623,0.769610310602002,0.464801161526702,1
413,0.65113136771135,0.588224510359578,0.559046700689942,2
1100,0.721835407903163,0.514103360341857,0.56773059007324,5
453,0.650689390227199,0.710046092560515,0.421739245625213,2
1124,0.721266307136945,0.517674687515059,0.574987403108904,5
828,0.728661859828238,0.474404037031987,0.562502437773082,4
425,0.649310333046596,0.44652397132013,0.748942217649892,2
1305,0.717910563811876,0.457575741408792,0.56188963053682,6
264,0.619436341929249,0.684892552136444,0.458701784466393,1
937,0.723776061322655,0.513101374675884,0.563138333749566,5
431,0.653781309109181,0.524033087934367,0.656308420328424,2
1320,0.713583268214537,0.458884756213235,0.565515606025746,6
691,0.589903877978213,0.399013208737597,0.862076341384091,3
446,0.650837197541259,0.533800971042365,0.683221310237423,2
481,0.654397653774358,0.526510772225447,0.775484156422317,2
1213,0.708032334365572,0.448641506374483,0.567812122923692,6
532,0.653792933204677,0.570227179024369,0.755283789453097,2
1262,0.722246086737061,0.448392078457144,0.567989901336448,6
888,0.715071869407852,0.482070047284471,0.569782517783074,4
870,0.71528719725535,0.483152012845438,0.559016507203612,4
318,0.626696717948653,0.645293266675435,0.532368265185505,1
23,0.352126626530662,0.0688904530834407,0.663717560702935,0
793,0.718310706141062,0.477150864456029,0.575443236399296,4
194,0.624572793890256,0.450855030375533,0.612229092139751,1
146,0.621122597574722,0.455617203889415,0.513602718221955,1
121,0.606477694353089,0.99259958602488,0.387720804428682,0
912,0.72062339425933,0.485991342316682,0.569601621510086,4
537,0.598196564889513,0.683985396334902,0.666970971482806,3
207,0.624519253706094,0.71832592242863,0.695390450628474,1
1246,0.723148183914794,0.446275169402439,0.561221680887965,6
831,0.718222649178135,0.484646770725608,0.565220558117622,4
59,0.0184646667912602,0.661154728615656,0.0686947444919497,0
376,0.656959131548647,0.75998785526026,0.585267415246926,2
738,0.72172749587797,0.492325827195761,0.554511654036399,4
337,0.655291036069393,0.440619608433917,0.507008518185467,2
458,0.652435407745652,0.545342587563209,0.535086889029481,2
1287,0.715755613882354,0.448675959429227,0.569076802346728,6
111,0.685551756527275,0.828440364915878,0.0831923640798777,0
353,0.658800480647478,0.472832231130451,0.575816949340515,2
1306,0.717450385482958,0.457895521931256,0.56234280856033,6
1263,0.718598007508615,0.463973375877347,0.563359162841243,6
1196,0.71500867375201,0.454474669981428,0.566942047372218,6
836,0.724479085689893,0.48360777757339,0.567020828178442,4
1120,0.716766690304486,0.507267175352288,0.571653249646673,5
1170,0.723721569305271,0.452521757154901,0.566820393943767,6
279,0.619581796685234,0.657784923142754,0.891880596498959,1
1199,0.730476130687693,0.457227691915655,0.570722875286655,6
1280,0.72200413987954,0.458134890769858,0.563671255667009,6
1078,0.714251460054901,0.515876881742314,0.558522606938944,5
1191,0.727082105490075,0.455739385919786,0.56161784725225,6
783,0.71716457542961,0.482006116740722,0.57088004031735,4
719,0.590796055216342,0.470792191615328,0.453499374771491,3
496,0.65559593816055,0.439831087179482,0.516964655579068,2
1313,0.714798996850629,0.451759445061852,0.566116285993557,6
999,0.720690940854344,0.509032214661527,0.554638722437261,5
527,0.653914422967937,0.633146642055363,0.697858703066595,2
553,0.591677386160009,0.545505382632837,0.769808309478685,3
46,0.596544213825837,0.233959887642413,0.816565053304657,0
1223,0.727891996319394,0.452429806286745,0.567927571829627,6
1121,0.724852335960769,0.509764741402537,0.568983414251775,5
254,0.619093819574919,0.342116085859016,0.547678434033878,1
350,0.657031169580296,0.310759028000757,0.46899586156942,2
865,0.725716813247265,0.482459070256088,0.567159901559376,4
373,0.657970409740228,0.286509785265662,0.590793879679404,2
992,0.722927344347562,0.51416773638757,0.559918972000421,5
129,0.927704592701048,0.858820653520525,0.169885377865285,0
1115,0.71810366379459,0.5098175036519,0.558340902385625,5
219,0.62274235857185,0.380054710945115,0.504488153476268,1
14,0.984755065059289,0.0982171751093119,0.603234047070146,0
789,0.71581456804297,0.484706045622495,0.561382028363895,4
299,0.625297185769305,0.631962977163494,0.73659869292751,1
1134,0.717198663503824,0.446233484153672,0.573736615120722,6
975,0.723983858037706,0.508913561222083,0.569475210136045,5
547,0.594181117569096,0.408702260046266,0.526219289260917,3
856,0.713499456597027,0.474810190551492,0.562202442044437,4
546,0.594740828918293,0.571483136434108,0.873172732396051,3
1302,0.726599211269089,0.462794572233664,0.574812678211764,6
363,0.656603199753445,0.308751591877081,0.486114307749085,2
558,0.591988397662062,0.345454523153603,0.490316001442261,3
173,0.622581690896768,0.696376224095002,0.758452982152812,1
1260,0.717275537004704,0.451198728044587,0.567523439156075,6
19,0.285359407309443,0.766566650941968,0.0578497713431716,0
808,0.719107703955301,0.478436948603966,0.572395376965831,4
260,0.623939647946972,0.543467253842391,0.460639050207101,1
76,0.554649570491165,0.481101853772998,0.663322946755216,0
422,0.650775147301611,0.372468919539824,0.723102200054564,2
781,0.721757561116569,0.483527898619533,0.570185792709384,4
1023,0.712859365682634,0.502634538828729,0.564813952052056,5
603,0.591505461095367,0.447720746323466,0.73996938704513,3
483,0.657370688528754,0.549483786616474,0.521547571383417,2
803,0.722825402412312,0.491045214762035,0.56341509797232,4
328,0.624608295497019,0.474702456081286,0.714163803588599,1
291,0.623065642351285,0.428581396746449,0.792500868882053,1
1067,0.716042321334877,0.51075678925728,0.562903195648524,5
269,0.622798366018105,0.448299142811447,0.480616165883839,1
790,0.723370281785566,0.480741662674182,0.568933566694204,4
50,0.14866814063862,0.104822259396315,0.443705413257703,0
1226,0.71796900333498,0.45725977284178,0.560912414450349,6
158,0.624528440628201,0.63441599025391,0.559262163564563,1
557,0.589516163859516,0.379413372883573,0.55871161990799,3
875,0.719608424650996,0.481045845329826,0.565732211956008,4
786,0.723784470811376,0.48657305860717,0.565660438430445,4
91,0.914962213719264,0.526292599504814,0.0369748084340245,0
666,0.591503450206947,0.459970512939617,0.42641343488358,3
932,0.720920782336542,0.48568235925403,0.569317094092217,4
227,0.621480035847053,0.331865076255053,0.507548078987748,1
1058,0.715384794578142,0.5130491896023,0.571042341161568,5
698,0.597563802117947,0.767756132921204,0.744105081283488,3
119,0.0528636279050261,0.865805712295696,0.6958959097974,0
610,0.590935909776017,0.505998950614594,0.455152609478682,3
862,0.725472293851047,0.49324241103946,0.568295149975671,4
502,0.650262311568949,0.445514331385493,0.602790731447749,2
1154,0.713124417084746,0.460381777714918,0.566686574227301,6
82,0.884561803424731,0.832945051603019,0.104092569090426,0
84,0.00389359774999321,0.418883540667593,0.41751417145133,0
834,0.715538899301373,0.479990554460845,0.566077332168523,4
689,0.596723601473495,0.699517609947361,0.775677325879224,3
1006,0.726537732161719,0.506922267604912,0.566478923483393,5
634,0.591753832919057,0.639010042347945,0.616985643841326,3
959,0.718315475130065,0.519997858586485,0.556501842653928,5
99,0.23744471766986,0.945561535423622,0.00102475634776056,0
1250,0.728223015081386,0.448861671267286,0.562561110590381,6
643,0.593413731667679,0.400535655138083,0.476541517279111,3
1107,0.728812456900276,0.515127273557286,0.56226125522397,5
913,0.717508968333353,0.480034387611897,0.565245801884672,4
1027,0.727027652078309,0.513442738574249,0.569869108280597,5
717,0.593819283014163,0.351125646312721,0.823891319078393,3
7,0.209647114388645,0.424489256227389,0.161080383462831,0
262,0.626858694960829,0.438914451678284,0.760068517853506,1
1233,0.721182465744204,0.446722170715584,0.575385845077165,6
1228,0.725881894102184,0.444122075067656,0.55945316810912,6
1221,0.718747321423642,0.451993023960032,0.571678787215852,6
330,0.620907233580947,0.615838971384801,0.867297535156831,1
415,0.657221890634392,0.369384542037733,0.639300521789119,2
901,0.718153323444855,0.482174344865597,0.576288291073605,4
1175,0.712949287992635,0.44906785112842,0.567094698607698,6
1141,0.704770505611805,0.454455572441726,0.569073718797474,6
653,0.591379879745655,0.517094597616233,0.407544929161668,3
1298,0.71251387800914,0.45554365926891,0.562703993088265,6
492,0.654861233152915,0.342803444643505,0.459945561806671,2
1234,0.725415172348154,0.45124695157098,0.567435309351228,6
1238,0.718062410952403,0.450168701962732,0.563661453652414,6
1139,0.715164239315237,0.450274215851988,0.569340340076649,6
720,0.594575372382533,0.596632395801134,0.536301332619041,3
1035,0.717322926503704,0.512285817801462,0.567587094076273,5
24,0.818599552148953,0.0244355194736272,0.971462227636948,0
1326,0.721346833045442,0.451942202691849,0.561195061972383,6
1003,0.72126820983053,0.515190180135442,0.56747035562937,5
1102,0.725710257237538,0.508160728540725,0.560774093366083,5
317,0.628500747310463,0.723043886758387,0.654607203998603,1
435,0.649621323612519,0.633596324990504,0.404392579197884,2
1002,0.71678576462102,0.517596114230614,0.560257848893904,5
882,0.718936519031487,0.477980233622155,0.568764474006709,4
1266,0.725266345978221,0.453775171283437,0.570577501723809,6
960,0.726738142872367,0.504917376640045,0.565665453777333,5
236,0.623925938685425,0.494400250539184,0.456245549931191,1
79,0.801054222043604,0.63391817570664,0.110912351403385,0
109,0.642419134266675,0.319680957123637,0.331771576777101,0
465,0.655513386882376,0.436263954662718,0.672935510613024,2
1042,0.716242354338679,0.510048871812806,0.569620674898023,5
801,0.724720189114229,0.474519182921003,0.560493029174012,4
1090,0.72153375846233,0.515990413131668,0.568677840805401,5
596,0.596495715714991,0.456191493826918,0.629429938597605,3
608,0.59873951777583,0.76499012792483,0.457035961886868,3
692,0.598287862457801,0.760175475315191,0.425468304636888,3
1210,0.722046193457791,0.453413746626957,0.564088401991588,6
935,0.715708811543201,0.515137103758587,0.568820634910794,5
1324,0.71858645263019,0.464995082179703,0.555901092105915,6
980,0.718238479962762,0.502538168479108,0.576801855622022,5
1314,0.714396712284427,0.449540301133808,0.559250423196691,6
872,0.716198847614987,0.478779696796953,0.568663791630203,4
627,0.595567508675158,0.532994024618529,0.400940850703046,3
1264,0.725786110970711,0.443682014032109,0.564679606050725,6
126,0.816288871923462,0.788635122589767,0.0065985550172627,0
1197,0.715353039174235,0.454092035296457,0.563409653970955,6
735,0.718892895686412,0.471864840084817,0.56702348689322,4
614,0.590278890114278,0.567582399630919,0.747305261064321,3
930,0.719998386753302,0.480164451096964,0.564254245547073,4
418,0.649381440326106,0.462139766244218,0.855306435236707,2
909,0.716071165701311,0.486688331586709,0.56924700105705,4
314,0.625725362759549,0.698360325815156,0.462680999282748,1
71,0.99734381493181,0.562990379752591,0.0601672262419015,0
919,0.726768817978187,0.483703439451173,0.563810854717617,4
342,0.654730477456469,0.694171553873457,0.476352471718565,2
767,0.721913359580607,0.487784967160214,0.563456858540933,4
1144,0.722228274889674,0.449095212110025,0.566143230147927,6
699,0.591384188104421,0.727363130939193,0.771989354141988,3
1217,0.72038101460895,0.45165112337023,0.562226356844076,6
771,0.719357562311361,0.474015262650354,0.564406320044314,4
668,0.591168108922429,0.760869506909512,0.421798258414492,3
231,0.625286259138957,0.379677508887835,0.738973145815544,1
182,0.621219550019596,0.688611664855853,0.651410595257767,1
673,0.590130882270169,0.496724294428714,0.428089748928324,3
1323,0.718494269727675,0.451170022897193,0.558912314526451,6
451,0.652992342312355,0.327926091197878,0.605863035516814,2
1293,0.715754961878648,0.45919727010521,0.569384403316323,6
1269,0.71654371387119,0.453235629518311,0.571226281561466,6
1010,0.717435676461663,0.51758001329398,0.57108842174188,5
672,0.595403592006769,0.568551787803881,0.863717081584036,3
115,0.627971399342641,0.124155478319153,0.4167331145145,0
824,0.724991670439919,0.485741353541417,0.571848570561302,4
1318,0.716702941834236,0.443926593553519,0.559020180471362,6
780,0.719739477237916,0.488708995277944,0.574225295625031,4
456,0.657590849250555,0.464547332189977,0.515435361396521,2
472,0.650524652053136,0.456726393010467,0.473568303720094,2
249,0.622173989198636,0.579907017224468,0.444769002124667,1
168,0.624276434681378,0.634677738230676,0.565828704717569,1
1063,0.713006523177054,0.499609361647422,0.56377795097099,5
205,0.625530373444781,0.590371952904388,0.583884677360766,1
579,0.5936454360676,0.669720376655459,0.54147113985382,3
381,0.656064877880272,0.740520776528865,0.425311198434793,2
1163,0.716286530603652,0.45112376079762,0.566356335828456,6
957,0.717091023534408,0.50587193921013,0.560969593318036,5
925,0.721986089627039,0.491711543311084,0.569458860412821,4
379,0.657220870726742,0.638001038506627,0.838695210264996,2
759,0.718900725538795,0.49085340237113,0.565787441847479,4
469,0.649976215260103,0.416237552813254,0.637664106534794,2
661,0.598962922093924,0.684410948934965,0.781272859754972,3
915,0.724111247225343,0.484561289848942,0.558358503374858,4
333,0.623357129767537,0.717416704329662,0.402810270176269,1
392,0.653235342125408,0.581108601926826,0.870492986147292,2
74,0.243862989824265,0.559656450990587,0.214911637594923,0
244,0.623236871566623,0.633678202447482,0.8825983842602,1
1045,0.716995616638949,0.503733949989421,0.57132133445538,5
295,0.622339249211364,0.71128912193235,0.885288974130526,1
1109,0.729352493703386,0.518528350772431,0.564599469529738,5
408,0.650398753022309,0.683010404626839,0.806597840599716,2
1224,0.716103644461755,0.457158711568193,0.565612905116312,6
261,0.619661557786167,0.310750082647428,0.861464680382051,1
1278,0.722783780916027,0.455620887001471,0.573972416246293,6
703,0.591844294157345,0.36785465052817,0.620878956257366,3
887,0.720512570051386,0.474673292030168,0.561177829486507,4
2,0.912455826299265,0.198215770768002,0.97131142183207,0
549,0.593403423200361,0.514605645486154,0.493240826157853,3
545,0.596382819898426,0.704879960673861,0.886573204863817,3
184,0.621961134518497,0.761962973792106,0.724214906431735,1
1330,0.722181864377434,0.44965876457198,0.566901116491258,6
370,0.649305437295698,0.48394487220794,0.845848443778232,2
646,0.596656330227852,0.445230519678444,0.789562538010068,3
626,0.594705045106821,0.368819342856295,0.595035859826021,3
166,0.61942024085205,0.621096125501208,0.886446231952869,1
1011,0.7177123974511,0.507269728649201,0.568229789118507,5
712,0.597162414030172,0.606287385849282,0.535643592919223,3
1277,0.725956670431254,0.458402656491457,0.573524987193457,6
551,0.592975844522007,0.503429762483575,0.727527459245175,3
1208,0.720425398719833,0.455617756924181,0.559094440318393,6
395,0.654632396267261,0.524267487158068,0.789321883558296,2
464,0.649974089041352,0.449686100054532,0.397454481082969,2
1215,0.712283430256917,0.452239613206013,0.569338063928565,6
938,0.721034128038085,0.509083469294192,0.562375982968967,5
1183,0.727896914142309,0.450034098978672,0.568469327453952,6
973,0.731246623511308,0.512734623429233,0.558835950997129,5
931,0.715910661781821,0.48792645632775,0.570296523127793,4
292,0.62054351280909,0.45540177768562,0.501499026175589,1
1186,0.724189849077705,0.45484671767863,0.569883662017536,6
341,0.658657380673103,0.634522168245167,0.539644113834947,2
1086,0.711219193626733,0.515956395426434,0.563614130226754,5
1108,0.71123355646247,0.509368359333553,0.565978806049188,5
150,0.625520665680524,0.593499110126868,0.770756146148779,1
1128,0.722852684080624,0.513202950053352,0.579805091175846,5
372,0.652682139733806,0.466817901865579,0.540034907264635,2
574,0.594332039367873,0.682354653649964,0.806894216546789,3
528,0.657452893077862,0.408452277351171,0.524115648795851,2
490,0.652743198948447,0.558050015172921,0.686806053365581,2
232,0.622121974125039,0.344463724805974,0.710839794343338,1
620,0.589099941130262,0.375229692365974,0.742627325095236,3
829,0.720435696786277,0.482984147376913,0.572508037499235,4
623,0.595824204960372,0.543809107900597,0.556035885331221,3
1290,0.71644438330384,0.451539820857268,0.5697462079122,6
628,0.596862289323471,0.521255524992012,0.503784450911917,3
948,0.718342788655074,0.517156306181097,0.566267473826222,5
64,0.542266190750524,0.638705345569178,0.664954602019861,0
636,0.593851613400038,0.761481579323299,0.867846020124853,3
1198,0.712236755685304,0.44905473795388,0.569871777278614,6
41,0.712188948644325,0.731552454410121,0.303470408776775,0
782,0.722614872959242,0.485132847819954,0.572220831588445,4
1009,0.722492727387916,0.512362724328136,0.559963507364063,5
351,0.654636528929695,0.287029044283554,0.610698367794976,2
955,0.725714982368177,0.513429346408347,0.559445218268662,5
447,0.651371816790197,0.732989834318869,0.411172757484019,2
280,0.622920997315086,0.418086125794798,0.693585032690317,1
536,0.598475456801243,0.565406701108441,0.561576192476787,3
1138,0.717774075496987,0.452785877724049,0.559929779083981,6
562,0.589407051880844,0.388291216269136,0.711230571009219,3
1254,0.722669858175507,0.459839892346199,0.566225411630594,6
93,0.664481262210757,0.259378986665979,0.906832759268582,0
160,0.627795546976849,0.330063874996267,0.710298191267066,1
914,0.729902856729663,0.481129353164758,0.555956695690106,4
1209,0.719076157428687,0.455587853265571,0.560652713068745,6
220,0.624033129296731,0.469991304376163,0.873655043868348,1
397,0.654190297513269,0.294759778236039,0.74361317998264,2
112,0.0881444925907999,0.554709097137675,0.0135898652952164,0
304,0.62569623378804,0.346193431108259,0.728133335569874,1
454,0.657621684395708,0.428472501505166,0.74014883718919,2
911,0.718832627077459,0.485650318662489,0.568894658679163,4
649,0.596335237992462,0.425860932376236,0.554909896780737,3
1241,0.719785574024282,0.454225463417003,0.57059882443076,6
669,0.591180094392039,0.564291124977171,0.893755009025335,3
248,0.619330751756206,0.536752668954432,0.443794315191917,1
742,0.717881000824217,0.47677132765834,0.562263316618065,4
445,0.658437475988176,0.40272938546259,0.820644377474673,2
294,0.621820255692583,0.552602869272232,0.729002345679328,1
285,0.623206037455238,0.766965879988857,0.670549829583615,1
670,0.593083781723399,0.614774861535989,0.770543701108545,3
436,0.653534986267332,0.694886902393773,0.730680740531534,2
143,0.619690666447859,0.486919719306752,0.694908401556313,1
120,0.635523129021749,0.380859464406967,0.708559086546302,0
663,0.591451043279376,0.454452118650079,0.571053277794272,3
448,0.652964303570334,0.465686288359575,0.718018094170839,2
470,0.65114954759134,0.328459789906628,0.72874979171902,2
550,0.596619609103072,0.653096580458805,0.799131049634889,3
1049,0.717865607784884,0.511695396019812,0.558095328431031,5
433,0.654859389618505,0.640702625899576,0.877660463191569,2
1214,0.722311280080359,0.459890700991421,0.563210217367519,6
690,0.590850513728801,0.605109396320768,0.423861103923991,3
934,0.725244083363504,0.503791658610327,0.556746410544981,5
760,0.726217309382208,0.47989004902635,0.558338726601943,4
193,0.622443845141679,0.399771655490622,0.503246700833552,1
1329,0.720574685923781,0.450441648385911,0.569654639713466,6
103,0.376963562797755,0.0994742310140282,0.386632693000138,0
8,0.0327826321590692,0.596967824734747,0.167198395356536,0
855,0.723699410810216,0.471481635319583,0.560831669909516,4
1076,0.729043873791028,0.509221861990518,0.569466307810093,5
1,0.297199660446495,0.382942287949845,0.282526504481211,0
711,0.598838259230833,0.667010091291741,0.8663356350502,3
1291,0.724167684768608,0.452664819044822,0.570905554813605,6
776,0.726977550530046,0.474454483528912,0.566674595897254,4
277,0.625835076961666,0.457284493884072,0.493103083432652,1
710,0.594113760907203,0.624699073540978,0.508620814513415,3
400,0.657624738735613,0.417152494587936,0.765427383570932,2
697,0.591033444949426,0.388380070030689,0.849909546528943,3
349,0.651469590598717,0.714262198470533,0.577657559630461,2
224,0.621652944248635,0.52306590967346,0.514636535057798,1
583,0.590516152428463,0.347536829463206,0.655992089165375,3
113,0.892715028952807,0.843021813547239,0.25727933133021,0
389,0.650258976931218,0.449214976560324,0.46857900635805,2
398,0.651004800852388,0.469066136912443,0.757631977880374,2
876,0.725435637871355,0.472508517516799,0.57069877674211,4
773,0.71619478894252,0.478415609525547,0.567265665425295,4
403,0.654262958725449,0.395988348918036,0.602605309546925,2
996,0.719403058826845,0.50423434092425,0.559196104101252,5
1135,0.721474382401333,0.451026718868947,0.566717056094077,6
819,0.725598476106823,0.482833902290928,0.563661289178371,4
407,0.658115952296648,0.368669454520568,0.848619909468107,2
868,0.722015754237659,0.488837651268645,0.563344731346446,4
1101,0.716558768079904,0.504390844652758,0.571346106721491,5
217,0.62591175865382,0.752329656784423,0.53116988260299,1
650,0.594878031495027,0.29183391625993,0.64886623735074,3
1301,0.719865390674182,0.449089192564046,0.561218511628163,6
406,0.650624118917622,0.474006360326894,0.69071570164524,2
740,0.719794320462033,0.479861832225422,0.563425015299803,4
1286,0.720254357312811,0.453303670929673,0.568333957250862,6
1004,0.720216613982193,0.516755661206597,0.56671736929367,5
331,0.625537648722529,0.317548429872841,0.56251225117594,1
757,0.720898789656683,0.481111780191908,0.556880637753044,4
956,0.719832879814998,0.513362028068953,0.56801726545557,5
621,0.593208075372968,0.393392061046325,0.75625302081462,3
463,0.657692059923429,0.471947640343569,0.722978244512342,2
507,0.651545529975556,0.286257442948408,0.463572760904208,2
745,0.72901610664076,0.485867067650502,0.574305108992426,4
366,0.657699156960007,0.431985870283097,0.549794631986879,2
526,0.65462182915071,0.452062601735815,0.803174124076031,2
125,0.676278503378853,0.0217065750621259,0.207419521873817,0
974,0.718693305841705,0.516222885969609,0.572047339175159,5
761,0.717848100701853,0.486583274210469,0.563592189736315,4
1065,0.714548604564247,0.514794367761155,0.561643875727866,5
535,0.594630437702872,0.513973594224081,0.395442827581428,3
1117,0.721946545385156,0.505105255043449,0.571583359189196,5
1148,0.724047394257979,0.454942984898244,0.568569070851683,6
1258,0.71984439548065,0.452406181679065,0.573921210990038,6
95,0.383993244264275,0.857210885733366,0.713677721330896,0
1200,0.719446477112027,0.454534990388728,0.560212042235995,6
778,0.719637589771253,0.480643199466881,0.565344202087131,4
784,0.713622004827857,0.476749487262665,0.564284851805245,4
677,0.590795255773701,0.484056139178574,0.495300224144012,3
590,0.591758129305672,0.35666008554399,0.845318609010428,3
22,0.688471559435129,0.342930814949796,0.224639079999179,0
1297,0.722650459415188,0.45202918563587,0.565588896560663,6
313,0.626985973201226,0.393250262876973,0.573889240715653,1
544,0.593319185336586,0.662773150880821,0.472012316668406,3
382,0.650263931110967,0.466930499463342,0.411420786264353,2
467,0.653017323620152,0.393212606711313,0.715217961673625,2
529,0.653749681881163,0.390178069868125,0.740511884423904,2
1294,0.714807365728328,0.447113181517195,0.572690555813645,6
123,0.509885470382869,0.26538567780517,0.995432599447668,0
151,0.620968935480341,0.57717575323768,0.768844402371906,1
816,0.718726422115551,0.482601184331859,0.564758329552007,4
970,0.720852006632208,0.512957477497907,0.56793455342713,5
898,0.709314719132564,0.491094617974147,0.568028091585861,4
243,0.629026550156996,0.619630996300839,0.781900125183165,1
810,0.722579091944581,0.48259997954029,0.557708893052915,4
352,0.654101118587423,0.75065303191077,0.69767287557479,2
301,0.619895809520967,0.338603375991806,0.718806498893537,1
60,0.778189753182232,0.51833825558424,0.225694529945031,0
854,0.718781391778775,0.473616797730136,0.562214180433297,4
1106,0.727336033788463,0.506649015674985,0.576071394718569,5
713,0.597518606062513,0.48769653767813,0.787154854019173,3
241,0.627813374083489,0.4906694667181,0.525903218984604,1
766,0.719188627299455,0.486219725030462,0.572198423539014,4
391,0.656060829830822,0.562474169349298,0.648663451871835,2
362,0.650017954392824,0.60292587003205,0.410291258455254,2
584,0.592875996225048,0.450453779124655,0.656891160388477,3
1201,0.712455647277664,0.441874694716204,0.559960223262685,6
1256,0.722361243270372,0.456975245744747,0.562784179380538,6
271,0.62087444994133,0.38095358426217,0.609220668533817,1
1012,0.721115275630961,0.508751137843832,0.569023637092441,5
493,0.651134250564501,0.507806917815469,0.558125461544842,2
149,0.624552462093998,0.586321183759719,0.4266241641948,1
1051,0.725770310101,0.514138853389054,0.558182224663009,5
393,0.657152594465297,0.331369484821335,0.792182246898301,2
283,0.627771787419915,0.298946827580221,0.875840979255736,1
270,0.621436984369066,0.340486496500671,0.519953096262179,1
984,0.726961808095459,0.507684177126526,0.562009668517329,5
817,0.72408711563045,0.490601720803755,0.555723742084717,4
581,0.590692243380472,0.648121116613038,0.413703184435144,3
1032,0.717024204823849,0.504425701255496,0.561831645756938,5
116,0.797481055138633,0.232344522839412,0.152715243399143,0
102,0.450521311722696,0.534449208760634,0.639430368086323,0
857,0.725212526419868,0.474836319528486,0.565871032291542,4
214,0.628199718173128,0.547003240371123,0.743039440922439,1
37,0.387358980951831,0.416573388734832,0.848209413466975,0
449,0.649119377902243,0.447947663767263,0.709332301956602,2
29,0.0751778383273631,0.360528704477474,0.382436431478709,0
602,0.598404287153389,0.376528685376979,0.669134723464959,3
976,0.712177630102604,0.51218553422537,0.5713627665704,5
1149,0.719245685752041,0.458343865620996,0.561414433791202,6
920,0.715420650774259,0.475764292688274,0.574787233978909,4
593,0.594914666560944,0.553578139911406,0.587278688070364,3
86,0.87729059974663,0.994250232353806,0.175371702527627,0
1083,0.727660523053676,0.514140205352681,0.561677435805504,5
1104,0.717893075455999,0.523616037548511,0.563181465684766,5
323,0.620822571967728,0.692138172499836,0.620813155989163,1
484,0.651683161167894,0.529407184151933,0.851103945611976,2
1061,0.722047271973246,0.501252928237512,0.560696163867967,5
1185,0.721021941971988,0.450536782677209,0.57318764653196,6
1119,0.716301183069461,0.508754573948425,0.576754352804369,5
1288,0.722719892901394,0.443277290104657,0.56701225112386,6
903,0.722873959057632,0.476937052275013,0.565804843345167,4
251,0.625862395230215,0.693132971576415,0.444687873101793,1
1218,0.719207843090423,0.452278166985123,0.559605147405713,6
315,0.622228505816311,0.39002892205026,0.525076397438534,1
950,0.729603962833081,0.513127741166983,0.557153449737175,5
1025,0.722521661889569,0.510471736920126,0.566903092025228,5
288,0.622454450454097,0.655461656441912,0.609193499875255,1
624,0.597481340537779,0.325319974380545,0.441467585368082,3
36,0.476128589827567,0.892796680564061,0.957886405754834,0
1182,0.725759963745727,0.453833980752069,0.570768946506431,6
906,0.717594596413755,0.47990107976285,0.556171377892091,4
538,0.594659788827412,0.422503915196285,0.860909795132466,3
618,0.598949617950711,0.659839743911289,0.405773380864412,3
902,0.721262473814355,0.480435036437608,0.567095556366542,4
891,0.720499432797262,0.478082310390763,0.571758349995861,4
1126,0.727936629126205,0.507630086244395,0.566503325081511,5
399,0.649798660750967,0.768232747609727,0.539002588926815,2
187,0.624113483703695,0.64374895922374,0.562334547145292,1
565,0.590069040227681,0.343590441322886,0.689967090007849,3
1146,0.724122377901443,0.449749431535626,0.56895568621946,6
1031,0.718729877964931,0.513266219578099,0.569274566262592,5
516,0.657723246929236,0.317528793169186,0.428324685874395,2
410,0.656762019125745,0.351349588879384,0.75658633580897,2
1176,0.719169292397446,0.448874424581409,0.570442659657368,6
897,0.73208572343896,0.485438200640008,0.571152233840904,4
523,0.649800651387777,0.757958188001067,0.405055780871771,2
594,0.596550668198615,0.751953078829683,0.571901778317988,3
33,0.593915316276252,0.131408837158233,0.280402885517105,0
577,0.591039017580915,0.414580333209597,0.456278543896042,3
206,0.627350050550886,0.705958011257462,0.655026591126807,1
1312,0.720767330546314,0.455561509721846,0.565829476800812,6
585,0.591538481649477,0.380973667651415,0.410911802412011,3
307,0.621457519778051,0.747520273714326,0.888513795775361,1
910,0.720319393809213,0.480938670158237,0.572199977257013,4
1129,0.729824162574696,0.51439463403136,0.565562909207099,5
638,0.592561716260388,0.721409567212686,0.538897237717174,3
563,0.594090798045509,0.721095362957567,0.448432238982059,3
1091,0.730920825075681,0.510792883757468,0.573050582865205,5
228,0.622169085023925,0.705048406077549,0.587023042002693,1
327,0.626046817454044,0.4835847963579,0.399769250978716,1
989,0.724681748749257,0.506321618954353,0.563501685944657,5
1131,0.724917721490347,0.505020670781615,0.570667919870897,5
1143,0.720493875716491,0.458480182101364,0.565828741980687,6
1166,0.714950110797523,0.447045513696234,0.566557375625215,6
229,0.628134300622623,0.547523051197641,0.833437306201086,1
859,0.720432323469381,0.491434445499707,0.56255421345604,4
509,0.656157767570112,0.386473600566387,0.696033471706323,2
981,0.720355700891144,0.515640371442841,0.566688304733278,5
477,0.652364701807965,0.775618643779308,0.789556672773324,2
656,0.591346031222492,0.410099531221204,0.473622995405458,3
47,0.318034755298868,0.779388289432973,0.76485533430241,0
367,0.65536500585964,0.692031048052013,0.46854378094431,2
823,0.720242842909087,0.48876488824359,0.568409798704893,4
1328,0.720359749709793,0.46108777680267,0.566246361904851,6
641,0.591726750333328,0.650549095170572,0.846013179258444,3
63,0.676494570448995,0.906503930222243,0.907755323918536,0
55,0.576507505262271,0.215526985237375,0.431077829329297,0
142,0.625671896901913,0.654304555081762,0.507086122152396,1
662,0.593458297448233,0.357842806424014,0.831952459504828,3
216,0.627210032970179,0.745152001082897,0.678741432237439,1
985,0.723427954935887,0.51529724776467,0.562352130773031,5
356,0.653056914107874,0.416387724503875,0.634581735217944,2
124,0.199647273402661,0.697572825476527,0.918760833796114,0
814,0.727970193519063,0.479388379190623,0.561670491574303,4
68,0.239015668863431,0.0427451718132943,0.124933105427772,0
576,0.595192153791431,0.712422515079379,0.706103887734935,3
639,0.590607031981926,0.457817498990335,0.890954564651474,3
737,0.730542289876778,0.470419110761758,0.568385314847707,4
218,0.623991906638257,0.277981177018955,0.459679120895453,1
702,0.596496186663862,0.575053884810768,0.837967460369691,3
922,0.725597057808285,0.481758567724169,0.566428401135179,4
1016,0.733620255885366,0.514028594218715,0.564285243063874,5
1193,0.717960361664867,0.440532086671859,0.568856455169041,6
1052,0.721175941365304,0.513020525477706,0.571750821902772,5
512,0.65255074030254,0.571907589840703,0.496472062403336,2
462,0.653142395759933,0.31614280147478,0.742998122796416,2
25,0.774711453355849,0.91813945164904,0.882535903947428,0
368,0.652404901969712,0.584424344403669,0.808225493039936,2
222,0.621595869713929,0.424846530123614,0.511214731703513,1
826,0.72400332096326,0.478674202016903,0.571652252186616,4
450,0.652680043599103,0.481359515734948,0.525472225947306,2
140,0.623623091788031,0.706950733950362,0.591252311342396,1
1096,0.726746527181104,0.511037309625376,0.562385365060897,5
210,0.622933583837002,0.365600880864076,0.684972266061232,1
722,0.598765328617301,0.432382474467158,0.862022628518753,3
1055,0.720942718648988,0.508258929943611,0.565139158222369,5
130,0.240004076622427,0.479662070050836,0.996075566392392,0
727,0.593003950994462,0.372128328471445,0.425333582423628,3
239,0.625376165485941,0.297707843058743,0.825145649467595,1
320,0.625581191168167,0.423977191606537,0.603421280137263,1
1184,0.72517613643583,0.444688427915903,0.569821791966478,6
1036,0.711570606328389,0.51044191304057,0.563256306497839,5
966,0.724319704235687,0.510621968186963,0.566411084330796,5
849,0.722580528403047,0.482791726151179,0.563299843873422,4
306,0.621430681878701,0.491500903083943,0.734181229351089,1
211,0.628999737072736,0.546489864983596,0.879471370228566,1
186,0.624563127392903,0.311472655786201,0.537426618719474,1
275,0.626521008049604,0.322486373526044,0.732521757343784,1
1033,0.715529023106757,0.516349151815211,0.567398352379801,5
559,0.593077922703233,0.436427562893368,0.668904011463747,3
991,0.717567488082008,0.511627749307067,0.561489942244306,5
189,0.626436152912211,0.576843632780947,0.698771654139273,1
847,0.715519932144691,0.482679629372992,0.576547932036428,4
135,0.622661217625719,0.42578456136398,0.465527949831449,1
80,0.508098998107016,0.632052773842588,0.0282568805851042,0
347,0.652491330495104,0.682350285630673,0.749956675199792,2
629,0.597367291930132,0.479242106713355,0.437317623035051,3
88,0.165987598476931,0.0720725010614842,0.973364350618795,0
203,0.620838961144909,0.305899142334238,0.488193051051349,1
861,0.71764968626456,0.483914099533165,0.568063403877683,4
1270,0.71622411467797,0.454338892601164,0.565189252800019,6
1034,0.721990019855326,0.516518430005635,0.556725655624337,5
1220,0.716936602217794,0.455292677337197,0.572262103359642,6
1296,0.719269152822203,0.448778078917539,0.565026726682544,6
750,0.717511232974076,0.477825585267852,0.573441837954207,4
998,0.720160269787543,0.520831123205104,0.563943987113086,5
622,0.598574550328776,0.754733601165935,0.75143284581136,3
714,0.591589601628948,0.726405765325762,0.754314510244876,3
505,0.654062239553314,0.501586758345366,0.848913790867664,2
1247,0.717352311286043,0.456421931827113,0.563025528303082,6
1236,0.72224165557507,0.450979543598293,0.570113000277153,6
1022,0.715328632370659,0.521301338997456,0.569204995920021,5
1069,0.707636237023676,0.515669035356015,0.570384005637848,5
122,0.867554445052519,0.770093459868804,0.752369937719777,0
705,0.593448130164761,0.561648573772982,0.475809063157067,3
863,0.71049150089146,0.478604933169755,0.561550166708668,4
225,0.623366896444932,0.298960745846853,0.425923612993211,1
953,0.71894152409522,0.511450260150606,0.571272186014315,5
1153,0.721291155315278,0.442906333625118,0.561171210002241,6
235,0.627992602819577,0.774744118726812,0.815918882819824,1
297,0.622881830378901,0.294587420462631,0.494280955963768,1
426,0.652373844911344,0.757375975651667,0.882621196541004,2
266,0.622439060742035,0.349374390952289,0.655307907820679,1
176,0.623506668079644,0.544098636182025,0.80126852679532,1
152,0.626509637460113,0.413716497761197,0.580080320569687,1
928,0.716577535484631,0.482303698924203,0.567055116881092,4
1043,0.727302917042895,0.500212614175082,0.567302394502022,5
441,0.652716174451634,0.662387141189538,0.404021496744827,2
354,0.657941847112961,0.548894245224074,0.478216901165433,2
442,0.654039003062062,0.570480253593996,0.800669589987956,2
310,0.627696336300578,0.349828842608258,0.45011692061089,1
1195,0.718325735903154,0.440061643597761,0.561872107269267,6
1133,0.720266185892437,0.517844469608925,0.556291176743711,5
1178,0.725387899565551,0.45456120093778,0.57375648178103,6
769,0.722600507071223,0.482899725154339,0.569518184203307,4
805,0.729608438162401,0.488841913097382,0.563770677663012,4
340,0.652423239736818,0.694382260018028,0.871173255471513,2
208,0.623232260192744,0.373333698417991,0.784155977750197,1
81,0.562155002960935,0.955665705958381,0.592871206346899,0
1289,0.724000819156369,0.453583669389745,0.567585143172709,6
250,0.62582105321344,0.683422205317766,0.781835556938313,1
474,0.656768331755884,0.594050647271797,0.81129329346586,2
1054,0.717699632633598,0.507654869405195,0.56882003575951,5
380,0.659001566448715,0.548340014810674,0.691310526081361,2
98,0.728444635169581,0.312983358511701,0.105915548978373,0
240,0.62549212728627,0.427514590253122,0.873977437475696,1
200,0.625601512985304,0.410564466775395,0.458951820596121,1
466,0.653652275342029,0.448137712595053,0.64543742951937,2
1077,0.718332537744231,0.502823939620797,0.560711078912943,5
105,0.426838074112311,0.0339575468096882,0.442114814650267,0
144,0.62483704153914,0.413786522857845,0.734096070029773,1
440,0.654739124362823,0.764058168674819,0.811807351512835,2
104,0.427641441347077,0.0225234450772405,0.0636221868917346,0
749,0.724457028435766,0.476522654837566,0.566225039237546,4
289,0.626445804066025,0.601273756870069,0.670024828263559,1
883,0.7123331280362,0.481418719383289,0.560869679862854,4
85,0.996331407455727,0.746799073647708,0.654007252771407,0
732,0.595796122355387,0.693814425892197,0.571593547915109,3
434,0.652796910400502,0.3328515362693,0.513252245238982,2
488,0.656902261911891,0.471066499757581,0.648026858665981,2
188,0.628700913814828,0.328414567443542,0.848759258026257,1
1275,0.715507871308596,0.446507319584748,0.569512132658979,6
748,0.714280616111274,0.487832110145225,0.565629703148093,4
1094,0.723045887600334,0.508655065762119,0.570415172382407,5
339,0.652387225211132,0.683303066459484,0.699747072625905,2
791,0.724459463187327,0.486919448225316,0.567456028142301,4
800,0.724386849925478,0.478470745111984,0.567867375288843,4
715,0.590909944970626,0.648678872315213,0.559524976508692,3
155,0.625243712041993,0.501346266060136,0.569417030410841,1
946,0.722903305194861,0.500400238237616,0.569061453556493,5
503,0.652541316449642,0.770018853060901,0.440960832149722,2
164,0.625188184122089,0.65936215785332,0.526777041819878,1
326,0.62712880428182,0.624609422218055,0.584898704639636,1
513,0.656944977312814,0.627241094177589,0.494647334772162,2
170,0.627095893744845,0.711419953312725,0.644434475665912,1
1309,0.728006396910082,0.453139448801176,0.559520402940326,6
1265,0.724597885019234,0.453049745601719,0.568337505930493,6
605,0.594846438316163,0.624555453239009,0.794426959916018,3
525,0.655946886562742,0.591321767470799,0.886328571336344,2
1059,0.721593719455921,0.519730796233531,0.567852858610426,5
430,0.653285445158836,0.606788601423614,0.633803709968925,2
877,0.714969433061057,0.483075058715741,0.559160989623712,4
361,0.65221730344696,0.401418020413257,0.731369739957154,2
517,0.657654438379686,0.479717847937718,0.811734453751706,2
28,0.0203346130438149,0.237550515215844,0.192108280258253,0
651,0.593359622727148,0.356564165721648,0.422036038222723,3
680,0.598886982616968,0.285217236774042,0.552264734613709,3
851,0.719006539690686,0.485057928658159,0.56979198950091,4
907,0.714614242184584,0.483530109465637,0.570095287360041,4
1295,0.721818639480444,0.455152023131989,0.556828701267094,6
775,0.720700678173557,0.47878863042253,0.552766726253381,4
848,0.723516068375754,0.488632439607287,0.56931732879544,4
468,0.653653613864444,0.461867376510054,0.464788877032697,2
886,0.724757437389098,0.47776737635679,0.569171319385718,4
424,0.65457416502526,0.488493832573295,0.839612196641974,2
1190,0.720413012435653,0.461054301984145,0.568868001179841,6
437,0.655154068830889,0.70851128087379,0.584534829459153,2
1271,0.722445390966093,0.452436874988612,0.567282999834889,6
752,0.712631481525536,0.491762314018734,0.567163078235788,4
1142,0.721197139680576,0.45041504446263,0.561824805570079,6
57,0.531853351509199,0.0984367216005921,0.947250241180882,0
290,0.62607872268185,0.70358892895747,0.526976523897611,1
256,0.61958280393621,0.336680365423672,0.874860123009421,1
499,0.651734641722869,0.482247515046038,0.647322002192959,2
1137,0.716450240692519,0.46200815557006,0.566523597633821,6
360,0.649667963800021,0.352738126111217,0.70323433468584,2
842,0.719798984887962,0.496991237376543,0.575215733973188,4
726,0.592977091418579,0.607070477260277,0.798108744993806,3
964,0.717881621400891,0.512631172748582,0.566615571948101,5
943,0.716862427411156,0.502682914055161,0.576426023238912,5
540,0.595659533475991,0.479388935421594,0.449672983470373,3
678,0.596110436350573,0.377051624865271,0.494979315181263,3
355,0.654043540821876,0.588753057224676,0.64727515433915,2
1123,0.72272474781136,0.509230451988283,0.55815956132419,5
763,0.716576390961818,0.486360455699007,0.570357999511789,4
1171,0.711921449367447,0.453477462823516,0.555233305029365,6
694,0.592463175347075,0.447587551246397,0.558154904376716,3
520,0.654760951809585,0.606752936774865,0.442665445595049,2
374,0.650322578272317,0.423090346786194,0.650858049024828,2
804,0.719230227743535,0.487861202898457,0.57836891587431,4
309,0.627985801226459,0.761064532259479,0.731440326757729,1
167,0.624577631927095,0.551523702614941,0.886472835298628,1
1205,0.71804600267547,0.449464053591545,0.56877241400282,6
812,0.721430639225001,0.483840240561035,0.565428041518771,4
312,0.626547182954382,0.624753931816667,0.789707779861055,1
1222,0.71609100348976,0.456074541151631,0.567083781111654,6
1018,0.722937036634077,0.504777027094532,0.562918212062483,5
1024,0.717214343919365,0.505821323022411,0.567601129837518,5
940,0.721675137422198,0.516272209510386,0.56569757994834,5
498,0.65665410829708,0.553608886827715,0.710082947020419,2
480,0.65387271971209,0.537136790622026,0.538345533399843,2
246,0.619306026287377,0.520985889178701,0.709027285198681,1
723,0.593931429055519,0.279610512941144,0.748854882642627,3
531,0.650417372738011,0.279740913351998,0.700350231816992,2
43,0.137782815145329,0.67979422211647,0.566635086433962,0
860,0.725070162119183,0.487982111526641,0.564143069053899,4
1192,0.721759681508827,0.459160963152246,0.564196609720014,6
276,0.622902221125551,0.694367150589824,0.675766983628273,1
979,0.719454969758958,0.507653004666214,0.57705065420893,5
736,0.724671487780115,0.471627883111977,0.558357708364578,4
798,0.729166916400933,0.481860260616605,0.558168034133139,4
357,0.658685923386365,0.708653717115521,0.754302639258094,2
257,0.621885321210139,0.688481539185159,0.757557971496135,1
929,0.723766416486028,0.48596875777824,0.566905865016457,4
175,0.628025479777716,0.752022889256477,0.506086406158283,1
385,0.651259505299386,0.507624690933153,0.751759537006728,2
1015,0.718230373732713,0.510551444696096,0.563452409405411,5
96,0.94746103300713,0.696959805674851,0.862814625026658,0
501,0.654246668166015,0.403885673778132,0.631873809127137,2
1116,0.719311682179105,0.509222618502058,0.556323025198548,5
1132,0.716446393139535,0.510006178492635,0.566259149740554,5
344,0.656282036046032,0.698075524810702,0.740069038444199,2
131,0.686495375121012,0.158313982188702,0.541327816899866,0
597,0.594744926521089,0.68626801581122,0.663416361412965,3
1307,0.728232678139041,0.453544044348574,0.570083800749422,6
718,0.596198020540178,0.583419604622759,0.785720699210651,3
827,0.722096447007717,0.473048592338145,0.56281573064812,4
1167,0.717671185071541,0.453336979902224,0.558323624274604,6
1062,0.728743820821439,0.510273785966505,0.569122210140379,5
961,0.712412227580461,0.525235303917986,0.562100835899704,5
255,0.623201606576331,0.767058558575809,0.60695420273114,1
209,0.624336300408468,0.385159013024531,0.762237925291993,1
1172,0.717432607016135,0.457068204665513,0.567996251413351,6
679,0.594615533396136,0.541587365255691,0.420389771321789,3
1155,0.722400770789658,0.450050269141485,0.561441743784313,6
570,0.592948425756767,0.609867020556703,0.709419796685688,3
495,0.655628844473977,0.304594711679965,0.856072987988591,2
100,0.899020225740969,0.615430332021788,0.207917540101334,0
893,0.724134839119794,0.480464088238062,0.562238173123724,4
265,0.625753107462078,0.28697190519888,0.510012545483187,1
1111,0.717466555260107,0.511569321045461,0.566630668570904,5
1245,0.720579219885926,0.447366335622998,0.569406552891704,6
53,0.130455923033878,0.478200278012082,0.603780817938969,0
1252,0.717760176818656,0.462236692535166,0.56393691964837,6
156,0.621652458726894,0.289172662585042,0.869494982273318,1
644,0.597736453486141,0.279136377084069,0.56604418924544,3
892,0.721392105796382,0.488195607239375,0.555889459196601,4
1082,0.718690345281369,0.511180617651036,0.567866868672651,5
1039,0.713591084648536,0.516827277188278,0.558595759424593,5
918,0.714656393631309,0.485448231418889,0.565381258779089,4
965,0.723705039818295,0.513076790387219,0.569501538038753,5
756,0.712478467114995,0.489288138802089,0.568686039417596,4
1162,0.71555693940112,0.450306725088996,0.568977769200515,6
601,0.590860394504853,0.392528564366512,0.435776700940915,3
471,0.651159787222277,0.301748233893886,0.674116135551594,2
494,0.65023793795146,0.725864138500765,0.659960433351807,2
1013,0.716139098480763,0.504651998536817,0.557469316804205,5
988,0.723512912759141,0.518463523336124,0.561114949296457,5
518,0.653133823212702,0.774821258662269,0.771681533404626,2
1066,0.717858715289465,0.50620427040858,0.56980314671485,5
1026,0.720257570640074,0.52300037228329,0.5666290809518,5
693,0.593795179952867,0.399422082514502,0.601032478362322,3
1017,0.716642642477807,0.516176780332602,0.56078026656454,5
1005,0.719496967677565,0.515715325538408,0.55898062547514,5
779,0.723307645428166,0.473505067254888,0.56894736198188,4
108,0.536610146984458,0.294196839444339,0.964837926672772,0
196,0.619969536205754,0.422546959295869,0.670812876522541,1
94,0.482511183479801,0.103959862142801,0.909441302297637,0
1073,0.726839973687682,0.501902596933938,0.562010915193961,5
945,0.718875333858727,0.516271096109332,0.56801595981549,5
1000,0.720925088843326,0.516094470850827,0.567902561072766,5
896,0.721826485413324,0.486036559536622,0.570692750048338,4
183,0.626317396778613,0.642484070197679,0.674999094777741,1
258,0.62707773321541,0.462389685842209,0.693171111727134,1
87,0.608316568890586,0.750389594351873,0.0375195248052478,0
983,0.728301844684398,0.515128444457756,0.570035337293082,5
345,0.658953859249596,0.536223077960312,0.526720211468637,2
12,0.752417442156002,0.303686076775193,0.190228486433625,0
923,0.718788280334957,0.483070557006005,0.566445966318248,4
962,0.723198121196031,0.507982605237223,0.564475607339464,5
40,0.359707183903083,0.0490091370884329,0.948996577644721,0
169,0.623091805311851,0.463279984937981,0.669836644059979,1
1259,0.712396753653608,0.455091189434367,0.558905665248738,6
941,0.72519143615625,0.513817021534835,0.563646007044045,5
968,0.723097384710792,0.506463723056079,0.560567124417719,5
645,0.596353512906935,0.755578271858394,0.800296853506006,3
613,0.590654134207871,0.28223185071256,0.831731776683591,3
833,0.72207322159793,0.482479018967067,0.57661429129654,4
378,0.658355708660092,0.720990033634007,0.615029594372027,2
1105,0.719319066419463,0.51114784310872,0.564879598428723,5
977,0.714689968460723,0.518159085567789,0.570924475067558,5
237,0.626063722267281,0.324884149408899,0.540802926733159,1
1231,0.724467292721091,0.448474809575989,0.569131000507147,6
305,0.621262237692717,0.704561710869893,0.61039958356414,1
568,0.592550469338894,0.692876936332323,0.847026086156257,3
846,0.720098697413257,0.478549811541152,0.55479598666233,4
1243,0.718810203255054,0.451711154726148,0.566116847734089,6
1315,0.713885762554582,0.454052799942334,0.565986398981342,6
533,0.652350010557566,0.66871410717722,0.857452935865149,2
840,0.729117742873553,0.485684415179827,0.576391144642187,4
541,0.591542442289647,0.409018477937207,0.404831935511902,3
604,0.590346312678885,0.36015386627987,0.665807952266187,3
45,0.14224906405434,0.980680993758142,0.870252789696679,0
764,0.722262557968292,0.482422357702407,0.568919918644348,4
199,0.625620136233047,0.559507264452986,0.683323214156553,1
567,0.592182550802827,0.697360612964258,0.708024524012581,3
159,0.626379127427936,0.593966704374179,0.735080285090953,1
62,0.32577112945728,0.930407666135579,0.192666033050045,0
599,0.598454342433251,0.696602828730829,0.607249017315917,3
267,0.62761129278224,0.354542015516199,0.633373507624492,1
1268,0.709164399698357,0.457814851066543,0.566796275359417,6
1203,0.726381635378849,0.450792426018337,0.56404072766246,6
990,0.721684930770387,0.511427316197,0.557030952735989,5
1158,0.70854770748414,0.453767713537408,0.558894392732375,6
364,0.658159894046839,0.74807382018771,0.781994458381087,2
1020,0.722471200497601,0.502464661559688,0.56332709381173,5
475,0.651557138157077,0.705034905858338,0.757729553710669,2
90,0.526797476923093,0.129580905195326,0.818673792062327,0
421,0.655701228224207,0.482692748703994,0.841956953844056,2
1281,0.730052936941458,0.447940931370509,0.562800373556741,6
174,0.628119960131589,0.768121181917377,0.552004402247258,1
933,0.719833352947001,0.484532527686559,0.560229456788917,4
890,0.72238310405655,0.476043659472503,0.575077439326524,4
1181,0.729615095667315,0.454327671070408,0.563282336161477,6
272,0.620988142441492,0.560731219872832,0.803779705287889,1
681,0.5919925226341,0.304841249762103,0.830723300552927,3
1140,0.717007986705254,0.450517878733675,0.556077565156215,6
346,0.658606454026885,0.400366390286945,0.524739929917269,2
1080,0.72755862495913,0.508010269648575,0.570592477533774,5
26,0.472375665558502,0.508122534723952,0.58676621527411,0
18,0.228845228208229,0.398115005344152,0.931084149517119,0
66,0.89220291771926,0.485176109476015,0.231137282447889,0
1304,0.718942440066878,0.457500339206408,0.564560523873431,6
429,0.655291503514163,0.350774241075851,0.875520125241019,2
706,0.59396710322937,0.290573584195226,0.645001951348968,3
1161,0.720409660882132,0.456655109654125,0.561930677028803,6
631,0.597954648267478,0.685185065655969,0.768973131058738,3
838,0.708687316951234,0.491313681469195,0.568736117159214,4
69,0.655028847977519,0.971790798706934,0.222529610618949,0
375,0.656847133592237,0.393690474727191,0.664602977782488,2
543,0.594221523101441,0.714002193463966,0.661661260505207,3
963,0.712865310911036,0.508971614495089,0.558627529554927,5
1242,0.721420757840246,0.442627181190969,0.568207332955882,6
1156,0.717887176603422,0.453345955542615,0.574885761772979,6
1240,0.724311943669539,0.44816636747153,0.570972009871002,6
221,0.625275967358612,0.461886343592778,0.549926727637649,1
428,0.652509143555071,0.460108600836247,0.629825242073275,2
388,0.649441561296117,0.69401519598905,0.63171890003141,2
1056,0.715950851558089,0.514016601762477,0.563081179097316,5
75,0.520727783907205,0.200458785053343,0.0842554634436965,0
107,0.872115774545819,0.125526666175574,0.304839899996296,0
300,0.623726081037894,0.398969698394649,0.820040536555462,1
1232,0.721549122920849,0.45268149672431,0.565629950696886,6
482,0.651363481956068,0.370607593841851,0.516762757534161,2
755,0.715268206867446,0.488867836973667,0.562638489259533,4
1227,0.723834360801846,0.460205378820728,0.568974045215707,6
