579,0.781854388499633,0.00634657698683444,0.451440980960615,2
1189,0.288834340822887,0.347487706890943,0.218683633437796,5
1183,0.28010045108245,0.352629324232442,0.210638790478534,5
202,0.555811913218349,0.714248099597171,0.160237909760326,0
25,0.456392192048952,0.210652756271884,0.999850325519219,0
334,0.747401865008287,0.301936498633586,0.290012454683892,1
866,0.279490313705777,0.318485533667812,0.205010277387718,4
75,0.294780949363485,0.975080540403724,0.75650235125795,0
157,0.378613129490986,0.151872045593336,0.627365126274526,0
354,0.747234626275022,0.447426172113046,0.103241272224113,1
360,0.746053229179233,0.0898122039157898,0.49224270794075,1
1128,0.285007318912852,0.347840445394721,0.212693541011456,5
345,0.753198954865802,0.326035558036529,0.32780293871183,1
913,0.280202692880722,0.323560760769373,0.210964816991034,4
556,0.782330370498821,0.0676742015872151,0.42460939923767,2
1084,0.292074571663094,0.342714290638617,0.216522040046109,5
1125,0.286435482294534,0.343751542478997,0.20857070197173,5
1387,0.28457836652962,0.29816859776587,0.204902545085214,6
1110,0.286687561916874,0.351864584376866,0.207184779701219,5
33,0.63014134648256,0.917042809072882,0.341050625313073,0
46,0.401068447157741,0.0396733940578997,0.232866547070444,0
986,0.276797737254713,0.317577735266824,0.212567906916973,4
718,0.71763078419026,0.0138167315395549,0.150053466740064,3
736,0.721677137389779,0.204427444282919,0.241651552217081,3
571,0.780551559948363,0.00057432034518573,0.235478848638013,2
828,0.283015140680843,0.320672702354485,0.212746271076673,4
810,0.723650418466423,0.00713826566934589,0.0266116152750329,3
197,0.690821598516777,0.826276651816443,0.236472828080878,0
882,0.286020961098259,0.323850676538625,0.218043085599606,4
879,0.276258403356964,0.31438068583552,0.220776243277157,4
1161,0.291021529315045,0.345646670469165,0.212269427218821,5
1328,0.285972214547439,0.300507172605207,0.217270097532214,6
522,0.778830009519588,0.11521640107967,0.326600176119246,2
884,0.284814938686529,0.320596547625173,0.210891683829345,4
1245,0.281073690335172,0.288463878781328,0.207813830735348,6
757,0.724032485135831,-0.00582159599289295,0.457616659766063,3
274,0.753585326778703,0.0767484779004008,0.293781904224306,1
1409,0.285716786310572,0.285753661223011,0.21665903007209,6
848,0.282228280363784,0.318930114802919,0.215824152901546,4
295,0.746947612918448,0.0677163810702041,0.436490578879602,1
1150,0.278661032486458,0.34480017142736,0.207616572815199,5
143,0.798822868382558,0.696829804684967,0.444432609016076,0
1082,0.280832746120041,0.349588179400732,0.217635516023266,5
49,0.919487786944956,0.961077517829835,0.844801629893482,0
417,0.779898599067237,0.0658415479352698,0.249549140175805,2
134,0.594211086630821,0.529160227393731,0.499634823296219,0
977,0.284042604718597,0.318494102972256,0.209091622782709,4
760,0.723002187293023,0.261444270168431,0.443274978967384,3
62,0.985354199074209,0.881203502882272,0.465982689987868,0
1289,0.279298682360029,0.291923808819187,0.219598838408938,6
299,0.747814252204262,0.274090615008026,0.022484142985195,1
1007,0.287201382257328,0.316149235617299,0.216333365041509,4
642,0.723164582112804,0.22414367008023,0.149719504127279,3
238,0.746539875117596,0.426792822917923,0.505429779947735,1
543,0.775187606662512,0.0182294488418848,0.428764037159272,2
933,0.282024244725857,0.320281031000653,0.212676314653086,4
707,0.723490365406033,0.0884063634090126,0.0166608525440097,3
988,0.280240581269454,0.32201092911495,0.212467445468504,4
44,0.610923353582621,0.257518759695813,0.187285474967211,0
307,0.745545380038675,0.183488127100281,0.323451252840459,1
1132,0.292235154628383,0.353411588074095,0.210286191996038,5
531,0.778904974691104,0.0605392649536953,0.366523663466796,2
865,0.284452477849979,0.320357417113037,0.212212656601001,4
613,0.723825995537918,0.149243555287831,0.461815776722506,3
659,0.714323886751663,0.106741564138792,0.209496098058298,3
910,0.288092471484795,0.317858780512746,0.214022295890033,4
555,0.776882044870872,0.00605173283256594,0.254446781310253,2
1204,0.275571133730586,0.347923502264054,0.213479487112493,5
863,0.279900405844355,0.32202569833899,0.20908840847253,4
32,0.520713299745694,0.829025933984667,0.894880153937265,0
1024,0.284124996648743,0.3522963726537,0.216751667917849,5
1350,0.281094200654206,0.289298888399848,0.220139672660632,6
406,0.747729066710454,0.259037380362861,0.0405194611055777,1
404,0.749454185022041,0.403194165695459,0.161697397544049,1
451,0.782270757583901,0.0214226086623967,0.138954162201844,2
306,0.746317501703743,0.0931422392837704,0.480734849651344,1
993,0.289579677228505,0.319565533875992,0.216613247346385,4
1003,0.279091287797772,0.329640389533919,0.209627427772755,4
583,0.779609757182189,0.113522207038477,0.485847743647173,2
1223,0.284212371984278,0.296761811883623,0.2166701395594,6
972,0.285414407487657,0.316361477595965,0.222708993396919,4
478,0.780369904374238,0.401043517421931,0.195068383426406,2
1225,0.275290559915021,0.288769069536988,0.212482768676743,6
314,0.744365783333779,0.129603236936964,0.481262073107064,1
9,0.224430392030627,0.315613582497463,0.890936605632305,0
839,0.28147102198528,0.328096892475473,0.217859450308274,4
1028,0.286789925018825,0.359515923805071,0.210813968687884,5
1216,0.286016481982754,0.289636495846561,0.221998501280411,6
1138,0.283896949520941,0.345586490417125,0.215411520672617,5
34,0.37808556179516,0.0392425872851163,0.926312004914507,0
27,0.750865724869072,0.805555082857609,0.128511135233566,0
1197,0.285039646528955,0.352266422145974,0.218051572768282,5
637,0.717806563233025,0.00876136312726888,0.140959238121286,3
504,0.783398874709383,0.166576156299561,0.0748559094034136,2
1292,0.285896414900895,0.295633298987686,0.222980105348685,6
71,0.955361533444375,0.311802458018064,0.760255892528221,0
55,0.00269338372163475,0.654093655524775,0.276051861001179,0
192,0.351817107526585,0.425039920955896,0.0762039432302117,0
151,0.520751247182488,0.695438968250528,0.802107280818745,0
715,0.714305020438042,0.180950604286045,0.184073434164748,3
30,0.0230867736972868,0.601432284340262,0.525350897572935,0
1061,0.276932327671284,0.347224441153825,0.218799156159839,5
1276,0.28312157651239,0.291688992030723,0.218884975869004,6
1109,0.285573623039334,0.354303877961202,0.214624765481705,5
557,0.780221137374174,0.268169719981961,0.18535032607615,2
1307,0.283846047919623,0.288588241911963,0.21328388462684,6
218,0.749315762026236,0.0605770371854306,0.450817884947173,1
940,0.27765027172464,0.31491380857055,0.217250544181595,4
593,0.780755131947808,0.0291623559547589,0.257274093292654,2
562,0.778150922404602,0.233290610276163,0.103890989278443,2
798,0.717389499109704,0.0246299484511838,0.402525146561675,3
1199,0.288807754189981,0.352296793544979,0.214965350933252,5
253,0.753925975747407,0.22792243110016,0.317719373456202,1
611,0.780395350132603,0.180970286740921,0.0340438064420596,2
1025,0.286023444545884,0.346983744334085,0.21779212025662,5
1313,0.281116337253916,0.283235321314386,0.214885170915232,6
1407,0.290078201046366,0.294106165770802,0.229223667706913,6
279,0.74695950609399,0.194967589364387,0.105157030234113,1
374,0.749809957204852,0.221333389426582,0.0893334869295359,1
1388,0.276266323312987,0.298296558443529,0.223384699971649,6
824,0.292188351063135,0.319284383602573,0.214775542061178,4
1145,0.283106897325519,0.343721779683286,0.216816426629691,5
1063,0.273751118354752,0.35046483642612,0.215105245298106,5
515,0.780115090236068,0.0726493593771011,0.0770550067070872,2
116,0.0625730988103896,0.943040147889405,0.200411442201585,0
427,0.778405641221907,0.174512695311569,0.0750765513628722,2
1206,0.285130372050717,0.346064191848804,0.216185362678735,5
1036,0.289776337548966,0.358990085252979,0.215903793377001,5
572,0.778276005957741,0.105878794705495,0.214596086018719,2
594,0.777847095874604,0.350118008349091,0.378153786365874,2
85,0.384064289508387,0.404034510487691,0.0780677574221045,0
654,0.716662550144829,0.422470915387385,0.249199921800755,3
1213,0.289447949841141,0.286221373959533,0.213880620108944,6
235,0.752837845822796,0.00405921638011936,0.172056170017459,1
1398,0.289294720899308,0.284971917860212,0.21026266294511,6
880,0.285576881708152,0.315487167864482,0.214953914598385,4
948,0.274447680489517,0.311082893329189,0.217213498702273,4
139,0.0938452458940446,0.927766665816307,0.00641348073258996,0
460,0.7798450418422,0.298535077855922,0.504387112054974,2
1345,0.276025145319513,0.287199299562951,0.211779391289071,6
727,0.714452165663242,0.147535119694658,0.170844861841761,3
581,0.782112600761466,0.0636909711407498,0.139917936362326,2
1009,0.276571390149743,0.320731134067948,0.218709945973135,4
389,0.744428346082568,0.321650453517213,0.451303511229344,1
753,0.717559212401975,0.357245017564856,0.254288405016996,3
711,0.715571785180364,0.160473692021333,0.296778936358169,3
1253,0.284963402314875,0.293866241711473,0.216743154841362,6
147,0.192154789110646,0.801309794886038,0.24963134364225,0
687,0.716140437622089,0.0565183307277039,0.507669111667201,3
1156,0.283268461186883,0.340188881645592,0.202571799997392,5
1392,0.285410944671016,0.294593293167668,0.212323068102518,6
764,0.719901169138029,0.305018980777822,0.0729558733990416,3
668,0.718940463433974,0.10151069322601,0.480688670719974,3
789,0.714702505166642,0.0542471390450374,0.0890218263491989,3
321,0.750620301663876,0.142201025062241,0.307056541391648,1
1338,0.283480971532848,0.289999443590395,0.220874511061753,6
358,0.749513689575251,0.29677985413,0.325163562037051,1
1048,0.283291546585281,0.355434533867795,0.210433922315772,5
927,0.283875850832046,0.320814507436655,0.21625602648729,4
505,0.77578401976265,0.219898555101827,0.493278331425972,2
1266,0.280550009651549,0.289443004766466,0.214444565699832,6
1366,0.283780654791919,0.27732619356871,0.21332079865485,6
950,0.283782649598743,0.319329116081192,0.219185246920495,4
679,0.719792285244912,0.0848191876662895,0.496257713716477,3
331,0.751387191251852,0.315207391302101,0.0737092655152083,1
1308,0.285124662706719,0.294515122161491,0.21645403297254,6
564,0.774442543506157,0.134544313675724,0.235404935968109,2
768,0.723683372822125,0.216473156260327,0.142423910391517,3
473,0.774831188002136,0.0842169500188902,0.303995230305009,2
930,0.281576626032909,0.315856345865971,0.213536197582727,4
953,0.295011265828297,0.319551919211275,0.219381684630567,4
1041,0.28493599771466,0.347346035497504,0.21683130186567,5
338,0.746858497033827,0.0750607125461102,0.398434528918006,1
1241,0.280871962590969,0.293076957976358,0.220267899502798,6
194,0.00899527897126973,0.724451374961063,0.554439053405076,0
349,0.747455163900741,0.0389628645731137,0.501705607119948,1
673,0.716425329688937,0.191665752232075,0.406436266214587,3
300,0.745561068651732,0.184287860547192,0.400632152869366,1
485,0.775448339604773,0.0616007142467425,0.365574956010096,2
228,0.745848650638946,0.358551121340133,0.0823460407089442,1
217,0.744437926970422,0.444232546864077,0.134634175989777,1
527,0.774178036188241,0.0257129667093978,0.0874915293650702,2
998,0.286118241619725,0.321308472531234,0.221422318682863,4
14,0.0255308977793902,0.131740633398294,0.924907242879272,0
439,0.774230916420929,0.24149686996825,0.00979398570489143,2
765,0.719545871503651,0.26901644913014,0.337614724133164,3
649,0.723866274347529,0.284530782164075,0.234848973178305,3
81,0.761981576681137,0.6329698828049,0.397773519624025,0
818,0.283327297936065,0.324865176422424,0.210302068516005,4
1022,0.277650482282947,0.339854567390276,0.213161902126444,5
452,0.778733607148752,0.450937834591605,0.210409554373473,2
362,0.751151638703887,0.201279280264862,0.123241843259893,1
1023,0.284074586429592,0.344497596271917,0.221542371467384,5
643,0.720259882777464,0.280960018071346,0.096239470364526,3
582,0.782700719214045,0.201616002270021,0.416566685610451,2
1368,0.274947048478385,0.286777118246401,0.213892560916416,6
1047,0.278635580391975,0.349712253335709,0.202305331411506,5
862,0.277611825228818,0.327633917750772,0.204592959055622,4
1030,0.28531929223227,0.348059828798822,0.220384383145172,5
847,0.291846169839926,0.317201720584144,0.227469848278299,4
984,0.287149915451571,0.314244794130674,0.210234410442632,4
1297,0.281377356366726,0.285180395603883,0.211756412123423,6
361,0.746397120715119,0.184368978510611,0.159210993396118,1
1333,0.282884195463529,0.288491238114025,0.221402332865845,6
54,0.971843430306762,0.17213280312717,0.13785336446017,0
817,0.280786540480394,0.327715041058425,0.216777694338086,4
1168,0.284086662410719,0.337748138477258,0.209625152480676,5
1218,0.290802059435386,0.281784303682702,0.213679338005014,6
337,0.744745809584856,0.455226842919365,0.109540874208324,1
1011,0.280541166753126,0.317921722429622,0.224191143569421,4
750,0.715209949284326,0.0462089003063739,0.206078296597116,3
747,0.716617157920264,0.401458062254824,0.108552287984639,3
960,0.283344295930045,0.323206562696518,0.216798908488354,4
284,0.753473364880774,0.251785872061737,0.458825112623163,1
966,0.279012304574124,0.321945683547315,0.214263980113343,4
1380,0.279900585656295,0.290260898178414,0.211563196417634,6
1122,0.28005686969601,0.35867802065778,0.21572753225859,5
330,0.7497500899015,0.011393033573404,0.0123192275175825,1
1281,0.280987980048072,0.283767178131486,0.221089256724354,6
66,0.379106133710593,0.766438368940726,0.274566379142925,0
103,0.712355764349923,0.270764610730112,0.392393250949681,0
892,0.28137821457795,0.319537578290295,0.213797377523796,4
433,0.777588350817096,0.347186327702366,0.401432581664994,2
634,0.718089309192728,0.303249680693261,0.224030363559723,3
955,0.281711927916308,0.327337842607293,0.212287242924305,4
497,0.779905086506624,0.148953418037854,0.298104464728385,2
796,0.718951226624195,0.468695867713541,0.0825811144430191,3
1191,0.286312452759302,0.351360599987758,0.210209200290506,5
991,0.281393523693547,0.315790366147339,0.210534612169771,4
1239,0.284902842814014,0.288035046878568,0.20821461017076,6
17,0.992977053392678,0.583324227947742,0.962769550736994,0
310,0.749853063616902,0.282651393930428,0.480943171493709,1
1222,0.286543362842178,0.292158715612752,0.205567599788239,6
872,0.288711609886084,0.317978171801686,0.203489140636393,4
1035,0.268817810038753,0.345818834532078,0.209120724411908,5
454,0.776059327339754,0.14058493883349,0.167168366443366,2
1187,0.288558483598131,0.347862364478274,0.215741653077027,5
1148,0.286691707166689,0.341334299804802,0.216708372188128,5
225,0.747979497874621,0.131572104431689,0.051466054818593,1
317,0.748907707331237,0.465812795353122,0.0114338699029759,1
1322,0.278704458126172,0.304083870228962,0.217299689825546,6
782,0.720746659631841,0.379352274374105,0.240050198463723,3
181,0.242321623722091,0.680535159539431,0.00151384947821498,0
521,0.778336070363876,0.421134758647531,0.376929460046813,2
787,0.718795546810143,0.434803557489067,0.455088550993241,3
380,0.746437357293908,0.336563103622757,0.213262364221737,1
449,0.777560359290801,0.16169255101122,0.0136070790002123,2
845,0.279283184914387,0.315919417649031,0.217738420888652,4
476,0.778101402742323,0.378423147276044,0.101902212784626,2
650,0.721148875544313,-0.0103294175118208,0.297282568714581,3
1013,0.282869750820883,0.349108275457422,0.214890557532257,5
1212,0.286519594142128,0.345091680222736,0.205452452488861,5
286,0.744155589840375,0.419705059519038,0.0780391718260944,1
507,0.778370489836671,0.443428775202483,0.488437712029554,2
822,0.28532515385331,0.313806930976829,0.219422757529477,4
685,0.71922083516838,0.33173754895106,0.127805134584196,3
251,0.744363150659483,0.0764301902614534,0.166606077761389,1
825,0.293825109516438,0.328238411964707,0.214586924886519,4
1394,0.282018984687072,0.286742468479441,0.205911621739142,6
1235,0.287597948623806,0.290658231039934,0.213405135870443,6
1119,0.288074585984196,0.352827031106193,0.204154473834003,5
551,0.777353448811919,0.182672047778033,0.268609486008063,2
938,0.278072804544852,0.313721255071178,0.216685672263465,4
762,0.716187200732529,0.389082539151423,0.334241411834955,3
1160,0.285822117752477,0.348951573060287,0.220597405654332,5
431,0.77732175600715,0.229002614994533,0.315571759431623,2
1400,0.28428774159379,0.294430863900115,0.2180630898493,6
396,0.753355516130105,0.0747852967120707,0.47849099484738,1
751,0.717956312224269,0.20263324517291,0.326825153152458,3
662,0.715667172516696,0.0657338274409995,0.0147796980571002,3
1357,0.290003210936297,0.291168408002866,0.21754211085109,6
1146,0.279650267193073,0.356318641832692,0.207238641068899,5
870,0.274164099578213,0.321142865321189,0.221024970941216,4
619,0.714362260156777,0.382676115049981,0.356621234863997,3
664,0.719349344274961,0.313079181849025,0.269705223571509,3
466,0.777766944144387,0.482822281098925,0.0471255821874366,2
252,0.753046197555959,0.0223261763108895,0.481023767217994,1
1195,0.278399460859327,0.353704676962235,0.209865992620064,5
1226,0.284468079167807,0.288927841616687,0.210987939266501,6
1094,0.286626329759746,0.347803557109751,0.212231662043652,5
1256,0.281063528756931,0.292624551159043,0.216270452867235,6
1250,0.281603197061119,0.298429816274034,0.217243971534115,6
495,0.779945225864649,0.0567838195944205,0.0458490731660277,2
6,0.164360876195133,0.907044908264652,0.689996139379218,0
117,0.354153336724266,0.144784676842391,0.896429922664538,0
1017,0.275217233346115,0.341494918404722,0.210429201420965,5
244,0.74652217410272,0.402372776088305,0.48864668731112,1
395,0.749249884784222,0.0145844749873504,0.0511165573960171,1
1077,0.280778042422447,0.360585284443903,0.211682882891906,5
410,0.748792795334011,0.308416829351336,0.302229492994957,1
470,0.782929736908991,0.17288038590923,0.25849360676948,2
919,0.28444447876032,0.312686937501144,0.208387492161705,4
422,0.776536383081693,0.248508281330578,0.367575863096863,2
509,0.779920765436255,0.277284535253421,0.499276790604927,2
270,0.751578309389297,0.142862692149356,0.380526492442004,1
3,0.765180251328275,0.644044934771955,0.349589836085215,0
714,0.721055843445938,0.125026354356669,0.379017400974408,3
364,0.752852535357233,0.4001605294412,0.275739252753556,1
1115,0.285792933808968,0.347013770548613,0.225201347863738,5
827,0.275619490112252,0.319836302718552,0.208615481690284,4
645,0.718531378696207,0.229214392509311,0.460097946762107,3
57,0.478945279028267,0.778677692171186,0.299995154608041,0
219,0.745755879923236,0.406036993511952,0.414676281111315,1
663,0.721044516153634,0.221537154307589,0.0384811430238188,3
591,0.777239140903112,0.453059502667747,0.0136300501879305,2
1075,0.277758025513889,0.349353619415538,0.222263904489916,5
1405,0.271128250403467,0.2900410049149,0.212336495225773,6
961,0.28060228542381,0.32800710099192,0.215233883122184,4
995,0.282633422549728,0.316210703151736,0.213668571135072,4
378,0.752273374632932,0.372335259476677,0.0939989541191608,1
740,0.720783783523366,0.259219131572172,0.429032340599224,3
1154,0.278933121557625,0.351393861680746,0.212241288677176,5
903,0.275110071687457,0.317735944515938,0.209058600990891,4
426,0.779032807915937,0.226015638350509,0.403836058871821,2
1262,0.282843907842045,0.294114031173047,0.221004261927936,6
469,0.781768588121049,0.471558435843326,0.441245202976279,2
90,0.903888970147818,0.198486068286002,0.38861587527208,0
491,0.775951362692285,0.226049833372235,0.164902103086934,2
160,0.992516151862219,0.480853163637221,0.284791019978002,0
1127,0.287295841210069,0.3478560336969,0.214538267733902,5
677,0.717322971508838,0.0136673113098368,0.150710398168303,3
608,0.776687413884793,0.218789458298124,0.0521325591951609,2
212,0.429486530134454,0.681084454758093,0.587239941582084,0
294,0.753625176607166,0.0571368343895302,0.222891525202431,1
576,0.774235794460401,0.189399442309514,0.0117635128088296,2
1173,0.289006113682222,0.354670302157774,0.209705896258355,5
1020,0.28642238607637,0.352952378310401,0.213066406121525,5
435,0.781557868204545,-0.00484364232979712,0.0188898999011144,2
216,0.754008776131086,0.1072202620795,0.0474110763287172,1
291,0.749553045909852,0.132430842868052,0.343146944022737,1
1053,0.283558678314943,0.346096048255577,0.216863424969468,5
1363,0.289896256137829,0.291129579352126,0.214081120273525,6
987,0.2818334110675,0.323454561998869,0.212634669858318,4
1362,0.281573532008032,0.292786732985934,0.227408839201359,6
893,0.286094469719566,0.320570852112488,0.21970036538489,4
209,0.249304958386347,0.222717214375734,0.39192183688283,0
171,0.496520309243351,0.16181278298609,0.797120762057602,0
19,0.777969483751804,0.606904592830688,0.969055089633912,0
88,0.328145090257749,0.226035933708772,0.142242870293558,0
104,0.92167601804249,0.137700571212918,0.461389156291261,0
1332,0.281404129776329,0.286889566697473,0.221860546855273,6
446,0.775323329491075,0.366010052291676,0.192836807994172,2
978,0.283292424379097,0.318880535721224,0.2148106842229,4
742,0.721791749470867,0.443888759845868,0.355906622903422,3
729,0.717472441245336,0.0573112733196467,0.214120496250689,3
560,0.781239682880696,0.264941688999534,0.138306164834648,2
412,0.753230896473397,0.121607359987684,0.415866525564343,1
1130,0.278729910538785,0.342621641182461,0.217355336771849,5
42,0.154959440231323,0.216383241349831,0.658137691905722,0
1104,0.283560668714848,0.344847938828248,0.220709938919585,5
1016,0.280116461064268,0.356397654657729,0.201835663350769,5
942,0.27801597874272,0.315476496808666,0.211884343799958,4
489,0.776785020534881,0.156162949069403,0.0128565191524104,2
1068,0.28455998083879,0.349287759096894,0.206436418902448,5
1043,0.290582413052734,0.344768347299205,0.21693067017271,5
1010,0.284838126592896,0.317225619959026,0.214265535176687,4
777,0.714635469042696,0.408158638305031,0.283098229742609,3
169,0.468475145287812,0.347134552896023,0.797509584343061,0
1074,0.284467611407782,0.354937351292947,0.217577673489039,5
734,0.722081970337313,0.471627475135028,0.197355943801813,3
99,0.827733739744872,0.684503904078156,0.509362042881548,0
1375,0.287787479832931,0.300361391379394,0.218895193984228,6
535,0.777074321534019,0.224559676274657,0.450519569637254,2
177,0.772776632104069,0.247767905471846,0.774747180519626,0
309,0.749414976676926,0.187382889934815,0.413293051486835,1
475,0.778768226190005,0.237402848224156,0.21628257301636,2
1065,0.29101061754524,0.349056264589147,0.221199232446878,5
477,0.781197418305092,0.481070590228774,0.498980962508358,2
1203,0.277003012951758,0.348129087640662,0.229775682427745,5
98,0.759200336411595,0.398889827076346,0.718799323542044,0
911,0.279043003207533,0.325129889440976,0.215261662078542,4
676,0.721420133323409,0.0812567516928539,0.374317225255072,3
1286,0.293518395181453,0.300874809463075,0.219470005000967,6
189,0.550988563802093,0.858977114781737,0.128906649537385,0
710,0.71740242728265,0.318736905721016,0.329955193516798,3
296,0.751444634362124,0.459136101789773,0.396916462644003,1
1136,0.285064021009601,0.354229230670042,0.22123439517123,5
248,0.745960457802285,0.29186019722838,0.278130456875078,1
319,0.752499204946216,0.465408108686097,0.075507259182632,1
563,0.778701176664326,0.423894671513699,0.184236250305548,2
201,0.170104353455827,0.929572734981775,0.737696133321151,0
1111,0.287651566766523,0.350320257693398,0.218478234431207,5
175,0.176815015496686,0.130295607727021,0.825917218113318,0
176,0.892565206391737,0.580498172203079,0.561869791708887,0
666,0.723951178456191,0.472911370592192,0.282739634113386,3
1083,0.279591524823404,0.349701644472945,0.200771933617979,5
525,0.7743981025205,0.459616905567236,0.179183453391306,2
533,0.777773820066359,0.358656390127726,0.257573697785847,2
1351,0.291481228438188,0.293346618668436,0.220732735566146,6
741,0.720915514414665,0.110426978464238,0.287128344131634,3
601,0.780279532093555,0.199505605641753,0.208648320357315,2
1091,0.285361339138229,0.354512661941912,0.216395021814522,5
878,0.28763787792688,0.322019059113755,0.225052019055628,4
376,0.749788774626795,0.0411359163932503,0.0693266766145826,1
920,0.282393721203652,0.312448604573815,0.210894164451825,4
273,0.748382473816164,0.270914125046693,0.0456775667378679,1
1049,0.279797467768341,0.3486830366117,0.21034422590761,5
1116,0.282956585354132,0.345737684993202,0.209512149239496,5
231,0.752768663030584,0.310103927529417,0.337054215557873,1
1005,0.277054637671189,0.321292770514624,0.214147898393748,4
644,0.719355209372006,0.0154955537524075,0.110687610763125,3
386,0.74758608748205,0.101712537021376,0.249253233266063,1
111,0.237955308053643,0.832204242469743,0.128660976886749,0
541,0.778904531609733,0.466973569733091,0.269037880422548,2
844,0.284466107099906,0.318366325422829,0.220380528112299,4
925,0.280472174310503,0.31680154114931,0.218189719626392,4
387,0.749103942140937,0.266589001310058,0.375750250718556,1
390,0.753025312544778,0.225053462106735,0.439705947367474,1
1139,0.280417815103413,0.349514820211608,0.218521879585967,5
259,0.751982614789158,0.147753699589521,0.3063337929314,1
1255,0.283694505191875,0.292795664629307,0.223188525603552,6
1163,0.279585649954242,0.351959837103559,0.219692998138399,5
1349,0.283860458302353,0.281304936862136,0.217117694949765,6
1324,0.295079322716033,0.299209975526586,0.216215720605983,6
1410,0.277763357925028,0.292880958967537,0.215581225545504,6
409,0.747045793088619,0.12337520592846,0.460121566615999,1
170,0.0887789020780474,0.900536014465615,0.793774636927992,0
692,0.715063922472764,0.238860058039427,0.283757854439318,3
156,0.712717200862244,0.706935462076217,0.161474833963439,0
821,0.294393813342219,0.323107846578126,0.222356054521499,4
352,0.750541641670279,0.101401797868311,0.198283032118343,1
267,0.75365562919993,0.0168054667534307,0.496404868154787,1
549,0.774406462041661,0.196853421186097,0.508271058509126,2
144,0.921678839251399,0.373029289534315,0.682511692866683,0
516,0.783844768430572,0.483499228279106,0.402994718588889,2
1221,0.287696614398543,0.29190171341181,0.216996741598533,6
405,0.747833453521598,0.000152178364805911,0.286468550865538,1
142,0.518356915330514,0.754393204580992,0.131172570167109,0
887,0.282496259982793,0.317369070773397,0.21681079515599,4
445,0.775690737010446,0.480311277695,0.284038134920411,2
1147,0.277914857967563,0.349417177923754,0.208004975029536,5
674,0.72348331568297,-0.000658706040121582,0.0663239523535595,3
928,0.28044122418401,0.326944268504005,0.222703428463749,4
424,0.779640744067729,0.254854706022888,0.0964557578088716,2
682,0.720965892269742,0.0675408261828125,0.105678461445496,3
1129,0.28729303265333,0.352770419539531,0.223338809029279,5
755,0.719395274997223,0.229807753488421,0.0864686559187249,3
12,0.0182121985126287,0.6344050753396,0.866364924469963,0
520,0.774329238298815,0.0915528612909839,0.488272182131186,2
137,0.582503458252177,0.313123167492449,0.473453477490693,0
1099,0.282732071778191,0.351374254688392,0.215328236877346,5
558,0.776728951423429,0.0253112581791357,0.262731513427571,2
28,0.871535368496552,0.85515124257654,0.676343968836591,0
407,0.745248709223233,0.105823674611747,0.0806472182273865,1
370,0.753769690084737,0.448259798949584,0.0839175279950723,1
372,0.753219374907203,0.134059218713082,0.397995477030054,1
1192,0.283315857472929,0.354551599440019,0.223142788035395,5
1040,0.287508077371465,0.354469957274371,0.215506105045113,5
254,0.745155643080361,0.400757680786774,0.119979986990802,1
1214,0.28528695173734,0.28051558459276,0.221551610481314,6
625,0.717443940048106,0.363166401069611,0.0208462076960132,3
289,0.746120265172795,0.351665609772317,0.193065006821416,1
464,0.776510809527245,0.141122509166598,0.182568134460598,2
419,0.781919103134424,0.2531732698204,0.382864160416648,2
952,0.282490646082226,0.322382034540621,0.219653220040612,4
665,0.71946621716721,0.0956524792360142,0.407030976330861,3
1014,0.289040826936805,0.359972391800305,0.215792920832061,5
500,0.77685890175635,0.391371343191713,0.298192047001794,2
669,0.723952590508852,0.449608789547347,0.373308188933879,3
313,0.749686961153057,0.135432594595477,0.424182549421676,1
1093,0.289171760053295,0.358232196128636,0.21275250349398,5
308,0.748300912624691,0.32854111995548,0.452305928640999,1
721,0.718386993936729,0.397701932955533,0.389395552058704,3
843,0.280475285602427,0.317449457426581,0.21897218068129,4
178,0.586521819699556,0.211514807073399,0.0678017085883766,0
16,0.551183414412662,0.243151485454291,0.730053886538371,0
140,0.78454945771955,0.260290125617757,0.5136932246387,0
472,0.783491162545979,0.242994647962041,0.33093535231892,2
391,0.752209413996898,0.23526405650191,0.403045744006522,1
719,0.71725248801522,0.256533075962216,0.183759145624936,3
474,0.781315056697931,0.145548149733804,0.502930760569871,2
1019,0.273439925873398,0.35429705497188,0.21500020758403,5
185,0.276564086554572,0.344764081062749,0.946130946045741,0
778,0.723200099773239,0.367906130524352,0.276631331956014,3
1106,0.281835261613165,0.345283919259459,0.212967275984334,5
657,0.721260481642094,0.300716942199506,0.470276442077011,3
1211,0.282109786643428,0.350962547650405,0.203509959916186,5
199,0.244598165620118,0.331511981319636,0.707555714994669,0
695,0.723199943955988,0.245039433729835,0.275684395758435,3
1274,0.280639159232067,0.285075355510704,0.211196186893149,6
697,0.715301754544489,-0.00542563186027106,0.0211476702941582,3
1096,0.275052525079734,0.349099774615468,0.221585971126982,5
1319,0.278829686322936,0.287941786507836,0.2201321182761,6
357,0.746539158367086,0.421923828450963,0.503163805999793,1
1317,0.282058399496485,0.291465015188799,0.218231180532031,6
604,0.779230989369098,0.38648619633168,0.304125750507228,2
684,0.718994869599119,0.22325068435166,0.243602881859988,3
323,0.748027325496078,0.273766434425488,0.0376446051057429,1
31,0.719527217093855,0.752724210266024,0.625956415431574,0
1315,0.280061510748591,0.284783000821108,0.206978698829176,6
963,0.283118437368207,0.314422182749766,0.20828783973782,4
999,0.279533032215587,0.319212600800889,0.210736813188877,4
653,0.717003914841917,0.148307138378732,0.48958282249514,3
15,0.25956416525878,0.89612174895592,0.406353930477053,0
1176,0.291337593083224,0.352214212136781,0.21095637126298,5
728,0.718362730634399,0.200896971183829,0.468156999978237,3
487,0.775012349539902,0.009993184148334,0.0496336299227551,2
1371,0.2804528215483,0.296015535139325,0.213060078858543,6
547,0.778300301034469,0.144299291679636,0.092049432406202,2
1344,0.280726403903583,0.286869786282905,0.199897919016989,6
121,0.146993421949446,0.539894650457427,0.242883561877534,0
498,0.778991274209693,0.42770492718555,0.0323387098731474,2
327,0.747775452467613,-0.0122775106923654,0.197182440734468,1
152,0.886912822024897,0.918389833299443,0.39638644689694,0
949,0.276183289778624,0.317689222225046,0.205133745232915,4
614,0.715055028602947,0.423989304481074,0.110230990871787,3
1039,0.285915106650933,0.353856908907988,0.222551377667266,5
830,0.283824134332436,0.319426809505566,0.219081688497456,4
1277,0.279587195070866,0.290927993337319,0.208412284127207,6
1364,0.294058923984208,0.290415341969495,0.217510245558863,6
937,0.281845287415815,0.313157262730193,0.217655848702071,4
1121,0.287951660556379,0.346008122639356,0.210972124593165,5
800,0.723995404099114,0.334328670776449,0.190554303652607,3
598,0.780031081784982,0.161090244562365,0.118180979811586,2
65,0.674579712096602,0.57552903983742,0.0408863278571516,0
10,0.495001463452354,0.361109636491165,0.123653617920354,0
833,0.29258279844439,0.327115562237725,0.207048921180757,4
135,0.311941714491695,0.49688847293146,0.646633190568537,0
1335,0.288114635670145,0.292224039071739,0.214182274259813,6
609,0.777628189572133,0.402148523624055,0.263783801649697,2
794,0.722122218327131,0.256830661930144,0.428723954083398,3
1321,0.283415903350367,0.285359377881341,0.217383687465533,6
131,0.164143129950389,0.559711603447795,0.653752736514434,0
652,0.717878954971675,0.203637175168842,0.0510355395497755,3
1008,0.275796395897888,0.315588094846929,0.220117185134666,4
618,0.717890883979853,0.0500962379388512,0.0443025257671252,3
823,0.28562633699653,0.309821810121983,0.212450847405484,4
1377,0.28958306124434,0.288789785713643,0.219528240889602,6
21,0.782545324414968,0.886540419654921,0.830220345873386,0
621,0.721924911304377,0.342986593279056,0.443979977699928,3
56,0.503044969402254,0.93138115038164,0.1366883139126,0
838,0.280019204220549,0.323054558487941,0.222728113400903,4
922,0.286729552459553,0.315572332392975,0.217038139730395,4
811,0.722643427457661,0.012357950815931,0.200459528667852,3
575,0.777051970749162,0.210671219532378,0.253853936982341,2
1070,0.277328410764749,0.353612235600861,0.230031096182452,5
482,0.781941738235764,0.227466112142429,0.41243708897382,2
195,0.392929095774889,0.288527554366738,0.146944792941213,0
1006,0.276264094059495,0.311283469195458,0.220587773768911,4
1233,0.285055249505617,0.292121075058547,0.212145749901353,6
797,0.7195294762915,0.428858928522095,0.475559125491418,3
366,0.747016407749616,0.0452051277039573,0.0751995151629672,1
529,0.776008939023595,0.147123866970651,0.338233456783928,2
129,0.209232578985393,0.0904085871297866,0.590859518852085,0
873,0.278618691319918,0.327396480606638,0.212395743128885,4
513,0.779418586499524,0.330757375597023,0.409511771588586,2
92,0.38533287961036,0.738075682893395,0.249926496529952,0
698,0.718455066310708,0.122459722706117,0.353313076728955,3
123,0.0659925900399685,0.108246775809675,0.131173000670969,0
1057,0.285204378896587,0.347708762040641,0.213020989851383,5
339,0.746700886175968,0.29320676010102,0.13108932687901,1
803,0.723771834047511,0.136972244619392,0.150953899440356,3
320,0.746310996788088,0.126916566654108,0.173223621398211,1
1089,0.284783333130409,0.34309506081881,0.213974910766638,5
881,0.287843718040016,0.310347476699482,0.216240363502065,4
132,0.19252359168604,0.86820124136284,0.697205349802971,0
102,0.942981718573719,0.378925954690203,0.309842967893928,0
97,0.930228210287169,0.729918531142175,0.657730316277593,0
136,0.570972139248624,0.71772154350765,0.471561028854921,0
651,0.724026141455397,0.233403057116084,0.217998869088478,3
1374,0.290664397210728,0.286106353932388,0.217686462641232,6
703,0.722767591620796,0.132993638888001,0.260979052004404,3
1190,0.283108022356433,0.346710476031123,0.206865940023263,5
1182,0.275662555053648,0.351569179075963,0.21059820008113,5
1101,0.286172518608226,0.354161887693695,0.215933175299384,5
923,0.282682901388446,0.318387184312672,0.214004382646463,4
1000,0.27656562942901,0.316053170766949,0.223229793752447,4
315,0.748162083488424,0.43485361863859,0.390968868229538,1
1131,0.270785927265727,0.354198859482385,0.219133514944584,5
214,0.75044977036072,0.402207945729606,0.467200394324027,1
776,0.721646840949543,0.0574299339437858,0.33408814733848,3
567,0.774300801437348,0.437668528547511,0.280866399826482,2
599,0.778576449411921,0.00735737024806443,0.219594363425858,2
58,0.520251833368093,0.967787106521428,0.0733636603690684,0
690,0.719244534319732,0.471386140701361,0.335420878557488,3
629,0.716251462439541,0.361845367494971,0.464167679497041,3
394,0.753764541253913,0.408530542766675,0.139058592449874,1
127,0.730121836997569,0.4035242900718,0.72602449497208,0
200,0.543277900433168,0.116042797453701,0.620342129841447,0
749,0.714219209600706,0.261225084913895,0.295230319793336,3
1179,0.279180806012818,0.356729095349673,0.216929465564337,5
1237,0.287722338721205,0.280929602531499,0.206832343907574,6
1095,0.281321939946019,0.345958070858433,0.21735764624845,5
138,0.830467992462218,0.967991055687889,0.69775361311622,0
713,0.722891630686354,0.357985738688149,0.295376951992512,3
901,0.281390411842735,0.322329880528999,0.215835868991123,4
183,0.599218541989103,0.460666825296357,0.162438990781084,0
537,0.778475559034851,0.111359934345819,0.0501038230257109,2
931,0.284734907532846,0.32108713561522,0.212606920934948,4
70,0.982355242827907,0.299052427755669,0.721392288571224,0
250,0.745046187816188,0.107133009494282,0.0117849620990456,1
1248,0.280068538268127,0.286407920527872,0.211305692000804,6
1243,0.284540352541256,0.291844454045347,0.206314395534767,6
484,0.782605285807513,0.165068238531239,0.0107531140791253,2
76,0.794185063801706,0.523546829121187,0.549062763107941,0
861,0.279805562146044,0.323756145066328,0.215429697970053,4
282,0.750757360262796,0.188762136409059,0.136388868861832,1
414,0.781732118150685,0.0559925430221483,0.167382818949409,2
585,0.778563042732421,0.439943274157122,0.2690678329207,2
935,0.269347844760809,0.312893670091386,0.205883805209141,4
385,0.750679168323986,0.207431202195585,0.310642241802998,1
623,0.722301171212457,0.271581016271375,0.365490402863361,3
517,0.78176208783174,0.470940201799385,0.316024340176955,2
1238,0.283723185372504,0.286948262415518,0.219051363641808,6
891,0.287025489613008,0.318651163290524,0.208743919262963,4
1060,0.281053056031366,0.346046289942034,0.22190596805986,5
271,0.750674241709057,0.287499018386006,0.304591334378347,1
1234,0.286355091877995,0.283739807639102,0.218149096813475,6
5,0.858605042332783,0.858187827514485,0.154607522534207,0
1282,0.285138886039533,0.294963895363083,0.212923834813389,6
122,0.396792168263346,0.189411881146953,0.52146170870401,0
1064,0.287706760072327,0.346411477393589,0.208058538725729,5
730,0.717715861818288,0.412317208852619,0.390861891279928,3
584,0.774737971425057,0.367515974468552,0.440224708477035,2
1210,0.277195344331422,0.357233451431143,0.2193552858476,5
1167,0.277493393400444,0.347294028150975,0.210965368508125,5
635,0.715871174491476,0.219391503045335,0.429136976902373,3
508,0.775599843799137,0.11922315149568,0.487738022999838,2
1137,0.281367399453026,0.338303315855402,0.221280734425165,5
908,0.28197177951925,0.323823499661803,0.216874227844512,4
318,0.746496226775926,0.473258394072764,0.273345019971021,1
423,0.777631671249401,0.424821390444413,0.0373900230741129,2
1044,0.281344601608365,0.350940099302142,0.213255687898246,5
1169,0.285592100707074,0.346458581053994,0.219048997856972,5
36,0.541830639587715,0.324374603340402,0.126124034170061,0
1185,0.285866518891868,0.356038234375799,0.218371268457677,5
398,0.74956191056408,0.248743555299006,0.402881007944234,1
86,0.682037968188524,0.450482911197469,0.410640797810629,0
1348,0.280909021530267,0.281028699858697,0.219390431769288,6
1284,0.279999622640665,0.285701244137959,0.228579440277501,6
1178,0.283729204292626,0.345043969312886,0.216943450323099,5
1302,0.281324256965524,0.294383754345616,0.213149920909543,6
962,0.276051599585516,0.317208273577568,0.214421490024603,4
375,0.750560781082604,0.330135936872102,0.155612065293826,1
959,0.285413342673368,0.312237817260001,0.206606962868218,4
744,0.71632428330835,0.0886829059105367,0.492726888111793,3
877,0.281695979697623,0.311808220160355,0.22328502509314,4
702,0.716941961455159,-0.00594180913176384,0.372511158650741,3
1360,0.290765330633581,0.292220039508811,0.214418971373166,6
276,0.752832304080948,0.380469508492388,0.145067817135714,1
1312,0.28449946214699,0.298092474996925,0.209194868151958,6
1404,0.292285199597616,0.291142289537902,0.216530103469383,6
717,0.715817240234464,0.0127727609593422,0.340141681442037,3
559,0.783424522688147,0.359029485285282,0.0227958249859512,2
587,0.779839471979067,0.416821443731897,0.048346911976114,2
896,0.282548516982318,0.323685769413466,0.215178613087004,4
397,0.747941165233497,0.256457970733754,0.415729180397466,1
24,0.30740859429352,0.112625479931012,0.713132950011641,0
353,0.751936695480254,0.444106097472832,0.280199998011813,1
456,0.77713608090533,0.356207256694324,0.346548081096262,2
1055,0.281272945327473,0.354579410033921,0.224233587438322,5
1373,0.279574578404642,0.294586550648386,0.212227573287661,6
64,0.288427664199844,0.320792743936181,0.420966435456648,0
899,0.288958057973939,0.323346752459427,0.21687486912044,4
371,0.754040350937285,0.322431044443511,0.244726784480736,1
954,0.283262779084277,0.323739132370645,0.213695932832168,4
1054,0.285608921014853,0.349066485433509,0.216459447488192,5
1220,0.285032145373956,0.286109987004309,0.223830828308319,6
974,0.278829680984998,0.32568379541208,0.214590732666154,4
1067,0.280832657157735,0.349898295373869,0.210910172879206,5
1376,0.285506935392149,0.293650433908304,0.212452671018053,6
1143,0.281931224081785,0.351520969543637,0.217612163824441,5
336,0.75059191639768,0.214959505852312,0.0587513111066074,1
232,0.7506043225131,0.0780474829021842,0.104413006640971,1
120,0.0359786048065871,0.890056482050568,0.600357484538108,0
1246,0.285136759598914,0.289632459684669,0.212179344188177,6
153,0.609406555769965,0.615243097301573,0.666766308248043,0
173,0.844610042637214,0.307689778273925,0.975856530247256,0
382,0.750461275277194,0.458658057404682,0.0824179882882163,1
860,0.285814262351133,0.321184694758311,0.210818311931519,4
165,0.844416096108034,0.167795544490218,0.0706459986977279,0
403,0.745340401176363,0.218661502725445,0.441226771753281,1
1244,0.278599081083226,0.290884526127287,0.217326112495542,6
639,0.716764642579947,0.322332771518268,0.495921363541856,3
1144,0.281889208386598,0.355798662805081,0.211616060321387,5
413,0.774844750193879,0.327278367965482,0.15007178701926,2
1196,0.290065658965493,0.346398913653472,0.212948903193614,5
524,0.774597384461668,0.352582855406217,0.462091322126798,2
851,0.283434393305933,0.317940087369301,0.216841484456225,4
916,0.273076405956256,0.311975467047567,0.220137027788327,4
943,0.286471627781478,0.326276022430469,0.213241128902538,4
1228,0.290877352356091,0.288449018676171,0.22078560031485,6
230,0.751575641792733,0.453449965594336,0.287205063342117,1
8,0.183703082846478,0.740918946685269,0.69171006581746,0
316,0.753942307524849,0.415605561132543,0.0442176861222834,1
678,0.719166308471467,0.162870074645616,0.425547133851796,3
1126,0.282736295896624,0.352843836581969,0.21724285737816,5
1085,0.286558834822668,0.345386269164714,0.207260265321712,5
494,0.783809307133779,-0.00252212558407333,0.48695184122771,2
1336,0.286850846032257,0.295199365037651,0.21571900828392,6
1395,0.287506320016997,0.285494233887552,0.219814110476763,6
145,0.251591574866325,0.0547037289943546,0.10264597274363,0
340,0.745528943873942,0.187849433766678,0.342554262559861,1
69,0.105795058887452,0.653510992182419,0.878485190449283,0
1325,0.28512081294218,0.295464028611938,0.212613170163747,6
973,0.285700053820812,0.314504221765904,0.216960909288803,4
1327,0.281727707924905,0.288736525904934,0.22108465218147,6
975,0.278817452131295,0.318852298533154,0.224137780425449,4
994,0.283490065046687,0.323118018979292,0.215595384020886,4
620,0.715772452568635,0.133659944194369,0.397765160026029,3
1157,0.276710335198439,0.355504240693618,0.21945680885093,5
1361,0.284656397747658,0.290292685776309,0.207797500255343,6
802,0.714720750302076,0.121449415013194,0.23084207130596,3
420,0.781141205672175,0.321736351610161,0.132784246420488,2
726,0.723450728179887,0.189865966350772,0.334946180763654,3
544,0.782055386132561,0.393638570117764,0.143531581456773,2
1273,0.291775747639597,0.278479115007646,0.211279602882739,6
1271,0.288809504875591,0.288005506235887,0.214110134942826,6
278,0.749393557682633,0.47654855044093,0.2214200360002,1
907,0.279610675655537,0.326106456054343,0.218304524245127,4
812,0.717763212870341,0.385058278706856,0.449328916217201,3
1153,0.281777190290727,0.351770261494713,0.210620925763941,5
1112,0.275695826540248,0.35162373869422,0.223047486272689,5
167,0.780764342751354,0.0542532752733678,0.922847908455878,0
1062,0.277964431060524,0.352252833489113,0.225484355730258,5
1383,0.287961414896134,0.291198291189002,0.227844814722181,6
912,0.279178026412087,0.318821494047898,0.21257169358103,4
95,0.71866055438295,0.600217374740168,0.977891959017143,0
1050,0.283419078199774,0.35507661237293,0.209901473236356,5
292,0.748645185385831,0.378479945380241,0.389543160051107,1
381,0.75315566215897,0.323999645328149,0.131956112757325,1
731,0.724013531436212,0.425777686433867,0.318326465506107,3
1381,0.275392446564258,0.288228122860718,0.213896228703107,6
43,0.455529220402241,0.328519325004891,0.725644825724885,0
1359,0.289916041656033,0.286763052639628,0.222440412551839,6
11,0.269526109565049,0.18813793011941,0.0968096025753766,0
1151,0.280028544137886,0.351538108481485,0.219818857667498,5
196,0.153490089578554,0.310848094290122,0.985834191786125,0
552,0.780500506989192,0.130640094541013,0.408823861461133,2
725,0.7161627457547,0.380171112390235,0.0131281926995144,3
826,0.287906222888266,0.315645344734711,0.21763455795495,4
1108,0.287520418326885,0.343429429261615,0.222650369421429,5
1280,0.285728930189419,0.280566795090013,0.220776894415347,6
997,0.281449406701186,0.322086291844447,0.211968093305365,4
1059,0.290970255353451,0.344890567763971,0.219120931240767,5
247,0.748046298210975,0.449039916880429,0.181603628979065,1
546,0.776246914553922,0.262323859054595,0.320310440566391,2
530,0.775435113112908,0.274170277430676,0.25229926391039,2
59,0.0210124179720879,0.438436885131523,0.0847589957993478,0
158,0.40915578068234,0.595572742866352,0.828251854982227,0
118,0.329173113685101,0.567125251982361,0.958810672629625,0
809,0.722203137264587,0.214498661947437,0.23731673725415,3
641,0.723341638746206,0.0565539481118322,0.434079691953957,3
351,0.747475723109674,0.391136443032883,0.48695158069022,1
902,0.27820909832805,0.319072724866845,0.214148904723048,4
324,0.745368322310969,0.0784881741506979,0.276574865286239,1
886,0.275254224892499,0.3162328482498,0.207172513565938,4
428,0.781798457975965,0.416047030850314,0.108499201550148,2
636,0.716826957336161,-0.000539459614083138,0.443884173478,3
622,0.717934688548558,0.424744402780198,0.346162089682184,3
79,0.329946384066716,0.247037110151723,0.234063308453187,0
363,0.746006571296603,0.108405061904341,0.200594461592846,1
1278,0.286331531417608,0.290886635928083,0.21059271562833,6
1341,0.288974572738333,0.296088313195403,0.214977090167305,6
1029,0.279097291906603,0.341399263712923,0.218789211212789,5
106,0.833446964854375,0.304816997144371,0.434294254519045,0
301,0.750271198831033,0.429181396518834,0.12988337718416,1
538,0.774775341092609,0.309834395907819,0.366441382281482,2
204,0.473751490470022,0.548164437757805,0.0187223411630839,0
914,0.278245485432476,0.316769655237828,0.218702533167359,4
849,0.279374958903531,0.324233396178169,0.206206247814787,4
804,0.71786171579035,0.0732816258911044,0.173737665242516,3
51,0.837201092159376,0.169607189483941,0.464539468986914,0
1334,0.284824273951666,0.293437933079366,0.21649097480091,6
982,0.279662818387663,0.326423835646811,0.213141744745321,4
37,0.182638904545456,0.164575795410201,0.310363129479811,0
1102,0.291457397450725,0.353078704118748,0.207536146332934,5
1038,0.28227417090458,0.349237901955055,0.207861480041889,5
871,0.280034416130072,0.321791270386826,0.213633875656051,4
724,0.71518161006039,0.103978086053394,0.210115770879202,3
163,0.962321350118145,0.347557213855907,0.99850292596966,0
946,0.281903886211691,0.315894428432978,0.215753406458317,4
249,0.749400211137254,0.385686460672878,0.0561962070176378,1
944,0.278528850878397,0.32348651155313,0.208649969341449,4
970,0.286275317913112,0.324722492637658,0.21307632214418,4
754,0.721376655304339,0.0385512471199036,0.506789045594633,3
958,0.272679258347294,0.313155740140464,0.216975568080135,4
368,0.744828225590754,0.169153096992523,0.4652311317157,1
448,0.780183764998801,0.332287124614231,0.472796942526475,2
150,0.390357993077487,0.483724896796048,0.794244686374441,0
592,0.775575634378474,0.260605611046776,0.0560324327787385,2
227,0.744220058203209,0.35648429885041,0.0317843221826479,1
26,0.0992286244872957,0.370404874440283,0.07771389442496,0
348,0.74544667765731,0.0291561872232706,0.224398882081732,1
322,0.749927158481442,0.341100382176228,0.317705403384753,1
1305,0.277019176120926,0.280338458520445,0.212878866423773,6
304,0.745766824677121,0.305142550636083,0.39489181661047,1
1072,0.28666315306685,0.348790776451344,0.210302257322939,5
1358,0.289158379519541,0.29049325456663,0.208781163797726,6
1290,0.281918567941918,0.290785821441928,0.214330834685402,6
1080,0.286227018846112,0.351021516118534,0.217727542071917,5
720,0.715936049427837,0.00232942416332665,0.170844273013063,3
346,0.748788233487867,0.236811408097856,0.196847884985618,1
499,0.782709328331985,0.0640353654976935,0.335845811595209,2
578,0.782531624652911,0.149181204638444,0.44597336074803,2
1193,0.287676663174539,0.341572528273326,0.214400094692957,5
1408,0.281019979327494,0.287564711105302,0.207703768377524,6
373,0.750594623179641,0.114315709355287,0.220169101445936,1
632,0.719029641428497,0.0928217619890347,0.387356230244041,3
540,0.780772749783937,0.363274783734232,0.0668277338379994,2
1353,0.285272204515145,0.278186991394903,0.217089278832704,6
820,0.280050820601418,0.314677958956883,0.212521124150796,4
1078,0.283817197284655,0.35406643440317,0.213283956913028,5
392,0.750959641488735,0.479634258453734,0.0324865136761219,1
1260,0.276156711585754,0.297476997392817,0.221669492412805,6
83,0.167323480593041,0.330596825107932,0.524040215648711,0
168,0.643713568570092,0.752881394466385,0.207396666053683,0
580,0.779139002449811,0.414800436841324,0.406891007279046,2
213,0.745544316333253,0.295350096211769,0.117210590117611,1
1391,0.282540068981091,0.289634294268893,0.214961367573618,6
876,0.289714323968377,0.331574676066203,0.217424753420461,4
305,0.748432412347756,0.0266741352621466,0.107375806034543,1
539,0.774639834221453,0.0148407425964251,0.370615464588627,2
1046,0.282054248984055,0.354097894636887,0.212694308097149,5
342,0.74715518431738,0.460719198244624,0.482004318456166,1
785,0.716611166277435,0.0570754439337179,0.0306269515538589,3
264,0.753655146569945,0.408056127163582,0.0295138966292143,1
808,0.722181810913608,0.174367526685819,0.479147721617483,3
898,0.289753984713036,0.316631616717557,0.217107004785371,4
534,0.77898755903123,0.399050138914026,0.458063280396164,2
1164,0.286907071480273,0.34542201350978,0.220066639094028,5
542,0.783081408522558,0.0369978657923639,0.391369466506876,2
917,0.282222608170603,0.32371373939823,0.210061828969891,4
1411,0.280849694592443,0.289692787780257,0.218280737296117,6
565,0.778916877971497,0.0264433099888265,0.317710146377794,2
159,0.765004412271082,0.454723224276677,0.104052742943168,0
220,0.75102471674094,0.470352122350596,0.23475329305511,1
91,0.500341835198924,0.414558937307447,0.334068804513663,0
989,0.27911397450071,0.319579010508341,0.21507401806385,4
1310,0.289961200067535,0.297749426394786,0.213340422832266,6
1318,0.28838747448344,0.281435906996887,0.21841087695155,6
23,0.704374737571925,0.78987288614735,0.640242248540744,0
280,0.75255375262117,0.358941668435,0.360130671481602,1
739,0.721927211023867,0.0969964933115989,0.241581062739715,3
723,0.723824099262711,0.163645123736933,0.416385288652964,3
511,0.775444361376576,0.158984689298086,0.419073646492325,2
1227,0.28112955069288,0.285568880819789,0.217279743697628,6
841,0.282509487875216,0.327956193431276,0.214804811306547,4
268,0.747513412395492,0.234009961970151,0.386075547733344,1
799,0.7203314713086,0.0318790095858276,0.0933661026181654,3
979,0.275878973252784,0.324952811242848,0.209077112478404,4
941,0.277620895360713,0.325537857958206,0.211421851304251,4
490,0.782408837405965,0.155397389223799,0.0340397847583518,2
188,0.777219664538279,0.781160125974566,0.682467383332551,0
1379,0.275880256931391,0.293926326351294,0.214854523557476,6
1215,0.28234847953971,0.297618436106029,0.216704227067189,6
550,0.783668974654284,0.356300301407464,0.142673360835761,2
29,0.237152772257105,0.168499783379957,0.455248573096469,0
773,0.723192040668801,0.126294247014448,0.499071614886634,3
462,0.776684877055232,0.169598929490894,0.290170705714263,2
947,0.280005264305853,0.315144219149474,0.212517363577198,4
648,0.715684294451494,0.442467536218464,0.120304070250131,3
1114,0.27345950878738,0.352552190447916,0.213301239885808,5
429,0.777233473816887,0.409830456622876,0.047143263462931,2
1300,0.279832868738272,0.295501880814707,0.21157587211098,6
1354,0.283153828938926,0.28722141477691,0.21358195340718,6
1123,0.285241215238337,0.347160053585287,0.217593278065405,5
1045,0.278480784242196,0.351511535083021,0.219964233915677,5
1134,0.285196564750952,0.350871817660408,0.20793741801261,5
468,0.778039155297447,0.0319601652678103,0.326667722966522,2
411,0.745858103979845,0.212282370449975,0.434986137505621,1
836,0.283305044742268,0.323439792637512,0.215148779594196,4
41,0.0947981451172382,0.762473264476284,0.322599752340466,0
1236,0.284547029041614,0.287822820592855,0.207844305630507,6
852,0.280559302877494,0.309332173585229,0.200153139779442,4
570,0.780161379408091,0.140230325772427,0.199453103076667,2
287,0.744851418859325,0.467546082823537,0.199979695444927,1
89,0.582870355108753,0.939891535555944,0.649107773555443,0
688,0.714499728812371,0.0791877450188622,0.190341876540333,3
615,0.7220393192349,0.290260858391412,0.141910989838652,3
1201,0.286248446925689,0.348312915036885,0.222646219833748,5
815,0.282789568106578,0.324971851880819,0.224972825699396,4
853,0.27489730874535,0.322705170216131,0.221892339957636,4
1180,0.274429484348292,0.352021807130925,0.207614459579521,5
1326,0.285051195487378,0.290234491268041,0.209221954582131,6
897,0.278719845642159,0.325578280883409,0.21449928527397,4
532,0.774473865218461,0.231859571207315,0.260135134635493,2
1396,0.277859408052457,0.28837594276238,0.225413268178924,6
492,0.781806325463113,0.144829733320512,0.0930075452895835,2
383,0.753163150486071,0.197023881506175,0.446067046327516,1
1301,0.289964479781306,0.288885886706091,0.213764411445313,6
921,0.281147979934105,0.32328715022169,0.219792442195893,4
1217,0.29296407896931,0.294446078578941,0.219875773454945,6
1314,0.285116808387712,0.284641707756862,0.213994119223939,6
769,0.718441318469122,0.133040123409592,0.163380361814052,3
311,0.748805687578861,0.0258395211072639,0.0204566932050512,1
1224,0.278182011083968,0.288899912230815,0.21128245795686,6
463,0.78327300300356,0.402544530015439,0.162582169822417,2
1249,0.284868854054122,0.287818248626677,0.2134233706493,6
260,0.750552672182676,0.0955154082272202,0.0222219250397757,1
528,0.782051610299386,0.440906672063284,0.0777341783512384,2
458,0.782336188352201,0.222964247479104,0.333942540292628,2
829,0.28696164442479,0.311984920177546,0.208642488508323,4
981,0.27597952861857,0.32088131845153,0.212293336806274,4
965,0.285271291293484,0.327098774420181,0.214847261163546,4
936,0.285692203545429,0.323121918569428,0.207839491274299,4
74,0.494546547299251,0.206523692701012,0.423194689676166,0
805,0.722567718860228,0.294630763260648,0.180406084819697,3
675,0.719756642279681,0.349773219577037,0.1695026000496,3
1365,0.288622352216619,0.287923571546499,0.214280399958894,6
631,0.714804517903831,0.219854853488505,0.111863351846114,3
784,0.717184893083759,0.0149044408695773,0.220064388890751,3
1268,0.273502085527039,0.285623146106794,0.217913131920609,6
7,0.518452734453604,0.904632591176778,0.628145300550386,0
437,0.780213081599213,0.450458611501381,0.277816525031813,2
1171,0.282875771679483,0.342032054362807,0.219887104269675,5
1320,0.28634550154225,0.288808289904565,0.222094180712377,6
365,0.74934282601811,-0.00833622468635437,0.309736228501424,1
72,0.167341593652964,0.839818046661094,0.0405129780992866,0
1175,0.290864031751585,0.353428143556903,0.206913749850055,5
155,0.254089926602319,0.378377832937986,0.793962950818241,0
606,0.775460660657846,0.428798648435622,0.0275039360392839,2
109,0.985007519833744,0.684214564505965,0.657769707962871,0
840,0.280153441662185,0.324135694910269,0.213906367179479,4
706,0.721004241278861,0.301936206081882,0.264066766784526,3
119,0.667338406667113,0.995182680431753,0.765964577673003,0
233,0.74491670482792,0.41388266151771,0.421754191815853,1
384,0.745894693860319,0.182134587690234,0.132396501442418,1
237,0.74959183635423,0.187625077692792,0.49932794442866,1
35,0.365587818901986,0.240083233220503,0.68906787619926,0
1159,0.274366133635856,0.351881141345076,0.209871319775362,5
813,0.278483304599438,0.320160342779547,0.209682783895537,4
1086,0.287596331180917,0.349673353724924,0.208061283059356,5
440,0.780262720016763,0.282573428726755,0.246688663796522,2
1232,0.282584670840228,0.289707303579629,0.212703213879741,6
269,0.752175557031296,0.231580613204278,0.31217662577983,1
895,0.283540813700661,0.326568675740084,0.208317012312023,4
885,0.28148916780465,0.326741188813177,0.213465912609475,4
73,0.279511130182073,0.920978309353814,0.776156048988923,0
996,0.276899736623283,0.318856036381009,0.211456739025513,4
80,0.92091954452917,0.0613599442876875,0.648501304211095,0
672,0.717497589888517,0.104509429563768,0.143020973494276,3
686,0.721950250547379,0.192605117009953,0.396619632095099,3
239,0.744563848294784,0.277299566799775,0.409330780454911,1
786,0.719608484483324,0.0360421035671607,0.473727869638242,3
355,0.748968507903628,0.460247163334861,0.12613335584756,1
379,0.746847859665286,-0.00304958536289629,0.146661090035923,1
514,0.78037224871805,0.311506068124436,0.324112333194353,2
708,0.71666557145305,0.104029705072753,0.172405465808697,3
96,0.307101802667603,0.553818528307602,0.570639011450112,0
1288,0.282260026413123,0.295352315771373,0.20519966650455,6
1275,0.289972619086226,0.288307808730992,0.2200349785555,6
1088,0.283792861604144,0.35140367222333,0.22355866463587,5
434,0.777912958746311,0.00988279297016564,0.0121376486029476,2
889,0.28187638325524,0.323465946721069,0.217271393626151,4
868,0.28014585809617,0.312584276551206,0.225561091319522,4
45,0.195688626728952,0.911077876342461,0.0988753098063171,0
683,0.716092990674079,0.0581707159522921,0.130971739604138,3
399,0.749231474359986,0.0117757646599785,0.293952554068528,1
483,0.781004012147896,0.0971740475157276,0.230629945360124,2
20,0.74663265584968,0.214505368145183,0.0359574381727725,1
415,0.780422236905433,0.280669115157798,0.424314310029149,2
1124,0.287930247844247,0.351439486692604,0.209810708150846,5
1293,0.278323390235351,0.288364481847112,0.218861706813124,6
857,0.277396223887794,0.326627204233211,0.213551551145446,4
221,0.751183545209933,0.158031465858221,0.500254273833707,1
13,0.688040877459571,0.375169812003151,0.0114432335831225,0
180,0.352587531553581,0.977034081937745,0.531586842844263,0
359,0.753792209841777,0.184934723097831,0.341188982082531,1
486,0.778096879289951,0.189280591113493,0.0192974552745,2
388,0.753482157697436,0.125122257880867,0.368529136478901,1
245,0.749376474164892,0.00673106757458303,0.052809459110722,1
985,0.28796712922682,0.326454641019003,0.210835775217319,4
1012,0.278872866635317,0.316247312145722,0.210950522698939,4
926,0.280184496652972,0.321770074019358,0.211002117483257,4
859,0.281536070255782,0.316745808784814,0.208704057885017,4
377,0.750935888646636,0.256038795947097,0.461634298157878,1
369,0.747601120329928,0.00511151158716533,0.314758801204152,1
479,0.779021706529893,0.360290420730598,0.321058261510916,2
146,0.41793180629611,0.705935982055962,0.975315222283825,0
605,0.781058584155981,0.0519115783041343,0.139649087167345,2
1382,0.282120347053821,0.297743394863704,0.218797693120063,6
402,0.744482205924578,0.38477447386831,0.383950052852742,1
964,0.277302435563698,0.320343535934249,0.227259080951226,4
792,0.716006904910319,0.205369186610915,0.468792941025458,3
554,0.7820994392992,-0.00579912888351825,0.4064010001719,2
1184,0.280419726296117,0.357335781156005,0.218644433656829,5
1337,0.28691639076063,0.281398798870129,0.220734883532954,6
1098,0.286492792405899,0.362155136309516,0.216454925618818,5
569,0.774100599184167,0.242848764662631,0.496075770887546,2
1251,0.279324200290122,0.297903376400025,0.214849983058284,6
667,0.715795169442426,0.0109746706672013,0.357915292098187,3
597,0.782270414428786,0.45436565533746,0.119272004067898,2
425,0.775946630327963,0.077233040262945,0.057979933754541,2
467,0.775870248342399,0.022959232935682,0.296624005027115,2
1254,0.280433670741918,0.282998125800136,0.219702530873272,6
806,0.718887481272686,0.397948778374121,0.469184874510393,3
1247,0.27826617241561,0.285006978576757,0.217349756344459,6
93,0.761672249529511,0.41008798009716,0.383969345130026,0
1311,0.279530134951041,0.291996625451263,0.20892251821245,6
243,0.753317183370236,0.145122252660804,0.328636973234825,1
256,0.750414230686147,0.259921392914839,0.497587811038829,1
980,0.280116230618226,0.310641908599738,0.224686720563621,4
602,0.781079322220758,0.234807004826143,0.269821321195923,2
255,0.752532619733829,0.433624434890226,0.0489616200327874,1
681,0.722454133809079,0.474442586908117,0.474264894798398,3
288,0.747037015422247,0.448703181953169,0.130095723969862,1
766,0.716141669854988,0.392519270558842,0.14695157466922,3
1103,0.281009184060819,0.345868504985039,0.216926672897498,5
1097,0.275283300248941,0.361546427537093,0.2209660591798,5
589,0.783924411770422,0.0266455519245938,0.417855926975608,2
275,0.750986279172357,0.158214596356265,0.491616463242099,1
455,0.779157529571094,0.140512635139748,0.154154788888991,2
967,0.275374655830296,0.32008064903069,0.212452207614249,4
161,0.575278185075149,0.305418697185814,0.471401973627508,0
207,0.0959926266223192,0.625190827762708,0.224279133137316,0
1001,0.278212216862669,0.31166785020382,0.203608147371353,4
149,0.93672059988603,0.93570653302595,0.166572938207537,0
343,0.748527289717458,0.0655212628422305,0.209943708451465,1
465,0.782508676792495,0.110874778730795,0.223477023374289,2
1100,0.290252188953989,0.346681400982256,0.212430727720427,5
234,0.74719237764366,0.0431142067769543,0.0664278942393139,1
1092,0.288633771730401,0.361574722409686,0.220660630094562,5
1066,0.273146388184028,0.341922369376303,0.218514792851672,5
1172,0.285697368521129,0.347198300353451,0.220215601974568,5
883,0.282344186329851,0.32266989247411,0.209677206639692,4
236,0.748611587630585,0.213404916715808,0.156589464936405,1
325,0.751828419056256,0.272444750904106,0.0337140670279041,1
656,0.718823339992669,0.343572457693517,0.0135873481165618,3
801,0.721065648784861,0.193598827836104,0.217600159300491,3
1339,0.281794104735022,0.288042228892307,0.22420627549352,6
510,0.777772057233378,0.376458360487595,0.344975087861531,2
1140,0.276198410217334,0.345979377011906,0.212759741118685,5
638,0.720957579566166,0.104734878893942,0.287288392498158,3
326,0.745469891391695,0.429877366428264,0.34211367550306,1
945,0.285972332905873,0.316605900177468,0.223119248551608,4
512,0.781602560461033,0.412172631849535,0.330918206321076,2
60,0.264815412461758,0.146710599539801,0.300630629761145,0
646,0.714661808453966,0.160276092961431,0.160927056288347,3
553,0.783540435240138,0.367295162659138,0.187625023606233,2
783,0.71693312328076,0.0306914546759799,0.228948121494614,3
526,0.778732974049635,0.40713142035529,0.153067912859842,2
298,0.745859124353156,0.294965746253729,0.385587707348168,1
548,0.776685058954172,0.075375370006077,0.0477246171329171,2
660,0.720478433172684,0.234869324741885,0.0493203538469971,3
763,0.715274205680471,0.435425689816475,0.330206541181542,3
1200,0.282963764702526,0.346828016313075,0.211505876049911,5
47,0.955585380783305,0.254727338906378,0.42406477057375,0
1294,0.287693464066369,0.286104712298785,0.208424801437335,6
1295,0.277867962254886,0.30056446604033,0.213834312137148,6
915,0.280525749321135,0.310615131801996,0.221486133498982,4
680,0.717478619602043,0.450123128271662,0.462056911620311,3
1330,0.286050962905235,0.288324232838846,0.212325172908151,6
1002,0.290385734026985,0.319966212893982,0.214634917043909,4
1058,0.281915234538939,0.346538854917861,0.206899631899366,5
266,0.753352482533083,0.121535511361435,0.213579347659834,1
94,0.170049329521134,0.31100762099959,0.50028537074104,0
1219,0.283318829065056,0.294922804925419,0.212583689110266,6
164,0.466535443207249,0.688882099464536,0.9231968363747,0
1272,0.280037583707302,0.28849375738176,0.212272621114407,6
671,0.716599050473888,0.309403871675022,0.490154486102983,3
590,0.783583820522763,0.355370063940063,0.0571069542318583,2
186,0.359821814578027,0.900495747569948,0.170997508568689,0
344,0.74453621378867,0.439923529303633,0.113087006681599,1
48,0.980952139943838,0.901999504771084,0.0879118973389268,0
1399,0.276865608778609,0.284963270742063,0.221289683360466,6
738,0.723927309545688,0.117631933093071,0.023572172340937,3
190,0.624672000063583,0.52823204244487,0.854019942227751,0
1155,0.288499198017617,0.347008778234583,0.208178516638985,5
918,0.278629460627903,0.327015968729123,0.215289409240849,4
1033,0.289860247817077,0.349083630154583,0.218611620286324,5
968,0.279535829701853,0.318428239156661,0.212089567632918,4
1263,0.287589397693966,0.28796762668139,0.216214594556156,6
78,0.427846835693344,0.729199677240103,0.930320126237348,0
1390,0.279874186035501,0.287635444108055,0.213551345113133,6
506,0.777777174431831,0.191357726603746,0.213460101815872,2
1198,0.284396851492717,0.352299239867297,0.217533222457439,5
983,0.290646866440597,0.328067708340723,0.211831470452036,4
1015,0.277388975642201,0.350684122601295,0.206807625360058,5
50,0.790244438452646,0.223631855798885,0.760684714652598,0
693,0.714709184039384,0.242911466653459,0.329669389477931,3
184,0.357710510492325,0.297563026193529,0.287201798986644,0
807,0.715799497654662,0.255634483322501,0.20970510977786,3
1299,0.28046719451697,0.285850727314285,0.213975303169494,6
302,0.744801858137362,0.0614676687633619,0.209324954962358,1
290,0.748834315668792,0.0342795195989311,0.393903278582729,1
858,0.278453837233334,0.313169361943336,0.216385383607219,4
211,0.431744244182482,0.895012167282403,0.680168337654322,0
1267,0.289153458936346,0.295976215070004,0.216946524364769,6
1051,0.288686779546721,0.355144626507773,0.21877277960042,5
1207,0.270626397233791,0.34599214061139,0.209558932260598,5
87,0.657552561024204,0.43871897039935,0.326895465375856,0
1352,0.281317275493797,0.29062122237767,0.214611009011364,6
179,0.156956125982106,0.00262319692410529,0.713890651706606,0
1370,0.28653298566434,0.288505370845719,0.217975498385698,6
257,0.747536241216585,0.241383644193411,0.370070985238999,1
951,0.282070320527934,0.313367600749155,0.211287708545743,4
1142,0.28638920042463,0.353002154757038,0.208045003080723,5
1265,0.279654673704936,0.294202243766312,0.216775401703461,6
894,0.280246963914052,0.316014010978917,0.222608569442097,4
1149,0.27989825645873,0.34630051616079,0.208184271503007,5
691,0.720170202492736,0.340956723107956,0.322339669289067,3
819,0.282007811445822,0.313283865879564,0.220709979318445,4
756,0.716818392563146,0.244206210970879,0.353649895358831,3
1118,0.286390708593287,0.359823040410226,0.211272466954003,5
1346,0.285404141258225,0.284859578692754,0.212564019038274,6
1303,0.276184235667432,0.285495628226756,0.229782777212667,6
471,0.775235000166577,0.0698396009625867,0.423023484717123,2
761,0.718829815245699,0.213758700434119,0.40075378511101,3
770,0.722230164047796,0.417927767173387,0.232814571424387,3
775,0.714492771709338,0.13745575749781,0.415743361064233,3
788,0.715105335025583,0.0600725893396885,0.15155748471152,3
767,0.723224839044269,0.130754812993109,0.244520749035291,3
1378,0.279689265142295,0.286536503526652,0.215353347240324,6
1296,0.284263075684416,0.293315899376827,0.215450998336526,6
350,0.747270578902681,0.157093316572718,0.228579660016112,1
1340,0.27359441625425,0.290517664697635,0.214676188299449,6
779,0.723733254061081,0.151181931514293,0.0575092216720805,3
1004,0.275519887904414,0.31156836449122,0.206202831174508,4
772,0.720561759683769,0.31731610968709,0.138419805513695,3
561,0.777723766991403,-0.00142145550344136,0.4795766960131,2
992,0.286136097325281,0.316571389472887,0.214164879213198,4
758,0.717982551923487,0.0162891284795478,0.085169477458112,3
752,0.716082771772053,0.222707458445802,0.106792002753355,3
699,0.71684552020859,0.238161823037081,0.482219128240831,3
430,0.775938694004435,-0.0103521654149517,0.36787200178951,2
519,0.776589970588684,0.395418552937917,0.47699511081446,2
1406,0.275628416379504,0.294619036058676,0.212843293020162,6
162,0.985606048488989,0.131610411219299,0.610626962501556,0
1174,0.285152583147137,0.345790223347075,0.224217299330808,5
457,0.779940544520505,0.339684671978466,0.310734219336882,2
518,0.777401008449961,0.3507947627455,0.204846945544705,2
1113,0.27953029834289,0.348420087969178,0.21927130426419,5
929,0.278677754851292,0.322806313184311,0.219064694266287,4
261,0.744399163378403,0.428940806677565,0.448116331314668,1
130,0.552606032928452,0.85970975831151,0.344584588659927,0
655,0.718259038315155,0.340460422355682,0.097688648570329,3
745,0.721878579310142,0.172663027094677,0.378064570901915,3
905,0.281497051603174,0.32341299123526,0.217843772565851,4
262,0.751173402334098,0.108715748670511,0.0252709208987654,1
1071,0.279851766330767,0.340642585608789,0.211216379638361,5
1081,0.283471331883951,0.339161056327368,0.218648207055931,5
1202,0.28731792783584,0.351681276328781,0.208752950270505,5
855,0.277930482440298,0.314574554564258,0.216756775324879,4
630,0.721572617418133,0.0950335929170251,0.477618507645093,3
856,0.28350790865585,0.328446870625437,0.218620329914941,4
1117,0.283165320834597,0.352207239537828,0.218876284470025,5
924,0.289277638518092,0.313868378347272,0.216901797821045,4
341,0.745781715821941,0.483692496572621,0.289570024190471,1
67,0.841290875803679,0.543377385940403,0.684411062160507,0
68,0.428333938121796,0.987572557060048,0.263938839314505,0
1331,0.283332094164319,0.286582817277637,0.221786012257309,6
694,0.720943102701567,0.261461778334342,0.132881381502375,3
193,0.54607874318026,0.147829480236396,0.283966850023717,0
1258,0.277917812328968,0.284892303776214,0.227705990922439,6
1073,0.282870359786849,0.342445619119112,0.222583491470113,5
568,0.782296454019379,0.369792063161731,0.31315085333772,2
1042,0.288159256005383,0.352238282344302,0.213517776170299,5
976,0.273042898705807,0.320938902208318,0.209539515398555,4
328,0.746506331469864,0.0971552421338857,0.433822632022202,1
704,0.71603358884342,0.139293720154092,0.172207592125051,3
1309,0.290512016165408,0.294931886347327,0.212807498315554,6
1240,0.286958721481222,0.28347068603775,0.212611779646655,6
1316,0.285342807649236,0.293082277081473,0.222356598807107,6
432,0.78367027094122,0.00697116870433095,0.428045848221518,2
1287,0.284926727333124,0.288748692042302,0.21675834428834,6
393,0.751963802541141,0.460080382553861,0.221054879785515,1
258,0.749941686717793,0.377537923189811,0.0271603998960928,1
241,0.745941686509177,0.225706091872416,0.187707778485492,1
114,0.581447636010125,0.474861279595643,0.709120337385684,0
705,0.722811012850143,0.032579533662647,0.282175501179881,3
401,0.753718863190152,0.0897034278837964,0.253546034754254,1
536,0.779728004953358,0.271684370958246,0.387509594624862,2
82,0.0566651183180511,0.206536046462134,0.901299972552806,0
837,0.283367475692951,0.312166572815849,0.213064301323785,4
1031,0.289750487094628,0.357249318009679,0.213605437274616,5
1152,0.28836127469919,0.355288401351515,0.217992958942209,5
1076,0.271456905659232,0.356184648549859,0.223273305570856,5
1252,0.285760588393969,0.292559995789459,0.225532344527773,6
61,0.836480427999049,0.729451601393521,0.629847716772929,0
1069,0.276152577383589,0.355302121361884,0.218724920180326,5
588,0.782572573157959,0.0896295476937667,0.456267291749828,2
496,0.781600477108732,0.353910555504262,0.341603518766351,2
436,0.778859729964752,0.240279343817383,0.47969871731475,2
18,0.753800112055615,0.252988073742017,0.0707084643654525,1
1105,0.290283083687238,0.352212918740698,0.218394371558457,5
112,0.489339481806383,0.314193090889603,0.677475192816928,0
1034,0.289101575365258,0.352444148686128,0.223305202482696,5
716,0.721539891597349,0.0322523185983301,0.0325584557838738,3
333,0.753218201189302,0.37508291695267,0.298989355517551,1
281,0.751928986106068,0.322487521008588,0.476028995774686,1
748,0.715878493518103,0.467515330086462,0.027796261315234,3
1026,0.282357783816705,0.347594332598081,0.210889228715449,5
1133,0.281377362731911,0.346013525347666,0.210842848779286,5
141,0.516075999708846,0.756746187806129,0.674414482200518,0
1231,0.285327247169275,0.302290968462114,0.212385035301349,6
696,0.714703369510826,0.0374135967809707,0.0109147402225063,3
1283,0.28054213066861,0.290465660644381,0.214922875652821,6
1355,0.283310766261292,0.297199196664806,0.216689126192587,6
107,0.403745024465024,0.967369394376874,0.0945705506019294,0
990,0.288076091847571,0.319153868984281,0.218604945807809,4
1285,0.28577336628857,0.291361072213989,0.223457283718846,6
689,0.72274384933291,0.44758746845182,0.423222396709025,3
1158,0.286876572514103,0.350810278785482,0.227479088068266,5
367,0.751820764322765,0.104739159019664,0.454031431186013,1
1367,0.279226705889395,0.286787846759829,0.215896931616557,6
909,0.283795522469593,0.329435069989139,0.211857232663363,4
501,0.777371968666557,0.252099085738882,0.137892896961421,2
1087,0.278336971733175,0.348683862233194,0.213250124540387,5
640,0.720719859404489,0.47002396886237,0.0738078449619934,3
502,0.774335209997371,0.323234903533012,0.261442995234393,2
733,0.722791555477306,0.150339065841399,0.0521918951533735,3
732,0.721241356492974,0.373963189101778,0.0212262619286776,3
443,0.781177957311738,0.153438744042069,0.351123105804436,2
224,0.75263469895348,-0.00159196041058746,0.290537717822008,1
617,0.721234404803254,0.0936213219771162,0.397941462881863,3
1079,0.282708300880182,0.352213227906249,0.211511413805665,5
904,0.276863377853201,0.325763056451368,0.221477061410205,4
453,0.778418010319583,0.474575716559775,0.285125142731704,2
1037,0.27044357562956,0.353425245801619,0.212045083637073,5
1342,0.278729084055249,0.290477696248145,0.216993379939682,6
408,0.749684746046551,0.0131346918875352,0.500402528280392,1
1343,0.287605998923154,0.273368895532541,0.219173855440261,6
610,0.781830462375656,0.455325151351281,0.490063755726442,2
1269,0.276968483559615,0.286206314548045,0.20870272419287,6
774,0.715843155942857,0.436962270201184,0.267878231429495,3
566,0.782633671471849,0.247307003149763,0.026865959702991,2
1205,0.28489042356486,0.347899319270138,0.209305132162707,5
493,0.775826455927454,0.31944288094528,0.117977059748955,2
545,0.776533950788435,0.408107161894441,0.46606078739278,2
1257,0.279603295182832,0.292088567065726,0.207822283578164,6
418,0.778785115664359,0.120211013033986,0.119954633596353,2
4,0.947826820425689,0.793621526798233,0.975803485605866,0
1264,0.287594259940257,0.289029562573242,0.215414755240351,6
1090,0.282515957916885,0.347830692723217,0.222537927303404,5
1194,0.282649630159716,0.337386904109504,0.212678583717431,5
1401,0.278942389030142,0.295755137408898,0.209141534511479,6
523,0.775745209963061,0.0877936745760963,0.0723035934614018,2
441,0.778729855520651,0.0557537351502106,0.30256550044287,2
113,0.684480167459697,0.342375169275329,0.927490191999823,0
312,0.748438061848283,0.104262508591637,0.414980936283246,1
1372,0.284621106690591,0.301329514455836,0.214965447496368,6
124,0.221288036555052,0.117925093742087,0.507170779164881,0
208,0.133134611649439,0.281044888542965,0.43644289416261,0
626,0.723239092912991,0.354763896809891,0.0308361742179841,3
166,0.348987430799752,0.699618503451347,0.0589351113885641,0
447,0.783498254453298,0.16024756107945,0.0351153292693198,2
108,0.275766427861527,0.700645184377208,0.473599646007642,0
1397,0.27799447082097,0.298196470003601,0.206499250714004,6
205,0.415278405882418,0.769269694341347,0.240532043622807,0
1162,0.275240259341668,0.353888752552837,0.217916959403569,5
1170,0.280116524037932,0.358516621344228,0.217932936692476,5
52,0.969706635922194,0.531886443961412,0.739404606400058,0
791,0.719161836279091,0.193781933304854,0.161722478410229,3
1306,0.285498605555815,0.29078205732443,0.220070087324807,6
971,0.281313567042231,0.332880296677378,0.222995970663306,4
22,0.855929056415334,0.480297251604497,0.328232972649857,0
459,0.776171292574145,0.188906177785248,0.472060621087439,2
223,0.752973484850954,0.371558303153142,0.363590218080208,1
2,0.626396968960762,0.673687605652958,0.63704183534719,0
488,0.77480098027736,0.328235510294326,0.462135791149922,2
864,0.29318930072105,0.317692506062587,0.22067027359105,4
647,0.716261164406315,0.153938796278089,0.214695028099231,3
957,0.284582809597357,0.313566280382561,0.221527352638195,4
1403,0.276642469175043,0.286925235231967,0.215326691560222,6
867,0.281200456098743,0.313960458774974,0.21216774400158,4
174,0.41654354147613,0.644593395059928,0.0590352988801897,0
743,0.721155472646933,0.2769079802325,0.371584508055821,3
874,0.284286039514931,0.310352413752569,0.21388158583456,4
187,0.570848248200491,0.0905480452347547,0.55640960810706,0
1141,0.280830227377625,0.341781159290538,0.226669096576122,5
100,0.975112467072904,0.910651774378493,0.784315476194024,0
712,0.720251559531316,0.0651000373996795,0.360273639159277,3
53,0.349801393924281,0.42407381394878,0.271903519053012,0
356,0.747711817747913,0.0687309219734744,0.480516805034131,1
1166,0.289890803639453,0.34735943243739,0.210440436990837,5
110,0.762595975073054,0.70403536525555,0.876328985672444,0
1229,0.277626682844054,0.289707889300349,0.211841440887816,6
206,0.984415745828301,0.216720081400126,0.233183535514399,0
226,0.748203439093195,0.0710686031030491,0.13284032123629,1
39,0.242241068510339,0.921787187457085,0.933282637968659,0
285,0.747983019165695,0.04990312831942,0.237480782391503,1
40,0.734467514557764,0.701187370344996,0.0959571418352425,0
246,0.744764613201842,0.0691362921148539,0.23109948921483,1
210,0.18540973868221,0.727080585667863,0.430362334474921,0
229,0.751524401165079,0.0749014412518591,0.508062490914017,1
400,0.753942556153052,0.184075144026428,0.436431355378591,1
277,0.74456105908379,0.195132474903949,0.503443571110256,1
283,0.751280035709497,-0.0086177820106968,0.13296558028087,1
303,0.745234997570515,0.0830427294364199,0.367623626440764,1
780,0.719009324156214,0.26159855783917,0.308937522419728,3
1356,0.282775328869926,0.29087334369043,0.212573634496602,6
934,0.273676119880135,0.317562788914828,0.205099584409129,4
84,0.710700704716146,0.662140897940844,0.515581177547574,0
182,0.279412984149531,0.693712610984221,0.224319088738412,0
101,0.713383807335049,0.691819851286709,0.303295044694096,0
842,0.282353048000773,0.313600642379318,0.217041823431106,4
115,0.116393055999652,0.0255059693008661,0.544163539772853,0
956,0.290024003149869,0.324740904797783,0.219408535412063,4
596,0.783224258334376,0.044233957445249,0.119000783143565,2
939,0.271082312425645,0.320281249107567,0.212222918436761,4
1181,0.28104085426966,0.359646536244759,0.21842349633594,5
1032,0.280271018782941,0.343738657163844,0.217379743581147,5
832,0.279605363673535,0.32327017277101,0.218551249564981,4
332,0.752846335838549,0.434368875133805,0.445156422746368,1
616,0.719755005524494,0.464733880385757,0.058036369108595,3
1384,0.278845421448735,0.294603902871252,0.21917935192779,6
627,0.720601450428367,0.0733606650261209,0.341393428575248,3
854,0.282392735410814,0.31683725938027,0.215165040872039,4
1369,0.282487603076702,0.294168232028817,0.214088554666285,6
265,0.74782395534683,-0.0100727247539907,0.308692180039361,1
444,0.783597751171328,0.102779644331895,0.0852376117371023,2
628,0.72383938036859,0.151142381154932,0.292135324864648,3
1186,0.295000937513315,0.348334870438473,0.216721651665558,5
701,0.715608095210046,0.112327570468187,0.0224474772810936,3
1323,0.284782557570671,0.288366437220654,0.214225297872439,6
900,0.282416877728823,0.333670248555556,0.214122814486015,4
1230,0.282949773678568,0.284531314842737,0.222404651035989,6
272,0.753991833077744,0.103545962972567,0.0234820768935606,1
416,0.777964938029181,0.380464671901427,0.0476265762234107,2
1188,0.290283482374383,0.342953945379952,0.218778512278378,5
795,0.723266388690099,0.214930667565204,0.382232637447305,3
1279,0.284003703728343,0.290704540883702,0.217824114851862,6
438,0.775285686706193,0.35516348448582,0.036324287718162,2
670,0.72162756096106,0.00495699364691976,0.0138523905305192,3
293,0.747849717729259,0.248858158616349,0.184079837007448,1
1,0.118771546753123,0.750016677193344,0.18274209741503,0
503,0.777930424890947,0.471642307960428,0.196148943575099,2
263,0.752512042655144,0.430348607851192,0.0271339446306229,1
1386,0.275184993481183,0.28893456721107,0.209686271573719,6
1242,0.285013584244235,0.289091302012806,0.214158774721062,6
1261,0.284284227309292,0.286275398275632,0.204226119966385,6
1329,0.277415229238669,0.29055302535897,0.21898887639871,6
38,0.529494325630367,0.534579172497615,0.900207485072315,0
1208,0.281408506544906,0.35459184015753,0.206745523100722,5
105,0.468091406859457,0.390703062526882,0.201255472376943,0
759,0.715541930110194,-0.00621880344115194,0.35027207697276,3
888,0.282235699337417,0.332872396053291,0.215363611910745,4
1052,0.278581343797666,0.356478990672056,0.209948717517656,5
1165,0.281250965783485,0.353761156388304,0.215026604584094,5
1135,0.273989046287512,0.348695842914629,0.217339152104731,5
612,0.776705433139578,0.0300950360484422,0.328233009506948,2
700,0.719096791534685,0.383304562559351,0.0781198797747493,3
737,0.718459437761922,0.353007212886587,0.381053151749075,3
1291,0.282375372791683,0.287033939792266,0.209061058349654,6
932,0.278618312721297,0.320667552496149,0.222258841917405,4
890,0.2898836797264,0.323050879070756,0.225727114508357,4
771,0.718608641359024,0.430461886595003,0.130905977054499,3
481,0.778514387353789,0.0175278514157981,0.429337134538218,2
1402,0.287568250567004,0.297706347262737,0.22020629516801,6
198,0.896597535349429,0.238798524485901,0.765153885353357,0
1018,0.283611411551556,0.347326937396692,0.213022219887444,5
154,0.15851176623255,0.195774858584628,0.737834461033344,0
834,0.286451009376587,0.325482385699624,0.219446229416405,4
148,0.203078156802803,0.0928957154974341,0.71834732987918,0
577,0.774770460410509,0.402002959535457,0.0583764265291393,2
125,0.198614640859887,0.951276026433334,0.539059675065801,0
450,0.776710516004823,0.175872110202909,0.321306785638444,2
875,0.277375379357795,0.322647318331653,0.220202870757807,4
607,0.778070232917089,0.145673958025873,0.140536183444783,2
1304,0.282713635354668,0.290435411560139,0.22215225682649,6
172,0.291399871697649,0.842999215703458,0.116678119171411,0
347,0.744300381327048,0.138358953897841,0.474569497001357,1
242,0.749263207425829,0.144244069722481,0.0764720835257322,1
574,0.776933005095925,0.229354224191047,0.302583561930805,2
816,0.283740301306833,0.317668669716188,0.209618838366985,4
633,0.714386943595018,0.317656921944581,0.406704999925569,3
1056,0.287170809067668,0.353872754221834,0.213497082427978,5
128,0.100910826819018,0.569245007820427,0.621634367154911,0
661,0.723028358961456,0.374326960439794,0.359056670521386,3
1027,0.281273233939306,0.352081548685657,0.214155404853016,5
790,0.715672043843661,0.363762867776677,0.244991076481529,3
1120,0.293825136261499,0.346618170695189,0.226422888916665,5
1412,0.285942187462166,0.28850081413928,0.217555661918295,6
869,0.281749184350848,0.319159550665159,0.212597743105282,4
600,0.777205783945974,0.47069272948429,0.121540204808116,2
573,0.776455172130373,0.243376399879344,0.3250280223554,2
846,0.286573141262151,0.322265574245057,0.215093211196996,4
835,0.280419984134071,0.32714252904855,0.214048760700178,4
624,0.720923552685417,0.390690596448258,0.433635843754746,3
1298,0.280488789816734,0.290744888515977,0.220760761175999,6
850,0.286102860307594,0.321974183455409,0.222847934366136,4
735,0.719015688588843,0.405179356131703,0.410430809203535,3
586,0.779295915949624,0.119167549326085,0.134247638122179,2
906,0.284865207516958,0.316862020237806,0.220017390558755,4
480,0.778502095225267,0.450855020224117,0.459316915320233,2
421,0.780904631046578,0.0169386230641976,0.351552873337641,2
1107,0.272299219599501,0.348262654773025,0.227070684990724,5
793,0.723337155813351,0.0951437137788162,0.472470240388066,3
1270,0.286717439576753,0.292989329167771,0.206316392903055,6
63,0.494589693844318,0.101444099098444,0.251767793670297,0
1259,0.284312868951464,0.289785938514011,0.226989632636839,6
1209,0.282385708069046,0.344004252628015,0.210150554947492,5
1347,0.291140004139437,0.295826400041346,0.222024132448134,6
1393,0.287166097844157,0.294045288360297,0.212228697669912,6
1385,0.281115754448246,0.28700186993829,0.214699437313074,6
335,0.752536331645679,0.241439139144495,0.498412100318819,1
442,0.782601349316538,0.439229757664725,0.417853211704642,2
240,0.749913828107528,0.213524553948082,0.195280762808397,1
133,0.957236491376534,0.579080953262746,0.713455799501389,0
222,0.751536183096469,0.164545461209491,0.0160009255167097,1
595,0.783833453271073,0.437292337557301,0.0511165565811098,2
746,0.7184420237015,0.153421171847731,0.0295963565120474,3
1177,0.284890176158417,0.342522637980689,0.222233581433022,5
297,0.74817628235789,0.36333655230701,0.020743895857595,1
722,0.714196850275621,0.224632133170962,0.134415689227171,3
781,0.722642890536226,0.0325161355081946,0.496898577152751,3
191,0.733391341986135,0.714179561473429,0.850754661485553,0
969,0.285017266769684,0.317736012858415,0.216967846844273,4
203,0.0108193189371377,0.424210287863389,0.125684031285346,0
603,0.7773431540397,0.232358628092334,0.263788866647519,2
831,0.286911312513748,0.314037531837577,0.221462720692312,4
126,0.401147766737267,0.382833943935111,0.62537047592923,0
814,0.282083292108842,0.322071682704444,0.22015964255964,4
77,0.454428456258029,0.239142956910655,0.0270868970546871,0
215,0.753276744498871,0.199781457684003,0.291677649202757,1
1389,0.284117947955496,0.295104959333746,0.214917329801181,6
329,0.751571624574717,0.039514410449192,0.284419208951294,1
709,0.720089955306612,0.416292477655225,0.0783102113753558,3
658,0.718605810508598,0.0466098693665117,0.251555220526643,3
1021,0.284757562816862,0.356734959676997,0.220522564607198,5
461,0.781243497976102,0.0978257796028629,0.0384584596147761,2
