1368,0.254210894145302,0.725445655002008,0.437690814677263,5
195,0.429131932323799,0.69451649626717,0.435000404017046,0
886,0.255511385647114,0.598320453753695,0.367711291508749,3
1520,0.255093615096382,0.669171635281433,0.438455621551223,6
692,0.320191413008142,0.503252885863185,0.306771298847161,2
1409,0.254148147987265,0.666074668063968,0.435334669424261,6
233,0.103508493863046,0.607180222403258,0.181441384600475,0
524,0.282468064748682,0.39488421541173,0.319549531070516,1
1060,0.250344469085166,0.701899782164507,0.443176126123292,4
1294,0.239833840113975,0.728073398053382,0.434850300525076,5
1537,0.25403736418761,0.673352232812398,0.437889731404214,6
671,0.311241276231594,0.633495625783689,0.425327744660899,2
1466,0.24934576289717,0.673736983932635,0.441795192350982,6
636,0.312318228324875,0.727608168357983,0.404151926841587,2
1396,0.241689871641495,0.73225313619493,0.44451648918087,5
226,0.302661230089143,0.992413172498345,0.500107560073957,0
1263,0.252637755161348,0.729746729622481,0.437009632620372,5
804,0.255701968157664,0.608451738581061,0.166260892967694,3
272,0.232428331160918,0.235957957105711,0.63927421416156,0
1558,0.249809523050829,0.665182689779769,0.439573841185005,6
1517,0.258135686959788,0.671759286953699,0.44429059105783,6
566,0.282409931172151,0.543858350813389,0.389969816058874,1
318,0.0994725481141359,0.247020434122533,0.503110909834504,0
1309,0.248050722723602,0.727104344230476,0.441646055132479,5
449,0.284205373721197,0.439605511003174,0.174204141576774,1
1489,0.248364529535554,0.666766895811555,0.442537574533931,6
137,0.854270704556257,0.739123397506773,0.414138471474871,0
288,0.253144573653117,0.10684654279612,0.485994381830096,0
337,0.174949866952375,0.0789750481490046,0.539357126690447,0
1383,0.249081494530571,0.731578562309952,0.437516960979512,5
496,0.283150760866702,0.35328937668819,0.446385889407247,1
1559,0.251587145230079,0.671914284275724,0.438379737892931,6
507,0.281616277368739,0.35338195329532,0.495081447274424,1
275,0.070521253393963,0.549109885236248,0.937460480025038,0
265,0.877680553589016,0.702985366806388,0.491449645254761,0
1068,0.253374630035384,0.697682913830857,0.442840918647237,4
1078,0.254521814909391,0.700250791422078,0.446539229921407,4
170,0.249093083431944,0.262737786630169,0.676170967286453,0
765,0.312373660821468,0.595214113220573,0.341858581500128,2
927,0.252543413022067,0.455337306228466,0.491733534820378,3
379,0.105710608419031,0.543119620066136,0.537835587048903,0
310,0.818449003156275,0.515448050340638,0.987561676418409,0
113,0.806135459570214,0.848734657745808,0.905759672401473,0
1545,0.251649319884769,0.664390982881328,0.449122731856802,6
145,0.327937733381987,0.925665427464992,0.952146985568106,0
1541,0.244721630395351,0.676079443287302,0.434378105879441,6
999,0.25916302513564,0.710283114202321,0.137487095640972,3
487,0.282124590210151,0.479752334975638,0.182943412545137,1
1266,0.264059600643061,0.728241493595096,0.436940598423407,5
870,0.257508643635083,0.680309679801576,0.268669715360738,3
705,0.313483863850124,0.428228452778421,0.18508963494096,2
1138,0.254279962882148,0.699929745317664,0.439963846150565,4
954,0.258623273216654,0.731744704046287,0.55656026895158,3
1247,0.249935489667243,0.728907661849922,0.440005475610007,5
665,0.312873503377195,0.597262162459083,0.53675479288213,2
642,0.315835881328676,0.639357009180822,0.127539896965027,2
1032,0.256829198181742,0.704985729394785,0.437369350240312,4
1402,0.242157890550329,0.67592088995424,0.436288863581235,6
825,0.258858228449244,0.292252614605241,0.345664651924744,3
872,0.254392865954433,0.334828190132976,0.408781320066191,3
1111,0.249869085179493,0.710125098594661,0.445275629011473,4
460,0.285289527603891,0.277558548119851,0.191345524368808,1
645,0.315499136177823,0.293261456745677,0.514900943473913,2
165,0.34371248120442,0.421113862423226,0.4918192345649,0
659,0.31100650456734,0.352019056421705,0.597853849153034,2
624,0.312063928716816,0.454770839517005,0.522123298118822,2
691,0.314116326496005,0.456287138024345,0.176006386731751,2
657,0.319432641007006,0.262333753844723,0.300341934408061,2
1330,0.250210001347257,0.733481708811692,0.447742679049715,5
1217,0.251266230203487,0.732103727347673,0.444580771965079,5
397,0.512837465386838,0.575832278002053,0.194096798077226,0
1361,0.249369029576567,0.739494581179402,0.435970147833774,5
505,0.286823062461335,0.383393831294961,0.116393148992211,1
1427,0.251882290738737,0.662753311632463,0.443385294305581,6
845,0.258800081573427,0.411190695455298,0.303882090351544,3
173,0.102123130578548,0.473890077322721,0.255487917456776,0
986,0.25840143824229,0.627169993100688,0.535760754114017,3
1459,0.249077373419595,0.677101987038429,0.443000959629145,6
59,0.551840960048139,0.0655871906783432,0.959796926006675,0
124,0.572129449574277,0.872213583672419,0.856287344591692,0
1197,0.243570895465798,0.699918913046899,0.443910549185587,4
374,0.145737795857713,0.832875140942633,0.690130774397403,0
269,0.593762700213119,0.88799709174782,0.671464395476505,0
963,0.256241621100344,0.599077333440073,0.534063607547432,3
1594,0.250937822844885,0.678703256682928,0.443449386490548,6
1271,0.253463741829728,0.726219014398989,0.437239281969497,5
194,0.836659915046766,0.182533160084859,0.464764415519312,0
955,0.256145158857107,0.289731155359186,0.506695887865499,3
1344,0.254357345389571,0.733162512091821,0.444411187206276,5
202,0.282581671141088,0.0308423747774214,0.562192643759772,0
758,0.313020373859908,0.495022608409636,0.597858299594373,2
1281,0.247137810656143,0.735824284859871,0.445001800732059,5
1390,0.258338323344937,0.726383305409153,0.443925869515932,5
1027,0.262881451195527,0.697723485993544,0.444668418221082,4
390,0.263735095737502,0.165139218559489,0.774424353148788,0
1323,0.249682721369572,0.727702329995648,0.442767768913903,5
1589,0.2520908971311,0.669283945765689,0.443353831218055,6
658,0.316332093386445,0.384793312149122,0.300775066111237,2
929,0.255508070227224,0.71936805928126,0.361922305170447,3
309,0.0285257424693555,0.126626472920179,0.724955787183717,0
777,0.312442082860507,0.737708830251359,0.21330172973685,2
1063,0.253391700611985,0.701198944402474,0.440382878167003,4
512,0.280926723219454,0.726677529839799,0.11196528011933,1
829,0.256019162361044,0.639711414091289,0.262642934313044,3
405,0.282197733919602,0.739181477902457,0.224113749549724,1
1270,0.249927627939591,0.729739093749108,0.440393749942246,5
62,0.211020424962044,0.734053922817111,0.925223749829456,0
683,0.314316909636837,0.523597410740331,0.586264240997843,2
1057,0.245714951565232,0.700324260523042,0.443889975843434,4
987,0.256669774206821,0.593393813678995,0.294503307645209,3
143,0.163449915824458,0.0945685277692974,0.399877690710127,0
87,0.0308203643653542,0.570988108636811,0.367507080547512,0
1299,0.252085653622891,0.726325640177037,0.442967089118994,5
43,0.708881677826867,0.187589950859547,0.348735064268112,0
796,0.317938626969699,0.482744563231245,0.125435228436254,2
1406,0.256587464375225,0.679615616584926,0.441942907556343,6
857,0.254548001475632,0.258323566033505,0.232277635345235,3
790,0.315967870615423,0.690387812652625,0.132135654776357,2
304,0.875900168903172,0.00294376583769917,0.160853537265211,0
702,0.310931970907841,0.254527061455883,0.490275911497884,2
890,0.25838334126398,0.310561025608331,0.323550839652307,3
612,0.312927857860923,0.685324975498952,0.374387975991704,2
96,0.266281875781715,0.470081970561296,0.433971781982109,0
305,0.878391307778656,0.841201022733003,0.014194254996255,0
401,0.284608367143664,0.357393898977898,0.561124868434854,1
66,0.0971972967963666,0.13063580612652,0.488431432982907,0
514,0.290111759963911,0.469622096605599,0.28344540563412,1
1447,0.24956753257001,0.673960647174746,0.441668554015681,6
913,0.260668565225787,0.541940554603934,0.460053573921323,3
926,0.2536299603316,0.558866851357743,0.391036405554041,3
1542,0.25226317569962,0.670465284376484,0.432685226807561,6
745,0.312365198759362,0.554236066155136,0.308355919178575,2
887,0.252355713909492,0.343552397424355,0.514204309647903,3
715,0.315940263418015,0.511189274932258,0.409271822753362,2
156,0.808640902861953,0.576801468851045,0.176689103711396,0
225,0.696229750989005,0.873341283062473,0.728037349646911,0
788,0.311215992628131,0.653052787156776,0.157445064606145,2
519,0.282934821259696,0.741095930314623,0.537528786668554,1
232,0.0353374790865928,0.641934962244704,0.963922579074278,0
311,0.92515569855459,0.977989914827049,0.88175757904537,0
717,0.317436739709228,0.550936720776372,0.191054694447666,2
1525,0.250130829738791,0.674809625583511,0.436153170276128,6
1233,0.239879876688211,0.720067680117852,0.437834862096489,5
31,0.988673834595829,0.507052447414026,0.0597883414011449,0
1452,0.248753378343141,0.678517774645363,0.435448109545006,6
1505,0.246993599001642,0.672406653740888,0.443369975073299,6
1282,0.251737464163282,0.737683612242866,0.43873390073608,5
476,0.290911044483073,0.415111209242605,0.475129045173526,1
1014,0.260596794249766,0.70543288915361,0.43897757824404,4
930,0.25687416395871,0.711899781110697,0.436364329629578,3
1177,0.254430374089849,0.702794574316636,0.434129614007055,4
322,0.465521372621879,0.37994092120789,0.98222208279185,0
1473,0.249449027552666,0.67235155155596,0.445212328820039,6
150,0.599183497484773,0.550387795781717,0.844066477613524,0
918,0.259257225692272,0.634940392547287,0.317156221927144,3
290,0.568807573290542,0.888461276423186,0.944620797876269,0
1543,0.251575197310883,0.673372833457997,0.433636778074974,6
1126,0.249981392211364,0.70254181337305,0.442833805164408,4
1143,0.259578388832586,0.703769824228131,0.441267359771283,4
1192,0.25251504699694,0.709679405182207,0.436935940408926,4
646,0.319583914843388,0.417643343075179,0.360092347115278,2
1532,0.244245611364161,0.674366176016153,0.436493908028454,6
616,0.313730779869948,0.325594096188434,0.481628482439555,2
554,0.281588228717446,0.723091178783216,0.295436864695512,1
1415,0.24160534279366,0.672128802331444,0.447251995538965,6
260,0.105435824254528,0.956113399239257,0.888397947652265,0
950,0.260187985072844,0.638628221210092,0.454978222236969,3
1216,0.253993046525953,0.739468183091193,0.444926119128889,5
733,0.311631513312459,0.523845221474767,0.562647416698746,2
167,0.534303543390706,0.882333039073274,0.836629956727847,0
920,0.259235578144435,0.572919370699674,0.522497953241691,3
1577,0.251534830692796,0.676869142945121,0.435734912921695,6
581,0.286626384416595,0.282492817239836,0.133288864954375,1
1549,0.251753181351313,0.671604605525577,0.43716053182158,6
681,0.311819982691668,0.539096607337706,0.159773157536984,2
52,0.899571656715125,0.47800732543692,0.948991619516164,0
268,0.575965832686052,0.0323749706149101,0.774362448137254,0
115,0.706462121801451,0.0674735247157514,0.836289268918335,0
1190,0.251602297225015,0.703105221029201,0.430716412964831,4
934,0.253849796662107,0.377278340607882,0.197815478872508,3
893,0.258940033644903,0.266737502161414,0.303709807433188,3
1428,0.254053304199172,0.678487777806466,0.435289196390416,6
1203,0.254996340145206,0.721739348549849,0.443464818553861,5
871,0.255179043959361,0.251582370582037,0.349586486676708,3
620,0.316542511736043,0.612784381001257,0.171998422802426,2
577,0.284978073781822,0.466434688051231,0.281630917778239,1
1213,0.248961320639463,0.730598703809769,0.448125520698785,5
904,0.252989542847499,0.672861385252327,0.119614268979058,3
114,0.801903076004237,0.820957381278276,0.264447451336309,0
1365,0.246789100441932,0.729472084606337,0.436077026996075,5
672,0.31906455504708,0.718485310534015,0.128152968571521,2
1125,0.254616036914988,0.708541354866878,0.436426103065495,4
1414,0.257914638225612,0.669679494049161,0.447594726898317,6
335,0.297577675199136,0.342724687885493,0.785677310312167,0
647,0.314891621526331,0.465765473409556,0.551755031431094,2
380,0.206918721785769,0.793306649662554,0.562047166517004,0
120,0.0105028436519206,0.754719875985757,0.72872455464676,0
1574,0.253375420806039,0.676762559925352,0.445956679918719,6
1531,0.2487088697249,0.675812533790208,0.441720232192868,6
262,0.277796345064417,0.979954873211682,0.820947285275906,0
823,0.258245751557406,0.405262278253213,0.406790231680498,3
709,0.316569613795728,0.504307246394456,0.60249505864922,2
1257,0.249168658112363,0.733196510195997,0.445760616396897,5
1134,0.249056753552674,0.702575951407827,0.442756357966877,4
1269,0.254031512084005,0.7290678884337,0.44604697570824,5
193,0.357929222285748,0.0672155190259218,0.894076629308984,0
153,0.636245330329984,0.833635527640581,0.517501239432022,0
1324,0.248638452661711,0.740696364137888,0.435475832310516,5
1261,0.245402616932147,0.735076285137729,0.445495097803039,5
75,0.977316318545491,0.808836398413405,0.868202891433612,0
882,0.25917806558311,0.250170949008316,0.242373293475248,3
160,0.751424338435754,0.563732622889802,0.264704361557961,0
116,0.824341590283439,0.502099703298882,0.274325938895345,0
664,0.316192903697956,0.557718737609685,0.289141321880743,2
1478,0.253584232234164,0.676841461889002,0.4412657839449,6
1458,0.246676564166559,0.680730670824905,0.44595741283676,6
1048,0.250023476003921,0.698532757234037,0.434246612546417,4
1366,0.257276371592666,0.735989270328682,0.437259816074536,5
1262,0.249042710975483,0.736032799055159,0.444074204789725,5
589,0.284744802820496,0.575022114883177,0.543941435148008,1
270,0.545975211309269,0.107301008189097,0.363348616985604,0
763,0.314206195389852,0.254020147118718,0.571525127720088,2
134,0.167498498223722,0.162518173223361,0.327111116610467,0
429,0.285956474235281,0.271703610871919,0.474830156518146,1
144,0.552424377761781,0.27127849473618,0.764508304186165,0
835,0.259121926887892,0.312670754827559,0.57469277465716,3
1222,0.251962390513603,0.725760217068158,0.435810807137466,5
1120,0.242941388098906,0.700192866737445,0.436820227743931,4
1183,0.250206169961004,0.702286865514572,0.441315992199763,4
961,0.258078501229174,0.628815831593238,0.243471869942732,3
1024,0.25348346142251,0.70738876140803,0.440114110471283,4
246,0.354409429244697,0.500018833205104,0.547343645477667,0
1327,0.250414168984301,0.729655441456987,0.447386699616821,5
206,0.236457149498165,0.493760109646246,0.0728363541420549,0
35,0.035658786771819,0.552679161541164,0.0672368828672916,0
816,0.252529656854458,0.315989032713696,0.534999276255257,3
1453,0.241357583979033,0.672938316088624,0.435540898861579,6
1075,0.247503982523483,0.7001596627642,0.43797695807356,4
1054,0.254930552751434,0.697830751664222,0.444323168251002,4
1293,0.253439780068568,0.733006809616708,0.43732949545413,5
1333,0.250475334532589,0.735168283633454,0.443131510592482,5
1483,0.247186537752831,0.675917958159322,0.435761129650991,6
938,0.253413411546498,0.661294340598397,0.298932315642014,3
820,0.259357594638132,0.583813816984184,0.573928777920082,3
1568,0.240830095532996,0.674067599889932,0.446690090997944,6
1005,0.2527870448464,0.700052411294143,0.444103382617476,4
191,0.603385936934501,0.168139765970409,0.708129490260035,0
640,0.317850834012497,0.424052050313912,0.560171920317225,2
988,0.25428669158835,0.738660930399783,0.154915792262182,3
889,0.254582772303838,0.289124421635643,0.338247542246245,3
1044,0.247388294761103,0.707221347671646,0.437739643228761,4
679,0.312661021999083,0.373221756983548,0.289305062941276,2
863,0.254275821724441,0.583514306903817,0.234343511960469,3
1583,0.243815229602323,0.670135004869403,0.435530723924213,6
1570,0.246158113398863,0.673580826289193,0.444445615734343,6
648,0.317531783364248,0.618753499328159,0.579144441499375,2
721,0.316969768926501,0.369756870763376,0.582716877199709,2
306,0.29214754072018,0.687585193198174,0.912572888890281,0
533,0.286361637052614,0.263862361176871,0.470818075560965,1
187,0.0803533250000328,0.923873850842938,0.0509214382618666,0
63,0.665446059312671,0.511823206441477,0.771520766429603,0
1354,0.239607795684966,0.736850217867009,0.443267602125713,5
492,0.285494869444519,0.607380153122358,0.388485681707971,1
1474,0.247757798932248,0.675514121893497,0.443894989678495,6
80,0.186768453335389,0.764760506805032,0.185253522591665,0
470,0.28532247497933,0.621910626045428,0.521673730784096,1
345,0.639573622029275,0.0729794965591282,0.208424235228449,0
1292,0.249187863453056,0.734423912084971,0.444569288652054,5
553,0.289478927601594,0.645680310064927,0.5277196907904,1
1401,0.248566795807008,0.673662786014212,0.441796964656737,6
1042,0.248335394513122,0.705501791378465,0.434776846781643,4
991,0.259175699355546,0.631161241186783,0.440856375941075,3
455,0.284735301313922,0.351771466177888,0.484125260356814,1
8,0.213346363045275,0.528440918074921,0.636152762454003,0
1064,0.248448715794164,0.699053419524624,0.441111990540099,4
1265,0.252758319354162,0.739395532106201,0.444696772587955,5
442,0.288124512727372,0.671047689137049,0.111661827401258,1
973,0.255359577748459,0.45667828663718,0.214172897255048,3
468,0.289923551231623,0.405114527884871,0.442068590642884,1
1099,0.251659584629574,0.70498976507508,0.441485182013295,4
420,0.290554135243874,0.558880282775499,0.105858542118222,1
215,0.15818782011047,0.725181989837438,0.397439405089244,0
224,0.460955224232748,0.566908081294969,0.935945138568059,0
1357,0.246358564150911,0.734030616045253,0.438180508825637,5
605,0.315267235392239,0.328220291039907,0.333344322140329,2
1230,0.255006044893408,0.732521796383531,0.450331034594045,5
545,0.290288958044257,0.45245799315162,0.26575828702189,1
1284,0.259676581468282,0.73033119994377,0.44096030982316,5
971,0.252971976785921,0.283162160869688,0.363907380821183,3
331,0.733841922134161,0.394063160987571,0.908354432322085,0
1237,0.25592501065058,0.724691083075174,0.447080953829356,5
64,0.479406828293577,0.871147068217397,0.0223483860027045,0
198,0.0719303616788238,0.504258418921381,0.31668658554554,0
1405,0.240280557175277,0.668831437835638,0.444395665721822,6
621,0.313683531407733,0.562877084803768,0.111879979353398,2
539,0.289365081372671,0.650846788054332,0.187808669731021,1
866,0.252363922614604,0.499091478274204,0.414204655424692,3
367,0.599783024284989,0.336440233513713,0.926334882620722,0
516,0.2859112570039,0.641658007027581,0.363334773783572,1
1241,0.260938807292577,0.725824543410548,0.442754032335112,5
480,0.289807053129189,0.599882059241645,0.443196964194067,1
1172,0.25097536341593,0.701266092635591,0.443208021286583,4
1154,0.260346094058654,0.703148047089169,0.431909020082883,4
1163,0.258417573610117,0.703364206845528,0.436759981341323,4
1229,0.252585439433756,0.724717510246499,0.430562449784612,5
830,0.25328464287566,0.458817061828449,0.369663664931431,3
948,0.258465477218851,0.675709066074342,0.489739638729952,3
884,0.260227943384089,0.337008743407205,0.330621604435146,3
69,0.271880772197619,0.501270512584597,0.30440945434384,0
112,0.159035478020087,0.0234018824994564,0.94526447285898,0
1146,0.245676874762322,0.708906645013095,0.439894298324841,4
1461,0.24822331567652,0.679013245749087,0.439394128295205,6
764,0.312912146570161,0.703431195905432,0.287928035343066,2
1019,0.247015973880156,0.702461842936825,0.445364738591444,4
1108,0.247107200647208,0.705865498007199,0.442071026804784,4
719,0.311035009424668,0.605617802217603,0.279224503529258,2
250,0.54967219918035,0.760523840785027,0.644296067301184,0
1418,0.243086456078374,0.672652811907429,0.443490212183126,6
563,0.288982032707427,0.713202103483491,0.220299324230291,1
975,0.258233212023042,0.742525991145522,0.278207399859093,3
912,0.25888113342924,0.642682003066875,0.415057948767208,3
58,0.492360458476469,0.801129838684574,0.499636566732079,0
155,0.431062520481646,0.119358978234231,0.641647194745019,0
341,0.96618562634103,0.525027327006683,0.18311623018235,0
689,0.31510431583738,0.628909072349779,0.489029276627116,2
1251,0.240685793711821,0.740907089516901,0.444961418725411,5
463,0.28211385171162,0.736060286615975,0.455001862114295,1
962,0.257290691868402,0.675349206873216,0.441253446019255,3
102,0.520295408787206,0.896772872190922,0.933104292722419,0
386,0.992615320952609,0.0323077770881355,0.479257165919989,0
1167,0.252594363434088,0.697257906826322,0.440493486761341,4
359,0.946212822105736,0.688761277357116,0.0679657715372741,0
727,0.314540353803895,0.622141892183572,0.284261845611036,2
578,0.286710362078156,0.381450965395197,0.341229892079718,1
905,0.259918480068445,0.541908207908273,0.102822090359405,3
1372,0.249925719085497,0.724832019904236,0.440697030998483,5
579,0.287916764717083,0.363179627317004,0.466708817030303,1
1567,0.243318630210982,0.673112051500513,0.443147580986403,6
811,0.253971122812945,0.550972409406677,0.359973960299976,3
1185,0.250986555922987,0.700077627959782,0.43370691268093,4
361,0.615053149173036,0.593056760029867,0.558849945897236,0
230,0.676350554451346,0.234217135468498,0.392333813011646,0
459,0.290017050011083,0.437785664899275,0.426981908362359,1
1320,0.249884439958154,0.725650244609143,0.440587393483154,5
1331,0.253322712991394,0.733035862140407,0.445678049567755,5
713,0.314177212310024,0.405244098836556,0.27851897708606,2
27,0.226253475761041,0.858616872690618,0.23043441073969,0
477,0.281383808851242,0.498941836389713,0.126496952353045,1
666,0.315277600875124,0.519887766195461,0.363225858984515,2
653,0.317383244128432,0.293009619554505,0.29317706564907,2
859,0.253038643989712,0.298042351123877,0.547476146346889,3
1400,0.245358577845724,0.732709773219623,0.437891549486144,5
172,0.721918867202476,0.0126966203097254,0.86837785015814,0
1155,0.252246970362269,0.709178823771969,0.444336655863316,4
776,0.319845282873139,0.616241515474394,0.409957715403289,2
1511,0.251381172786863,0.670964026648685,0.441256111605769,6
339,0.919149448396638,0.900080129737034,0.366383401444182,0
1028,0.256693679754795,0.705471328773711,0.438884492592817,4
877,0.259516175191384,0.37980499744881,0.363907742523588,3
89,0.454120224807411,0.817726705223322,0.420387680875137,0
1500,0.249843768965602,0.675379095591268,0.443650581965964,6
1232,0.254593804983066,0.73778814594963,0.431256187150994,5
980,0.254937386533711,0.315089503396303,0.600546436477453,3
895,0.25435113536194,0.639832179038786,0.264207363221794,3
434,0.283395917802118,0.746452667727135,0.564624308468774,1
517,0.283339992535766,0.294122203812003,0.467260314011946,1
667,0.316733037950471,0.352924749115482,0.378014844586141,2
418,0.289798108823597,0.72759442657698,0.215491303568706,1
280,0.668710994068533,0.505300777498633,0.867898531258106,0
410,0.287293286742643,0.63755285795778,0.143603363865986,1
560,0.290135771164205,0.641279139649123,0.159523831540719,1
1358,0.248875284307632,0.740599485470553,0.449042498423322,5
602,0.318113240739331,0.308525916747749,0.40417420710437,2
610,0.311684805427212,0.442499305098318,0.433826694590971,2
1351,0.247864217116848,0.727498125934479,0.433631653256594,5
393,0.702376006171107,0.0058903091121465,0.188560572220013,0
1121,0.251111027641808,0.702914077565726,0.433152102335748,4
1062,0.240297758100531,0.695054416637229,0.448802513319719,4
878,0.255836100818124,0.35217452920042,0.553407930512913,3
1528,0.246659077498098,0.67447040502504,0.441063927282481,6
1196,0.248734888466011,0.712437513771982,0.4424391315383,4
900,0.257276382567361,0.378775545605458,0.600469093048014,3
136,0.321278616553172,0.742949783802032,0.795494939666241,0
1538,0.249824500582014,0.672856805868415,0.447072802861375,6
855,0.253061209993903,0.585529590700753,0.270163337909617,3
1080,0.253078170831436,0.705769801740163,0.430972124946266,4
483,0.287668542920146,0.435137093742378,0.565261894115247,1
1375,0.249412168537067,0.735347134554086,0.440287762371486,5
498,0.290491874201689,0.626613547420129,0.121426200703718,1
413,0.290327655181754,0.250176423671655,0.600792995747179,1
1123,0.249113468074883,0.70666251009796,0.434861305932602,4
1480,0.253677499336108,0.671098135815673,0.439399643788196,6
1526,0.249063508257991,0.669386369079206,0.432725045311151,6
701,0.312729269063566,0.651361278700642,0.351596832834184,2
375,0.266847303602844,0.97954302164726,0.871773179154843,0
588,0.282881963266991,0.47853327516932,0.380449188034982,1
501,0.285921945581213,0.317017226223834,0.217386287148111,1
838,0.253135269430932,0.280425661569461,0.168146314891055,3
1523,0.245310127956212,0.671799169363186,0.439980997452605,6
1142,0.264424277718982,0.705766739382765,0.44254083331435,4
1101,0.245116937351728,0.70432772973647,0.433413012623029,4
1195,0.24586378343094,0.69604193337614,0.443789593173594,4
203,0.80095971073024,0.193045721389353,0.658833754714578,0
1198,0.254283666587872,0.703378315832023,0.438873145078611,4
244,0.854788419324905,0.526410620193928,0.951301358873025,0
832,0.260158717820887,0.331017597322352,0.387250274629332,3
1081,0.243968891515147,0.696132600501911,0.445896502168983,4
499,0.284864705710206,0.595534513448365,0.231599568366073,1
107,0.0374518965836614,0.607710293028504,0.418693728046492,0
1179,0.25131332564179,0.701065402204763,0.438188710952437,4
1403,0.254278043812148,0.682543830326074,0.443381698803697,6
858,0.258025432634167,0.464789723721333,0.105537726636976,3
599,0.289645086359233,0.737358538643457,0.420028287777677,1
91,0.667944718385115,0.295293013798073,0.129342255182564,0
1300,0.250541707724224,0.739331755282315,0.437755590089843,5
597,0.28626311478205,0.350304272701033,0.559629625384696,1
1039,0.249058752717618,0.702158182572324,0.443891587020511,4
509,0.284431925548706,0.547339062881656,0.369531700480729,1
1077,0.249110609614799,0.704210631204965,0.443056773839586,4
1346,0.244265086764076,0.729869370700206,0.440584691740903,5
513,0.282932627853006,0.338292778446339,0.464487301278859,1
739,0.320188609312754,0.250870183669031,0.226593651203439,2
769,0.316964647429995,0.352494179480709,0.314411337696947,2
1253,0.249112060957493,0.73150608079554,0.44043587354897,5
1212,0.250431788774918,0.733380560580598,0.437007460822426,5
1321,0.256826532874412,0.72753845543272,0.447214655571243,5
458,0.28210613747593,0.379688475257717,0.563837378728203,1
792,0.317480493804906,0.421536814281717,0.591754758125171,2
344,0.0787722496315837,0.0243710654322058,0.658325059572235,0
1386,0.237023908035625,0.730601205243079,0.448902769541587,5
869,0.25763480274938,0.697912093577907,0.114153202716261,3
1091,0.255464892758093,0.70006955853244,0.436954460737399,4
1250,0.251590961083213,0.733449452762605,0.449819497522265,5
1426,0.256234765030541,0.677787763203444,0.441057869118229,6
1033,0.260732873497872,0.704210796931008,0.43554106728881,4
1034,0.258824828314725,0.70626099384457,0.433003626127482,4
1145,0.247302261132974,0.691869606789313,0.446301824359947,4
332,0.67642560065724,0.692619499517605,0.595175401074812,0
594,0.288448243411258,0.285565661592409,0.482399929175153,1
644,0.31344372224994,0.427070599142462,0.220437642396428,2
1053,0.248929473831971,0.709432385409976,0.4373358076499,4
481,0.285241799945943,0.444605773640797,0.247206617589109,1
583,0.281178869197611,0.604534521093592,0.434033826668747,1
222,0.415563351241872,0.92334443423897,0.686256204498932,0
329,0.0551146373618394,0.155832989374176,0.376422896981239,0
794,0.31943957851734,0.453854773519561,0.289021990937181,2
1470,0.241309304724948,0.68200447285978,0.44165320275537,6
1131,0.239705894313487,0.702489217880132,0.440245031018503,4
1436,0.254726650890638,0.676093844441814,0.443406692366548,6
837,0.259751386006828,0.521968985069543,0.537460171012208,3
854,0.252150287870318,0.306416138168424,0.371195196150802,3
894,0.255448342477903,0.389676540601067,0.481069240928628,3
14,0.205143901286647,0.351436210796237,0.335691370535642,0
924,0.251032981658354,0.588486314029433,0.342414596327581,3
1161,0.250678383656316,0.709816866867438,0.440533133430815,4
1035,0.251014101473017,0.700674521345616,0.453051931735315,4
828,0.256447543157265,0.611744160274975,0.544759569899179,3
212,0.122810907196254,0.593225912190974,0.768620439106598,0
1031,0.25448466257629,0.6959060354332,0.439571732554308,4
295,0.435419721761718,0.780689944978803,0.0719692558050156,0
1105,0.247729450854154,0.700371962687007,0.44542744217542,4
338,0.920894693350419,0.810505197849125,0.759628575760871,0
1092,0.252062658350262,0.70073290407554,0.440343869253412,4
1499,0.255298920692919,0.669459662009731,0.430723078398545,6
82,0.458647640654817,0.569364990107715,0.544353588251397,0
1199,0.258157493923535,0.698354412065113,0.447414143659535,4
549,0.287939877801109,0.349172819848172,0.32387842014432,1
607,0.315208515971899,0.65001227541361,0.216092316177674,2
1166,0.250029163746853,0.699472614159052,0.428229743285335,4
1236,0.252270661555187,0.734792259394415,0.437956929752898,5
703,0.31849011893617,0.253450255235657,0.601394891599193,2
209,0.338519307086244,0.395151749486104,0.945043312385678,0
355,0.246732771163806,0.594192137243226,0.219965032301843,0
46,0.671076381811872,0.116781455697492,0.123809302924201,0
979,0.252855923785828,0.746068522660062,0.491430828208104,3
456,0.281627021702006,0.692472715373151,0.529993323120289,1
471,0.28808340777643,0.390516389952973,0.173467472055927,1
1038,0.253533814360082,0.701840769731773,0.442585756392022,4
939,0.25455124510685,0.481097957212478,0.227022284618579,3
706,0.316785087333992,0.557903249142692,0.257877118862234,2
1287,0.242029849980538,0.736895842244015,0.446744987725352,5
1530,0.252204032490484,0.669769170084184,0.436950659470595,6
330,0.346937238937244,0.40481255738996,0.475471510319039,0
1151,0.250035076200884,0.699602999958047,0.438866506816719,4
564,0.286317260270007,0.712197807012126,0.445507116708905,1
45,0.374289778061211,0.855592203093693,0.205218277173117,0
25,0.727626259205863,0.00550227123312652,0.434007239528,0
1074,0.248552251380799,0.70694163564257,0.434692626554043,4
598,0.283839402708691,0.463306476222351,0.270628142147325,1
319,0.405296401586384,0.747222461970523,0.133855809923261,0
1242,0.249195572717374,0.727320389582427,0.432728642169124,5
408,0.285081487963907,0.679324483126402,0.505471427319571,1
1488,0.252907178941352,0.666491403059247,0.440611544531763,6
51,0.462409978033975,0.5656163233798,0.338136626873165,0
953,0.254100744363386,0.662279814574868,0.322139387694187,3
1037,0.253783534948173,0.704646117561872,0.447102288891667,4
70,0.500795487780124,0.799315280979499,0.946050943806767,0
1326,0.241298206934105,0.720347391183753,0.44327567010666,5
6,0.272553865564987,0.498500747606158,0.460891331546009,0
984,0.256413535012398,0.500262869964354,0.310908906953409,3
574,0.285263096101116,0.307483618007973,0.333784468914382,1
865,0.25421715043718,0.325085068796761,0.399661207315512,3
1150,0.249268315967958,0.700139934365507,0.449319153423626,4
1215,0.247684646969283,0.727059929333707,0.44455011909019,5
785,0.313955357267987,0.309799120738171,0.391657893988304,2
982,0.257272600852884,0.684828888601624,0.323919385648333,3
119,0.341532571008429,0.60316981934011,0.222172810463235,0
791,0.312676794540603,0.497411138820462,0.509316053451039,2
383,0.611335443099961,0.689726004144177,0.40950890048407,0
964,0.257327647800557,0.34217133091297,0.522142367297784,3
876,0.259745178748854,0.308201626036316,0.42996978838928,3
543,0.287548872141633,0.738478196063079,0.261383830197155,1
1575,0.251487440171026,0.668366289871117,0.440563920356912,6
1225,0.252042902883251,0.731352448414716,0.445784953200744,5
1114,0.247186854046617,0.691443150910496,0.443378480777564,4
16,0.373786016367376,0.40922806924209,0.123093273490667,0
180,0.274668031604961,0.0481593026779592,0.766696069855243,0
540,0.285777670876123,0.593583782063797,0.384326348640025,1
432,0.288475618213415,0.433547009341419,0.581046468438581,1
1449,0.251753304139463,0.668059358597333,0.435109928448033,6
800,0.316834249983076,0.341512134857476,0.235105764097534,2
219,0.382333231624216,0.0191643449943513,0.189175001811236,0
1004,0.254821119540978,0.703708962705084,0.445179856512884,4
1566,0.259345278250969,0.676523419872818,0.439169192950691,6
773,0.315560434842482,0.635293873003684,0.432032375223935,2
757,0.311073371211533,0.665014466713183,0.426833273121156,2
1425,0.243050421702408,0.669823670597335,0.441657736730936,6
1106,0.25676211070833,0.709301323526042,0.433796331398117,4
1290,0.251719717804735,0.741141908258613,0.444265587356103,5
690,0.318946602977812,0.345500248693861,0.186618693731725,2
178,0.837646606611088,0.531928152777255,0.441991714993492,0
154,0.369549073744565,0.215224237414077,0.641700665233657,0
634,0.312925539552234,0.58667810363695,0.228694183612242,2
105,0.0968361103441566,0.836952902609482,0.405507970834151,0
531,0.285462430284824,0.349062870116904,0.205592404678464,1
922,0.252210654532537,0.289468802139163,0.473539495002478,3
1137,0.242828221594936,0.704366387598653,0.437209463464069,4
238,0.927771003218368,0.688905454240739,0.747072022175416,0
915,0.258713048130739,0.571725249732845,0.110081856581382,3
1153,0.249389070302335,0.700149188247397,0.446295813109825,4
1539,0.254234455834047,0.67513629377234,0.443828512026417,6
978,0.25547377114417,0.515903024096042,0.258679497614503,3
1305,0.255007146654935,0.727267012358061,0.439681394106591,5
772,0.318977633409668,0.333562038117088,0.127588264620863,2
1569,0.24347584088499,0.663900692391818,0.439893903251916,6
1356,0.253696099496203,0.734377672874088,0.455269450047417,5
673,0.312366765325423,0.668014876986854,0.340562162315473,2
1442,0.253400656525612,0.677720511417839,0.440394254573477,6
281,0.940533709945157,0.771497512003407,0.962004759348929,0
1547,0.253540010226219,0.675044294072657,0.449598002036197,6
1109,0.255890568231341,0.703542835594236,0.434444591812781,4
1586,0.259873974410445,0.668172676383702,0.447186291821083,6
755,0.318476245824713,0.452934632403776,0.242913338681683,2
576,0.281915045138448,0.609373294841498,0.165867511392571,1
286,0.250075538409874,0.537033286644146,0.483294637175277,0
775,0.318176627284847,0.584165987302549,0.38379144014325,2
40,0.23217654437758,0.836973362602293,0.154888571007177,0
1180,0.248009090934589,0.705631604397682,0.445928228943393,4
841,0.252621852881275,0.39950080178678,0.554464515275322,3
68,0.961229491047561,0.106637675315142,0.403719197027385,0
1071,0.247020156351856,0.702417165760494,0.431908299891349,4
200,0.829176874365658,0.83967990684323,0.664532268885523,0
942,0.256380706056952,0.418196996417828,0.165225756564178,3
741,0.320307504259981,0.578170356201008,0.456722742621787,2
1194,0.257007208550958,0.703713007679027,0.433969352777643,4
1416,0.255168962556443,0.671354454976214,0.448678834559309,6
873,0.256246092289221,0.390151049220003,0.328423943463713,3
57,0.301686770981178,0.951210849452764,0.319258270552382,0
1318,0.250927080414541,0.730195228473488,0.447629674689724,5
1118,0.252199200229184,0.708002970079147,0.43965914059789,4
1244,0.250007794561583,0.732780763362935,0.444612936999029,5
354,0.966505869757384,0.249921847367659,0.510563429212198,0
1238,0.252693120411459,0.732798130114453,0.441460249130139,5
1423,0.238748616789199,0.673949555825086,0.446269136454483,6
234,0.0454303475562483,0.877036477439106,0.185342220589519,0
1289,0.246287336993768,0.733136234540245,0.445139773374361,5
478,0.288442591079511,0.703189262980595,0.49385199949611,1
1329,0.250870020532324,0.741065373496331,0.44970934932011,5
1176,0.250682232458852,0.696032439893739,0.455836073093911,4
780,0.31972649627598,0.284969805716537,0.377168733952567,2
184,0.0212264033034444,0.517752207117155,0.847319285850972,0
127,0.958965125726536,0.804990740027279,0.823985188500956,0
300,0.217245871201158,0.99636540748179,0.622369106626138,0
229,0.550819070544094,0.763770512538031,0.989010182209313,0
1438,0.248082149269549,0.675791182078788,0.444512282861423,6
73,0.53701499174349,0.722525366116315,0.369242777116597,0
810,0.251352161695249,0.578206441458315,0.230987396999262,3
1206,0.24954286248132,0.728986856913842,0.439455813972908,5
1011,0.254254801919117,0.705279492954211,0.438416876697541,4
1571,0.248486778937223,0.661768012671891,0.449739900321104,6
1492,0.252276457035248,0.66782024325824,0.443567569462511,6
523,0.284038799724076,0.656263749441132,0.439765341207385,1
1097,0.254759300852823,0.702935020289315,0.439949660605112,4
943,0.258046564550605,0.359690846153535,0.122820529947057,3
56,0.122729106806219,0.473826257977635,0.267509490950033,0
316,0.332400299375877,0.976055884035304,0.993103543063626,0
424,0.283952586681116,0.361092413403094,0.565628271526657,1
175,0.581778792431578,0.66355551010929,0.00822478928603232,0
1482,0.247028742856949,0.671550090031463,0.433523176745106,6
407,0.290904528216925,0.428839638805948,0.251708256755956,1
1249,0.256423553587092,0.724118753536545,0.444738682033423,5
71,0.669777912087739,0.510500156320632,0.860958421835676,0
1508,0.258594008054097,0.671987402433583,0.446492898206591,6
801,0.259115910993423,0.700094654550776,0.502116953465156,3
849,0.258354953958187,0.414461711747572,0.388976136432029,3
1248,0.258477388969444,0.729225727881144,0.439316047781917,5
827,0.251529749806505,0.659620019933209,0.420784618915059,3
655,0.312598537125159,0.32824979685247,0.307750494079664,2
297,0.361436039907858,0.0265298178419471,0.465295966947451,0
774,0.31368597432971,0.624846327677369,0.53813151337672,2
1264,0.251055401426004,0.736337947519464,0.439903249867825,5
77,0.314201831119135,0.241705887950957,0.742632763693109,0
1220,0.249152509394648,0.729643966688481,0.446042599364042,5
1343,0.254537142923422,0.737936528627591,0.431510461517952,5
1446,0.25308888286927,0.664330718416263,0.441213118903135,6
573,0.286095101758838,0.650478560221382,0.251673784083687,1
1353,0.24870314877139,0.732431565008351,0.440340634242115,5
613,0.313566778751556,0.375568107445724,0.28764665951021,2
995,0.25096592397429,0.289778291457333,0.29694598945789,3
1067,0.254636911605091,0.699924929228835,0.440724568618245,4
1497,0.252972927660633,0.670062005180167,0.42960167055884,6
5,0.944406382972375,0.00513733760453761,0.0640116592403501,0
299,0.973731928737834,0.702503086999059,0.373436450725421,0
550,0.290921189496294,0.742402715934441,0.599289085692726,1
1404,0.246162866733216,0.669005261588944,0.440369792659014,6
1133,0.247401290164225,0.69898524214594,0.441489586248134,4
852,0.258299989670049,0.327400111686438,0.314610479958355,3
818,0.253751481806394,0.263145703915507,0.505892386753112,3
1363,0.250813503399223,0.727366759419112,0.444688542588625,5
1157,0.242283043466797,0.696263908440548,0.449530242943372,4
1136,0.250269230695583,0.705015391449659,0.438032362839289,4
317,0.492165903327987,0.481795893749222,0.521040878724307,0
54,0.384317802963778,0.644764968194067,0.335544380126521,0
50,0.436325339833274,0.896833960432559,0.667584859766066,0
708,0.316626019391697,0.313085131091066,0.388134886603802,2
750,0.319141094461083,0.631048200861551,0.546782917203382,2
37,0.512966783484444,0.650770236738026,0.287787881214172,0
559,0.284916741102934,0.261769907874987,0.5746051015798,1
231,0.936359380604699,0.769013069104403,0.628398027736694,0
668,0.312909408954438,0.683077048254199,0.522457529534586,2
1171,0.245692324401421,0.69888237487538,0.448165650346799,4
699,0.317711580961477,0.594982266635634,0.369392969971523,2
771,0.314228644252289,0.366947793378495,0.313320061052218,2
1256,0.251751831396279,0.731707121221942,0.445350385338689,5
1529,0.253385222555338,0.677130028100786,0.439079368137863,6
1047,0.245760015003171,0.698055660926639,0.435117910547155,4
376,0.183856039075181,0.70484498818405,0.088207543361932,0
7,0.825393195962533,0.976225134218112,0.19771500909701,0
814,0.255675255840179,0.554302648501471,0.566066511766985,3
412,0.288580864928663,0.42325890341308,0.42847016369924,1
1211,0.247404132848038,0.735896350173237,0.442835487617614,5
399,0.247854447457939,0.301752278581262,0.157477255444974,0
914,0.258073596809991,0.341158576752059,0.362059417157434,3
1117,0.255478191911835,0.702636498712477,0.43245902555105,4
1079,0.262271509526718,0.701914101459099,0.433541790870546,4
362,0.456694143591449,0.245629251236096,0.22927450039424,0
677,0.319720702830236,0.423586980998516,0.349813321232796,2
1235,0.251417832836169,0.728771057226127,0.445814168102193,5
732,0.315515277835075,0.280023147328757,0.5071179038845,2
525,0.285640382522251,0.422164600319229,0.431020798836835,1
1040,0.250125072280249,0.710974256674447,0.43972558386483,4
793,0.31924814023776,0.382457813690417,0.527659197547473,2
1359,0.250072916618955,0.730141644904022,0.439377201720524,5
1430,0.24964838791664,0.672157536093227,0.435300659658192,6
1119,0.248837558943887,0.70852432893584,0.446087919891859,4
94,0.862415437819436,0.108709839405492,0.932063954183832,0
461,0.286146131623536,0.477878273441456,0.106040884950198,1
592,0.281428724485449,0.695528313727118,0.570910309650935,1
239,0.632000379497185,0.6298543442972,0.6601803379599,0
430,0.286396753282752,0.66461460115388,0.298567357915454,1
18,0.169448503525928,0.627631422830746,0.733569748932496,0
495,0.281927289934829,0.525576355610974,0.455889774579555,1
132,0.799076865660027,0.0422539713326842,0.033050443045795,0
30,0.143274884903803,0.71561704389751,0.209691993193701,0
1535,0.252066870278808,0.667577241237159,0.438577856575435,6
283,0.0577301925513893,0.52553054317832,0.8870707124006,0
326,0.177782165585086,0.757161711342633,0.0174846812151372,0
1411,0.243464281855599,0.667515009626867,0.450170217773165,6
881,0.254249327515718,0.413570742681623,0.393572489009239,3
595,0.288698007445782,0.29230186259374,0.584221759787761,1
211,0.982348650461063,0.00848099263384938,0.493724582949653,0
1272,0.249189855010108,0.727078475770474,0.444843958382598,5
1302,0.249521920811116,0.726567697377286,0.451493318753687,5
1291,0.247859451844566,0.726645908639855,0.440554489423904,5
1336,0.248506308095287,0.726257507912123,0.440456118265597,5
207,0.627477554604411,0.613735266495496,0.807817980647087,0
1379,0.256890861310164,0.723127863479313,0.438795193843704,5
1355,0.246074547113282,0.728079095136188,0.439308726709243,5
423,0.290207548008766,0.699001156468876,0.394717124733143,1
1278,0.244664982381498,0.725503064220836,0.445558647284036,5
626,0.314691194444895,0.338301197718829,0.108243753993884,2
1600,0.241470040740297,0.665857886457965,0.440626174850788,6
714,0.316575733989012,0.536214109370485,0.199650216009468,2
1000,0.258320931231137,0.552613308164291,0.447900144942105,3
856,0.251514233937487,0.487040201062337,0.5850250067655,3
328,0.0382168830838054,0.666264249244705,0.347757220733911,0
109,0.357820914126933,0.815692174015567,0.343848418910056,0
121,0.0933863592799753,0.764050068333745,0.708519636653364,0
1116,0.248296208763119,0.706574370379028,0.439038859860455,4
1498,0.237056794495673,0.672942061384805,0.439973429585071,6
23,0.711562225827947,0.644425665959716,0.561868571676314,0
867,0.257100635862444,0.557733620726504,0.356939430907369,3
1317,0.246955830584456,0.732168811876126,0.442812520364176,5
1412,0.241761900213634,0.670963054297025,0.444224208879143,6
1378,0.250495168931066,0.730757940666281,0.441410056521325,5
1579,0.253720061045987,0.673519730513805,0.437091507903913,6
1420,0.24302582211226,0.675739549195273,0.442396339348099,6
661,0.318951915148646,0.622856774926186,0.333131235069595,2
761,0.311898692362011,0.63614502325654,0.480078983795829,2
414,0.283680575243197,0.577340220543556,0.37617931838613,1
799,0.320785586528946,0.656340374005959,0.210390441445634,2
510,0.28525520877447,0.43366915974766,0.421326651447453,1
593,0.287852182942443,0.71269953539595,0.529564410191961,1
151,0.847739760763943,0.382188088260591,0.124879934126511,0
1090,0.259968541882655,0.700873581032582,0.440549630847284,4
603,0.316368515486829,0.357753858412616,0.274922039569356,2
1455,0.242228120927667,0.670849964140738,0.437872004195165,6
1370,0.24435270291532,0.735637433526796,0.436810217539636,5
13,0.943582495674491,0.112836453597993,0.438548772828653,0
363,0.39994946680963,0.467099409084767,0.858621991472319,0
1349,0.245296887521682,0.729157344955844,0.442481067442421,5
1174,0.253051714778498,0.706043576604947,0.443404431321105,4
557,0.286045083915815,0.56209341713693,0.366680071433075,1
1059,0.261015178042984,0.701637126086697,0.444618432653341,4
1030,0.25462601291782,0.709574183079116,0.434911482107111,4
255,0.409841328160837,0.799373836722225,0.83434075419791,0
631,0.3141068370617,0.518398812715896,0.261862227902748,2
762,0.31452489139745,0.423316616658121,0.166441843705252,2
1512,0.248261702300262,0.677474541152948,0.437995520120676,6
1467,0.246636362518992,0.662527161736842,0.448676634175641,6
138,0.0247075199149549,0.927963949041441,0.0689274067990482,0
493,0.290407525489572,0.30348993439693,0.353700967482291,1
1527,0.259728308455226,0.672289574783604,0.442108473210121,6
883,0.260231745541096,0.279815255990252,0.326256296224892,3
649,0.313230282638688,0.671485982229933,0.19802673321683,2
98,0.156879300251603,0.396288378397003,0.715361177222803,0
1443,0.247045709591509,0.670156782869105,0.426766528609312,6
879,0.258246644965839,0.694802437652834,0.168877348280512,3
1484,0.256338797216773,0.672020453053246,0.438325261295254,6
843,0.252314774631523,0.420425449358299,0.393101977277547,3
241,0.775394268101081,0.647662535542622,0.432121847290546,0
729,0.31634710616665,0.506471799779683,0.414574585249648,2
130,0.509101008530706,0.475503786234185,0.574994683964178,0
744,0.317439868785441,0.627085046237335,0.600397296692245,2
1029,0.24625385355994,0.708079046439501,0.447022317221651,4
277,0.0675450628623366,0.733615883626044,0.682286472059786,0
723,0.316973983999342,0.264532743929885,0.351654663309455,2
249,0.815250415587798,0.346158118918538,0.883425034815446,0
1341,0.253422726778709,0.731279092981881,0.435862537974981,5
336,0.0723488107323647,0.421156574971974,0.497713705059141,0
767,0.318154692552052,0.563364552776329,0.278861027071252,2
125,0.159532266901806,0.521105166524649,0.798495801398531,0
1441,0.257066531880965,0.665055311889114,0.437518938225372,6
323,0.283536568516865,0.800548092927784,0.0281841875985265,0
204,0.351010464364663,0.716597161721438,0.691610921639949,0
1245,0.247533376828011,0.722460227837084,0.444951970193899,5
1471,0.247943408767324,0.670087443382577,0.432949376583094,6
1445,0.253776973481347,0.668301020175939,0.439255770398227,6
1160,0.247756806747653,0.702651531272488,0.449037808038553,4
366,0.770652825245634,0.189949338091537,0.012167047476396,0
968,0.259132698448375,0.376204816717655,0.219619906018488,3
164,0.796383463544771,0.994152273749933,0.0368517162278295,0
333,0.035032638348639,0.589421900454909,0.115793572505936,0
1555,0.261639182359949,0.674714647181888,0.449719236212896,6
320,0.577168833930045,0.376407222123817,0.17081690300256,0
342,0.622278482187539,0.661401440622285,0.0441237692721188,0
185,0.659211272373796,0.43547395337373,0.303204606752843,0
1311,0.245582905646283,0.7385092746033,0.438313093241942,5
1001,0.253163590777863,0.695200565934222,0.437795294124349,4
712,0.311197893002536,0.738060474372469,0.222171154315583,2
651,0.312402246182319,0.638441322580911,0.564395549451001,2
235,0.206551591632888,0.897949662990868,0.0120348779018968,0
253,0.0827440875582397,0.17415346740745,0.134719324763864,0
511,0.290097352894954,0.635408125794493,0.515480913664214,1
674,0.312492673613597,0.608955806912854,0.555493471072987,2
936,0.252696579874027,0.695047804131173,0.151681556808762,3
1582,0.250290263019233,0.676994021068775,0.434324640579039,6
1591,0.251704806625045,0.6672917357836,0.446861151941703,6
1387,0.251552647877126,0.739714676480196,0.436212308573289,5
444,0.28579115386121,0.268037769221701,0.368231851700693,1
409,0.284629904618487,0.668598530092277,0.205088404682465,1
740,0.319305965790991,0.61512668277137,0.20678623332642,2
1202,0.253854797512952,0.737042543702633,0.43703666163761,5
1561,0.261541595495622,0.67046087255075,0.436596961186111,6
983,0.253251718401443,0.536677663074806,0.12731978376396,3
1487,0.252644726682066,0.674785616533184,0.439895481086252,6
84,0.213459378806874,0.116686400957406,0.572935403790325,0
1286,0.243018778334504,0.739102483317625,0.443161595509557,5
812,0.255769154862501,0.268757834541611,0.499191470770165,3
1186,0.243738401784805,0.707643415390494,0.447837934590977,4
259,0.0853120314422995,0.780798530671746,0.878100390546024,0
1012,0.250498048652182,0.698109528336117,0.43299766321007,4
1112,0.254285699579208,0.705551671333595,0.455414851916902,4
416,0.285404516661074,0.482776174880564,0.444530571787618,1
611,0.319820535043255,0.681555863330141,0.453139269351959,2
1377,0.244190833607096,0.73383740330288,0.449070497670217,5
535,0.284146680154372,0.330134617723525,0.547405131021515,1
532,0.285159588335082,0.598102620663121,0.560396276158281,1
245,0.914348070509732,0.479150035651401,0.709322594106197,0
1129,0.255246236785776,0.705707802195358,0.440293513640861,4
110,0.81862142845057,0.598229011986405,0.744107736973092,0
398,0.119421805022284,0.64036302966997,0.913511240854859,0
555,0.289701462520752,0.516539681795985,0.154277897183783,1
840,0.254777964900713,0.373623331286945,0.194231147388928,3
1550,0.250309104040548,0.674802325964028,0.440605980291233,6
864,0.258986967878882,0.453151080268435,0.510316027305089,3
106,0.193199387518689,0.100848719244823,0.981570196570829,0
365,0.985392095753923,0.8208216461353,0.711004904238507,0
90,0.46944730472751,0.00860221800394356,0.164993673563004,0
562,0.28594504310051,0.410938678053208,0.194187016552314,1
1086,0.245537130802148,0.705251088169974,0.438807913713042,4
1022,0.247650030367248,0.701048716962578,0.43354259122018,4
508,0.287357784050982,0.540034619136714,0.473331125429831,1
704,0.316360408933833,0.603499682247639,0.440689480141737,2
1475,0.249288799021616,0.676874704454849,0.441722091224205,6
350,0.482390073360875,0.400082495063543,0.195700740674511,0
1301,0.251623950539607,0.742625774814812,0.434884572074946,5
488,0.282620853679255,0.536276809615083,0.168709643743932,1
1348,0.255977846283799,0.739082020754143,0.436371127041688,5
307,0.850577177945524,0.238093294668943,0.060075364774093,0
585,0.283174643493257,0.714355131937191,0.558665659255348,1
1214,0.255893400252431,0.730937069517664,0.423540627296786,5
520,0.286944058726076,0.36428106201347,0.151971466699615,1
1369,0.255458516472604,0.73299915587486,0.43780235937744,5
1089,0.24509638099787,0.701672332151843,0.436861612277053,4
1448,0.252563428455128,0.677365916876555,0.442883756412083,6
1243,0.244856261772448,0.731215904988539,0.45050470905834,5
947,0.255180133846588,0.501395367993973,0.231798048689961,3
10,0.664853093679994,0.932581378147006,0.602098413975909,0
965,0.254300146959722,0.666543986857869,0.301197340223007,3
970,0.259523863948416,0.384307103091851,0.418151338095777,3
803,0.252163743828423,0.726067680492997,0.561169826285914,3
902,0.260866534011438,0.530872070207261,0.146058039367199,3
552,0.286618086057715,0.738786408537999,0.249714364623651,1
1316,0.253072359105637,0.73877078095882,0.434436541500631,5
639,0.316967891077511,0.715306257689372,0.399637013184838,2
952,0.258328301566653,0.63568209586665,0.425667673791759,3
1384,0.243930447619768,0.741972692312177,0.426640799774571,5
168,0.78622617921792,0.884738251334056,0.614099865779281,0
604,0.317538725559134,0.434539850777946,0.22745691947639,2
475,0.284749680589885,0.418066702643409,0.286820843094029,1
83,0.35164243564941,0.252465775702149,0.646910038311034,0
1094,0.250413155703599,0.696605657430365,0.434881480686256,4
122,0.287755755940452,0.380488935625181,0.66731821349822,0
1337,0.255953105101614,0.724448300026171,0.442029115405646,5
503,0.281227278751321,0.517405154276639,0.191001977748238,1
1239,0.255794686622031,0.737433969812377,0.438205386460461,5
474,0.285486355037428,0.662898931396194,0.487676844210364,1
1536,0.247738178573084,0.671785530606912,0.448305533856858,6
438,0.286125091426075,0.63932048631832,0.422930806037039,1
1165,0.253890328292018,0.706630799308,0.446525183663141,4
1210,0.249857353854382,0.724806291522211,0.442700569067717,5
1450,0.250576800313741,0.678088281745463,0.440917818813938,6
1360,0.254384413646481,0.725175939739708,0.440730639819054,5
734,0.315521209661383,0.52946283898782,0.479306363244541,2
1098,0.252392602652451,0.705159546543749,0.437224280969081,4
1419,0.251789910153794,0.680026594824457,0.44044617610318,6
956,0.25661076962715,0.352807677094825,0.24885293780826,3
1115,0.247807280272701,0.703294167801598,0.441203246171,4
1010,0.259137940300025,0.705722069724108,0.443919929848304,4
159,0.527160735335201,0.931290611624718,0.475017446791753,0
1381,0.253771195391139,0.724502566393097,0.44235821459821,5
572,0.283211363109294,0.659442485752516,0.594814800750464,1
285,0.762477378360927,0.324773726286367,0.64564228663221,0
1187,0.252528981534509,0.704723033859968,0.436800736622661,4
1581,0.251808039916571,0.666260965525458,0.43266151162953,6
313,0.103315935935825,0.492940446361899,0.205903593450785,0
536,0.282858684526291,0.305030867550522,0.303541511390358,1
1021,0.253449132119685,0.701586724639517,0.444666713235319,4
537,0.283646231302991,0.599326146044769,0.428346555656754,1
1391,0.247709998313208,0.731689750721311,0.442588598915399,5
831,0.260059021981433,0.29736727590207,0.200085413968191,3
1182,0.256178998553,0.702243156181262,0.439750102992907,4
426,0.290417939943727,0.459375163633376,0.178351366170682,1
357,0.753454951569438,0.91008153767325,0.674869834212586,0
1085,0.251583591661452,0.694548622715022,0.443019492376533,4
1371,0.258182912983157,0.731226743739764,0.436325220868768,5
484,0.288855631144252,0.717678425461054,0.180681179719977,1
789,0.319307834766805,0.70185633955989,0.444651894597337,2
1188,0.247936091490775,0.697929012226197,0.434894027236751,4
1439,0.250850882426517,0.676723710682365,0.446009224426985,6
834,0.253338609535713,0.66709710014984,0.374108378984965,3
782,0.314596184629481,0.507574485940859,0.240846784412861,2
400,0.232227406464517,0.0316821725573391,0.567553153028712,0
923,0.258898945271503,0.324224498099648,0.549898792849854,3
826,0.260436738196295,0.579606299148873,0.567726763756946,3
142,0.311153205810115,0.851957890670747,0.652077164733782,0
1016,0.250396962179423,0.701552571082791,0.445261712855451,4
527,0.289360101849306,0.652554694074206,0.1156597066205,1
1246,0.246741672056766,0.733572023830247,0.452216413017537,5
627,0.310926661100239,0.280506912944838,0.232796410191804,2
839,0.260084146731533,0.497227086080238,0.245164047670551,3
278,0.28911889414303,0.027666857233271,0.494276722660288,0
490,0.282177526548039,0.653566158935428,0.410609521530569,1
1465,0.250952476462096,0.666806297169668,0.442528716331691,6
1052,0.251903969592325,0.704260809240813,0.436484997508458,4
491,0.288426922203507,0.441746554197744,0.514285268820822,1
1200,0.243870752334236,0.699240942990369,0.445053952613126,4
977,0.257880024404731,0.691661446914077,0.494940808718093,3
1544,0.242971704150905,0.672509472195396,0.44117095676197,6
675,0.314993906111922,0.567326987138949,0.113997201877646,2
128,0.582782111596316,0.142071336740628,0.187625577440485,0
874,0.259091046503745,0.278041315008886,0.294007089897059,3
479,0.28729484283831,0.268898254237138,0.578165942430496,1
569,0.28392614031909,0.717538335104473,0.59207241514232,1
467,0.287265261423308,0.697315731644631,0.342290080711246,1
770,0.317998950767796,0.696056779916398,0.209843703289516,2
1332,0.255893467200339,0.732966515269788,0.435699013169638,5
236,0.0518375101964921,0.385733699193224,0.449441344942898,0
1162,0.253538389800057,0.696494053889729,0.435141872680478,4
601,0.316354585415684,0.52532555765938,0.594870326668024,2
196,0.669020640198141,0.459530380088836,0.815896799089387,0
431,0.290094488230534,0.570332064502873,0.271470537036657,1
743,0.31388371626148,0.508136517112143,0.203201419999823,2
985,0.254485267009586,0.255230011511594,0.2228918510722,3
622,0.318192199638579,0.545441379165277,0.532613464491442,2
1522,0.25683714716976,0.677406405995074,0.447542437789388,6
1399,0.24479863790935,0.721890253596388,0.436903879411942,5
44,0.92833940894343,0.0915558661799878,0.74449249682948,0
676,0.312669455637224,0.566777611593716,0.459728745138273,2
617,0.319307731038425,0.509123684000224,0.330975918308832,2
994,0.259237144198269,0.579529741406441,0.495250931219198,3
1587,0.254054054792139,0.670845724671224,0.438472666752766,6
348,0.454396552406251,0.577771954471245,0.296599030960351,0
1389,0.253532996715234,0.738590783076847,0.444351446510062,5
369,0.446037544170395,0.820314249955118,0.913539873436093,0
387,0.972710071364418,0.959710301598534,0.26670940569602,0
558,0.287843695867341,0.271861198102124,0.404564003436826,1
1395,0.25710061671792,0.735168273783554,0.438205247995941,5
403,0.282330406871624,0.289364581787959,0.1787372963503,1
303,0.892349926754832,0.755586290266365,0.071239685639739,0
748,0.320097790779546,0.601150364824571,0.132831162516959,2
81,0.207207589875907,0.857310075778514,0.118197158444673,0
737,0.31263847472379,0.296941006765701,0.522636996558867,2
851,0.253727318258025,0.631780261499807,0.453144465433434,3
1504,0.245768899536891,0.672304448033769,0.442536084030525,6
282,0.77961474750191,0.310307727660984,0.245852103689685,0
917,0.258636480220593,0.520023122057319,0.346105944225565,3
263,0.554546481231228,0.656355389626697,0.215541022829711,0
1597,0.250145528129899,0.675127145993543,0.435542940926041,6
3,0.0672511213924736,0.558493848191574,0.909323695115745,0
453,0.283678566433955,0.732216473645531,0.525019124126993,1
1193,0.254586651301421,0.698862265868191,0.436488236389421,4
1219,0.25355049598163,0.726015342366094,0.442054081830257,5
981,0.258251826649066,0.459581735986285,0.281715019117109,3
347,0.766191773116589,0.687494497746229,0.872577356174588,0
439,0.286932405279949,0.543541583092883,0.578570566116832,1
93,0.837997022783384,0.172721849754453,0.114261297974735,0
279,0.411307137459517,0.7504932009615,0.939196352148429,0
663,0.320023271543905,0.488482591672801,0.111314833839424,2
749,0.319466900709085,0.293248060718179,0.150997920637019,2
1585,0.252909040932136,0.678172771855332,0.448907631002955,6
618,0.315072043202817,0.718345048930496,0.126093488163315,2
1385,0.244665267558763,0.727858529386725,0.445610324536654,5
807,0.259675641525537,0.338488756422885,0.389899624371901,3
381,0.491435019299388,0.924744492862374,0.116488233674318,0
188,0.737031481228769,0.872759940102696,0.844843712635338,0
161,0.172391871223226,0.90241963416338,0.413141602883115,0
1593,0.248911993945593,0.678667295800393,0.445812029684824,6
421,0.282383710301947,0.589302514889278,0.221774883195758,1
1325,0.247349016294776,0.725159272236031,0.440532186773432,5
21,0.805849232943729,0.118696079123765,0.237211651634425,0
1468,0.253271445053894,0.669700757116051,0.44122683051285,6
892,0.25460608508205,0.304159040888771,0.161001156060956,3
959,0.25214057569392,0.525540215987712,0.368015013379045,3
389,0.851205448387191,0.851475208066404,0.0698183344211429,0
888,0.255177556008566,0.594825959973969,0.407507268921472,3
1164,0.255373220332472,0.699172384424387,0.438894839849461,4
908,0.256819496266544,0.596955321123824,0.450770305097103,3
1515,0.247850249899734,0.667157156573855,0.440181143600694,6
22,0.134978655027226,0.751215349184349,0.059739947784692,0
181,0.597408392000943,0.658482937375084,0.726833686698228,0
146,0.287602205295116,0.318142929347232,0.733029478462413,0
907,0.256006313865073,0.407182905916125,0.592686561727896,3
248,0.240769425174221,0.594454581849277,0.230524955317378,0
806,0.257158163222484,0.310273670917377,0.272048845747486,3
546,0.283669997886755,0.412410702533089,0.601154714683071,1
700,0.314939146209508,0.444959499035031,0.286842930805869,2
885,0.255627353042364,0.327526213694364,0.473620592942461,3
482,0.282198368925601,0.30125376242213,0.549908710969612,1
384,0.434933878947049,0.781492119189352,0.593300821026787,0
596,0.281437564275693,0.616758137568832,0.30808491432108,1
1175,0.24885631265522,0.710376819224708,0.440230441031623,4
766,0.313289650250226,0.400561612425372,0.189240610552952,2
974,0.251673472172115,0.496705623320304,0.21270053377375,3
1462,0.255727965285936,0.679157038461805,0.442896491769966,6
1127,0.259672455178271,0.698988192722804,0.44339376049872,4
157,0.727301007602364,0.117294878698885,0.435437564039603,0
1314,0.250472218619517,0.731248527381068,0.438534262690356,5
997,0.259417548149358,0.48946484234184,0.453036768222228,3
635,0.311057074191049,0.62033425536938,0.592855746950954,2
928,0.259997356543317,0.349088227120228,0.592087280098349,3
730,0.31851293691434,0.648288459843025,0.142385295103304,2
561,0.284143784730695,0.5494381952798,0.417577465157956,1
289,0.261157172266394,0.251644568517804,0.324806940509006,0
1015,0.254584672489762,0.703968098563156,0.448654044995083,4
580,0.283763462731149,0.619698537373915,0.36681282389909,1
946,0.260787442014553,0.617038991977461,0.131607790454291,3
752,0.317114228999708,0.438284924463369,0.206651756865904,2
1255,0.248641034309205,0.72877857413155,0.442328341003193,5
291,0.250702510820702,0.937980629969388,0.17316602380015,0
949,0.259193437276408,0.674646738893353,0.464463431248441,3
1307,0.26475929891164,0.741975683419901,0.445577900578813,5
271,0.685522756073624,0.677673968719319,0.855499703669921,0
570,0.282600702475756,0.40228106463328,0.59255448540207,1
1599,0.248270453445277,0.672412669770937,0.443427969858857,6
1252,0.241488485619049,0.718460295031416,0.439240509982155,5
940,0.25541812166106,0.676017784024589,0.343753841682337,3
1285,0.248812418205024,0.727426453353255,0.44407051856017,5
842,0.260724404470529,0.297323069279082,0.341084973746911,3
1486,0.245566979413398,0.67575754604372,0.445062848765537,6
696,0.317376680558082,0.330192544590682,0.584981827507727,2
860,0.256043852381408,0.342123058252037,0.261386561417021,3
1469,0.249331605405827,0.682054910756513,0.439664173197192,6
1139,0.249437589655899,0.705785167142931,0.442231238276653,4
28,0.0314505228307098,0.327390207210556,0.16074531013146,0
1312,0.250265850757104,0.736504574204729,0.446586066058572,5
504,0.284552775986958,0.625279850419611,0.315921631385572,1
419,0.288033196884207,0.451429455867037,0.142825637105852,1
1191,0.252099771924351,0.702872907246166,0.44510099916782,4
960,0.252298835900147,0.322316442942247,0.424836750235409,3
1382,0.255535485620524,0.72148917036167,0.429874109784746,5
615,0.311812445055693,0.363015119079501,0.350254357769154,2
1510,0.249207571163574,0.681004902582857,0.440033678848565,6
1521,0.246312991395831,0.67736828809358,0.44388311629057,6
462,0.290518532940187,0.323401517909952,0.106794151919894,1
346,0.120929509634152,0.400779534131289,0.968380540376529,0
1189,0.255709415792823,0.696417847187761,0.442478272813866,4
817,0.259363445274066,0.508780996524729,0.337826277455315,3
1046,0.258299102409459,0.707419743779793,0.435659106927258,4
1043,0.252365234808348,0.712590776332534,0.434263417802298,4
1546,0.248987703191786,0.684243846453731,0.439267489405853,6
815,0.254017888468225,0.348497262550518,0.280879573756829,3
1524,0.247385221202701,0.667593355688139,0.441629699963938,6
97,0.0113503348547965,0.0766894689295441,0.585745956050232,0
293,0.223156210733578,0.350123796844855,0.704831341980025,0
1456,0.254012748723605,0.672158278411047,0.436960928066294,6
819,0.251994162155315,0.302411827817559,0.564759011007845,3
441,0.282895042728633,0.580013826931827,0.552414035401307,1
133,0.106386192142963,0.565885742893443,0.765868972521275,0
1184,0.25466894563569,0.692362573282474,0.450005342868321,4
149,0.723084467463195,0.594751530792564,0.343743060715497,0
422,0.285331142984796,0.535201164172031,0.163212463003583,1
1148,0.252843691514557,0.708257256885448,0.445580197270235,4
1393,0.251572940383652,0.734691905975513,0.440070866849506,5
990,0.25369916483527,0.42286541974172,0.227673611347564,3
36,0.908083066809922,0.892536093015224,0.797591179376468,0
205,0.413395613897592,0.60864784498699,0.087510839337483,0
1565,0.250714951064584,0.671913947109417,0.437197178076323,6
1437,0.238278206041391,0.660093628295862,0.441980656774682,6
641,0.315972331112716,0.692600550106727,0.513503609667532,2
548,0.281130989808589,0.709030538774096,0.166104159643874,1
660,0.314604733376764,0.535949095478282,0.283127119275741,2
969,0.259126769136637,0.610180005058646,0.410375910555013,3
1408,0.253299820770693,0.673900124870881,0.442258769753461,6
1352,0.251257795667817,0.732288148716973,0.441747287104123,5
897,0.256304230149835,0.490406602597796,0.153649264690466,3
582,0.29027366662398,0.611260379292071,0.567152597336099,1
1273,0.253291699055771,0.739401003254534,0.445246290913695,5
26,0.0437727230601013,0.84387677628547,0.942514345282689,0
440,0.28864242678741,0.311293561337516,0.117094768071547,1
875,0.259599302560091,0.416232903348282,0.362913800613023,3
698,0.311693317499012,0.688222285569646,0.37418259747792,2
506,0.281745119227562,0.705668879067525,0.226986967003904,1
243,0.465626738034189,0.696412055986002,0.361061663366854,0
1147,0.257303724987824,0.705698354397153,0.452316632582357,4
42,0.133339352440089,0.163660402642563,0.942238025600091,0
1274,0.257441305418326,0.728528266644451,0.445047624245448,5
1100,0.249814555542453,0.705079462958776,0.438882679341828,4
747,0.319577011517249,0.518683455861174,0.221655367617495,2
1061,0.253981696823927,0.699027065790778,0.442567471319861,4
101,0.0916364016011357,0.415838327724487,0.089937899960205,0
932,0.251754929532763,0.280419920897111,0.259733976656571,3
903,0.255872466131113,0.425715687661432,0.171722935489379,3
182,0.374120831722394,0.536973668495193,0.848094636574388,0
1308,0.250405061254945,0.732898571707518,0.442321556376744,5
1008,0.24976382648678,0.698821079870464,0.437809218952985,4
568,0.290644551317673,0.421157974144444,0.500687538040802,1
541,0.288939147724304,0.464188748598099,0.146807782794349,1
1397,0.247237415602486,0.724074447894838,0.445119925435357,5
630,0.320558577366173,0.737197806104086,0.307587656402029,2
465,0.282090115433093,0.614935199823231,0.391114061907865,1
530,0.289133742097765,0.644130848674104,0.562437267717905,1
906,0.255822230046615,0.698505189130083,0.306809392268769,3
716,0.312788538015448,0.511838821321726,0.298116311640479,2
79,0.40019465261139,0.133563998853788,0.830453381175175,0
411,0.283125690682791,0.617140616383404,0.215529433311895,1
360,0.873572822660208,0.99179821414873,0.334622120950371,0
944,0.26063467355445,0.608503767033108,0.243715029302984,3
795,0.315700587539468,0.652365639200434,0.509698937856592,2
351,0.105678718071431,0.834318969165906,0.61267003742978,0
909,0.252731002296787,0.504190348298289,0.489153486536816,3
1207,0.244878447092215,0.726191039948748,0.443223222802562,5
958,0.257648478217889,0.340249175997451,0.286188536183909,3
443,0.285705522147473,0.610206850897521,0.443464704998769,1
798,0.318298148296308,0.365353837469593,0.350197000172921,2
450,0.288884860139806,0.732447398453951,0.423890583077446,1
1234,0.247673641801775,0.738247856779899,0.437603129079057,5
1095,0.246283275030939,0.701901327515121,0.443500222118133,4
301,0.264905872056261,0.861652221763507,0.953724056482315,0
725,0.311892125129234,0.483701706491411,0.309160231705755,2
1340,0.248730413797172,0.726363435723372,0.442852029728115,5
1006,0.251086818909775,0.699784762832502,0.439260330695087,4
1580,0.241341269450405,0.676543930329502,0.436631499691277,6
1223,0.244829995338513,0.732604373128283,0.442302900393487,5
1507,0.260217104622198,0.663929782021479,0.443345794592214,6
85,0.999485852429643,0.810563812032342,0.0504436828196049,0
20,0.400800016708672,0.817468273919076,0.998120951466262,0
1345,0.245386813253928,0.730028969760197,0.439357561290547,5
67,0.748398801544681,0.663682079873979,0.799650801112875,0
39,0.138792444719002,0.262314196908846,0.752549388213083,0
515,0.284074705599342,0.496865518833511,0.558788116532378,1
813,0.254362610159442,0.664139823731966,0.555587557470426,3
1304,0.24474422119182,0.731959549674951,0.457049839912997,5
1084,0.25151589055895,0.701886486294746,0.435639514815545,4
591,0.282005874838214,0.334322617133148,0.462215684913099,1
529,0.287565774018876,0.353578099492006,0.204961779154837,1
1087,0.25184586513703,0.699445575468886,0.438006831343758,4
802,0.255022526110988,0.554616221901961,0.313863814552315,3
544,0.283651973532978,0.503410255978815,0.462690180842765,1
781,0.315435965918005,0.564914309163578,0.373050527623855,2
614,0.311750141617376,0.533751981775276,0.442412235983647,2
1493,0.258449812493012,0.674217332996903,0.440029649842179,6
976,0.256162160011008,0.507902556774207,0.233372237742879,3
833,0.255583957391791,0.503119250037708,0.426268269866705,3
1563,0.252935472491881,0.673780434950245,0.440253292262662,6
1023,0.247262477267226,0.700706035581596,0.432147735865456,4
371,0.446323541691527,0.147932253079489,0.803855468286201,0
1514,0.250660412924257,0.67127414232462,0.434954193666813,6
183,0.735470983199775,0.834902173606679,0.168318746145815,0
502,0.28281089261407,0.298762497585267,0.166553593683057,1
174,0.263763741124421,0.0575546966865659,0.518671468133107,0
1205,0.251289626410296,0.733649741027681,0.439402570255143,5
628,0.31664694633102,0.300705988169648,0.121285844920203,2
916,0.257107111166697,0.705411917623133,0.151383659546264,3
1350,0.246719679942968,0.738497078395012,0.434717598386181,5
896,0.258829240687191,0.361976137710735,0.384283856814727,3
1576,0.250468773843275,0.675921769981142,0.439550249159542,6
1347,0.253063547855722,0.743957548473435,0.436177027704568,5
111,0.601486321538687,0.577424315735698,0.0434468225575984,0
189,0.734078298090026,0.14376863418147,0.811019065324217,0
662,0.318857878379058,0.452008501254022,0.335628443490714,2
652,0.317702241227962,0.545506260567345,0.474026920367032,2
736,0.314006780677009,0.465829284954816,0.251561832241714,2
899,0.252973227896728,0.53618976296857,0.4039578222204,3
1380,0.254852519810297,0.721724230639204,0.441396708731657,5
1444,0.253085594194412,0.66355029969082,0.441518607412454,6
1159,0.261590468572616,0.704736351008059,0.437999659201023,4
695,0.317555366440211,0.428405926190317,0.402766079036519,2
1135,0.252490823625985,0.702773055153167,0.433074079116062,4
682,0.313592016485054,0.575865730969235,0.415552426921204,2
78,0.585525488480926,0.129512234823778,0.073856920003891,0
1313,0.246104459392879,0.731335472011132,0.444107204766518,5
787,0.313165041757748,0.711992001137696,0.294708556588739,2
1013,0.259063294734749,0.701175931267811,0.441249969690572,4
778,0.319912246293388,0.36142208809033,0.309352877759375,2
786,0.312500702994876,0.596892907842994,0.334563172399066,2
1431,0.250680765633684,0.670383103090324,0.436543878579342,6
139,0.289271700428799,0.478733205934986,0.0635328555945307,0
427,0.285149695356376,0.339146069227718,0.269367372826673,1
1056,0.257899244351395,0.708120990220051,0.43791303143173,4
1069,0.251922554453367,0.711818435368217,0.442080022766179,4
38,0.0847979113459587,0.817152239847928,0.991056637605652,0
267,0.916947213932872,0.812656739261001,0.344905231846496,0
1226,0.256576022223315,0.731074678690249,0.437170737502422,5
118,0.638818580191582,0.405240433756262,0.799227027222514,0
251,0.0888483640737832,0.657546388916671,0.500782060204074,0
1509,0.245033772659293,0.665365454005489,0.448877799347211,6
1434,0.243759762089799,0.666501879626108,0.438578507258659,6
783,0.317114011324011,0.621592780901119,0.366087474604137,2
1429,0.245481858106268,0.674768516977725,0.439464216743802,6
1279,0.256782793352996,0.730164275563249,0.434069876361242,5
485,0.289369891711976,0.482984818727709,0.542301608808339,1
437,0.283606957779266,0.672161224856973,0.117369037796743,1
1259,0.24955550931656,0.731738136212827,0.445046693907461,5
707,0.319474619261455,0.568989426107146,0.576715484703891,2
394,0.548905212199315,0.338412804994732,0.483356935670599,0
321,0.719156924635172,0.0280662446748465,0.349748000269756,0
392,0.71354667423293,0.726573607185856,0.601997129386291,0
435,0.283668760904111,0.382104614027776,0.354337541013956,1
500,0.285076287537813,0.445755070867017,0.211458255862817,1
1451,0.260480575155747,0.684324688778503,0.438833342330708,6
428,0.284724856996909,0.592547532496974,0.543583154422231,1
921,0.25206816205522,0.748322197678499,0.328241851157509,3
1460,0.259167921013867,0.674084842328596,0.444605507404378,6
751,0.315671052287798,0.337200178741478,0.512076773541048,2
567,0.283386327030603,0.443421269743703,0.14841385462787,1
1516,0.253523871550777,0.677589367428347,0.439076375740786,6
472,0.284093424007297,0.529703664104454,0.43003123390954,1
1007,0.255501866498516,0.698216227253815,0.447399380574404,4
966,0.251307647610083,0.290648487373255,0.413156777247787,3
746,0.315963563327678,0.26454452900216,0.230210021114908,2
898,0.257312662440818,0.602575677074492,0.280654512671754,3
669,0.314637007617857,0.72582961989101,0.365683541377075,2
1088,0.253880117614805,0.697520556853725,0.442354387115611,4
298,0.790406371932477,0.103033163119107,0.540488689439371,0
1554,0.241083773401146,0.673524460944502,0.446303741387396,6
1595,0.241789986400674,0.676558394164562,0.43933541190904,6
534,0.284378219950013,0.333655867469497,0.451172501523979,1
1110,0.250663745096215,0.70303612890686,0.436370672464984,4
1494,0.252963684400829,0.670876361180028,0.437333744417686,6
237,0.882024524034932,0.0312539364676923,0.972480072407052,0
678,0.316172298421152,0.2722714522155,0.319412215938792,2
378,0.141570979263633,0.570404954487458,0.382321528624743,0
1141,0.255040912925671,0.697222839275788,0.438361155754694,4
1076,0.253311108682924,0.69475826988658,0.433352743581097,4
287,0.87586709484458,0.624896215973422,0.990039918571711,0
353,0.0115145661402494,0.936111765448004,0.918478601612151,0
448,0.282374106778298,0.314576323120855,0.352037205686793,1
951,0.258638900388032,0.352592839836143,0.220572383468971,3
264,0.852619721321389,0.0911244372837245,0.0143590648658574,0
606,0.318517904237378,0.700671084667556,0.285705926688388,2
1168,0.256790611383739,0.700543957914458,0.441480379356476,4
179,0.179904393851757,0.696292135166004,0.644967920379713,0
447,0.283868346598465,0.411974179651588,0.545300841657445,1
171,0.923113329103217,0.248533199774101,0.986430409131572,0
436,0.290789948282763,0.622949011600576,0.322685161232948,1
1310,0.247952549936101,0.735216042145547,0.444210595439541,5
1479,0.243739886104751,0.671728861983162,0.442615076496845,6
654,0.316250633501913,0.542766622127965,0.166020445269533,2
1454,0.24756830265594,0.665686151512657,0.451708377023639,6
454,0.288641867637634,0.402687063766643,0.39512174539268,1
15,0.230756995966658,0.110473984153941,0.917900804895908,0
1376,0.252417993844523,0.739231406220516,0.436759193710805,5
1502,0.250496706254485,0.679801666809888,0.44424483605115,6
694,0.315373731565196,0.522921264148317,0.192802076786757,2
1122,0.25028969785573,0.70742644814165,0.439468833403279,4
753,0.317954598984215,0.721457437472418,0.513909643143415,2
1394,0.246991591583115,0.728215235361678,0.446065860868141,5
1173,0.243808702356088,0.700474208296437,0.436724010830253,4
608,0.312067785456311,0.44560433444567,0.35866929856129,2
846,0.255319501233753,0.444641037471593,0.375926115992479,3
680,0.312925030135084,0.744422441790812,0.556924947397783,2
1,0.833861983846873,0.686504573328421,0.950078142108396,0
99,0.777077784296125,0.105064172530547,0.717088195728138,0
1519,0.258502066480286,0.675794655371427,0.436512956552825,6
1440,0.252723584472345,0.672691011014193,0.447760277243037,6
735,0.3180651855818,0.263455185084604,0.549180868640542,2
1495,0.243748225880728,0.67123506536359,0.4385578849351,6
1009,0.243710821820767,0.699111006939303,0.440879044310047,4
1556,0.243997951614565,0.66839393378762,0.434160675903777,6
201,0.0691138650290668,0.360079287085682,0.129666362190619,0
108,0.303448198130354,0.179403997259215,0.805424048332497,0
901,0.257227943905164,0.49843908273615,0.380783492675982,3
1335,0.242307317171555,0.730492021581952,0.432582053245532,5
565,0.286605334449559,0.409528512600809,0.310914715379477,1
1297,0.249124069695753,0.728931641418962,0.448018565054308,5
542,0.282088289181702,0.66232513319701,0.54006807981059,1
1050,0.248085474905091,0.70603063448243,0.435927487461474,4
55,0.12445791112259,0.0292428196407855,0.992492884863168,0
711,0.32015350256348,0.526450760988519,0.333745162677951,2
1417,0.254053698546837,0.679757465925883,0.436473335139773,6
633,0.319652186702006,0.494289046362974,0.527635562210344,2
1551,0.24743731630132,0.674696930306388,0.441264964295067,6
1513,0.251571294338997,0.669809414115566,0.447467677300499,6
60,0.896519781090319,0.341420028125867,0.331898338161409,0
1573,0.257650489006213,0.678359845938001,0.431152486052616,6
1590,0.255602362113045,0.673811806672772,0.43890133938432,6
722,0.318032748510595,0.385512944171205,0.116393317095935,2
1082,0.245646100094655,0.705567130896868,0.435378698004634,4
809,0.260441826302558,0.71289988826029,0.548151740897447,3
433,0.288258167062886,0.625492929690518,0.364037570171058,1
724,0.317534836637788,0.716793556092307,0.121086622215807,2
937,0.253189484130125,0.704819531971589,0.372541471710429,3
693,0.313240168232005,0.680935018439777,0.560453390446492,2
1338,0.257888611491113,0.726803325066132,0.443565556716706,5
1254,0.252710268247516,0.735515411114876,0.442707121667327,5
273,0.952176744118333,0.894718307070434,0.531254899920896,0
688,0.311354264926631,0.352069869381376,0.459946010238491,2
797,0.313052331770305,0.578537004161626,0.230944551504217,2
844,0.259714754463639,0.462068112543784,0.290649367356673,3
266,0.321981268003583,0.652380577521399,0.63488149526529,0
1017,0.254505593256821,0.70051351325156,0.439976343184912,4
489,0.286686504450627,0.54617601770442,0.131517563457601,1
1051,0.24064648032394,0.70214380966684,0.447506176600597,4
1268,0.251031099680954,0.734698199467995,0.443196837111614,5
216,0.798245006473735,0.749961959198117,0.40218227962032,0
1334,0.252333000154258,0.727013807465382,0.441892542914507,5
1578,0.252502222187926,0.664417318085323,0.442512492029371,6
368,0.916265032021329,0.956739947432652,0.626914877677336,0
1373,0.252682921218898,0.732565564946461,0.448042767705577,5
931,0.258425222667865,0.417412806279026,0.544471286563203,3
575,0.288596627619117,0.614207960292697,0.475182799715549,1
989,0.256908734038007,0.711184021178633,0.467019171779975,3
1295,0.247508600357221,0.73498849695302,0.436884276613507,5
547,0.286560367764905,0.460308121377602,0.120449637738057,1
1204,0.24738060731031,0.724291092004348,0.446436809716239,5
141,0.615297505632043,0.137114410055801,0.176392432767898,0
41,0.539275906980038,0.857442666310817,0.365554115734994,0
1339,0.250134415651205,0.733350165996446,0.43531171777874,5
464,0.283274058965035,0.273138539958745,0.391388896014541,1
163,0.791942276991904,0.309719515731558,0.62491892487742,0
1073,0.24979280384432,0.698168547828223,0.438226221849346,4
518,0.282554651466198,0.733828008151613,0.370654350472614,1
756,0.31255918617826,0.731228192080744,0.453992827073671,2
377,0.885228522121906,0.0901217795908451,0.685168558964506,0
1322,0.252085137664473,0.738498173590227,0.440989255423734,5
135,0.765216504922137,0.724825679557398,0.29439883120358,0
779,0.318805474855471,0.601650072587654,0.370092371688224,2
1104,0.252809106614607,0.699978828569846,0.448867380590098,4
186,0.575292480643839,0.307643512729555,0.198750470997766,0
1485,0.248156140013215,0.671129586603021,0.440017625454452,6
1388,0.244103247393321,0.728325679536349,0.443261915007651,5
836,0.25924293766031,0.673318101419136,0.515087029756978,3
1457,0.255099365193888,0.671383409021521,0.441030767661979,6
728,0.319045727835037,0.402459951909259,0.212278656638227,2
61,0.99632354057394,0.404808845836669,0.521008368115872,0
862,0.251538791113999,0.345314420503564,0.1479496775195,3
258,0.862506759585813,0.446106128394604,0.656548070721328,0
609,0.312862729094923,0.62320582147222,0.565681436425075,2
294,0.517236322397366,0.0760735883377492,0.540197321446612,0
1392,0.243474677142431,0.736299960386417,0.435042056472984,5
718,0.312393093944993,0.489581005973741,0.318588547036052,2
147,0.0895454436540604,0.764443959807977,0.379916568286717,0
1181,0.255539999619969,0.696821620136318,0.43890047913298,4
670,0.317822013285477,0.437105018040165,0.421040242048912,2
848,0.259455842485186,0.391402769694105,0.144790170458145,3
1367,0.253232749068488,0.733991825537683,0.443111353253351,5
213,0.0674020492006093,0.60787008004263,0.421131180832162,0
217,0.383457140531391,0.714070457266644,0.819594698958099,0
1026,0.260963142970961,0.698592558736647,0.449567626766314,4
822,0.251580022855196,0.734880315000191,0.300056767161004,3
34,0.933197868289426,0.904377330793068,0.269565207185224,0
349,0.187465728726238,0.335295140976086,0.9838072352577,0
296,0.139904920011759,0.677451223600656,0.325489300070331,0
385,0.131138130091131,0.301611838163808,0.685072987573221,0
738,0.314102365786675,0.491622709296644,0.58808972556144,2
74,0.760195600334555,0.806599437026307,0.211480169324204,0
1156,0.256253270678516,0.697410699155456,0.448612161901627,4
1503,0.245625416824317,0.683631933560542,0.439555488621549,6
177,0.244118304224685,0.224796041147783,0.339669415028766,0
768,0.32037071950268,0.513770817988552,0.56421984450426,2
221,0.276481466600671,0.258958440274,0.13891340023838,0
72,0.749416571110487,0.91495021386072,0.00351965613663197,0
358,0.376449213596061,0.827246680855751,0.843598675448447,0
933,0.255040636744816,0.338643994741142,0.292796212807298,3
1342,0.249248422261881,0.736058110291409,0.448564224023678,5
760,0.320367548980285,0.473068543802947,0.451709764404222,2
1267,0.256667069178698,0.731401403232544,0.443381160092529,5
33,0.499537571566179,0.549237471772358,0.710143363568932,0
1170,0.243806155280165,0.702224757056117,0.436917181137917,4
382,0.199362941319123,0.756473796442151,0.244834946934134,0
302,0.666700033470988,0.675979532301426,0.690427841152996,0
445,0.283193507497199,0.4456130792154,0.381399612035602,1
312,0.294770331121981,0.837743615964428,0.760770602151752,0
805,0.259893814651296,0.454724597139284,0.510840860637836,3
1501,0.252098951578975,0.673424819472609,0.445848869435798,6
1362,0.249511935047084,0.731714948809684,0.435678705598738,5
1158,0.248755412844771,0.713372668309957,0.438461097141288,4
847,0.251900446007494,0.53422087545041,0.554325272422284,3
19,0.435410510748625,0.135995899327099,0.31077029905282,0
1228,0.244110965400368,0.727822224839444,0.435148779076432,5
1276,0.248351210255942,0.73515099041359,0.445240211345157,5
1303,0.255412678141207,0.727243231719014,0.441681237770896,5
1018,0.252324719343612,0.703433199858344,0.456333644414742,4
1407,0.24990089911795,0.66889192925208,0.442120132492107,6
972,0.258982183556072,0.42153019385878,0.207403615675867,3
685,0.312979727906641,0.654468569881283,0.293415788654238,2
526,0.288883241342846,0.647257871669717,0.531120169302449,1
228,0.542598381172866,0.969862145837396,0.356395902810618,0
1020,0.245047909772113,0.700801508943382,0.442444209843015,4
1065,0.255662413943551,0.701389581033997,0.437764146007407,4
1227,0.259913867504557,0.736146830911176,0.444083304890435,5
126,0.477151560829952,0.0539468268398196,0.935447474941611,0
1421,0.254758787835225,0.670379281206002,0.446577570797444,6
643,0.31458359939279,0.553988040518016,0.167548086703755,2
95,0.234913639025763,0.822350226342678,0.600427658995613,0
1534,0.251633781378881,0.677194245135589,0.442982836702947,6
104,0.253343835938722,0.227247204864398,0.184056435246021,0
1553,0.243915666104978,0.673720260141577,0.443792515652537,6
148,0.949702975805849,0.490060075884685,0.298666662536561,0
1557,0.248981410184272,0.669805479427849,0.445281207813237,6
1103,0.248759402161358,0.701451930075975,0.441152933453572,4
284,0.0286266698967665,0.649168535601348,0.803374556591734,0
1128,0.251572128145393,0.689211655918808,0.442644803676205,4
853,0.252571017397568,0.57093720450066,0.246661208197475,3
257,0.992439627181739,0.683362010400742,0.900955963646993,0
1102,0.248354398722474,0.703713908009558,0.439721196544479,4
1130,0.249812899740449,0.703281125575099,0.443456171920766,4
473,0.281914625037462,0.343411238258705,0.286498340638354,1
1002,0.255807828696835,0.709693243429278,0.438789131527001,4
998,0.251104626602028,0.562763571715914,0.341357104806229,3
1132,0.249004917273501,0.699055386217896,0.438627372337403,4
637,0.320499000477139,0.730191607004963,0.47186373451259,2
370,0.760215838905424,0.99072927585803,0.518838617717847,0
240,0.0934717208147049,0.789292676839978,0.431137804873288,0
726,0.315596440609079,0.654397021024488,0.365586987207644,2
417,0.282280192614999,0.336583876726218,0.39176534183789,1
1049,0.251229576295067,0.699070087058567,0.444407657507181,4
754,0.318103678987827,0.544676580675878,0.303359475545585,2
1296,0.255976352936074,0.736630298598906,0.44090925505998,5
406,0.285801919172518,0.542083503189497,0.345250194286928,1
1328,0.250523676248488,0.736073813170899,0.441004010243832,5
629,0.314090666370466,0.612462295312435,0.377956921327859,2
92,0.0974847534671426,0.408800251083449,0.472856753971428,0
158,0.000486160162836313,0.0455179740674794,0.969925112091005,0
1472,0.25078123971874,0.677325718489122,0.441383309012048,6
1560,0.253118008451636,0.664924891427634,0.44989300832865,6
469,0.286513070256915,0.699501389730722,0.563622608291917,1
910,0.259805761689786,0.403871620749123,0.543595798872411,3
1476,0.258095148033831,0.682251648254594,0.438463575885956,6
1178,0.247555337979031,0.713318956505248,0.446302933762002,4
446,0.286360587705858,0.4190094106365,0.110491528152488,1
1374,0.254641315914332,0.723986032685844,0.442004347179349,5
571,0.290905573188793,0.447034714487381,0.441560290148482,1
1231,0.250414954986977,0.728621106647837,0.438405039306621,5
256,0.632345209596679,0.457208934240043,0.722935192054138,0
315,0.944231686880812,0.15927984775044,0.50918247923255,0
252,0.60911994962953,0.459746966836974,0.615544090978801,0
352,0.453980297781527,0.881095370277762,0.290010264143348,0
1298,0.251337932177484,0.730979633126909,0.444360533853449,5
697,0.315993311598431,0.339906638814136,0.4047256432008,2
687,0.320139163320418,0.534336057119072,0.227783752931282,2
220,0.670955430483446,0.600869284477085,0.967351623577997,0
731,0.319424597623292,0.74739903616719,0.108595627103932,2
49,0.731689049163833,0.968921339605004,0.373571855947375,0
590,0.282387110032141,0.494992623198778,0.453266858449206,1
1564,0.242228551724867,0.673246040325479,0.44255659663991,6
340,0.246354071423411,0.974434458417818,0.010687124915421,0
123,0.171700541861355,0.248769395286217,0.212727742735296,0
276,0.123079071054235,0.812016723677516,0.978934827260673,0
1277,0.248293695885006,0.733429957962153,0.437662746851901,5
162,0.507153277052566,0.877292566699907,0.383933059871197,0
227,0.81737374025397,0.430552259087563,0.0559388417750597,0
650,0.315849292448256,0.507226446038112,0.336974718351848,2
1477,0.252758195502206,0.672554887490561,0.439323814537283,6
1481,0.245951916108835,0.668610633780125,0.439513599197514,6
1144,0.250392004287653,0.707054340032333,0.436104448043954,4
100,0.946056948276237,0.483223298331723,0.769040932413191,0
1003,0.252688421552517,0.705904770019149,0.452787682369605,4
1588,0.251456867837987,0.673508572701009,0.439134279214111,6
1491,0.261142393281143,0.672553554506317,0.432551262322923,6
996,0.256223254788201,0.442930058320053,0.497225892706774,3
327,0.800213870126754,0.194393472978845,0.808870200300589,0
192,0.619441649410874,0.235362936044112,0.984019556315616,0
742,0.314267039652914,0.475338606140576,0.50763340163976,2
76,0.963470332324505,0.678992697037756,0.637272506253794,0
169,0.842695675324649,0.978886330034584,0.86395784188062,0
710,0.311046179537661,0.484190958063118,0.118277497799136,2
935,0.257125128663611,0.50181587212719,0.299229433969595,3
1364,0.251718096151364,0.726376645000818,0.437440541295525,5
395,0.755346062127501,0.710035184863955,0.908292391337454,0
1113,0.254064606079404,0.702354197767219,0.445982706628519,4
1201,0.245751166534071,0.729338438881055,0.447681140828405,5
391,0.918940194882452,0.0152115619275719,0.909578996011987,0
214,0.0698343110270798,0.231592824915424,0.85535099520348,0
131,0.636381414253265,0.6621085612569,0.130307741230354,0
1083,0.24527905304144,0.70495948732617,0.435098073404677,4
656,0.31910773788346,0.265514188655652,0.321112615731545,2
1435,0.242979922119809,0.672572862266205,0.437678389306276,6
1224,0.250437842956839,0.733719120765059,0.435271965681989,5
254,0.203547254670411,0.775144117418677,0.836065089330077,0
1432,0.248259082706222,0.675453215606364,0.437875747089384,6
218,0.88251519924961,0.437008813023567,0.360643767518923,0
587,0.284479053844698,0.332995626353659,0.227942684525624,1
1562,0.244891697217153,0.680161255783405,0.434600917453309,6
1319,0.248169016248275,0.727255417266223,0.450483274026055,5
1552,0.250354708889205,0.672948635417996,0.4426946124966,6
1258,0.24851353634094,0.732394050294389,0.43771706623815,5
1280,0.252690180137901,0.733408265771299,0.441039239281868,5
1584,0.252538818999536,0.667635537361212,0.444728388829429,6
1518,0.250326125269565,0.671483888061636,0.446652921766521,6
686,0.313158596195281,0.327528780768626,0.129348529945128,2
1306,0.246027094520184,0.729460176060107,0.440868927178605,5
372,0.496113561326638,0.223333500791341,0.952302471268922,0
324,0.137363726040348,0.888771414058283,0.584748642984778,0
1066,0.256127205469579,0.700211322126456,0.438074073813282,4
47,0.174151821294799,0.71088911453262,0.453111910028383,0
425,0.282487369198352,0.555828934395686,0.489867651229724,1
308,0.216489783953875,0.314373727189377,0.287976821884513,0
538,0.288708759155124,0.683655863255263,0.26749338300433,1
356,0.37022438342683,0.341122920392081,0.813713349867612,0
584,0.282730023320764,0.561036839475855,0.261400061985478,1
1398,0.253369238454435,0.73296785954486,0.447248416778901,5
24,0.922347203362733,0.903678422328085,0.798848169622943,0
1592,0.243464710619792,0.680113567978915,0.444312889838704,6
632,0.315936721113976,0.714499552710913,0.138628817722201,2
1288,0.250271074851663,0.728258128345335,0.442345230398636,5
551,0.282170812736731,0.706867635226809,0.577886790945195,1
911,0.258179605416954,0.549787336937152,0.411066993232816,3
1107,0.25268522290883,0.698871712032429,0.445184364733424,4
625,0.313499389768112,0.419387617241591,0.340587331890129,2
1596,0.252724924013325,0.675555182532658,0.44562844335019,6
1275,0.250522401031377,0.726768113528396,0.43686272582606,5
17,0.0852450709789991,0.180639431579039,0.954330696957186,0
925,0.259543358436786,0.344498214870691,0.569604221358895,3
600,0.283599184239283,0.543488120287657,0.355155378789641,1
1096,0.263472535719885,0.699548850475097,0.435749606587791,4
1070,0.257100843707942,0.698693506871936,0.446872119045441,4
208,0.692192746326327,0.911315143574029,0.964158709393814,0
957,0.256410187026486,0.454866193328053,0.415585398301482,3
152,0.664559217402712,0.506402172381058,0.647122816648334,0
919,0.256990873736795,0.630453681200743,0.531574012571946,3
129,0.180258586769924,0.791701861424372,0.545028487453237,0
199,0.746902854181826,0.523054259596393,0.681095296517015,0
1572,0.251933690609104,0.666659526518058,0.443979252691959,6
451,0.283778778240085,0.499773109424859,0.574373029498383,1
586,0.290030721882358,0.331593299959786,0.435447734757327,1
521,0.284134528017603,0.460584339313209,0.367292968882248,1
1055,0.250579301529447,0.703745141813854,0.438533671500258,4
402,0.280958591033705,0.290291853924282,0.490277575072832,1
292,0.644680056953803,0.574239801848307,0.230311394203454,0
1464,0.255195017854118,0.666994662692083,0.44906119402276,6
821,0.257853936324827,0.445013645198196,0.178533541015349,3
415,0.281087332139723,0.551152328122407,0.387131631234661,1
48,0.384891072288156,0.496649264357984,0.360780657967553,0
1140,0.245220418729659,0.702330193847997,0.43547165405872,4
522,0.284028990222141,0.478774809837341,0.291510659595951,1
197,0.938717172015458,0.328214273555204,0.361534286290407,0
466,0.290667694355361,0.575000916351564,0.543646560842171,1
404,0.285576119569596,0.455018451996148,0.593094257032499,1
86,0.0855625285767019,0.341563338181004,0.360347007866949,0
1422,0.247544481162815,0.672694932054452,0.438254580946515,6
388,0.129980637226254,0.806069658137858,0.838206788524985,0
891,0.260186410353053,0.605086383037269,0.600023344252259,3
1036,0.248514674123141,0.698751196425731,0.430799131247721,4
364,0.134783508256078,0.771282782778144,0.998492828337476,0
556,0.290861282227561,0.598166178073734,0.416454124590382,1
1413,0.251242761978994,0.676443901356065,0.435563849269932,6
166,0.523611849406734,0.276076092384756,0.632220043102279,0
1540,0.249924502054421,0.671504634388387,0.437299532589713,6
1598,0.256230740144476,0.67031345766243,0.446149109775811,6
247,0.498678397154436,0.616846026619896,0.0595819700974971,0
1218,0.253632396012031,0.735671323023378,0.437325912119876,5
861,0.252465334590524,0.724495980981738,0.523690784559585,3
993,0.25874945134623,0.505353517807089,0.479143183771521,3
452,0.286239604405127,0.634500116086565,0.601008785050362,1
880,0.252444406021386,0.587955635599792,0.383043674845248,3
1169,0.24506759528718,0.703897585168893,0.439021515441114,4
457,0.281001106570475,0.288914385577664,0.588624166417867,1
1548,0.250066380066814,0.680484408910776,0.441526401862517,6
1093,0.250307863068049,0.701283230919784,0.436740901902509,4
497,0.288469581264071,0.467739763180725,0.452128663868643,1
941,0.260348784751259,0.309828296280466,0.326233510719612,3
1149,0.245453483719916,0.701616845930023,0.443191059632317,4
1260,0.24643365280487,0.732341233504762,0.438238360343106,5
638,0.318784356149845,0.488959937100299,0.459652225463651,2
29,0.239063349086791,0.395867478102446,0.694491916103289,0
12,0.11790886009112,0.738193674711511,0.951438651885837,0
945,0.258619104099926,0.367607658123598,0.496149947843514,3
1315,0.251029644073989,0.7259552568935,0.44319542783699,5
1410,0.257795641424284,0.675880828126988,0.444400177753915,6
1240,0.249378763592459,0.736647184513826,0.443104993761259,5
824,0.254847667391878,0.560705002606847,0.485167166427709,3
1463,0.245969774784412,0.675276496000947,0.438649089190301,6
1208,0.251073020788675,0.732646731226314,0.443542481052435,5
1433,0.249429622765601,0.674448230114403,0.4400503812708,6
343,0.231035731732845,0.215385341318324,0.737087204121053,0
9,0.857262713136151,0.0393602643162012,0.328842691145837,0
314,0.693752958904952,0.457360320957378,0.101671517826617,0
1490,0.249221080931028,0.667580445621633,0.449907356995952,6
759,0.311000464183744,0.559013559459709,0.375880744634196,2
4,0.0887717721052468,0.221688525751233,0.702888244530186,0
117,0.891223942860961,0.784699627198279,0.933607648825273,0
1045,0.253170135912365,0.700710250581484,0.442829572852062,4
1058,0.25039112597557,0.699023170289217,0.444594218793999,4
720,0.319285864843987,0.290584409236908,0.53932216912508,2
967,0.259684796726797,0.704597771726549,0.498083599586971,3
992,0.258836309697945,0.649775289790705,0.248244762397371,3
190,0.340278486255556,0.717648001387715,0.299838238861412,0
1496,0.248568299515458,0.669382839680685,0.441300877787299,6
1221,0.238419193612009,0.735828717599394,0.429503393683743,5
88,0.35806797654368,0.274400748778135,0.273723434889689,0
210,0.627572379074991,0.98141895304434,0.672025700099766,0
223,0.0959329295437783,0.114500464173034,0.0174607769586146,0
619,0.319496594376396,0.508388461987488,0.155003284430131,2
2,0.195622615516186,0.0165182226337492,0.109551257221028,0
1072,0.251857193636741,0.700526194890143,0.441922697124005,4
32,0.523610731819645,0.904278522823006,0.00895790080539882,0
1041,0.253102382377026,0.712982650577078,0.447563779763244,4
65,0.278227439383045,0.283733819145709,0.0280973417684436,0
528,0.283678320464678,0.318972687795758,0.388077129703015,1
373,0.0347172480542213,0.434526199474931,0.328637446975335,0
1124,0.248855788233827,0.711012516058934,0.448545568109557,4
850,0.257537962121423,0.675879227672704,0.454258314776234,3
11,0.779002622701228,0.328906587790698,0.521955246571451,0
325,0.204474800499156,0.964380310848355,0.226821159012616,0
1283,0.243316724309812,0.733809236447787,0.442450568861065,5
486,0.283713101523463,0.740770884649828,0.564440450607799,1
1533,0.246194775942581,0.671431875156808,0.436224981572518,6
140,0.914105507778004,0.560517522506416,0.714093164540827,0
274,0.989689747570083,0.425047751516104,0.791431769262999,0
1424,0.2497082545242,0.66944139990112,0.439731870611962,6
176,0.696018640883267,0.725910347653553,0.848366919672117,0
103,0.923034165520221,0.0979767828248441,0.64668051362969,0
1025,0.247598677302084,0.69674598293704,0.450666489016215,4
868,0.252071082943585,0.723031445383094,0.374028085009195,3
1209,0.255484671821005,0.73228476033511,0.440772496727833,5
1152,0.249563441995785,0.702135548276367,0.447604893157671,4
623,0.318221410245169,0.690188389946707,0.13948071396444,2
334,0.425395256141201,0.221164486836642,0.912103343522176,0
261,0.268684360897169,0.54453596030362,0.977612575981766,0
494,0.285962932496332,0.369636934460141,0.396229585492983,1
784,0.319544337168336,0.495032485667616,0.509372824430466,2
396,0.551359318662435,0.0896659530699253,0.816939900629222,0
808,0.25648206230253,0.45789470882155,0.601440060394816,3
684,0.31141253861133,0.657671477040276,0.263197471364401,2
1506,0.254243405090514,0.678281993070053,0.438718511437692,6
242,0.191027551190928,0.751356979599223,0.393462393898517,0
53,0.179828234016895,0.102669918444008,0.785393053898588,0
