487,0.240708763834555,0.480908595141955,0.194975540414453,3
133,0.275473172920756,0.451166849001311,0.131908606528305,1
671,0.532474501808249,0.377681242421353,0.562218880202607,4
291,0.306949264295399,0.699987521045841,0.331704362435266,2
466,0.246282018157654,0.501703944639303,0.124603780475445,3
223,0.270520858527161,0.613879341748543,0.391510487557389,1
939,0.536782444133259,0.422494629967245,0.547071626410023,5
960,0.539752994046611,0.419125020528589,0.550944634177908,5
1251,0.540078120595725,0.356920424090053,0.549332412683642,6
352,0.30217566767009,0.415593732264824,0.387951600155793,2
211,0.272516587695573,0.634494570200332,0.31714322664775,1
800,0.535717881739604,0.395346975529389,0.557456443648894,4
271,0.304768716786057,0.541572767309844,0.450449859863147,2
992,0.535521860055629,0.422815566125259,0.56100704159668,5
711,0.536188637501867,0.386804644785285,0.558430438537567,4
676,0.540983747374057,0.389016142533517,0.555984986552464,4
1119,0.533300762446786,0.354856010641834,0.554975215290532,6
1162,0.533298157215206,0.361886449957734,0.548273699404511,6
1005,0.529205393565303,0.415456846546489,0.552251380481842,5
1202,0.545506923028702,0.363456510129541,0.558435986415816,6
446,0.302531763375737,0.50068833574187,0.260998237319291,2
612,0.243815886173397,0.457607659162022,0.260423155059107,3
366,0.301791311823763,0.342859577736817,0.262658887566067,2
865,0.530343561321415,0.418574767495016,0.555867411982052,5
747,0.53950513741198,0.389991166284885,0.548687584303277,4
898,0.540092013994546,0.411778828462625,0.556950394932735,5
767,0.532346276636749,0.390284253763425,0.554892891785777,4
428,0.308416534438729,0.713696326478384,0.347439778642729,2
742,0.536347683470888,0.378864315248445,0.555772260973688,4
615,0.248175027982797,0.676640922552906,0.0423232758417726,3
621,0.244035913990811,0.554053189465776,0.251842883904465,3
168,0.274270922478754,0.381962098996155,0.26323734971229,1
811,0.539948185009562,0.388809420713876,0.561072057364929,4
449,0.30957945745904,0.501222220482305,0.329528595693409,2
176,0.276993460753001,0.620143285370432,0.223256851104088,1
1044,0.536807331016029,0.414735198778702,0.553523099666795,5
308,0.303088307715952,0.614709817105904,0.152717674057931,2
198,0.275872349480633,0.370772143476643,0.454932086425833,1
131,0.271764919701964,0.699017006438226,0.256905218726024,1
1240,0.536050734326237,0.360357977701388,0.561796308033824,6
973,0.540803894133454,0.41861727866579,0.551331820327331,5
282,0.303128526732326,0.735041585401632,0.062444682372734,2
571,0.249673218876123,0.71675149037037,0.357025859318674,3
859,0.528885461715022,0.388866558962314,0.554845715472115,4
262,0.271393206084613,0.642484066309407,0.259001077176072,1
1157,0.533377479168271,0.36666312686439,0.550722185672297,6
389,0.301487295196857,0.392875996651128,0.374255033931695,2
1241,0.541554115895534,0.351983771099878,0.553633279147421,6
873,0.536247425455905,0.418129965012301,0.554044658733665,5
433,0.30869430690771,0.823001796379685,0.199095741403289,2
416,0.308894120876212,0.740680414368398,0.138206379627809,2
17,0.818200780078769,0.761912605492398,0.878001830307767,0
668,0.541957394605115,0.38791758781799,0.551013176248309,4
550,0.247180410504807,0.566927447682247,0.441505418182351,3
1173,0.533377266023801,0.36979939250886,0.556736514329434,6
844,0.535793757810871,0.389825699109499,0.558402834839366,4
1024,0.543684510166447,0.404052918475352,0.557418553660003,5
733,0.541767587859634,0.388583563623195,0.550486952010835,4
104,0.271405570963398,0.715500723221339,0.250199342984706,1
437,0.306077625488397,0.486646089004353,0.255960143893026,2
238,0.272992106580641,0.475242360378616,-0.0214773793471977,1
388,0.306635191251989,0.521681974409148,0.168205932388082,2
1050,0.540373552111235,0.427088520173012,0.552864590828555,5
964,0.537009390104932,0.416617123297806,0.559323899429779,5
147,0.275094227897935,0.571548527688719,0.283139583677985,1
183,0.27155039944686,0.388877485645935,0.0377853441983461,1
663,0.240939904775005,0.441811203956604,0.253342858888209,3
796,0.544977517536184,0.392362458195092,0.552174689949106,4
1213,0.542896365120642,0.35114901961152,0.553459686123093,6
652,0.24391996107297,0.686819768045098,0.148853481421247,3
203,0.276189300657716,0.435414604609832,0.252985478634946,1
342,0.308043793095276,0.488831015187316,0.0389368033735082,2
61,0.5655736210756,0.0598042609635741,0.180486204102635,0
1035,0.539972892023539,0.424465954055942,0.549700347399205,5
889,0.533818527812664,0.417142535867678,0.547871596949896,5
917,0.542434942737419,0.418309803317455,0.545536341875496,5
1075,0.536890250680104,0.372457030849118,0.549343446197047,6
47,0.967556517571211,0.552885458804667,0.786880211438984,0
1185,0.534741771188724,0.357936557470688,0.548339269226122,6
1054,0.540530890846899,0.417881234199291,0.558191229512344,5
1106,0.542207587220671,0.360355503372657,0.564100965500215,6
968,0.537147277278382,0.415786091611681,0.554553154260366,5
892,0.535656924936983,0.415164077441448,0.563981903146906,5
719,0.539173028152774,0.392368713912544,0.547311848762165,4
493,0.240545165908989,0.64803498913534,0.106908170413226,3
10,0.236476728925481,0.162377687869594,0.658511562272906,0
863,0.525200996228036,0.384527883997825,0.548002599510288,4
850,0.528824613205946,0.393508424876383,0.544782819196678,4
1254,0.537326897748569,0.352174029873236,0.556927938662118,6
1098,0.533278146009446,0.352620514324769,0.553754000041107,6
379,0.30319377225358,0.691819329746068,0.330536354938522,2
679,0.541485143988183,0.382238215611837,0.552572181977931,4
556,0.24430959302932,0.672151246457361,0.139721979526803,3
1043,0.535067950016717,0.410364832803249,0.545462071763445,5
880,0.539610329663785,0.416029144175233,0.549557403672646,5
610,0.243625959395431,0.751303546130657,0.123820776958019,3
888,0.529176485514502,0.417235299587268,0.553651723279093,5
975,0.544629507523934,0.421826058113946,0.551662423348858,5
68,0.277290263178293,0.454597820527852,0.290045560360886,1
1236,0.532451463370344,0.350144075036638,0.562912700012279,6
143,0.272089429132175,0.695177969988436,0.167735255113803,1
451,0.305135315826628,0.696503610583022,0.089220476243645,2
803,0.534124008835172,0.383868990117167,0.559322678592778,4
1051,0.538169400324253,0.427411798206762,0.555221046413314,5
114,0.272997192561161,0.340886529069394,0.173337635141797,1
38,0.507000910351053,0.789086952805519,0.985747743630782,0
714,0.530789017326388,0.389954233831062,0.554091642014209,4
954,0.538093586380417,0.41709834307683,0.556469192955361,5
737,0.54110003367541,0.388208446388724,0.551204282299921,4
1132,0.537058443686239,0.353586570254135,0.555057964758539,6
899,0.535925148494495,0.410114494816849,0.551923455128036,5
775,0.544165032483282,0.393299804926101,0.555713154388259,4
1188,0.534964573761415,0.355290353393088,0.559059703201443,6
958,0.535385593129647,0.421566102076942,0.553063902736909,5
735,0.530642964980618,0.390496630736945,0.564410545199221,4
414,0.301461379139218,0.453341332147829,0.302737096813507,2
3,0.69672558712773,0.607967826770619,0.908622364047915,0
940,0.543521606908872,0.411777073346178,0.558518814540828,5
281,0.303776733961422,0.590592938824557,0.0382489206036553,2
214,0.274912989847362,0.461350837373175,0.129275957960635,1
250,0.275403646100312,0.775234229629859,0.0725116015179083,1
1131,0.538921786722581,0.355766883381041,0.554509527570456,6
891,0.5380068833004,0.412983672477303,0.550392668504128,5
251,0.276110713465605,0.427825085702352,0.26180044435896,1
816,0.540387985522994,0.380601153221743,0.557701613198972,4
1177,0.531006673642494,0.367132276432945,0.552809494401605,6
826,0.530525196016,0.397057634974908,0.564435883721391,4
1199,0.540758276930546,0.3630967593813,0.554424024979271,6
247,0.271129534970969,0.368481525219977,0.292176051321439,1
80,0.27932729335269,0.760229814099148,0.385745983128436,1
273,0.304778432785533,0.681305567035452,0.356003973190673,2
1225,0.528762511005878,0.361921980601886,0.559184602495264,6
438,0.302834016582929,0.398962060222402,0.192815025011078,2
514,0.248883816034067,0.532403850345872,0.325425106240436,3
619,0.245205618138425,0.658524945378304,-0.00883974167518317,3
879,0.540799091914707,0.420873562520508,0.554551807543443,5
418,0.30510761363199,0.716375418938696,0.177935091103427,2
364,0.303827712314669,0.39033900341019,0.248635479039513,2
387,0.309615365548525,0.477361898636445,0.449273688276298,2
989,0.537233780377099,0.417535446456986,0.554645744042859,5
1227,0.531081362446026,0.362190205766153,0.555035486441568,6
376,0.30144098228775,0.344608290470205,0.406207224959508,2
836,0.529475304317813,0.390396530028424,0.554931982368716,4
314,0.302081903864164,0.69741638796404,0.0911849451018497,2
462,0.309161916975863,0.634586007916369,0.44193506790325,2
564,0.248576748194173,0.439627978601493,0.152053129067644,3
1109,0.536975678853698,0.357088070065193,0.550253226843176,6
515,0.246220385641791,0.550712282420136,0.317317364178598,3
173,0.278939613234252,0.456717221997678,0.372572881425731,1
1172,0.538623456847593,0.355981495373364,0.550265273524513,6
1192,0.533206841138018,0.360699976168787,0.553032854519621,6
454,0.304852912346832,0.826233060099185,0.447165528568439,2
903,0.533221610982441,0.409283034942297,0.548129228985198,5
776,0.531624665618757,0.37884588336046,0.543299891700783,4
919,0.537719760922865,0.418364790062399,0.55132950426409,5
926,0.533897169281203,0.418068709903139,0.553984676915014,5
1248,0.539716066752463,0.365607170598511,0.555883350576138,6
170,0.274175653429702,0.686574686900713,0.249461514432915,1
252,0.273652290177997,0.500769847189076,0.374800640763715,1
748,0.538680211181485,0.395953917895591,0.556976444774004,4
656,0.245296914374921,0.514049522345886,0.41123671180103,3
744,0.536063651520626,0.389322942766769,0.554145943638729,4
130,0.272244695473928,0.480948531650938,-0.0304533235961571,1
233,0.279118312813807,0.813308681710623,-0.0143570971908048,1
463,0.301514516603202,0.553492605919018,0.0824341726489365,2
59,0.333566724322736,0.980990028940141,0.247757040895522,0
959,0.536101776809446,0.424148072518672,0.555112229972329,5
199,0.271969034809154,0.570110846427269,0.136891847499646,1
1166,0.534689559911783,0.355755407846557,0.558345254288044,6
520,0.24829808923183,0.474822890479118,0.112223945814185,3
718,0.531042016360828,0.388169462059295,0.550791283254201,4
1015,0.532147549959244,0.430601857257299,0.561208625917392,5
565,0.249204654165078,0.552620246890001,0.0784675573464483,3
287,0.309062917400152,0.752666282933205,0.363976297108456,2
236,0.275018502080347,0.532850515446626,0.423191633913666,1
9,0.992748060962185,0.609949446748942,0.829447326948866,0
828,0.53958584471469,0.378252531220219,0.557550729855253,4
585,0.242929438464344,0.606315601733513,0.423101666755974,3
132,0.273627973762341,0.730202487669885,0.128244423796423,1
694,0.539041559846725,0.384824029163397,0.550154028221022,4
75,0.278270555746276,0.571852041990496,0.139063034229912,1
386,0.304577679978684,0.608926135580987,0.358951438358054,2
477,0.248239662521519,0.523898165789433,0.275663142232224,3
1226,0.533058185847679,0.346254662207937,0.555618670804527,6
628,0.244325940541457,0.512762784725055,0.188536937022582,3
673,0.530769774709268,0.38414626429019,0.55834035291011,4
884,0.543375400827798,0.419054335748981,0.551904039060841,5
145,0.271928966906853,0.609106505406089,-0.028412792342715,1
1009,0.535966259527068,0.421889207782668,0.554265730697113,5
995,0.54536560854271,0.427760720683566,0.55051426472355,5
1026,0.532504661775127,0.411721129685184,0.548035143005712,5
369,0.309723773887381,0.410503003164195,0.214419846213423,2
482,0.249212584036868,0.34042217512615,0.355195635603741,3
400,0.302800690000877,0.340709106181748,0.184834956098348,2
1187,0.527765651579529,0.353772500988435,0.554111531107473,6
443,0.302019915939309,0.430714721092954,0.166460975212976,2
874,0.531050445811779,0.413999470590089,0.555900200439295,5
770,0.533395629695262,0.386209999053869,0.557887173622983,4
1114,0.533003000536083,0.351137349323917,0.56117234194506,6
1231,0.537170207720785,0.348572302988798,0.552095197481632,6
1207,0.529988735016803,0.353773949004142,0.5553362936152,6
1077,0.544429080208388,0.3569790504947,0.543752915199327,6
467,0.242002710255329,0.756522909039631,0.0799962833058089,3
1134,0.537144998388034,0.35188832356344,0.560692036286819,6
413,0.301214028208051,0.620544235454872,0.279229136556387,2
1201,0.543700897526228,0.367394967457143,0.563733421992384,6
935,0.536160669246029,0.423317610360065,0.565245158937541,5
688,0.531738306280277,0.38237296489314,0.558222160404072,4
596,0.246548390532844,0.332874281797558,0.136154877976514,3
779,0.536220199351249,0.393085852245602,0.552350165804114,4
90,0.270226578684524,0.505666395765729,0.333288638410158,1
887,0.527791889271012,0.408754150705023,0.548979735296525,5
712,0.531101489411544,0.391186855187112,0.554963526703784,4
741,0.530934778897177,0.380549525703814,0.560188502782149,4
185,0.275535425473936,0.620653675985523,0.336407482647337,1
325,0.307002115214709,0.811406493769027,0.128772912104614,2
658,0.247342698820867,0.499645003350452,0.426288595097139,3
1086,0.538652195284325,0.358339550516566,0.557818670495195,6
129,0.269938258125912,0.773565369658172,0.103405994619243,1
374,0.301157123537269,0.621143840253353,0.211368553014472,2
988,0.542911277827008,0.419860241926407,0.549174914861534,5
18,0.947879470419139,0.983506473246962,0.506527584046125,0
764,0.540264221935874,0.39305456877675,0.548032564185044,4
98,0.27680584755959,0.334915153682232,0.0658100042724982,1
270,0.305728302118368,0.801726795732975,0.0735112914349884,2
390,0.306307245511562,0.379637456731871,0.303502548276447,2
773,0.542921464934167,0.388191109883665,0.55756260976558,4
96,0.276713282300625,0.463159988634288,-0.0122978744097054,1
434,0.30704645446036,0.751654348568991,0.386359880119562,2
488,0.243431487663183,0.507710677105933,0.188095433660783,3
948,0.543590097528383,0.426265256382025,0.550942546130052,5
244,0.276305638360791,0.62004054011777,-0.0302202568622306,1
1105,0.545302830368138,0.355193590006346,0.549502893436752,6
187,0.276095063362736,0.812651943066157,0.0863336273701862,1
703,0.541010873745659,0.388460004774286,0.553761750148139,4
85,0.272425285824575,0.744917070842348,0.422132936678827,1
122,0.275575243472122,0.787212599650957,0.273906538169831,1
486,0.241977646960877,0.382913113920949,0.249359091999941,3
169,0.276043824385852,0.736204577144235,0.000416818563826388,1
272,0.306332866193261,0.683365292730741,0.418033785442822,2
71,0.273169547938742,0.546169627574272,0.240532019315287,1
1008,0.541231509535054,0.425020718646232,0.552744625421749,5
648,0.244124501713086,0.363396927714348,0.102104596584104,3
548,0.246579694277607,0.782525494229048,0.319224606524222,3
1196,0.538586840631258,0.352387846117974,0.556773935581999,6
193,0.274647709860001,0.435212038690224,0.247524977219291,1
306,0.309224067057949,0.647719788132235,0.262952176528051,2
981,0.540064706174063,0.414389634497962,0.561280291446096,5
922,0.535720502112253,0.422371247788566,0.549809256665395,5
471,0.242912029766012,0.369993662694469,0.403193815168925,3
751,0.535938732474746,0.395306519945389,0.553551138196924,4
1215,0.539191328621062,0.362093633991176,0.553164557349919,6
1234,0.538270178743014,0.36598774334089,0.560155499964783,6
633,0.245281422312837,0.363064766512252,0.410346412006766,3
799,0.54055068248822,0.38753897823672,0.561255563980235,4
1209,0.545039390557833,0.361833475587526,0.555466242502963,6
909,0.53133853612144,0.424472406410905,0.550009867593575,5
838,0.543015886684406,0.38774553257471,0.554909808660213,4
292,0.30335810812423,0.59398670331575,0.23786026998423,2
1001,0.530874554554796,0.418246966568823,0.555407199782681,5
1037,0.541121103402356,0.418247034695957,0.550988857036284,5
161,0.279391888130922,0.756388694164343,0.12674323040992,1
1012,0.54068853086376,0.424038357223991,0.552937120743379,5
524,0.24304070456652,0.353004320291802,0.202975100977346,3
806,0.53171193169265,0.388873250102236,0.553654043072332,4
513,0.242981793312356,0.669535257969983,0.192725332942791,3
159,0.270882433373481,0.585575965582393,0.411509303865023,1
557,0.24495125370333,0.538963257567957,0.247519908263348,3
644,0.243681247960776,0.593310051830485,0.0550548741826788,3
52,0.935383225325495,0.866646865615621,0.464918726822361,0
1247,0.544732094415546,0.360905575448749,0.544860976034078,6
667,0.536898349056128,0.388645050415943,0.554600614154052,4
382,0.301954984143376,0.785866721300408,0.360095694102347,2
930,0.533083559449728,0.419780509345761,0.558610125464023,5
769,0.53483314441037,0.390487255584548,0.554408463934378,4
128,0.275801060188096,0.622639816254377,0.110041242116131,1
1184,0.540648263138569,0.358233640614398,0.548470717594957,6
1158,0.533603900603368,0.361165418035503,0.550357375817194,6
23,0.207078501582146,0.6912057667505,0.829293415183201,0
118,0.272258772784844,0.723607019521296,-0.0189756606472656,1
509,0.248322266824543,0.690472414484248,0.169017595029436,3
311,0.303593074078672,0.388489758013748,0.116829948988743,2
505,0.245009744949639,0.690312499878928,0.185969619685784,3
947,0.543135997261016,0.41829467069586,0.560546157861751,5
105,0.271692153678741,0.635246139368974,0.128225528309122,1
225,0.275633408948779,0.696469249320216,0.362577918940224,1
442,0.308827540553175,0.608896174118854,0.257503014663234,2
67,0.277449148923624,0.769311275798827,0.200129908882082,1
805,0.538670401850993,0.385309344523006,0.560507519136036,4
298,0.302604538858868,0.575878738891333,0.185065533407032,2
928,0.525715484553382,0.416976180666719,0.546855650474693,5
1017,0.541305368690126,0.424037489420042,0.547883693058853,5
732,0.539594338904955,0.38975586908225,0.557212202600795,4
138,0.272169562340714,0.655257142847404,0.433167299511842,1
299,0.303275104882196,0.331446844269522,0.262734866491519,2
752,0.532850865432409,0.38711230194106,0.553081777330507,4
653,0.248687386270612,0.490279801073484,0.451629913784564,3
657,0.242774563774001,0.537114325910807,-0.0263424248900264,3
1033,0.549779170505173,0.41721922163207,0.55433664817401,5
1252,0.533435540376094,0.359638060778886,0.564295135348178,6
323,0.304801303732675,0.623249144176953,-0.0126302713528275,2
37,0.92242608894594,0.792775063076988,0.147879262454808,0
441,0.307761438349262,0.528708929428831,0.119929434754886,2
452,0.300608686734922,0.743953394005075,0.00322912542615086,2
1108,0.535979648160919,0.361083766391785,0.558884651117339,6
895,0.54287346267968,0.404852535373977,0.561698239044851,5
425,0.304760198188014,0.731465601013042,0.0514653532532975,2
789,0.541715982339541,0.39192483754448,0.564809268928746,4
1261,0.541781154995902,0.354395388216043,0.556462643544239,6
363,0.304414618064184,0.616892242571339,0.090585952764377,2
411,0.30948176353937,0.570914774318226,-0.0256766753504053,2
54,0.107501952908933,0.25493871117942,0.199391136178747,0
587,0.245340911212843,0.640406006830744,0.444014062313363,3
436,0.306900932029821,0.787148874835111,0.322529675113037,2
103,0.274016939329449,0.384813672979362,0.200773111567833,1
700,0.533628749066087,0.398862694766186,0.548353464939557,4
962,0.538000608292501,0.421916358654633,0.549771392068235,5
84,0.276686429213732,0.525095786550082,0.312942554033361,1
375,0.303604181872215,0.448278110125102,0.271901482855901,2
1193,0.541699107816553,0.355809728595983,0.552988413238487,6
1100,0.534570913819858,0.347901923255075,0.547735380495277,6
288,0.304362745326944,0.475068382802419,0.261221048911102,2
808,0.532507330986888,0.383773090786338,0.556321907159857,4
1078,0.533353003017212,0.358601142489569,0.549868797015466,6
254,0.277554069266189,0.755820170976222,-0.00463294538203626,1
1016,0.531944560204979,0.422587165067569,0.561423702828489,5
371,0.304980482701212,0.637074628379196,0.358875972242095,2
332,0.302666357655544,0.76554504991509,0.174597608414479,2
1061,0.537036264489523,0.419672748951265,0.555907390861027,5
22,0.935124310897663,0.416872941656038,0.177742267493159,0
760,0.535483403669984,0.389982299925244,0.55346622086424,4
491,0.247572602038272,0.787860706914216,-0.0160980820422992,3
793,0.538897805178797,0.388728789283224,0.550099004202105,4
818,0.534539139468572,0.39379966583903,0.55962977032229,4
618,0.240575685524382,0.397498581442051,0.382545155729167,3
965,0.5373870519182,0.416468614080163,0.554064159115072,5
795,0.543757489713096,0.39134482107621,0.552135580510607,4
831,0.540631395972615,0.388384620182719,0.551539974769146,4
829,0.541934465017675,0.386195381230268,0.564918837409182,4
504,0.243149071033113,0.75711236265488,0.397184193856083,3
503,0.244727620622143,0.472325027221814,0.260193733754568,3
1139,0.547322327405419,0.357249665381626,0.558500293805465,6
636,0.244237613363657,0.356749646249227,0.0384509490337223,3
851,0.542230187380035,0.379542064139854,0.549074333271868,4
19,0.279800114454702,0.933080507908016,0.409357619937509,0
478,0.240541045779828,0.563797442126088,0.406190837174654,3
784,0.536080709301215,0.388015198199651,0.54308160195424,4
151,0.275508229401894,0.344012301648036,0.137091190461069,1
662,0.242395113916136,0.623313998919912,0.275912940991111,3
383,0.303529282747768,0.547969660838135,0.149789165728725,2
333,0.307594276960008,0.691969212843105,0.388223916548304,2
860,0.528949223556872,0.392427352364251,0.549590215545992,4
403,0.304464718310628,0.723063350887969,0.117641968559474,2
205,0.278434105899651,0.581190056633204,0.276854818244465,1
929,0.538136151776392,0.423182833067175,0.544275222615833,5
723,0.535890066548577,0.389394469308803,0.553574751957434,4
345,0.30591142219957,0.336322972667404,0.350399332377128,2
804,0.542127685564285,0.377983284800844,0.554058966195007,4
1256,0.542498255056615,0.35643755291902,0.55428307561208,6
257,0.272520953484345,0.520045733894221,0.0969476874684915,1
248,0.276855841372162,0.51159566862043,0.367657111864537,1
1133,0.535533090686546,0.354185830592799,0.558241176462733,6
402,0.309197244648822,0.355551467742771,-0.0133127186913043,2
1085,0.531767796517849,0.350143631407372,0.563336528034938,6
73,0.279062966725323,0.458129200153053,0.4428186053643,1
1229,0.544082339744174,0.356634794760338,0.55979598773593,6
753,0.545177229716233,0.386874689927554,0.555962374534797,4
265,0.30137975828955,0.615226623020135,0.408399214642122,2
112,0.271786955567077,0.395606073783711,0.189187498786487,1
634,0.240383851530496,0.412226190790534,0.102408468862996,3
202,0.278883487815037,0.734089959296398,-0.0227546681184322,1
696,0.531020451129244,0.377330135217004,0.561806970242201,4
1258,0.528958999431174,0.362863247048511,0.556293499851361,6
196,0.272031817922834,0.517651302157901,0.0844535029260442,1
969,0.543141183167318,0.421554212288649,0.563941209632863,5
1176,0.541349260937429,0.355868879717372,0.551340980314482,6
1249,0.52828900686857,0.35607834963778,0.54372363197826,6
750,0.531919944537367,0.387981308470826,0.561706241990482,4
293,0.301676153710578,0.369830191135406,0.313008557097055,2
639,0.24178987812018,0.499786908389069,0.0519292280310765,3
794,0.523760944204126,0.392405206275902,0.554736660627846,4
284,0.299956088049803,0.505833096802235,0.25746946434956,2
1170,0.529456080970404,0.357662229990327,0.559118966548427,6
849,0.53172976253642,0.394729401593669,0.546342007415443,4
522,0.249481975825038,0.353655838523991,0.215773893427104,3
470,0.242290538647212,0.560678141773678,0.368734178855084,3
631,0.24943430461688,0.796973835909739,0.329896046337672,3
943,0.544561762899822,0.41490631194705,0.555956615787378,5
813,0.541955363263029,0.387442773198955,0.552444610594793,4
866,0.537447595744751,0.420991987536622,0.54876205732104,5
761,0.533990299535388,0.392681202945608,0.552211227586046,4
660,0.243518173249904,0.581305325846188,0.101148319104686,3
702,0.534954329387856,0.38873119776945,0.565025146092475,4
1102,0.528581015079288,0.357678025986862,0.555425304636584,6
1011,0.540521902312212,0.420791322440658,0.545951919078988,5
682,0.536277689625468,0.379984665760586,0.550614558432807,4
1028,0.544603714793691,0.425114311324999,0.560969425443235,5
521,0.247108780941926,0.383944644941948,0.288090706476942,3
783,0.536349439304995,0.390800433885932,0.564829844853661,4
630,0.242690337197855,0.712054487550631,0.00213935042265803,3
1260,0.539397305153427,0.356323090323116,0.555810200574475,6
589,0.246108998847194,0.803932695882395,0.28961397127714,3
274,0.307302375715226,0.538223940064199,0.0756753724068403,2
496,0.241678746240214,0.482900847797282,-0.0274640987394378,3
531,0.246361000882462,0.656842424999923,0.241093682614155,3
841,0.529946822173195,0.390548070810698,0.562077939907237,4
398,0.30385061056586,0.570034772506915,-0.013546492299065,2
638,0.249340737180319,0.755405007628724,-0.0163923915009946,3
1156,0.534166130804384,0.358753563031717,0.556401708288,6
276,0.307705100185704,0.374039038317278,0.105400127498433,2
28,0.240956088295206,0.156858762726188,0.934153323527426,0
327,0.301627617180347,0.779854982276447,0.291063477308489,2
209,0.276465043115895,0.385518269031309,0.335075362375937,1
4,0.507574269315228,0.402229841565713,0.144715877482668,0
394,0.308152019665577,0.787560934550129,0.152969906828366,2
885,0.537391914030448,0.419605536609147,0.558790837623757,5
1067,0.535322833514011,0.350978661865349,0.560301927617686,6
792,0.547722159953584,0.390767255870506,0.551486164612138,4
957,0.537185309930574,0.415416671476091,0.556367900155278,5
40,0.487535801250488,0.429050231119618,0.355654332321137,0
457,0.301109336274676,0.50350828806404,-0.0167570606339723,2
1020,0.536726329090886,0.414320673098419,0.54949050658611,5
216,0.272169501318131,0.368578006047755,0.293967433646321,1
302,0.304206471757498,0.681066854856908,0.185324348183349,2
137,0.270163593962789,0.420621829922311,0.388555537117645,1
1,0.0328614097088575,0.0983163751661777,0.301030311034992,0
339,0.300301341214217,0.55334159033373,0.388150070700794,2
1117,0.52922158494686,0.350689740379176,0.55852994685533,6
41,0.749475027900189,0.729467332595959,0.532217998290434,0
393,0.306830383578781,0.462426181416959,0.364790693763643,2
76,0.278880347420927,0.345299806678668,0.293625326268375,1
642,0.249121296177618,0.332478296710178,0.130728768673725,3
1146,0.543342811061719,0.357064561972937,0.557877740885111,6
380,0.307226300342008,0.556695622741245,-0.0237460176926106,2
715,0.537736326934609,0.387233547835068,0.553697992214627,4
56,0.892170133069158,0.115859184646979,0.487354821758345,0
946,0.539942373501518,0.422586317859781,0.552465596284338,5
699,0.541547461485895,0.390082796399692,0.559960514081127,4
7,0.982393588405102,0.523780144983903,0.163247156422585,0
691,0.544005464899786,0.391265958634528,0.54867632929356,4
1130,0.534924286913482,0.352170478765429,0.552438070080205,6
1203,0.530095283669705,0.360936856684107,0.54503518357884,6
484,0.241262745701242,0.810277415323071,0.193484467361122,3
426,0.309134215416852,0.8142416451592,0.323326244973578,2
810,0.531673715296849,0.393711791703142,0.547375724809172,4
525,0.248921586375218,0.647335994173773,0.143531510629691,3
499,0.248599647663068,0.493233135901392,0.338565742853098,3
149,0.276023915775586,0.456348470645025,0.0307301911758259,1
763,0.539232588211834,0.389666380674724,0.553773509909608,4
697,0.543137231693154,0.386303698984931,0.557435739798534,4
338,0.309125894564204,0.543427322991192,0.284882730478421,2
915,0.540076988028902,0.414926777085792,0.549010179758295,5
605,0.247787999492139,0.57649247313384,-0.0163188760401681,3
329,0.305764653536025,0.453651993302628,0.0253039268078283,2
115,0.278558201396372,0.441939989221282,0.0701600871048868,1
925,0.533413338892906,0.415448900906282,0.555599162871596,5
646,0.242924239374697,0.751748660579324,0.337452636589296,3
111,0.27535587423481,0.444400823675096,0.216582204937004,1
912,0.53526361990384,0.428362343690017,0.551627339160146,5
857,0.534701257557443,0.372934923829638,0.560450589335125,4
1195,0.544433337210742,0.358287483791869,0.559541694780797,6
827,0.53414350984641,0.380819066495951,0.55451379836118,4
208,0.278352548847906,0.779682778054848,0.43428799721878,1
385,0.305371682210825,0.541712125530466,0.138700091652572,2
63,0.586591401603073,0.482414396945387,0.311370785115287,0
1116,0.543055390562723,0.356696997492888,0.557080276948972,6
601,0.24556769646937,0.499068998149596,0.456667771469802,3
999,0.53669881397012,0.416942882670385,0.546935782996048,5
625,0.24229279830819,0.691831879899837,0.167503001890145,3
730,0.530305770170037,0.38690523723997,0.556159585231024,4
1032,0.519026366271097,0.41292033153964,0.557091953220282,5
231,0.277911015332211,0.666814572759904,0.0553596415789798,1
728,0.545955302037025,0.378567679736879,0.554724965789375,4
738,0.535838253533764,0.382047115943766,0.554591863667412,4
933,0.542941840867698,0.412376642273035,0.554468225738306,5
901,0.54263257354817,0.422346762240308,0.561772761155291,5
148,0.274535845820792,0.755290553788655,0.0788033480290324,1
1142,0.546324766993212,0.350792176965489,0.55373998619534,6
722,0.537517882321307,0.386131292479818,0.558706613675233,4
756,0.541985736962304,0.384458547489659,0.554951627279276,4
109,0.273274653300177,0.785041584284045,0.357379826856777,1
296,0.307375892105047,0.814835734199733,0.120345350843854,2
777,0.538223252564804,0.390796424931549,0.549225216353712,4
204,0.276587302600965,0.687421571696177,0.449948666756973,1
1191,0.537675389444961,0.355119465678631,0.556841921232318,6
245,0.269883860424161,0.630367722478695,0.0877865671878681,1
1047,0.531110803887215,0.416791245470949,0.558628430768272,5
1155,0.5456097767227,0.3528600776305,0.56172926353038,6
1010,0.541533509378864,0.414132547688465,0.555387068990311,5
582,0.240814469668549,0.53250964009203,0.358851235266775,3
651,0.245095529544633,0.820719144190662,0.434606441901997,3
1079,0.537638366036235,0.357979501542008,0.551434931437568,6
1208,0.5387589619401,0.35309739924107,0.56002287889772,6
217,0.277533143223263,0.750991912907921,0.329060381650925,1
920,0.534928594750982,0.42310859086931,0.552709105647047,5
219,0.277472245439421,0.727911490830593,0.0983791597187519,1
598,0.241052538221702,0.393757013836876,0.38757169644814,3
235,0.277014923831448,0.653473706799559,0.0319529210915789,1
396,0.309200464191381,0.638060209457763,0.207301570940763,2
224,0.271657432799693,0.525355015299283,0.0509746985277161,1
1168,0.534129659900663,0.348102766593114,0.56274289652141,6
163,0.277880234923214,0.43509136675857,0.0957905379123986,1
158,0.278963933142368,0.640210217796266,0.184102042485029,1
632,0.240375069289003,0.570091548375785,-0.0026751889148727,3
53,0.558649053564295,0.431550114415586,0.527334520127624,0
110,0.271670415031258,0.642033242969774,0.340862776176073,1
778,0.542126914503462,0.387340605078112,0.549849023610085,4
599,0.241960740226787,0.339474102831446,0.0868697443744168,3
559,0.247391597607639,0.692477180971764,0.211072779865935,3
33,0.143913140054792,0.894514497369528,0.917171858949587,0
230,0.27382966657402,0.726450452581048,0.0681639954214916,1
659,0.248966124264989,0.491816764115356,0.259598608035594,3
508,0.249637509274762,0.763617298332974,0.0700199539074674,3
1164,0.535160711762193,0.367270976583063,0.543076610938268,6
1216,0.527972459063951,0.358691849991025,0.560897660625509,6
1072,0.53476534022949,0.349465546127811,0.552163503885592,6
765,0.540219005245524,0.38644988192366,0.550238752306361,4
716,0.545353874776054,0.388507573409869,0.559895915527617,4
355,0.303203262153547,0.644827577169053,0.397765360097401,2
473,0.247540054286364,0.453092850162648,0.0773713569156826,3
1111,0.537399730059917,0.365081012082945,0.552870387114371,6
66,0.271992978749331,0.788515827036463,0.363328861212358,1
6,0.093289740383625,0.210407131584361,0.688910532975569,0
746,0.53914815317033,0.392387957708026,0.556810706534717,4
847,0.549753140528172,0.386979057187567,0.551808568630106,4
1042,0.536828461410725,0.418142390074787,0.553662325668578,5
1063,0.539533178240654,0.421216716199321,0.555210946981541,5
256,0.274579159130808,0.762735805124976,0.388210536236875,1
5,0.582351337186992,0.965946617769077,0.691859568934888,0
790,0.534232428076557,0.395702614233384,0.562372049195804,4
1089,0.532132192638663,0.358161259006207,0.559043217360059,6
278,0.302329108680133,0.739753773668781,0.382315623247996,2
395,0.307977694096044,0.436834485968575,0.439667551685125,2
613,0.248289399382193,0.363188935210928,0.429373221844435,3
1147,0.533267457351507,0.362684730083963,0.558803032172928,6
941,0.53019541530444,0.412431429309822,0.560002955690912,5
832,0.53304795964421,0.397065803101459,0.556438539282634,4
377,0.309011183390394,0.600733481347561,0.404552456713282,2
455,0.304774706354365,0.377070195274428,0.294679072475992,2
101,0.276814127573743,0.765277652069926,0.0219492507399991,1
1149,0.53872408261253,0.355108953794933,0.553401505829131,6
833,0.542153833858098,0.394742077423764,0.558493615992185,4
215,0.273467448137235,0.699801437207498,0.101247209380381,1
1153,0.538531320229714,0.359214187349404,0.55333449691437,6
736,0.533978895493829,0.385387929460911,0.5619426418357,4
423,0.301061827146914,0.364265567041002,0.44113398543559,2
77,0.27615048664622,0.583109465660527,0.301604489702731,1
464,0.247141029266641,0.446143472916447,0.415388525719754,3
321,0.301763562818524,0.422237973078154,0.105604825681075,2
330,0.300620047803968,0.580395962693729,0.234857173194177,2
359,0.305721824055072,0.628425988252275,0.15201075063087,2
950,0.540903311038223,0.415434026471023,0.553733758161654,5
684,0.537323562250182,0.383525470847801,0.559848046832809,4
263,0.276110559052322,0.394707153900526,-0.0214773841202259,1
1183,0.534613403951979,0.360494490279495,0.544527935857326,6
809,0.533060396921118,0.390095855378362,0.538851868657952,4
459,0.303542016514111,0.356968414736912,0.115836708946154,2
420,0.306582312854007,0.440313101629727,0.453016972076148,2
277,0.302830294901505,0.599143780069426,-0.00961294593289494,2
1224,0.53652228949838,0.35745241798959,0.551553895006447,6
569,0.247258140624035,0.655789300566539,0.109857323486358,3
1230,0.536698864971764,0.350492523722848,0.54687651576737,6
497,0.244743188917637,0.529361332766712,0.0871135383145884,3
840,0.542800893478452,0.379686907175162,0.55515012938649,4
242,0.276841811449267,0.416850335081108,0.161462387326173,1
820,0.53587993260039,0.388500055436312,0.547877737290468,4
427,0.309704055492766,0.772286638035439,0.0259751513600349,2
801,0.533653709105796,0.384657867829055,0.552773891899364,4
372,0.308907545269467,0.714574223267846,0.320682467217557,2
1041,0.535659943727872,0.409366614789807,0.544517113719777,5
397,0.30323391957907,0.826694551622495,0.0590696445666254,2
489,0.245187254492193,0.797626741696149,0.152986349794082,3
195,0.271650135628879,0.590220981743187,0.0108350799651817,1
913,0.54037350673994,0.422586176980652,0.548614050609368,5
579,0.240755475412589,0.670576938893646,0.312702826596796,3
1171,0.534999644326117,0.35654083548955,0.556037119549183,6
415,0.30085693978006,0.34703830187209,0.011821756628342,2
721,0.548397623188313,0.38401164938317,0.557375179952198,4
1091,0.530857264973087,0.360826032619362,0.557061657756596,6
855,0.540901293993083,0.388221113068227,0.551022257760547,4
689,0.532064365445426,0.385736588488051,0.553883724651634,4
192,0.270163982242811,0.364774664165452,0.277487747161649,1
896,0.535628806478511,0.41650818074726,0.549738511883166,5
534,0.245106336481404,0.430806745425798,0.380788323609158,3
600,0.249140873895958,0.763935058610514,0.337517383298837,3
686,0.538514034758878,0.388792535506547,0.551565034690313,4
1175,0.535574625901618,0.354384961305178,0.550582601394414,6
594,0.244166291239671,0.397235247306526,0.439888881426305,3
578,0.240038106665015,0.629104288294911,0.000485085905529564,3
58,0.800740360282362,0.709707603091374,0.451623789267614,0
692,0.54192705037374,0.390172127143711,0.545388240814716,4
1167,0.527187341992322,0.350714977160603,0.558129913567046,6
904,0.546090917197228,0.415446647752292,0.55943561169062,5
421,0.300239292352926,0.721155028790236,0.188406890281476,2
1239,0.536133273652644,0.356243227674655,0.55572439152494,6
1159,0.539419461286989,0.359299210333851,0.55317553649022,6
1242,0.532331024859654,0.355375421542094,0.556172466729355,6
13,0.206787477014586,0.135699548292905,0.55467683612369,0
530,0.246773075670935,0.687211263459176,0.187147112819366,3
267,0.309563060926739,0.720090484595858,0.325602998980321,2
1069,0.533416570594331,0.357156536389408,0.554456256301501,6
1233,0.527622273330224,0.355834051447087,0.551561593508626,6
117,0.275719189804513,0.614191071595997,0.446114629413933,1
754,0.542325873743027,0.388318907365324,0.549301728139352,4
1021,0.537369250514204,0.417126767868746,0.550965186732033,5
626,0.249323624731041,0.674470361554995,0.0737673881463707,3
178,0.270831567239948,0.821698159910738,0.116414143959992,1
310,0.309492450740654,0.706238235579804,0.354636974772438,2
154,0.272612187915947,0.515824281843379,0.252756363735534,1
507,0.243355843278114,0.38569924631156,0.148733489820734,3
797,0.542408497318951,0.38181474733918,0.544264846745904,4
368,0.302895243640523,0.380602952907793,-0.00213441227097064,2
410,0.305405761781149,0.551256891107187,0.291999056842178,2
1206,0.531964524827015,0.356524271765679,0.563080136625817,6
354,0.306792544401251,0.825509870075621,0.276290389033966,2
932,0.542676863932036,0.415084896090161,0.541590052425708,5
336,0.309268035939895,0.478465211694129,0.424321776162833,2
1071,0.538082521353082,0.355931805123487,0.560889401152313,6
152,0.2712651748606,0.437821171013638,0.13116447723005,1
974,0.537657109905025,0.426997668635064,0.556772376053244,5
422,0.304829646660946,0.33940350881312,0.205694875703193,2
495,0.240020755650476,0.457520618336275,-0.0347357371123508,3
34,0.151256219018251,0.435198749182746,0.127992621390149,0
260,0.275652068918571,0.763409378239885,0.243652780796401,1
1110,0.535425538977484,0.357968930205049,0.555330406853723,6
1004,0.535678751132078,0.423672047887825,0.552025181412885,5
1214,0.532863808812049,0.35692266558723,0.547511837759932,6
232,0.278023428595625,0.472787142382003,0.187588933063671,1
617,0.24837144133402,0.343503266223706,0.282909013004974,3
512,0.2423986609024,0.399309816304594,0.305748172593303,3
536,0.245426027867943,0.653568892856129,0.261936399759725,3
189,0.274406220717356,0.399579905089922,0.265308377589099,1
1104,0.537439126766413,0.355322115873293,0.553952534032377,6
1262,0.532514094326638,0.36402372830399,0.547017062162251,6
1052,0.545650013114773,0.41431119187802,0.55598446196869,5
846,0.545575468825872,0.392316090351136,0.548562735038314,4
113,0.272468338394538,0.339551531127654,0.0725561219966039,1
1002,0.546380465950118,0.418615225148904,0.5548065498529,5
167,0.270203341390006,0.813312427024357,0.162401849892922,1
348,0.306865909383632,0.447302365442738,0.00135759429540486,2
1198,0.530734219115616,0.359255148614269,0.54765266796021,6
666,0.529248564565984,0.388655021925358,0.550216558408758,4
568,0.248448429757264,0.753090805141255,0.279335457039997,3
780,0.535268967783314,0.386009189811215,0.554022490434536,4
93,0.270470271008089,0.663352972478606,0.23820074161049,1
575,0.249138588274363,0.404641333851032,0.400493393093348,3
665,0.531490820241872,0.391309083810614,0.551890047660067,4
785,0.536210023130517,0.374660438326751,0.551177045664458,4
580,0.24769212016603,0.577698056469671,0.13963743057102,3
798,0.539401480753953,0.386561174862484,0.554783693641644,4
623,0.241169858535286,0.414133900892921,0.152791568101384,3
123,0.274381048495416,0.441698584822007,-0.0150470955763012,1
937,0.53826458873106,0.409960174087764,0.552757693859305,5
1174,0.537592361439055,0.361435816420392,0.55270335263215,6
584,0.24163234931184,0.480862084310502,0.194045873265713,3
1099,0.530364474255054,0.358142191184951,0.562682599375636,6
966,0.529437416848918,0.411678007434493,0.557459804862088,5
1048,0.52855494678397,0.421824638001109,0.553231306719607,5
991,0.539470493584229,0.421185881463415,0.558713595752835,5
725,0.540216943475021,0.382164592499547,0.561248654809533,4
956,0.536471659880634,0.418093049986265,0.553487911595446,5
259,0.276245280457661,0.472161852754653,0.322853527404368,1
150,0.273606816993561,0.360502597177401,0.222895356616937,1
156,0.271846740981564,0.470973340328783,0.177329468214884,1
931,0.545593653879592,0.424357931539112,0.55263269090575,5
350,0.306191281192005,0.479090209933929,0.316556276311167,2
498,0.243161001731642,0.348963501048274,0.0400052007986233,3
967,0.534336654128712,0.411573378352274,0.553883764780903,5
316,0.309199716732837,0.806106666568667,-0.00656142921652644,2
923,0.535024874282116,0.416218146447131,0.555681179380056,5
57,0.828934157034382,0.331633293069899,0.667905627982691,0
853,0.547709253255523,0.389346902795079,0.554305696157008,4
266,0.302573636574671,0.593983891536482,0.14799587582238,2
1145,0.538533697378681,0.3543537414265,0.55817356548575,6
555,0.249032432057429,0.709601719398052,0.11794738357421,3
1038,0.523508900886763,0.417147547328691,0.563928199994387,5
2,0.0810532225295901,0.408849521074444,0.422937576659024,0
1007,0.538698472366856,0.414504233412657,0.554018752142335,5
924,0.553220520817348,0.422001866473199,0.55559545233642,5
26,0.891553218010813,0.770319885807112,0.356968103908002,0
119,0.278576629376039,0.778229997260496,0.284435381670482,1
786,0.543865163429558,0.393053908816794,0.554573056472448,4
64,0.272968936371617,0.736952042439952,0.426571032521315,1
729,0.540299792989269,0.387701536377089,0.547731151266227,4
1232,0.539986360363694,0.359000239123509,0.554621517767397,6
1141,0.539729363269569,0.357194895406203,0.557233728109134,6
815,0.531540623935025,0.381786906582542,0.552837572257036,4
246,0.270850480601657,0.56983780534938,0.0877921042498201,1
902,0.539853566040501,0.415808277857681,0.550070470195355,5
70,0.269746530456468,0.579617165378295,0.407466434431262,1
479,0.239826096675824,0.62422666978091,0.179743393580429,3
1083,0.532475513380982,0.354399654809567,0.551819376870398,6
675,0.529478460257293,0.389567262934332,0.548071406873265,4
456,0.301412213193253,0.428188761696219,0.407384996674955,2
771,0.535184083495182,0.391261001177047,0.551588143431371,4
1150,0.533978432965043,0.353473290972754,0.551009613307285,6
1034,0.541551799484261,0.416019491336123,0.545866748116524,5
1070,0.52705199797371,0.357542483124371,0.549300688411281,6
1087,0.533972896976972,0.356142931594463,0.552177473592232,6
1165,0.532805754043747,0.353985317311549,0.55028048298201,6
1068,0.541209807357539,0.361527906020339,0.549496745088288,6
290,0.30488666358171,0.638914710027166,0.0327973714098334,2
62,0.105381666682661,0.547181915026158,0.184221042087302,0
755,0.542715872414045,0.387069589417197,0.546451142429858,4
15,0.87145459651947,0.476749123539776,0.931119808461517,0
1027,0.536349742235417,0.414835662093522,0.544937867764977,5
1115,0.536592581211055,0.355101056885855,0.562114118841533,6
213,0.276031132997014,0.795332046691328,0.0723921186523512,1
547,0.246102954682428,0.812741560512222,0.334836508287117,3
92,0.275667149596848,0.734849503845908,0.213726905314252,1
1045,0.530605871141172,0.417645590489623,0.552505772121921,5
782,0.532851229459541,0.383032578194442,0.561849176247428,4
237,0.275806756871752,0.474252710002474,0.0547791626537219,1
921,0.537019199882889,0.426614327849916,0.554575324847593,5
1029,0.537632737185725,0.408938451501321,0.549126570521225,5
419,0.308349116328172,0.481851812102832,0.122948492784053,2
465,0.244451955147088,0.62011035962496,-0.00724283684976398,3
906,0.537025639988851,0.413108162990751,0.554464766818882,5
1180,0.546000935493897,0.356092348791032,0.551625124918925,6
977,0.534702825857185,0.415126556369226,0.553577623501212,5
337,0.307463494273834,0.683676061802544,0.185865633096546,2
318,0.301462024340872,0.693340263096616,0.0770321822725236,2
439,0.306271047943737,0.345380547922105,0.361302644037642,2
607,0.249321166526061,0.343886350747198,0.373166322964244,3
848,0.534744558086208,0.386579260637772,0.554211631671557,4
709,0.540838801471329,0.389197977669864,0.54685660068466,4
864,0.537733875997425,0.425140112757406,0.55203670417752,5
980,0.54329929640686,0.419935642647963,0.561241513537178,5
357,0.299917636311147,0.795451111975126,0.333434212743305,2
649,0.241711839111522,0.371416076784953,0.356028036819771,3
1096,0.545306078411675,0.358971526377212,0.545171288276568,6
944,0.541040906152518,0.417993994912983,0.543300618932825,5
476,0.244639231690671,0.356692911009304,-0.0158262816024944,3
100,0.275569472492207,0.584816453396343,0.0124355375533924,1
1076,0.544120149990603,0.354556184532067,0.552812226645228,6
234,0.276737865770701,0.404684198554605,0.23742877682671,1
1129,0.539481767848164,0.362560968821895,0.555997033938471,6
961,0.540206739438086,0.420746738380438,0.557763533379892,5
207,0.276490944793914,0.507818190963008,0.339747894811444,1
361,0.301888212580234,0.432650192989968,0.0265214033657685,2
986,0.537921043742058,0.426931664966704,0.553520871805425,5
552,0.246595427079592,0.790155138121918,0.124436861742288,3
220,0.273585462025367,0.780561196268536,0.267840384063311,1
886,0.54308287142179,0.419970399061564,0.547825951260997,5
713,0.533061160232204,0.396145667503888,0.555371023719177,4
1064,0.533139261329903,0.359662277702941,0.566278458743535,6
519,0.24674402239034,0.789446603390388,0.302097039204091,3
351,0.305991031280719,0.556838943390176,0.209601846081205,2
312,0.30662345902063,0.479270304087549,0.450352992070839,2
543,0.246062738012988,0.658276993082836,0.0220711275702342,3
882,0.548291845849783,0.41484277129726,0.561532032183676,5
674,0.543861148661261,0.384111255236307,0.54211818329228,4
553,0.24496520352317,0.742909307242371,0.188271903339773,3
1049,0.5423183249217,0.415840656266907,0.55116333930594,5
918,0.537747171763307,0.420903205053822,0.559752237272654,5
450,0.303839778050315,0.331083970493637,0.200035849609412,2
1250,0.536232773898489,0.355713017366904,0.547671129746309,6
475,0.244094359781593,0.652775059570558,0.185580807528459,3
502,0.24590417784173,0.438920641783625,0.359922046563588,3
121,0.277894622317981,0.369974343455397,0.0576170757645741,1
979,0.542493192943148,0.407212666342317,0.54456627000645,5
1019,0.5331971324224,0.41901436889444,0.559818331699887,5
155,0.272048352465499,0.629143056925386,0.416367886844091,1
762,0.532741660527413,0.390406255441534,0.554285399435786,4
108,0.278076677182689,0.713533191941679,0.0263016438344494,1
35,0.0404912268277258,0.951854187063873,0.723763051675633,0
1055,0.534506523597077,0.417681701134698,0.563940141249646,5
597,0.241635465025902,0.680762834381312,0.250163154816255,3
174,0.279627802181058,0.585183673421852,0.183817780250683,1
127,0.279056891973596,0.385218971176073,-0.0155045523773879,1
681,0.548193033406195,0.387843707079109,0.557793161662561,4
294,0.307193518767599,0.341103044920601,0.220061168679968,2
858,0.543200437124015,0.391910079926472,0.551233423298907,4
1056,0.538425449612761,0.413575741664442,0.550257242094754,5
567,0.242860535290092,0.682711387053132,-0.0289743188535795,3
1022,0.531765268835876,0.421165956030397,0.552500007518119,5
506,0.247925403364934,0.411876260652207,0.349012256739661,3
362,0.30880171319237,0.647502890788019,0.325058653857559,2
875,0.531753117121249,0.420019734057367,0.554429622976931,5
819,0.535780712771206,0.391929949890315,0.55647738346923,4
971,0.544661383350094,0.418779850757411,0.556383476184981,5
1053,0.549351716062166,0.419789602729008,0.556617139102888,5
307,0.301436741109937,0.501528846565634,0.219203578215092,2
431,0.302534477999434,0.749896908295341,0.28428701418452,2
726,0.542176573016667,0.386163594829381,0.554643968252673,4
492,0.247090290989727,0.368345475289971,0.0256480223266408,3
526,0.247799564269371,0.48627311072778,0.341246504359879,3
1246,0.537917749484911,0.357573546615278,0.556716524309773,6
1014,0.536701852003772,0.421431929512658,0.551866640820023,5
883,0.525422252334121,0.41725242821611,0.55757040932161,5
602,0.2404373927298,0.568813043530099,0.0983478151261807,3
581,0.248698452445678,0.333099277340807,0.247808009525761,3
1144,0.535519680172844,0.346977991824147,0.553645492388579,6
629,0.24867567862384,0.65985824749805,0.0202175289392471,3
140,0.278758465752471,0.698842604411766,0.184718400961719,1
876,0.542541442377244,0.424817040421687,0.557446763363912,5
535,0.243270932391752,0.816357882344164,0.342179051507264,3
727,0.53908953849769,0.386657092587427,0.555726530968647,4
894,0.53845977609819,0.423376533641057,0.5490534902122,5
558,0.239895547933411,0.503810668713413,0.451746407570317,3
758,0.539998109809256,0.38848642491689,0.551866603657682,4
490,0.241368910383899,0.386866199667566,0.368201177706942,3
972,0.534444168771069,0.42310041035611,0.55887734599246,5
424,0.30027911674697,0.753087933175266,0.168106541293673,2
1235,0.539164531052389,0.347362853155008,0.558341529312638,6
897,0.532981463408762,0.425976085189055,0.55814698356001,5
577,0.240921155400574,0.778185864794068,0.0991784231970087,3
346,0.30524596814299,0.715390664990991,0.279433026001789,2
206,0.279650479457341,0.571811876259744,0.212898716935888,1
1259,0.543329883612412,0.356600466543621,0.552943487184344,6
890,0.535370484153944,0.418719206421554,0.549951394130456,5
743,0.538307474073307,0.382093344668409,0.553836747648257,4
221,0.277169037975837,0.524918368901126,0.0237978147575632,1
139,0.279575391190592,0.700820858241059,-0.0211845719953999,1
279,0.307125491814222,0.802148402784951,0.251572405244224,2
1217,0.543083248611423,0.367211247745133,0.553326362302201,6
664,0.540021479542728,0.383329274916252,0.550957035991072,4
1065,0.542046013644369,0.359214350168616,0.553947033695261,6
200,0.272718847952783,0.416835791897029,0.40335546832066,1
583,0.24751401813468,0.498479333822615,0.288641785876825,3
78,0.272957762051374,0.57379707810469,0.334442096552812,1
72,0.272907484450843,0.353912283317186,-0.0176202482311055,1
590,0.241010434646159,0.454940965748392,0.28324377166573,3
430,0.301264314565342,0.608698967378587,0.42767487806268,2
468,0.244764807233587,0.42445988196414,0.257168226898648,3
680,0.529662828206805,0.389029518846881,0.543233690426579,4
1095,0.539424875867509,0.357054091118992,0.553026137981917,6
1039,0.534088532146709,0.40965535670455,0.553473629395807,5
654,0.241370371123776,0.619757425854914,0.394568127952516,3
44,0.445698571857065,0.924434485612437,0.148516372777522,0
1125,0.542162043199677,0.354938870696835,0.556227680836158,6
300,0.307379834814928,0.38595491508022,0.0567334931343794,2
538,0.248130383798853,0.819540761294775,0.45745399701409,3
942,0.538874778732647,0.419038905153868,0.557820137309793,5
326,0.300407663737424,0.4273993417155,0.365887407702394,2
647,0.247058524719905,0.80391051992774,0.399602337996475,3
32,0.541492586489767,0.551790507510304,0.315527142258361,0
990,0.532808541361023,0.411467518188949,0.557583269615257,5
83,0.273570717584807,0.628703766036779,0.0225098420865834,1
707,0.53549079764589,0.383731025550339,0.554574120776152,4
1066,0.534736725974778,0.366191364198144,0.553414780169054,6
1228,0.537862580637352,0.35256446256202,0.550403542436758,6
1200,0.544861922451532,0.357534301705135,0.56337710553687,6
46,0.978156007593498,0.133786423131824,0.787252507405356,0
146,0.277537481200416,0.4694443133194,0.0441844323882833,1
1062,0.53804866941874,0.42602544678715,0.560051273623604,5
781,0.53301748998565,0.386652405186272,0.553974181189865,4
517,0.241385924224742,0.498350010253489,0.227609898801893,3
157,0.276393414256163,0.750481806695461,0.113794209691696,1
448,0.305414361502044,0.614037622930482,0.0075096482411027,2
1057,0.530507022058326,0.419294794485626,0.555996944728581,5
655,0.244979598382488,0.384742193506099,0.169329469231889,3
749,0.532262452093869,0.387778514757947,0.568949102876529,4
367,0.301748081457336,0.507755502709188,0.321567380125634,2
1101,0.528284011857718,0.355570123100723,0.554591896519324,6
42,0.732065938413143,0.789304244797677,0.688816993962973,0
516,0.247686241168994,0.359773970325477,0.00211039676796645,3
757,0.539325071184273,0.388286696050189,0.565086954646085,4
1161,0.540954159884938,0.356037608311802,0.556429184587673,6
1140,0.539005554639382,0.360383999535977,0.556250059683046,6
49,0.279392245458439,0.461580142145976,0.914049769053236,0
690,0.54170225895905,0.383594227897857,0.557228980691318,4
255,0.275640491100494,0.391119430190884,0.438818206219003,1
905,0.540371463974766,0.424819449615027,0.553295248861242,5
572,0.244835142872762,0.570410895626992,0.39723787039984,3
608,0.239872384211048,0.500976359122433,0.10430511625018,3
171,0.274066286415327,0.732864173129201,-0.0229130299761891,1
704,0.545543299716192,0.393092307723944,0.554434876697601,4
1222,0.536724598530129,0.357384576967321,0.54229592698503,6
180,0.275424418058246,0.338120833155699,0.420294546312653,1
825,0.530423357464268,0.389417511595924,0.551013649253007,4
91,0.275104960696772,0.818780635949224,0.245564779289998,1
1040,0.53604371193772,0.418449548984202,0.552925094602995,5
1182,0.538979908915137,0.360533430690838,0.550897240870922,6
107,0.270338336168788,0.390153267187998,-0.0157996053807437,1
1218,0.543694877917974,0.355579209188456,0.54822497453989,6
672,0.537973456257798,0.378990080219351,0.547922807983045,4
399,0.30264313304564,0.817492446163669,0.439463733253069,2
460,0.303483376228251,0.694014988839626,0.41431435176637,2
481,0.249690886228345,0.682911729905754,-0.035033673257567,3
1255,0.535752118314722,0.353674863810662,0.561209307039579,6
165,0.271083276497666,0.49410237709526,0.404956573760137,1
1080,0.526394355192022,0.366580846917594,0.559662396104779,6
1257,0.539187165882437,0.354093934608281,0.549843590725453,6
624,0.24773137931712,0.524479848449118,0.345243335957639,3
576,0.247897558643017,0.425661908928305,0.0106903317151591,3
685,0.534030487517619,0.379839580275757,0.559722034138961,4
1181,0.545206575935825,0.357594755543172,0.556714359063385,6
384,0.302957274748478,0.707442739279941,0.393518483638763,2
627,0.245668217940256,0.570678597898223,0.238013634830713,3
706,0.535058588612766,0.389576998815198,0.555015650300833,4
317,0.307270978069864,0.41885245020967,0.155088366847485,2
893,0.537593486539604,0.430956838086356,0.553197835717807,5
952,0.541905514880976,0.417768317339631,0.549584220632099,5
283,0.303452911428176,0.75512786116451,0.222253066976555,2
474,0.243225896607619,0.544862780021504,-0.0311488294741139,3
861,0.541139365393324,0.393298091024813,0.561929539800608,4
537,0.241231770396698,0.355349709047005,0.426288312324323,3
523,0.240557784333359,0.651225664769299,0.270814476092346,3
592,0.24668968048878,0.616410964983515,0.395138501911424,3
1124,0.546144390271531,0.358484488411331,0.553951607659184,6
645,0.245048964838497,0.424378236988559,0.420204038987868,3
201,0.271194671266712,0.354151830193587,0.0247193924384192,1
1084,0.537453589408506,0.360048453037561,0.563026636938075,6
116,0.277126929396763,0.778255255310796,0.438673283345997,1
1074,0.550524978018074,0.358934794492144,0.552225497133984,6
226,0.272148783111479,0.454230054398067,0.220856041321531,1
334,0.30569457531441,0.419706632848829,0.320168517436832,2
1003,0.541608530446234,0.414039623735897,0.557703933713154,5
181,0.272386500430293,0.454311814857647,0.0174821671331301,1
661,0.242156023101415,0.3618396401871,0.0921550791477785,3
705,0.541449934961831,0.38419816668172,0.557583841550062,4
405,0.305144409209024,0.624370237230323,0.249238839745522,2
949,0.534020796504319,0.413274060215455,0.549246905571738,5
472,0.243921905711759,0.640502223861404,0.123005376569927,3
391,0.30513295612298,0.455279321642593,0.324758189520799,2
126,0.275547892956529,0.472871505771764,0.299765924597159,1
365,0.303598656703252,0.619785518152639,0.037819697894156,2
807,0.54359843295076,0.394870072011812,0.549819560912217,4
541,0.244985013818368,0.484456949983723,0.0326112896669656,3
544,0.240384423572104,0.713698346866295,0.286050183838233,3
985,0.534174871701237,0.415040312959356,0.559344749102117,5
701,0.547015394182985,0.387379815117694,0.559205437512518,4
212,0.273950701379217,0.415048522758298,-0.00801014548633247,1
1223,0.538266740483552,0.3624709430063,0.556285686982086,6
358,0.308929401282221,0.444488780456595,0.375392190553248,2
304,0.30786840131972,0.610952381393872,0.105168309784494,2
938,0.533560581520288,0.417853059002436,0.557725346877342,5
835,0.53475481131055,0.380986564685129,0.56413499030672,4
322,0.304536041603424,0.778586137341335,0.343140407954343,2
1136,0.550317026746527,0.354215222078222,0.553732020545911,6
500,0.24850607633125,0.717565900995396,0.456091764522716,3
907,0.533990257868437,0.41435697882941,0.557445623604281,5
142,0.278835679097101,0.744176138192415,0.288104979810305,1
136,0.278330130020622,0.638116981135681,0.280275869905017,1
106,0.270536162157077,0.726231693755835,0.246217564935796,1
469,0.247481480413117,0.402370953466743,0.348384805978276,3
440,0.303971048372332,0.746250260504894,0.0889813826885074,2
39,0.363142182352021,0.635190108325332,0.954366114689037,0
698,0.538034060437668,0.389557839420576,0.553613233517466,4
190,0.275861046591308,0.398074804339558,0.198879909841344,1
518,0.241144398762844,0.380195312551223,0.414395369961858,3
560,0.242125152095687,0.370986740570515,0.0884532826254144,3
1123,0.543293802804415,0.354042596316042,0.54838635355679,6
94,0.275893782651983,0.778970797546208,0.453953153593466,1
373,0.306797198359855,0.507361324271187,0.263659418467432,2
978,0.541713208038258,0.41861042499375,0.559862944501453,5
678,0.538311825571839,0.383719932021464,0.55364375451121,4
984,0.536009312551602,0.418148605073169,0.554275372384328,5
249,0.273559564328752,0.366928478237242,0.323736932268366,1
261,0.277145817044657,0.675806724233553,0.0359220680780709,1
911,0.531124928222603,0.418102639504009,0.567061673162873,5
1204,0.535018620511843,0.352220234275572,0.55734566053535,6
588,0.243025960070081,0.649788999347948,-0.00798515938222408,3
429,0.30837344041327,0.517637703916989,0.0626064863987267,2
914,0.541293931641413,0.409581261884399,0.550317949490252,5
1126,0.536268966730955,0.36160440633734,0.563833405823554,6
1253,0.535681725359058,0.360863719411868,0.557559145793758,6
485,0.241503822961822,0.49500287999399,0.19194670279976,3
1154,0.539513827109184,0.356753995522111,0.556415486345244,6
286,0.309395225387998,0.506602239445783,0.296584220742807,2
409,0.307567038924899,0.638426330289803,0.246820975351147,2
871,0.526408394590144,0.421268043720715,0.55266151282418,5
313,0.305990491709672,0.793111437465996,0.389898405317217,2
1112,0.547563109423841,0.360245350861509,0.548899336123884,6
341,0.306835910968948,0.405630115186796,0.114920113957487,2
549,0.242066802494228,0.549775673658587,0.152341995062307,3
606,0.247279495333787,0.438457504962571,0.0586031294893473,3
408,0.30156254887348,0.639584745862521,0.243500474630855,2
916,0.540877482799534,0.420516851078596,0.554441430335292,5
1046,0.539250184376341,0.421019391037097,0.550296727291092,5
1189,0.52979818220618,0.357389389560806,0.550687217714158,6
1031,0.53564468800162,0.412403022259802,0.557842940497958,5
81,0.26978481894359,0.695953185786493,0.033294685324654,1
50,0.696974818129092,0.979393371148035,0.487932951655239,0
172,0.272794354194775,0.670449303230271,0.0221830420428887,1
822,0.535268180709189,0.384078372462625,0.549169639350324,4
303,0.305327239346225,0.736203077132814,0.0733313223114237,2
120,0.273429786860943,0.531735069816932,0.120460516447201,1
186,0.270466235091444,0.404234359506518,0.304692211234942,1
1082,0.520935156990318,0.354976956496024,0.548828332963786,6
1148,0.543940144759613,0.353618837563029,0.559115978592119,6
48,0.788933117641136,0.61579487263225,0.388917425647378,0
370,0.305211263799574,0.337712224107236,0.229934252356179,2
36,0.207421169383451,0.329974109074101,0.430970360757783,0
275,0.304853112064302,0.521908056805842,0.266998136788607,2
483,0.249538022160996,0.336732098483481,0.243649037228897,3
228,0.276418164689094,0.430222977884114,0.373080343496986,1
1025,0.536308593518361,0.419339230793755,0.554609992579521,5
65,0.275817568318453,0.599605683470145,0.412338356277905,1
1263,0.535071667360715,0.34341963050208,0.552888227280146,6
12,0.38490881677717,0.856314445147291,0.287932600826025,0
406,0.307640464745928,0.725185282179154,0.392610079632141,2
945,0.549957183815372,0.419099793821841,0.553482622581824,5
641,0.245614562162664,0.816009244066663,0.0432477946393192,3
745,0.53825247504235,0.389821612037389,0.557188023717611,4
1243,0.540555579733665,0.354590991026717,0.559249267166104,6
1120,0.5325598935511,0.360981145234798,0.559662142148791,6
1059,0.53194300746477,0.412414667897534,0.556658632810483,5
30,0.990971568739042,0.430205651326105,0.839630361180753,0
239,0.269973086058162,0.612887877156027,0.042325338255614,1
839,0.544638728312609,0.383672319483037,0.561374344011414,4
532,0.241608856059611,0.447851335280575,0.185297669866122,3
222,0.270400936766528,0.725129362777807,0.328078964049928,1
95,0.275398379850667,0.544981305720285,0.0496397518087179,1
868,0.536534631300386,0.420376627188768,0.558075757082984,5
1013,0.534044364753888,0.41792699942499,0.552428518199717,5
616,0.24964659627527,0.495920341112651,0.454303124011494,3
669,0.522895906158442,0.390738081610598,0.549223564397712,4
1212,0.536251865365551,0.363894515655782,0.573912809747818,6
320,0.307553418409079,0.767532424535602,-0.0308080162853002,2
20,0.975628788117319,0.869298606179655,0.887662020046264,0
1190,0.536368911239818,0.357046064019983,0.553250829213918,6
788,0.540778855688209,0.383431107816825,0.561587731465213,4
791,0.537329456280122,0.38399208555333,0.556149755945644,4
218,0.274851246974431,0.675049887155183,0.362850398896262,1
869,0.534026373335427,0.418377682807866,0.547760207504831,5
908,0.534157089855274,0.416519524033167,0.562463182729505,5
166,0.271217177482322,0.334523922065273,0.134456645254977,1
529,0.240338606142905,0.650974275078624,0.269949278933927,3
1160,0.538225078764814,0.361102618641795,0.552632367049454,6
447,0.304590831452515,0.767639202647842,0.0807063170010224,2
1081,0.538332103407959,0.357573793171465,0.545511405248952,6
60,0.158772621303797,0.191540055675432,0.391002156771719,0
787,0.538494007729852,0.394931700116089,0.559561922028885,4
324,0.299968286498915,0.74431915464811,0.189313982985914,2
135,0.279512150036171,0.726587393903174,0.29069752539508,1
998,0.526069834631146,0.414995319060796,0.562565427092538,5
824,0.526204764270544,0.387227521918089,0.554303430170605,4
1169,0.531529496571915,0.353710166946604,0.565512566491444,6
542,0.24910787852481,0.337692048749886,0.0221492401557043,3
401,0.305166726100724,0.49197551200632,-0.00082894936203956,2
1006,0.534771740853959,0.415311886321221,0.551268167919295,5
27,0.484820434357971,0.174201683606952,0.0292121791280806,0
951,0.536687195146465,0.417068810333269,0.55136409202095,5
86,0.274174586967565,0.390635708114132,0.315193948126398,1
731,0.538362832518427,0.388641752140939,0.545413383999435,4
878,0.529668314305457,0.412336065128981,0.55521362611656,5
527,0.240599988398608,0.669468191917986,0.410591345536523,3
695,0.534701557172163,0.381311127969506,0.544030367695873,4
1073,0.53517606365149,0.35865811123455,0.566201089612844,6
1197,0.545228055807476,0.361002024129859,0.548368808660548,6
983,0.540635794947035,0.418732757085722,0.545001373319049,5
768,0.539763134391488,0.389758106815454,0.548665547764075,4
1194,0.534522918166564,0.349999456404052,0.556723750633842,6
852,0.53700403549536,0.396619234015603,0.560238996014844,4
435,0.306606253189966,0.676684552920051,0.458767530298792,2
353,0.304987853644416,0.647982505615801,0.268512936681509,2
994,0.545580958822449,0.419370701804748,0.552591089873992,5
87,0.277916906585451,0.697300531086512,0.190874310815707,1
315,0.301219894876704,0.649057735223323,0.064761859853752,2
591,0.242869756165892,0.779460372170433,0.260386435338296,3
821,0.540768187924075,0.390723236809145,0.565438760435108,4
29,0.517998438561335,0.737897333689034,0.79861259018071,0
817,0.532637612015231,0.386777990393077,0.555179935299479,4
546,0.241761092287488,0.665622791042551,0.105862498423085,3
253,0.275414695991203,0.372649322496727,0.309618917084299,1
343,0.301652776293922,0.64632415631786,0.139889324223623,2
243,0.27762612025952,0.673385246424004,0.35440538674593,1
927,0.54521237416505,0.418600514261313,0.556418247052254,5
164,0.274438391756266,0.70105514221359,0.32504630847834,1
1178,0.540388058404722,0.344686818115023,0.557568717688083,6
21,0.458713786210865,0.521163806784898,0.149185011396185,0
766,0.541073034589032,0.398813373146954,0.552269513420593,4
574,0.244211651333608,0.384445144212805,0.12606976730749,3
561,0.249504360712599,0.365812139003538,0.278646361455321,3
480,0.249362712893635,0.645514047471806,0.341798098082654,3
229,0.277094977109227,0.702472053701058,0.424068706715479,1
562,0.244578859165777,0.396733877714723,0.0887403979664668,3
16,0.185369489714503,0.912086702650413,0.776426032418385,0
227,0.279416015066672,0.359663462615572,0.384782682196237,1
124,0.275884519626852,0.80125849309843,0.342332631372847,1
862,0.535970406743771,0.380420510761553,0.55768579275968,4
622,0.245467567022424,0.769415697315708,0.0511732538230717,3
153,0.278402123728301,0.591688987100497,0.36247531559784,1
285,0.301846244055778,0.704483850393444,0.258046043594368,2
982,0.542084125090051,0.418054206939043,0.544122292651966,5
843,0.533565001693867,0.381532296075908,0.553745963851316,4
160,0.279046943120193,0.684407801949419,0.182724812207744,1
1023,0.548014535754328,0.416205313498125,0.551305126095241,5
79,0.27725142379757,0.454999495879747,0.335622795298696,1
996,0.539563158148252,0.417772635314134,0.557170124828465,5
331,0.304056768044829,0.725976493791677,-0.0151959422277287,2
1220,0.538372131257653,0.363881664399744,0.556890855528755,6
823,0.537334435381822,0.386504069463618,0.562504716899211,4
179,0.277968157301657,0.488686554250307,0.117063423874788,1
510,0.245111858905293,0.434011979494244,0.431086475984193,3
55,0.372785022016615,0.442924533970654,0.336726499488577,0
614,0.242593921672087,0.434305264265276,0.0651493541896343,3
1118,0.53478253770527,0.359272899460127,0.544823399771073,6
43,0.169149383669719,0.626246802508831,0.680113409413025,0
1151,0.528717311410935,0.360534869953131,0.55367753245641,6
1018,0.539502930327085,0.418359260374017,0.556898965677879,5
175,0.277769518755376,0.366696981014684,0.192245531617664,1
1205,0.534645673640408,0.357294846122352,0.55056712724857,6
412,0.308601970251184,0.36862318823114,0.130148074030876,2
404,0.300229747502599,0.664326220168732,0.16470615696162,2
1128,0.537837418813178,0.360812033230168,0.55734297756034,6
1030,0.533910324985816,0.421096312932525,0.549934060392314,5
141,0.273182417661883,0.529774695984088,0.178786006313749,1
88,0.272578896114137,0.679205091670156,-0.0247495356947184,1
620,0.242453891136684,0.818600324681029,0.216056581377052,3
102,0.271898366247769,0.448771546361968,-0.0244894785340875,1
708,0.537212184603886,0.389992599572581,0.555821284679565,4
1211,0.537964487314462,0.352757877736086,0.553561090968989,6
611,0.247966210115701,0.674184982082807,0.313442602776922,3
963,0.541833418886244,0.416972839607861,0.550040747806761,5
494,0.248976531429216,0.503320556133986,0.273585025127977,3
734,0.543962565516234,0.376899628983267,0.559954509816212,4
309,0.304845441391226,0.7652772590518,0.273918048967607,2
1238,0.539520236337015,0.369115288942554,0.551944918656854,6
570,0.240819423920475,0.77965101657901,0.357556598633528,3
720,0.543724814858875,0.390196366469491,0.549115206169999,4
319,0.302786535369232,0.399429294629954,0.121718802279793,2
834,0.536287028729312,0.392969190816898,0.553637914970439,4
1122,0.530587114342131,0.355157770490983,0.554969058827958,6
1090,0.541728538313378,0.35251618967785,0.559073673878431,6
194,0.277123734557536,0.661509422701783,0.0980754678836092,1
289,0.303831817607861,0.806189460679889,0.107592580746859,2
545,0.242015447556041,0.571943876682781,0.420914070238359,3
45,0.0489769109990448,0.928424315992743,0.478353199549019,0
593,0.243790517835878,0.802453570649959,0.15695225787349,3
301,0.308507065256126,0.334278358495794,0.261013354430906,2
1127,0.545866146466841,0.354085966630807,0.553853346761938,6
134,0.272476163762622,0.520215553930029,0.140620062616654,1
987,0.533545014149668,0.422365457255559,0.555610866835528,5
604,0.248666296522133,0.8232752608601,0.137761017330922,3
993,0.534788830197448,0.42311976511184,0.55960485180401,5
1237,0.539309877471467,0.352988413247011,0.563257508400683,6
710,0.539183007390652,0.394088007231574,0.556284859593534,4
774,0.538670920108294,0.391184497637606,0.557280611030348,4
378,0.306104864215013,0.382065671845339,0.0704901427030563,2
693,0.537917075188137,0.398845254653307,0.551522609912924,4
637,0.244811033210717,0.367634922382422,0.315546751394868,3
881,0.537056193159268,0.416538579281649,0.5580928549735,5
1219,0.538299430366623,0.366041890714402,0.556856788477444,6
25,0.542418035212904,0.423403281020001,0.433658828726038,0
830,0.543543091267668,0.387608240468882,0.561500466554513,4
125,0.275946242841892,0.44213172851596,0.386275090067647,1
24,0.89746578107588,0.663200221722946,0.342366400873289,0
197,0.27864421171369,0.70965349546168,0.0649685358162969,1
99,0.269781191339716,0.52187373675406,0.207533427537419,1
997,0.530567346175844,0.412178511718203,0.557986520745052,5
191,0.27163292540703,0.719442255562171,0.356073321565054,1
759,0.539922140882573,0.386101305351473,0.554525301986901,4
540,0.246365653481334,0.610788097605109,0.398866925179027,3
268,0.307419867045246,0.427412354853004,0.180228754668497,2
1107,0.539436935156428,0.361326792685076,0.547886622616831,6
872,0.53138579221067,0.418380569668931,0.543345088038355,5
1060,0.533903476214467,0.417543298714917,0.550258149795849,5
340,0.306718769366853,0.40233521128539,0.275224326667376,2
349,0.30687920505181,0.655489698634483,0.339373379503377,2
953,0.530920849846909,0.420270280723291,0.553522903298543,5
461,0.306512611031067,0.38674911216367,0.437626826367341,2
1103,0.527240735966542,0.358830431805361,0.548207293810667,6
97,0.272512797110248,0.447668674169108,0.0638151901308447,1
328,0.305467171133496,0.393018390750512,0.340275962278247,2
1094,0.542067553324134,0.355278647878235,0.552202944838177,6
1152,0.538148295419458,0.35057104383276,0.553282905739527,6
551,0.247469736260828,0.769563275272958,0.176367029221728,3
1179,0.536509951930594,0.359656848327897,0.554884420213449,6
586,0.244591833953746,0.709623655537143,0.428567952848971,3
643,0.244313216051087,0.820136196562089,0.300426916708238,3
407,0.302303166338243,0.744026926229708,0.0231971582630649,2
867,0.538008881826079,0.42880494098506,0.561246948485459,5
1121,0.527966715924719,0.358541059678472,0.55608498236092,6
802,0.531813710044064,0.389816835634165,0.551539954865916,4
1138,0.547242050625641,0.362635000097914,0.555654432748266,6
670,0.537283430771538,0.392163431333644,0.550090147744891,4
417,0.30748444771627,0.54583574202843,0.289226764137857,2
1000,0.535299508876634,0.42299534128766,0.548326112338862,5
563,0.246843507594895,0.654166662599891,0.261220141802914,3
69,0.27022646462312,0.822256606305018,0.210412135720253,1
837,0.543795119387124,0.388343396985661,0.551060048594578,4
82,0.275877788711805,0.435657941736281,0.276015543518588,1
814,0.535073737146041,0.385020982861046,0.549547538583325,4
677,0.538503368078087,0.388659116397204,0.550723282350017,4
1058,0.536124301363315,0.413414985105379,0.558561068355109,5
877,0.540936037368699,0.4218402291299,0.552331170398877,5
976,0.538951711629013,0.41676383156412,0.550779300073068,5
910,0.553282432899305,0.415435377505577,0.548260961015006,5
1221,0.5240151893677,0.350562170297935,0.5586470271642,6
573,0.243834791453555,0.673400305910036,0.151627769251354,3
162,0.279257460832596,0.534601444029249,0.344517783168703,1
1088,0.538283478294803,0.360703165444161,0.550331815106472,6
453,0.308842275394127,0.57749809208326,0.440504046995193,2
528,0.248010676261038,0.558644574484788,0.225416047638282,3
14,0.791901275282726,0.0110975136049092,0.089870395604521,0
603,0.247156323485542,0.639133706805296,0.266427314747125,3
335,0.301348215234466,0.407545671449043,0.39574173502624,2
280,0.301736620094162,0.644098719931208,0.462941195839085,2
900,0.528335456782865,0.421205129870175,0.544849500104008,5
31,0.17654764931649,0.199082734296098,0.99195340485312,0
269,0.307795334500261,0.479837946477346,0.440715513448231,2
539,0.239984829372261,0.479283504304476,0.103510873182677,3
1137,0.529094382845655,0.361646132553938,0.565478438822106,6
445,0.300243624222931,0.44428644166328,0.336097520682961,2
177,0.275424348197412,0.531207148334943,0.129398864251561,1
182,0.276336093330756,0.808814851916395,0.45618865408469,1
640,0.243300453189295,0.522303887293674,0.458690784894861,3
305,0.302593764385674,0.730566655285656,0.0990578226279467,2
1135,0.541683765268333,0.350208902924693,0.550727313752706,6
511,0.244661508616991,0.649443511036225,0.128797956882045,3
955,0.539026073397445,0.414898607674882,0.553038881101183,5
739,0.53966221997061,0.384953651781776,0.556836058475039,4
258,0.276369953271933,0.52740599680692,0.312128356099129,1
566,0.246894724143203,0.469736478757113,0.352602231572382,3
74,0.276603335682303,0.799811579869129,0.337650651717558,1
360,0.301369774597697,0.609078069566749,0.0240324579877779,2
934,0.530764933988705,0.408156063915657,0.547978186390649,5
609,0.242160726126749,0.330870351521298,0.179571465495974,3
1143,0.542669030463547,0.353567056665044,0.549026754421924,6
381,0.30544729198562,0.412685488932766,0.043158240057528,2
458,0.30854284509318,0.469995576189831,-0.0256604847731069,2
1245,0.53601556946312,0.362321079036443,0.552874724106411,6
89,0.277930361968465,0.432966798776761,0.117467874335125,1
1092,0.541033829825605,0.354379174753806,0.558097894961918,6
1036,0.538154605205598,0.413092793050876,0.556453186309179,5
444,0.304464383376762,0.640571257565171,0.188399513624609,2
970,0.535412834581725,0.411650566186848,0.54861635834063,5
241,0.272521840580739,0.657593511976302,0.139518819889054,1
295,0.302819195427001,0.805234370171092,0.0474630893673748,2
845,0.53796087015106,0.388098903067755,0.545291445240115,4
687,0.540783478383561,0.394544295258174,0.545721527867299,4
144,0.278209502983373,0.605866001686081,0.393390293838456,1
856,0.54265968418944,0.396738813552422,0.550962888663097,4
635,0.245916070328094,0.5137436860241,0.382267922535539,3
432,0.306420153072104,0.598167760297656,0.120411957870238,2
344,0.307011589831673,0.616276890505105,0.399877586541697,2
772,0.535852978725155,0.380678809608935,0.543229755156197,4
717,0.538945257930348,0.38379815474272,0.557384413535456,4
347,0.307977023923304,0.629235436674207,0.124013110087253,2
854,0.54061832012742,0.389528814613761,0.558854112163552,4
1163,0.548956940977916,0.357113392046598,0.561513630938947,6
812,0.534166789377257,0.374738920868136,0.550796278124366,4
51,0.639526794897392,0.143902215175331,0.0659984885714948,0
184,0.276969527886249,0.519510825048201,0.00403765917290003,1
11,0.885375287150964,0.694213941227645,0.398792412830517,0
1113,0.537224375020611,0.356279746676418,0.555348232484755,6
356,0.30146660907194,0.358094080816954,0.232136919186451,2
264,0.300088808198925,0.618849729071371,0.43002280339133,2
740,0.539103582404539,0.390165035002438,0.552226263379216,4
1244,0.530663441829814,0.369139714133978,0.548428883661233,6
210,0.27272002892103,0.607461064937524,0.311951542063616,1
554,0.241442653934937,0.59012904507108,0.369641878665425,3
724,0.535293702513152,0.380012735849472,0.554134058068698,4
683,0.538932916284955,0.397977298125465,0.550940044749171,4
842,0.539461101341706,0.391921774872987,0.558330023483183,4
595,0.242798982574604,0.699004723923281,0.0737259113462642,3
650,0.24687996894354,0.41660156333819,0.412454959261231,3
8,0.724094300763682,0.988025082042441,0.546780609991401,0
533,0.247644265035633,0.645207502762787,0.111832957156003,3
870,0.531834851557643,0.414035402167327,0.544612999294494,5
1097,0.530007485646625,0.364904310869877,0.550722116823307,6
936,0.547839762842088,0.425290726979184,0.548835499781494,5
392,0.303760172699112,0.472420625854284,0.113111919397488,2
1210,0.538318347464023,0.354724105564612,0.547490436830767,6
501,0.245280933864415,0.823660618858412,0.0240062679164112,3
1186,0.537762079730711,0.357275739768586,0.559681085437537,6
188,0.271370205953717,0.763670660089701,0.15104578321334,1
297,0.302639275458641,0.41097435541451,0.0639784364262596,2
240,0.27960266784532,0.533003513817675,0.163520009047352,1
1093,0.534796510556352,0.360272894459512,0.55843442344287,6
