1001,0.678570921218417,0.378885558472506,0.77044311195279,5
243,0.730912671233528,0.529540949058719,0.237569817621261,1
1035,0.686675288027261,0.371540476287796,0.765458688609383,5
524,0.702272845618427,0.631384903821163,0.469621729501523,3
890,0.674747382651253,0.386431698785642,0.766616737543054,5
470,0.696635935141239,0.722980686603114,0.191998146171682,3
1008,0.689121376744511,0.376472756277396,0.77426919946355,5
310,0.76032970213797,0.449125150823966,0.380564357317053,2
413,0.763177762832493,0.837795892171562,0.308615952776745,2
1053,0.678186892162686,0.369022594099988,0.762750776821532,5
87,0.724289495688863,0.478410387667827,0.167634789762087,1
177,0.731901975495275,0.764658985333517,0.53032242662739,1
232,0.725168943519239,0.459669339610264,0.204980134661309,1
431,0.758583708314691,0.802236411394551,0.211904739076272,2
132,0.724923201461788,0.566152808628976,0.398539442731999,1
1098,0.678461181756072,0.31980105888038,0.767340768816949,6
412,0.75972599102417,0.863574222335592,0.228713075676933,2
550,0.694311292953789,0.806975971115753,0.408167154807597,3
1014,0.6820750198082,0.37673449524838,0.762632008480228,5
602,0.700108727710322,0.648390860087238,0.359889364382252,3
771,0.682755991719132,0.358559335200841,0.770801962886625,4
801,0.689139054771841,0.355151644167459,0.773707549095408,4
1159,0.67383766175111,0.317415687179078,0.768133407107979,6
995,0.679510420070253,0.381295323038501,0.771689401077534,5
212,0.729612176502124,0.462706524552777,0.117847814620473,1
835,0.675257713710186,0.353733337039144,0.764176275708478,4
271,0.756496779606678,0.800648939120583,0.297501565353014,2
157,0.72951905941125,0.416446093958803,0.40467770146206,1
922,0.674561298738444,0.375839601873387,0.767470925150119,5
83,0.729896233198233,0.414939539763145,0.251221034256741,1
31,0.620696214027703,0.38875894760713,0.742409756872803,0
752,0.680976354812008,0.354552835815959,0.770727813856681,4
892,0.679551352697783,0.3852523648562,0.763284644245244,5
947,0.681384611230347,0.379515631634651,0.762948455340902,5
579,0.70095123157138,0.7475556663936,0.202261951449327,3
71,0.729957356879022,0.843127825087868,0.35744745649863,1
1066,0.685305570797213,0.326672753091778,0.775885523985451,6
633,0.702156182499603,0.495047110621817,0.128608060465194,3
732,0.684156036832554,0.352336505611524,0.759187679861501,4
822,0.686027018751926,0.351131072889267,0.770983530199054,4
415,0.755860543348827,0.675285479077138,0.449500770587474,2
854,0.680081884328767,0.359463019518073,0.762160920139592,4
738,0.682007585117544,0.348819624651597,0.759050964058584,4
945,0.669256030224491,0.378712595436413,0.77077652652688,5
689,0.683749170485643,0.347000549366982,0.773043984174211,4
339,0.757551677026786,0.805051998142153,0.553125544497743,2
520,0.69656474970514,0.795674908929505,0.406523356260732,3
430,0.76184706208529,0.47465901277028,0.302717437664978,2
570,0.694642969195265,0.451463921833783,0.535507808136754,3
396,0.756441379836761,0.416409797756933,0.432445494621061,2
978,0.676589360577342,0.384109633040102,0.764386435993034,5
754,0.674646179255234,0.354896153717832,0.762111450506173,4
484,0.702415646782611,0.770971477986313,0.553261750889942,3
59,0.701056672492996,0.254930441034958,0.631876349914819,0
1044,0.677214438014281,0.383854275325871,0.776997513697152,5
97,0.727765982120764,0.588434840925038,0.486335491226055,1
706,0.680017287826755,0.353780319865628,0.76946186174914,4
1207,0.689211825754905,0.322367595212867,0.769785585695336,6
715,0.69130715350226,0.345971852033693,0.764486015763192,4
472,0.698247252772562,0.644181879609823,0.0938540894305334,3
658,0.698248962895014,0.642236108449288,0.170486216712743,3
75,0.726739628461655,0.657744500925765,0.14495424523484,1
219,0.733405037124176,0.498931090370752,0.200161978648975,1
640,0.700486608070787,0.72814529275056,0.56105767393019,3
980,0.672291171471768,0.384382233516066,0.769012365907779,5
807,0.688042769454546,0.353185023333347,0.765353765109609,4
819,0.681218311622913,0.354673605629643,0.769771507374537,4
731,0.676920204182817,0.35076176616722,0.766289332738384,4
677,0.682682300946865,0.350803807779221,0.760512607989774,4
210,0.730559086445719,0.604347600392066,0.104822536977008,1
1123,0.67880946329139,0.329308031276058,0.764238427036207,6
723,0.673704222482583,0.354667324803838,0.770693075175634,4
725,0.680245345506037,0.348303737161339,0.759173907274681,4
320,0.760917201389093,0.508232800895348,0.243171330238692,2
1071,0.686912479542371,0.328930191210216,0.767066519356207,6
921,0.683460181968871,0.388361391154643,0.762638327416426,5
122,0.728056466835551,0.539022970967926,0.494313970371149,1
1254,0.671740856109088,0.317874991139369,0.767768415074844,6
686,0.683943912588384,0.349452604970821,0.764659473525029,4
884,0.684710938031197,0.381681768822601,0.774184620542602,5
955,0.682997738197518,0.38455235099791,0.7666058882162,5
581,0.695945391643327,0.579489410412498,0.319270197465084,3
68,0.726383414813318,0.803187334001996,0.346378581528552,1
323,0.758674561746884,0.718270165170543,0.196611413895152,2
220,0.728419782498386,0.533328657411039,0.514916407223791,1
374,0.763514052187093,0.532804243988358,0.222151566343382,2
51,0.318454712862149,0.448722785338759,0.645244849380106,0
483,0.694889404438436,0.749857569602318,0.541817414737306,3
1231,0.682215294659738,0.320613452001354,0.770288714927766,6
1049,0.684253486883771,0.379371668911384,0.760047179930995,5
89,0.733261661885772,0.572698178025894,0.352216460322961,1
1194,0.686143366646501,0.313056189078858,0.763939537481792,6
346,0.757025695953053,0.430299894558266,0.469099472323433,2
925,0.687228791749332,0.388520287938573,0.76204128581954,5
331,0.756537374076434,0.633621459151618,0.252532354253344,2
866,0.677750742405378,0.386433781946865,0.769967490993031,5
615,0.694729931950569,0.484604720515199,0.283146611927077,3
138,0.73299835821148,0.785939571936615,0.544476808677427,1
43,0.463647091994062,0.993831063620746,0.508042455418035,0
719,0.679733301413131,0.355414184673197,0.766520116824578,4
780,0.673787513381292,0.364222059124984,0.771244860688116,4
223,0.733202821253799,0.575587819935754,0.156830041948706,1
888,0.67994298969286,0.378325775712785,0.76725029900988,5
116,0.72544669625815,0.533911196305417,0.265858451882377,1
678,0.681466924237791,0.342770191946605,0.777143679909042,4
946,0.676715504241513,0.383277550434991,0.765787232927561,5
287,0.757185366596095,0.707431036652997,0.389781095134094,2
762,0.679492831676201,0.354161745137229,0.763152382162494,4
737,0.68313173628824,0.346465652439437,0.763024490384406,4
643,0.695096869785339,0.511960309604183,0.249435214954428,3
1132,0.667531601048491,0.317691756999525,0.771487154118232,6
295,0.762102892124094,0.803392464085482,0.333243274409324,2
479,0.703985075645615,0.906388935772702,0.285415999987163,3
1091,0.675245380091589,0.319223802668098,0.764169396670472,6
1165,0.686952272738946,0.316374497126113,0.764541104738917,6
442,0.76206858176738,0.565035506640561,0.152415938256308,2
1174,0.684617800118365,0.321041465261737,0.768263398999686,6
859,0.677259061820567,0.353824385986973,0.767180498579575,4
751,0.681316426364406,0.344910845846284,0.764942069688452,4
134,0.726552758174949,0.584282013960183,0.231579617643729,1
1246,0.677287278557396,0.317501752500498,0.766893374743013,6
926,0.678675158411632,0.38420651956498,0.758556929796808,5
1210,0.691643048516391,0.318308439999172,0.766144979294353,6
927,0.682669878292645,0.378692578586481,0.769556962818623,5
1033,0.687941908354994,0.376345956711414,0.769439496486092,5
1085,0.681856435201559,0.326744566517641,0.763138374419751,6
321,0.758181497782935,0.409988413588144,0.282364180590957,2
1215,0.679827184496887,0.323665825635286,0.773114942536635,6
547,0.699432968469337,0.82871506283991,0.443621511268429,3
240,0.732985257613473,0.759040383994579,0.0811758141964674,1
516,0.694613663333003,0.609818619000726,0.510214750119485,3
414,0.755834324865136,0.493847594619729,0.186640625400469,2
1206,0.679143637883417,0.319868357410643,0.768127027392539,6
587,0.700727572739124,0.828366423631087,0.118608242063783,3
300,0.7571979566128,0.683717829431407,0.1160362908151,2
30,0.0371396243572235,0.866146066458896,0.244731695391238,0
889,0.679152811382222,0.380105034109476,0.76530260155317,5
612,0.696773948639166,0.771396808000282,0.471814269595779,3
1185,0.686833778652566,0.324519472977993,0.778848353251881,6
1240,0.666331730407884,0.317724703224309,0.762750801325014,6
136,0.727417840999551,0.575788723910228,0.217369969049469,1
280,0.755168763266411,0.526649134024046,0.358069862052798,2
690,0.685915214239454,0.34672745139504,0.771324431144115,4
913,0.685035785021193,0.385670500538463,0.769494495327901,5
523,0.698025385069195,0.411364847933874,0.493215123820119,3
772,0.674550855144777,0.349536424033,0.774209959969793,4
601,0.6976054308936,0.84505148397293,0.0923092477489263,3
221,0.727170548429713,0.467078703362495,0.28378758688923,1
250,0.731911071529612,0.665443046973087,0.493124633026309,1
613,0.704167407569476,0.886072933580726,0.132554367580451,3
118,0.72671873702202,0.731818944471888,0.310714756068774,1
1015,0.68585559743081,0.377271176679007,0.764052085601863,5
176,0.725156217135955,0.904878497379832,0.144852589513175,1
66,0.729166517101694,0.622305529215373,0.30633113887161,1
1082,0.684462943538399,0.322313850353208,0.767673325881723,6
938,0.680057123240483,0.38366527208072,0.770008951625654,5
164,0.726189312527422,0.520222253538668,0.44695116688963,1
608,0.703054929380305,0.621286041708663,0.197770919464529,3
574,0.703689864845947,0.474285769183189,0.195184959378093,3
1093,0.674454279650031,0.320075999167599,0.769058936727598,6
768,0.676410169172526,0.356506673731601,0.765395007904496,4
368,0.754546086518094,0.641371296276338,0.450866553746164,2
997,0.690350397194766,0.373080397880906,0.757833697625907,5
823,0.670530606170716,0.339771632749125,0.76528873191609,4
332,0.757545496970415,0.738054938986898,0.357082361634821,2
189,0.730682049924508,0.620701285451651,0.321589641668834,1
1225,0.682475520624437,0.329789679577578,0.769703794718531,6
872,0.690499414308603,0.380428692574076,0.774879696097704,5
450,0.763231994458474,0.413917089020833,0.516377229522914,2
191,0.727314490063582,0.707889415696263,0.194415517197922,1
1168,0.680869483054859,0.318257238983566,0.762761000167164,6
1172,0.676013598230824,0.326065421497212,0.761960650016274,6
1031,0.68176981821499,0.38045779684119,0.770405626752631,5
183,0.724828689086717,0.505947025050409,0.282204055739567,1
1236,0.682039346769133,0.313249818365429,0.76750263119183,6
62,0.31882670847699,0.0745183913968503,0.156662159832194,0
222,0.730626637660898,0.809870596183464,0.50991886195261,1
285,0.757765744384378,0.420012163021602,0.461594051495194,2
816,0.677058178459904,0.349130310296799,0.763438660402149,4
424,0.761987103500869,0.563690210832283,0.401291139353998,2
288,0.761926727809478,0.478084637923166,0.465664396458305,2
940,0.671211771313802,0.380539170033506,0.765589224048641,5
229,0.732010106553789,0.519004585477524,0.0959644091082737,1
699,0.684469010709356,0.345132467410204,0.759397911635811,4
847,0.683937271554147,0.353986057795965,0.768312453426417,4
598,0.694570738093462,0.666111584776081,0.137972837942652,3
988,0.684068584328411,0.382674224969386,0.758838249016484,5
841,0.68246610262198,0.349085999562454,0.764278266669904,4
928,0.683980776827672,0.383794280776761,0.763683878837638,5
302,0.761302812385839,0.495800724276342,0.218207294866443,2
695,0.674252144000957,0.349713890600095,0.763798626672387,4
811,0.679581081009845,0.338752074592644,0.763414388866514,4
91,0.73392715233611,0.500085716624744,0.540436427737586,1
1130,0.678465306553708,0.316604558028975,0.762319837422264,6
438,0.757254302911461,0.538907168223523,0.118939950759523,2
575,0.696282129874453,0.4461409190204,0.0925309156766161,3
692,0.684046223489452,0.35493395010726,0.761884594138549,4
1177,0.67536780612885,0.319916035841412,0.765170209376718,6
131,0.732230953401886,0.787198230065405,0.411011315113865,1
215,0.733166599932593,0.705557915056124,0.406006854772568,1
1211,0.683793709322868,0.319616226006075,0.763470036079344,6
528,0.696566785764881,0.80707933511585,0.201557006384246,3
662,0.701609622642864,0.866499714693055,0.251448538550176,3
154,0.73277323063463,0.894952096417546,0.0821826666826382,1
129,0.73237873936072,0.682368100644089,0.443061457760632,1
982,0.688607347207357,0.378123306178283,0.762339232595727,5
85,0.728588521345519,0.798152734083124,0.206201356067322,1
824,0.675805498315624,0.355230977586024,0.764822081963089,4
347,0.757357740015723,0.754306031879969,0.335160527308471,2
911,0.681412077575382,0.369708172937242,0.76620248518539,5
546,0.697550463424996,0.473658814234659,0.439460703800432,3
27,0.0636404817923903,0.887003704439849,0.155691125430167,0
1020,0.681551897293927,0.37693746991043,0.770771241318214,5
179,0.727908123917878,0.784915833873674,0.299728718516417,1
1094,0.674490806397047,0.322501020597442,0.759564845424503,6
1029,0.67976927631137,0.376491520912945,0.770632505699363,5
79,0.72857954938896,0.631741200014949,0.255632861563936,1
269,0.755026355718728,0.507673260197044,0.125792095833458,2
56,0.651785573922098,0.130741127068177,0.755430569406599,0
808,0.688218410861907,0.347100982255671,0.759831994417972,4
1104,0.67723506533002,0.316993120210266,0.766744794951007,6
1088,0.675226257821192,0.322512077373481,0.764235960226888,6
106,0.727946595975664,0.893989756959491,0.346532754530199,1
617,0.704204919768963,0.467184638162144,0.280190753564239,3
972,0.672805414905304,0.385170261692284,0.767500122539838,5
199,0.724860833305866,0.443913237680681,0.529887116444297,1
205,0.733544738534838,0.706861063279212,0.446342970291153,1
666,0.679080069459352,0.352125671102433,0.77327845277868,4
1061,0.681990793041027,0.387524683449442,0.763077066288474,5
166,0.732116653996054,0.90258767597843,0.271069735451601,1
8,0.0253629186190665,0.238345510791987,0.22826698445715,0
556,0.695080843286123,0.833799850801006,0.107075751107186,3
993,0.685026998538951,0.374377512829808,0.770223048516399,5
1043,0.68050210769525,0.384090253739903,0.776168447539815,5
366,0.758582543046214,0.540620306297205,0.309628359670751,2
55,0.645317733054981,0.573230040958151,0.782595994183794,0
915,0.677243395938223,0.375164135213361,0.765448798375838,5
1000,0.678565191237623,0.388165118520845,0.772625875830304,5
207,0.725151717280969,0.896022476744838,0.111641895887442,1
319,0.756811861668248,0.589017084706575,0.418016048660502,2
559,0.697211816997733,0.647316243988462,0.402080796007067,3
47,0.338539176387712,0.518216271884739,0.364368789829314,0
474,0.703705205314327,0.449068524665199,0.439728314103559,3
871,0.684509602533401,0.388128086811257,0.758487099948227,5
52,0.455837746616453,0.442608533892781,0.821620444534346,0
490,0.69743437590776,0.558031597896479,0.122306083492003,3
1073,0.686609107689872,0.318957515854971,0.77418831777498,6
654,0.703520749702584,0.479141289158724,0.472455527447164,3
169,0.727149615678936,0.431105357035995,0.448997299582697,1
522,0.700241711987183,0.553640627441928,0.0676267021801323,3
949,0.687659463198858,0.384627786654615,0.770175781739739,5
105,0.727653887087945,0.526744268974289,0.255824412964284,1
387,0.756932589320932,0.757247801194899,0.536588723468594,2
821,0.690668995111059,0.346803540413117,0.7716980406904,4
447,0.756807641570922,0.782726081693545,0.196887413435616,2
862,0.684367787167511,0.348065662155789,0.762645877472434,4
1111,0.676957322588764,0.313489255974752,0.762423878452558,6
273,0.758174699558877,0.523777799471282,0.339964849455282,2
425,0.759854272333905,0.88677089815028,0.482150730956346,2
1197,0.684303173555248,0.310779481297759,0.755595541618333,6
24,0.472789753694087,0.184650076320395,0.0181912851985544,0
170,0.727051822450012,0.825285539287143,0.482916265190579,1
912,0.680880660946664,0.375751993937954,0.767506076377331,5
1074,0.687580417940173,0.324503282137611,0.75615182388322,6
1239,0.683808543851368,0.324532623290644,0.772304703755624,6
36,0.261705827899277,0.155703659169376,0.434181824559346,0
1216,0.671789880113284,0.320396279214244,0.757554318370348,6
722,0.669506438440944,0.351459896868237,0.771115653165428,4
98,0.731669700315688,0.794474005606026,0.272862542700022,1
301,0.762721907731612,0.623077295627445,0.457071792031638,2
971,0.676979441011053,0.384993287251501,0.768311082886923,5
499,0.695055441160221,0.738593552866951,0.512651627813466,3
899,0.673471723333189,0.379427211473155,0.767110281093394,5
712,0.683349966392712,0.356712090466959,0.757808673064585,4
364,0.756519725192338,0.623639262653887,0.467443779506721,2
660,0.70423454771284,0.737993725365959,0.134617311460897,3
342,0.755691074908246,0.444181815395132,0.373642371082678,2
1119,0.676982229558932,0.315103954960215,0.760078561680269,6
422,0.758759091529064,0.60312373705674,0.427506101015024,2
593,0.695275076536928,0.848649745131843,0.509373866184615,3
228,0.727346624145285,0.876146186399274,0.225771523476578,1
886,0.679971316268448,0.381203920286689,0.773793457803337,5
784,0.68222791532734,0.351243434321111,0.764613722261655,4
733,0.684487997569123,0.345199861707202,0.766056301430811,4
511,0.701565941036679,0.529309560568072,0.451707545947283,3
844,0.673627492431284,0.346902183027864,0.766013145195608,4
245,0.727286029069219,0.525946065457538,0.340073707210831,1
659,0.699308657653164,0.758066994394176,0.511631962656975,3
262,0.730233150380664,0.545871789357625,0.430500817182474,1
1234,0.678566363040422,0.315219862319256,0.766672229624119,6
577,0.694624089044519,0.440130100375973,0.459114238899201,3
1102,0.688022015388224,0.325852618486718,0.762721477285351,6
471,0.698052116623148,0.595049903634936,0.199783201725222,3
842,0.680253233404163,0.34802339591094,0.765430538663946,4
716,0.6790195508115,0.356610556687373,0.770146794985551,4
373,0.754790662396699,0.730421743611805,0.436324753495865,2
1144,0.678950390324608,0.32585020945291,0.759546347738481,6
1138,0.679755929229757,0.318577856054285,0.772717110049328,6
242,0.732899829912931,0.752305112569593,0.0635537041118369,1
429,0.756644478105009,0.588955065608025,0.137640291987918,2
92,0.726884507283103,0.600855853431858,0.323936694464646,1
78,0.732241816634778,0.718309911107645,0.328090523881838,1
231,0.731185660457704,0.763644076790661,0.228584014973603,1
683,0.683962252071427,0.351762633784613,0.771143707202756,4
812,0.682628496787636,0.352493615076806,0.761579881363138,4
418,0.754506030145567,0.859121828945354,0.326152604701929,2
604,0.703051668293774,0.741396468970925,0.123452286748216,3
1212,0.683758994360198,0.32496943699637,0.765851432830605,6
519,0.696884129522368,0.432885234849528,0.15780871680472,3
592,0.694571339208633,0.633771607559174,0.418820224516094,3
1056,0.674559940565833,0.381531412275413,0.764572574724453,5
663,0.695998766354751,0.846123219258152,0.235494039882906,3
1045,0.676584267295515,0.38697400868265,0.769618258537733,5
1055,0.693542358625025,0.383130845126935,0.761821347644854,5
973,0.668302628959096,0.379483959713379,0.767186716132666,5
981,0.675109548020072,0.382686740269457,0.766449966065374,5
1047,0.689839477881059,0.368844474014414,0.766918252982441,5
350,0.754805519203656,0.892015554616228,0.261942847329192,2
465,0.697631674997974,0.773523658537306,0.494894064776599,3
702,0.688052816013845,0.344805367607945,0.766346373209061,4
1116,0.676379122533737,0.320201821046305,0.765064189340916,6
774,0.681783704968838,0.353692115855654,0.762054680130937,4
1202,0.673601971436492,0.323744134009292,0.772172184414378,6
1095,0.683419924176143,0.317203332208979,0.76554555885245,6
440,0.761708377571777,0.465919242380187,0.0736863491358236,2
327,0.761298717870377,0.621901399828494,0.177437826571986,2
333,0.762763664070517,0.421569642284885,0.551055847830139,2
898,0.678109140287026,0.383164056870233,0.762583991888235,5
806,0.67971372367327,0.350775858673225,0.770795818206011,4
1004,0.678352853251555,0.383987006541442,0.759623368305117,5
313,0.75730659067398,0.803520762384869,0.0892843351932243,2
357,0.757078152569011,0.740790256904438,0.110299485782161,2
449,0.759541670046747,0.724727635760792,0.198457852052525,2
49,0.717640968738124,0.896876958198845,0.170019932091236,0
795,0.682462702202329,0.35252056323302,0.767014234432832,4
194,0.729416258693673,0.901638088654727,0.243971747974865,1
985,0.685205830159306,0.373360796798862,0.774779393141923,5
409,0.76302775462158,0.501624673511833,0.0738130247220397,2
160,0.725801181998104,0.748046778747812,0.389686501980759,1
1105,0.680053487156355,0.324073537547636,0.765577171942952,6
485,0.703113216550555,0.427496850513853,0.42266446298454,3
761,0.689225410243242,0.347129447275259,0.753711445808819,4
167,0.730251179439947,0.699717013770714,0.40121496473439,1
352,0.763203477973584,0.694234479125589,0.0697424526326358,2
743,0.688365280771263,0.359044087489946,0.758922251803219,4
855,0.682842417857514,0.348869916145647,0.764424060440606,4
744,0.678615402856575,0.350754176291062,0.767012890839991,4
84,0.733401212017052,0.898600917565636,0.20461116374936,1
1199,0.677531090599894,0.320024619705262,0.765907951841161,6
787,0.680728636239875,0.352024237930369,0.768352808481918,4
986,0.685392141813741,0.387667193611628,0.767283186168159,5
893,0.68894832729059,0.377655238822406,0.756859843466298,5
1046,0.681233372725146,0.382919314835783,0.772550863604243,5
789,0.683367688302334,0.349771295622153,0.768071322924411,4
64,0.725903066422325,0.419524752092548,0.396816359646618,1
130,0.72968207269907,0.655433531524614,0.289876174810342,1
609,0.701724718746264,0.537294695759192,0.331714475923218,3
979,0.679370663998842,0.389499569856514,0.776206353972386,5
182,0.731659195641987,0.898890815349296,0.321075241011567,1
720,0.684658483262553,0.343807761202024,0.777271054347384,4
1124,0.672963786625385,0.318332024366067,0.766633881984847,6
544,0.697498807469383,0.551705803629011,0.493554161442444,3
277,0.759629703462124,0.890768416016363,0.336768045136705,2
512,0.701343811014667,0.676240340596996,0.423474679281935,3
235,0.725937315225601,0.586806347267702,0.241994916391559,1
566,0.697377932586242,0.692158370418474,0.148113590246066,3
1146,0.676058984531144,0.315280079274515,0.769116552909333,6
1025,0.676260784471361,0.384194378479022,0.771164162995993,5
779,0.682284964292008,0.360040715952201,0.763884785236179,4
497,0.696952922751662,0.707252185815014,0.171720047178678,3
749,0.677066296768367,0.356045804821421,0.770202119440414,4
799,0.685822265610227,0.350489920757493,0.764734095136978,4
493,0.704002303672023,0.510571978893131,0.510679758316837,3
15,0.763555124402046,0.0488857401069254,0.991053103469312,0
151,0.72492134711938,0.620185335539281,0.474306816165335,1
636,0.69465894748224,0.666108655766584,0.427182181435637,3
974,0.676660246664825,0.375845920290159,0.763014842936975,5
1076,0.677076683652747,0.319282477547679,0.753850146449373,6
967,0.679314063569368,0.37800413270252,0.758267607167822,5
759,0.68256093278081,0.344650066418108,0.773477070204429,4
324,0.759140546915587,0.539083642093465,0.11987897339277,2
252,0.731149757837411,0.597509634355083,0.27771437021438,1
1166,0.688765022832617,0.323648016333847,0.77406838255572,6
14,0.471361542353407,0.248559122672305,0.999580144416541,0
1131,0.679151795648085,0.328530178038926,0.77237935686706,6
3,0.0637785799335688,0.478663299698383,0.799365673447028,0
1101,0.683098689051137,0.326609621370404,0.772207696794554,6
883,0.675619279341638,0.385382830518189,0.767029132400652,5
661,0.698892448151019,0.467996804998256,0.126034346222878,3
405,0.754754004310817,0.814219547342509,0.0702544400002807,2
202,0.730564088504762,0.48064261933323,0.391749727353454,1
648,0.7011041635531,0.579031135910191,0.138327646348625,3
832,0.680993162088916,0.34718479070511,0.758124629861005,4
548,0.696778105068952,0.574199740216136,0.142190921748988,3
268,0.759046815682668,0.629018428293057,0.425041824625805,2
314,0.763877519466914,0.708773674233817,0.519172392482869,2
675,0.681572255336119,0.34078333478396,0.763897514136852,4
487,0.696858630087227,0.485736609925516,0.271159787941724,3
830,0.678080405301182,0.352037716049081,0.765508973759395,4
1013,0.682881218514377,0.385424807314773,0.762808904719018,5
952,0.681587774336212,0.375783923868834,0.767318613811333,5
740,0.677982952688958,0.352429709943309,0.772700836119906,4
408,0.759989898956847,0.669604250486009,0.419037000788376,2
325,0.761994890412316,0.472041837428697,0.190632165572606,2
1062,0.686036068233567,0.385224928487913,0.771959432520402,5
996,0.679431437452271,0.379719375417872,0.760504199270186,5
113,0.73314325490268,0.879723967541941,0.431726802419871,1
102,0.729282381334342,0.550272949528881,0.271946421521716,1
468,0.694733295177575,0.882792403711937,0.158888241671957,3
793,0.681046073107858,0.344553919418646,0.769648726737323,4
1229,0.679480713314012,0.323067745795033,0.775534317096123,6
334,0.759557542346884,0.813701330823824,0.435256920335814,2
358,0.754936690037139,0.763930025650188,0.478844163520262,2
283,0.762050145086833,0.414762087189593,0.277945374534465,2
950,0.669178865359102,0.381569606366667,0.758591532391421,5
776,0.682593396019408,0.352062951776267,0.771142493144537,4
991,0.67703626535879,0.38231388067194,0.774648648746725,5
1143,0.680170214488728,0.320452306191565,0.76115240231576,6
526,0.702451448640786,0.467184566799551,0.34548304292839,3
213,0.731460985525046,0.604302569665015,0.334236152633093,1
200,0.733155358023942,0.62203475299757,0.341500381287187,1
258,0.730524532329291,0.765029960102402,0.155191542045213,1
399,0.76010256185662,0.663529458129779,0.0988523656735197,2
1065,0.673271889540385,0.308138413350909,0.769809124455896,6
553,0.698793751485646,0.444877024297603,0.499910182133317,3
1099,0.676883868196963,0.321345243210901,0.760704404912992,6
1109,0.681557671564462,0.315562248951194,0.765409447831524,6
335,0.757888989746571,0.790365085960366,0.267053132341243,2
1,0.30735723557882,0.118288427358493,0.0553965987637639,0
1235,0.690589091505622,0.315278563356475,0.771641540961238,6
284,0.761726528981235,0.777314425352961,0.40460916555021,2
163,0.733946782618296,0.82701802442316,0.43776871105656,1
753,0.679990142557917,0.355878733525751,0.767192374792359,4
394,0.759334792890586,0.754079563566484,0.399879643158056,2
407,0.756024825703353,0.852896934631281,0.527364493510686,2
1203,0.680188684061006,0.315186581742355,0.773380230872167,6
846,0.675858672624201,0.350373892467297,0.763377175661397,4
1213,0.677958389898314,0.319254387165528,0.767440734460952,6
1092,0.685904406815711,0.32178545415553,0.760973871505263,6
1012,0.684168301621306,0.382585084636747,0.767818742864303,5
1010,0.680660606487262,0.386472299140546,0.767008107110098,5
741,0.68154757479134,0.346038663851893,0.774830829426038,4
336,0.75586750915274,0.54171114161145,0.547502349643037,2
828,0.684081126450709,0.351979117000725,0.761375753809009,4
459,0.757778488115873,0.75287686069496,0.148194615077227,2
1151,0.685474752645769,0.314727987857749,0.761654576623436,6
434,0.760248339897953,0.669053731975146,0.0620909580495209,2
539,0.699547250408214,0.666071000183001,0.241702241986059,3
128,0.731647804977838,0.677643583877944,0.128209924721159,1
948,0.68530292492195,0.384601934002023,0.757545134998914,5
101,0.72631106867455,0.566066688881256,0.315178904379718,1
109,0.72648139989702,0.549543278780766,0.316002812166698,1
642,0.702331963749603,0.860181855526753,0.424779252777807,3
2,0.88156993384473,0.151616025948897,0.401562868617475,0
745,0.687368697715703,0.347251532343853,0.769046824626925,4
965,0.676473786231527,0.385558265348856,0.762241075910717,5
1145,0.676361940991928,0.326846492529786,0.764758881128093,6
713,0.681641314949943,0.353654507220922,0.762018485505035,4
1140,0.682182164280623,0.318793573802367,0.76351351467081,6
957,0.681896412122488,0.380260174815492,0.762275378284255,5
998,0.6783917920583,0.394478380769548,0.759062055046173,5
86,0.724364024298266,0.47333227309864,0.186279676668346,1
146,0.732709857888986,0.768931355816312,0.442693984531797,1
1204,0.680743239809803,0.32102018264606,0.760254027837143,6
1171,0.684260672264816,0.32093558373275,0.768354385664158,6
1100,0.677166978611639,0.320193006110793,0.767590654363201,6
1019,0.684169904329856,0.382173554453333,0.767239227876637,5
914,0.68627564807617,0.388150066890384,0.77993488263621,5
831,0.677330462944771,0.353998906091224,0.766604980326843,4
868,0.67617834706371,0.378085126681324,0.769529838413264,5
195,0.731798640037887,0.434406917332672,0.440890866727568,1
632,0.69867867518682,0.597608134290204,0.275987565563992,3
417,0.763604683021549,0.795233174017631,0.141617482458241,2
4,0.604130351915956,0.438596618594602,0.594988855533302,0
669,0.679891483639849,0.351482410146535,0.769127488374998,4
637,0.697106424495578,0.614822738012299,0.442608651984483,3
956,0.687265490738433,0.374392054199,0.765253051052572,5
685,0.677852461858711,0.346463152611083,0.767842648855982,4
156,0.73249942105962,0.65162351904437,0.292028745799325,1
896,0.686135271554599,0.388092408153908,0.771755764611642,5
827,0.679496273185688,0.337536512269473,0.764288428385426,4
597,0.696172800457571,0.498865235969424,0.372446607612073,3
226,0.725129123718944,0.605351673229598,0.542842324287631,1
426,0.762833834204357,0.447640582127497,0.272872842196375,2
362,0.755908313461114,0.700699936854653,0.539933686540462,2
562,0.701927439258434,0.488847117661499,0.5247752902098,3
700,0.68697945936072,0.351905686827828,0.763847285476509,4
770,0.681983312538199,0.34273794397246,0.76883761180032,4
534,0.697726529340726,0.871137979230844,0.497964825993404,3
1178,0.682193255569423,0.322802753026944,0.767373572205901,6
1179,0.686300570273194,0.315400651859498,0.765715506040367,6
992,0.6735117867197,0.385779868263902,0.756970782442046,5
311,0.756787839385215,0.578128890856169,0.331609079777263,2
1117,0.685392583369996,0.319202368347635,0.765833963538459,6
505,0.69588107139105,0.888582060020417,0.351720548281446,3
44,0.341060192789882,0.509873332688585,0.886306363623589,0
518,0.696195400019642,0.542817891133018,0.214799498487264,3
1067,0.684410490044549,0.315996500910362,0.770746477065608,6
944,0.678270413034101,0.377578143315297,0.764016582268143,5
641,0.694372810884379,0.800181461405009,0.129638161906041,3
463,0.757107222720515,0.431169967423193,0.0787043363554403,2
767,0.680360521527076,0.355758927808362,0.762335687647488,4
746,0.684551458512664,0.33599452022909,0.764630709428036,4
1037,0.677808024598979,0.379476236493444,0.767430735393486,5
186,0.727382872090675,0.611819643434137,0.37240028665401,1
291,0.754437652269844,0.585947544686496,0.523253089794889,2
1182,0.680850757521211,0.317364786441101,0.770520608306228,6
590,0.695789432076272,0.554212515731342,0.452537274500355,3
359,0.755891152035911,0.838943658769131,0.303933044942096,2
448,0.75452761085704,0.666295955097303,0.47066679415293,2
1195,0.673276545257047,0.317995789794299,0.763560763003301,6
908,0.675514969321459,0.391519380670778,0.772621602206781,5
390,0.762475056403782,0.547030424838886,0.551278542424552,2
317,0.756322477413342,0.474184105312452,0.284167240769602,2
322,0.764160441458225,0.852185606048443,0.316869674762711,2
1042,0.683950255232124,0.370001847215776,0.754988447893253,5
594,0.701772474048194,0.714355543162674,0.0896468302700669,3
783,0.681010981443036,0.348042560187598,0.767755102126766,4
446,0.759902448267676,0.486241429718211,0.314960895734839,2
1081,0.678324403208999,0.321752506420653,0.769850694248734,6
1188,0.677170912312507,0.31677989708217,0.766259339531067,6
1250,0.676667791502416,0.319802051559938,0.777015404892391,6
63,0.639994907658547,0.667403572704643,0.315026452066377,0
382,0.757919461282436,0.859425040683709,0.4159545206232,2
1069,0.679234871939395,0.325948686903388,0.765167022038394,6
935,0.686286336974665,0.390000402390136,0.7673546602483,5
573,0.699376270307694,0.709666849952191,0.142172097391449,3
1077,0.690150432352184,0.314465122879848,0.76937621068941,6
1200,0.685194164038201,0.325849070390944,0.764151455901632,6
804,0.677880042018255,0.357805470750171,0.777561151197933,4
750,0.685754571582255,0.348246884528094,0.757017723337917,4
863,0.682091190725495,0.352716204469384,0.761058318613076,4
353,0.758340156627819,0.539473483362235,0.314755870541558,2
303,0.75608418561751,0.764883183431812,0.0757474322337657,2
261,0.733400017821696,0.806251911586151,0.207990873302333,1
267,0.763253354940098,0.814653942384757,0.46027078635525,2
990,0.685311254145198,0.37878330871863,0.769308424086216,5
1219,0.679446813692049,0.333050341746902,0.762846265419708,6
1170,0.686271914708688,0.316131247545662,0.765971724992204,6
1108,0.680179208612142,0.320179216890661,0.757323430227482,6
437,0.759980593118817,0.625860963738524,0.123272740212269,2
1054,0.689072838448652,0.379530085004881,0.765091344303335,5
365,0.763074179894757,0.419415936013684,0.378706628619693,2
1041,0.68189177468611,0.383978986856133,0.76275166367159,5
360,0.762051025629044,0.5779256680049,0.223208062164485,2
975,0.67520608167644,0.389907324885113,0.76514189938979,5
45,0.97833231696859,0.193706321530044,0.315331482794136,0
1027,0.684618557399903,0.383471495668522,0.769047421259083,5
388,0.759832658329979,0.868086176598445,0.173487694980577,2
557,0.696733351191506,0.735948302107863,0.148566591716371,3
127,0.726811451867689,0.638312460877933,0.334367035352625,1
865,0.666979326579947,0.384505526510353,0.768462711013833,5
126,0.729203250056598,0.807422539242543,0.372358606243506,1
192,0.727106146004517,0.853889367682859,0.178062687558122,1
88,0.72702259023441,0.461189533490688,0.538379809400067,1
638,0.69556843348546,0.676609935960732,0.315790015319362,3
253,0.729739508405328,0.70803508409299,0.371657966333441,1
349,0.758791759815067,0.649432954401709,0.155775528331287,2
428,0.754554962650873,0.574305270705372,0.335692083626054,2
441,0.760096022025682,0.715554075688124,0.285527254734188,2
1133,0.684124487516261,0.322048421862707,0.765237650135976,6
651,0.697954780585133,0.631951294979081,0.541811501886696,3
800,0.672653992968344,0.355463492885632,0.76432987738296,4
843,0.686501681828278,0.357506929264623,0.765881997352994,4
758,0.684086360596469,0.34750817715819,0.751037559036315,4
667,0.682771929762735,0.343209304432534,0.772688803392804,4
318,0.759676943283994,0.579552592732944,0.125210254732519,2
410,0.754285485276487,0.844834333425388,0.514086934202351,2
1137,0.679055793026022,0.326918962057796,0.771596484395312,6
881,0.675409179426568,0.380258849013698,0.761908395347869,5
61,0.0411384764593095,0.864694346208125,0.417460301890969,0
445,0.75862261595903,0.427112393919379,0.0958089962834492,2
540,0.699882356144954,0.621443167817779,0.385935358866118,3
1226,0.673592133054311,0.319453719438014,0.768947317074857,6
381,0.763014898651745,0.568942586681806,0.220837477175519,2
607,0.697149386764504,0.671841704891995,0.282661475171335,3
1018,0.688963239469433,0.377219241606792,0.762795488043463,5
457,0.763621276866179,0.456552564655431,0.487982814013958,2
644,0.700903231082484,0.60319251685869,0.275114992330782,3
28,0.162167018977925,0.780640316195786,0.189958912087604,0
1011,0.679034626004033,0.377900184584957,0.768759961285757,5
760,0.673141659727914,0.352538759544037,0.773201755532191,4
95,0.724288527339231,0.818834487604909,0.507489210623316,1
476,0.695465892669745,0.62359198324848,0.538119665742852,3
778,0.677436430682936,0.345753708275188,0.764898283573977,4
451,0.762041748135816,0.81702367963735,0.302127747610211,2
1107,0.675326590608233,0.324811096834617,0.763365186762553,6
282,0.754651365147438,0.56542054915335,0.401609908253886,2
190,0.730118744047359,0.674765631114133,0.3829547889065,1
378,0.758020646476653,0.75614053059835,0.227738597942516,2
340,0.754412404801697,0.836766330548562,0.190705200587399,2
149,0.725159672524315,0.737678214465268,0.201116365659982,1
572,0.699126636034344,0.879330640216358,0.277851540758274,3
757,0.683894674452426,0.350751970886969,0.762944978242012,4
214,0.731597209915053,0.724258907162584,0.261959695187397,1
563,0.695508336140774,0.733049240917899,0.53217861619778,3
345,0.762300495789387,0.575497070350684,0.347013779380359,2
976,0.670706297415668,0.381772259197997,0.769558640474966,5
312,0.759831082017627,0.608319711429067,0.224058467708528,2
225,0.733323832941242,0.478448026487604,0.344138869596645,1
721,0.678661413277478,0.353959476370545,0.766074956345027,4
427,0.754336520996876,0.61300354115665,0.24903627326712,2
436,0.761767308695708,0.539578685094602,0.215369489556178,2
70,0.728579598218203,0.506361851957627,0.0676883464213461,1
561,0.69885174827883,0.699556857836433,0.404768936033361,3
37,0.280068479245529,0.185075514484197,0.602761781541631,0
60,0.0654107581358403,0.649749958887696,0.690614482853562,0
114,0.727650587020908,0.693319968320429,0.294125414267182,1
69,0.728590836629737,0.59239323369693,0.538969804462977,1
966,0.683624126940361,0.382554495368406,0.774023489683895,5
400,0.755667475517839,0.590990196703933,0.430574298184365,2
188,0.73396747709252,0.69090887720231,0.448497816268355,1
278,0.76164916592883,0.528453925531358,0.543548373202793,2
329,0.754827467394062,0.428187930281274,0.384410251793452,2
583,0.697868240678217,0.622240605088882,0.356611490412615,3
298,0.760563846644946,0.511296518519521,0.180710104573518,2
646,0.698380900507327,0.788084109104239,0.418853771802969,3
93,0.730605671049562,0.901568478578702,0.190930243278854,1
650,0.697353180723731,0.739106206712313,0.151609850279056,3
1039,0.684166146770032,0.384111791320592,0.772168520071912,5
591,0.698374135631602,0.862042728951201,0.464078863314353,3
1241,0.679935631378965,0.323948544965818,0.763308687912103,6
124,0.732573814981152,0.54188252533786,0.283801635541022,1
788,0.681577344750968,0.346402520706328,0.765694460758941,4
398,0.758280757714529,0.76349816787988,0.106059150584042,2
379,0.754658794209827,0.599324950273149,0.122991904197261,2
249,0.727761605007109,0.699787287646905,0.283328323089518,1
1135,0.683319680470546,0.313919302305027,0.768013266379655,6
385,0.756773492034991,0.666284884116612,0.488001696928404,2
58,0.734828222775832,0.000699317781254649,0.100510202348232,0
443,0.763183239288628,0.559939478314482,0.546646700403653,2
1196,0.684201285962634,0.317414040361266,0.771385239662396,6
878,0.68045578709474,0.374017993372975,0.767923872554102,5
38,0.506721181795001,0.714171942556277,0.945194302825257,0
882,0.680601436762553,0.384291690252639,0.755893866122256,5
735,0.684148043899826,0.349974621253338,0.762738978899139,4
251,0.731537554026581,0.882078124815598,0.171109181642532,1
585,0.696704874366988,0.840213951794431,0.0707893476821482,3
929,0.684195664316088,0.383026383102772,0.767212739193407,5
439,0.759122466191184,0.495886336220428,0.270659901597537,2
411,0.764029264254496,0.549084722087719,0.304158092173748,2
1096,0.685143353342655,0.320988067179085,0.763732220963963,6
419,0.762041609946173,0.603976894076914,0.406068803789094,2
153,0.727001463777851,0.632964337035082,0.418668468063697,1
959,0.681965822939645,0.370306922815548,0.764489855773291,5
688,0.672323917484306,0.348219973254949,0.764776652866524,4
41,0.536364333005622,0.432895523961633,0.824554965598509,0
152,0.725548247944098,0.724282405129634,0.259814957669005,1
375,0.761171883668285,0.517249459773302,0.152310404041782,2
363,0.758080166520085,0.636390241235495,0.244166414882056,2
289,0.760290913067293,0.774824505695142,0.136902367742732,2
23,0.641301031690091,0.703247002791613,0.092288990272209,0
968,0.6765439307843,0.381197144695327,0.762836029604411,5
237,0.725138339593541,0.757567305490375,0.383896804810502,1
140,0.725284023608547,0.679028237261809,0.0620036386419088,1
860,0.675623798660933,0.338426763986163,0.759454777919031,4
900,0.691091653406942,0.373351167746555,0.777852847634594,5
1149,0.67574031411609,0.325580510706199,0.768283184718131,6
218,0.729117242114153,0.451116306032054,0.2558337966213,1
492,0.698726880082395,0.50920052875299,0.25291614914313,3
549,0.69435777588049,0.85257179629989,0.168360344762914,3
1150,0.687331725186923,0.323671678662467,0.757774854972124,6
825,0.683897154790664,0.346986225027337,0.769925055482707,4
840,0.676532806327062,0.354041805677266,0.768744030450577,4
67,0.72896017422434,0.601611035666429,0.196882257284597,1
18,0.139876466942951,0.637149487854913,0.196883694734424,0
198,0.72792904343456,0.818821967369877,0.372366855666041,1
1201,0.673144170260014,0.319875041865423,0.773060324215784,6
307,0.762084124968387,0.7618785263272,0.33817875937093,2
420,0.764038861505687,0.721045164880343,0.158570012822747,2
707,0.687122737292155,0.349243316855292,0.769317277640685,4
639,0.701112029594369,0.878763482230716,0.357683339784853,3
217,0.728008253178559,0.719887698092498,0.160053363000043,1
230,0.733766231480986,0.724773517483845,0.420820434624329,1
1040,0.689851842536842,0.376079402995563,0.76854220113201,5
943,0.68210931689912,0.374517810629544,0.770549381254141,5
248,0.730885210470297,0.746813674480654,0.504780133301392,1
891,0.683419779935962,0.377717018098368,0.768050215164654,5
274,0.75489796492504,0.534842435643077,0.366337057948112,2
461,0.75429804726271,0.766366662131623,0.29774283808656,2
16,0.10533865634352,0.912098749075085,0.807687355903909,0
942,0.684153326023055,0.376023269252221,0.763848635201694,5
728,0.679241209073141,0.355254435250956,0.769642799879523,4
161,0.725323806619272,0.708170901192352,0.140700877225026,1
1007,0.675556304896443,0.39036700100116,0.76480524712023,5
703,0.675648431975467,0.353238706700572,0.767378338574134,4
32,0.779945134185255,0.352589634712785,0.44893461256288,0
406,0.756707871486433,0.423069746373221,0.402513258438557,2
355,0.759903964961414,0.439410750078969,0.267012866376899,2
810,0.687293971837924,0.344361253514722,0.76597334073462,4
790,0.680126505482452,0.349648777321331,0.766665442851475,4
162,0.72610925258603,0.426561768073589,0.218829409382306,1
181,0.729596738726832,0.683105110446923,0.19263405892998,1
1136,0.676475917090872,0.325001814827638,0.775364634595698,6
12,0.58798015024513,0.312188106123358,0.586521542398259,0
910,0.690616200416107,0.385394912863714,0.767258733179759,5
316,0.755224856566638,0.485355057194829,0.276744145946577,2
748,0.686405130392968,0.346169116855216,0.759883551412112,4
1103,0.682030256445125,0.324780367732198,0.773914571983958,6
939,0.679145472629233,0.381602179663747,0.763041845442664,5
817,0.684110753396476,0.355758940613258,0.761049236877226,4
402,0.763162838774733,0.653007733193226,0.448472105013207,2
22,0.0779764938633889,0.493957684142515,0.149523519910872,0
259,0.732944544760976,0.512192615214735,0.266338789765723,1
500,0.70420393809909,0.501720265857875,0.454558527842164,3
710,0.677663475699796,0.343181293403299,0.764909756904232,4
19,0.630615652306005,0.58391103358008,0.638425452634692,0
1261,0.678673139180943,0.314268738338582,0.760349323031988,6
932,0.681650576039265,0.384328238161743,0.768202425150598,5
791,0.682678006248571,0.356451689151598,0.767569774601911,4
657,0.698874495096971,0.622356925299391,0.402123363036662,3
1214,0.680228275646904,0.325746193454051,0.766353265332906,6
857,0.679586638363729,0.345272549037595,0.769940063741306,4
769,0.685409536183197,0.347300459550548,0.768525069134225,4
477,0.699062387857121,0.690089249541052,0.409382800618187,3
510,0.698423223006539,0.887515450385399,0.204704846651293,3
785,0.681713867155019,0.343314644919081,0.771787146508346,4
326,0.763793287496083,0.798318854090758,0.150893251574598,2
178,0.728196805738844,0.774869504058734,0.245396113884635,1
1193,0.68931300586057,0.314492297807275,0.769742858006483,6
1164,0.684959010503282,0.318204584146631,0.770915157521849,6
1217,0.689682545117113,0.328118323882348,0.770685288534382,6
371,0.755225500061643,0.655977221461944,0.4891955942614,2
647,0.696154029411264,0.670406293380074,0.242989304172806,3
1121,0.679647836060383,0.319229895561077,0.755926899785057,6
936,0.678341397664001,0.379570824446244,0.767623124037193,5
76,0.73406944653485,0.691383571969345,0.257021385291591,1
622,0.699497362293769,0.568794208252803,0.420550778787583,3
506,0.703876268658787,0.883992872922681,0.212341507244855,3
920,0.68422450808293,0.375716126748661,0.771868332511879,5
433,0.754869030562695,0.436004825076088,0.410639476659708,2
290,0.754297733684071,0.728199408296496,0.529333370202221,2
99,0.726722498480231,0.78369139963761,0.392257729242556,1
1224,0.68445561366043,0.311521523933119,0.765057631522056,6
1059,0.666138495678178,0.380296818460853,0.761833703599504,5
305,0.762897751785349,0.846970884967595,0.159120961255394,2
676,0.68390343859376,0.348815241525634,0.771354805336211,4
875,0.68171458665668,0.378847595709746,0.762344398501181,5
877,0.680524531303171,0.388984679320482,0.766902139829605,5
216,0.733811766570434,0.70149359155912,0.14126162759494,1
987,0.683963159650459,0.378268102658196,0.765943458253428,5
1115,0.682581676162265,0.326206176036581,0.758952542102965,6
1097,0.694371172303373,0.319443444148963,0.753977664409689,6
389,0.759538751405198,0.869058546284214,0.331978933815844,2
739,0.673012036735017,0.34004317034892,0.761380050911933,4
1086,0.680326240305987,0.310325728574278,0.770231695881486,6
571,0.701328228092753,0.723938626493327,0.231396149308421,3
265,0.757378802376334,0.586037111491896,0.397730645420961,2
139,0.732350235981867,0.516732986806892,0.104499159893021,1
1120,0.682100198255366,0.318835830465048,0.772637668389626,6
10,0.925581716932356,0.734877353068441,0.717696225270629,0
521,0.701627894444391,0.489642695547082,0.14776366755832,3
582,0.699190559706185,0.806622496829368,0.180021334602498,3
244,0.732199535002001,0.553944784472697,0.554595892131329,1
813,0.681231530845542,0.35287872454927,0.767834633093224,4
1175,0.676326393392729,0.326099687973953,0.776565588638724,6
1220,0.679173000844137,0.323413073170886,0.758929784304975,6
100,0.727898966011126,0.901226406008937,0.4668528201757,1
1245,0.687309450988014,0.320334947363703,0.76920331865574,6
247,0.729683321998455,0.637455726996996,0.212395749334246,1
610,0.702715784092434,0.713121919101104,0.476663687545806,3
1021,0.679873717680496,0.379010797338555,0.768213068868561,5
850,0.682763283715393,0.344572232839495,0.775228767138818,4
554,0.703251870824024,0.746580864791758,0.101473027188331,3
1090,0.678967818829862,0.318938159680125,0.757485891066197,6
1223,0.677709393272652,0.325709457337896,0.767940854821386,6
145,0.725206752510276,0.871448936429806,0.064062981097959,1
469,0.702379366320092,0.844114536908455,0.110210176138207,3
867,0.685268112291814,0.384624679942639,0.768863196238269,5
829,0.679565859685993,0.350287991279252,0.760962708419534,4
1157,0.686344740163719,0.3144224447387,0.764610374895814,6
656,0.698597223167308,0.59277031084057,0.472665658500045,3
671,0.686221482814933,0.351742738082298,0.781320822914066,4
701,0.679255439088056,0.363876648710732,0.766175525986031,4
742,0.677628676391787,0.355436499769309,0.762238567159941,4
337,0.762960386797786,0.571138839027844,0.304320251382887,2
209,0.728500902794767,0.629297119472176,0.120267620589584,1
818,0.682678331351539,0.354594476236839,0.762758981586393,4
611,0.699124746962916,0.42563708757516,0.481661263667047,3
246,0.732507535670884,0.757621446414851,0.402244004001841,1
168,0.728788706480991,0.827805572329089,0.541561033041216,1
1230,0.677978238597401,0.318598793694748,0.766740674865614,6
1148,0.680693696030861,0.30822878790781,0.767889547075294,6
351,0.756850048010238,0.482223283173516,0.504656632244587,2
605,0.703370147906244,0.853091805730946,0.10024047147017,3
796,0.677226819133703,0.351684731060865,0.770169720081521,4
1003,0.686085424229614,0.384404277021425,0.766962320082956,5
531,0.701328897078056,0.7563583787065,0.461200988432392,3
1142,0.680940196368258,0.313436001625173,0.762287937270424,6
35,0.517973747802898,0.393243830651045,0.294143430655822,0
696,0.679849616791511,0.354189015542993,0.765808119851787,4
1128,0.685583956601286,0.321081905914393,0.764226582737495,6
616,0.703018110604026,0.434067712188698,0.415178082697093,3
901,0.684387653686938,0.378139294755004,0.760528626030603,5
7,0.154483475489542,0.243705351138487,0.447343944571912,0
119,0.730029574192595,0.488331747497432,0.208056409307756,1
1167,0.685271125176853,0.310437463500958,0.765560613716503,6
1083,0.684348962762455,0.321449322020569,0.770696474469505,6
1050,0.680059389724139,0.385427342019266,0.755147641542792,5
276,0.762869903435931,0.67439247390721,0.299199107848108,2
870,0.678605126085751,0.380516408797464,0.765570972240888,5
392,0.75863170360215,0.531937896413729,0.0721253838157281,2
495,0.697643918185495,0.595009581674822,0.288229822926223,3
564,0.701880479953252,0.720116584119387,0.0875991713721305,3
836,0.676931279191099,0.351859460059114,0.766824345174237,4
1180,0.676786596575514,0.319074419150184,0.764399810071513,6
1125,0.678091977556253,0.322134126086121,0.770398903450112,6
1208,0.683650113292611,0.329796193038185,0.765242510805833,6
1005,0.676014873603979,0.389022610188869,0.77355581104047,5
257,0.729907618677244,0.450950018619187,0.39900071376469,1
1154,0.673683037443854,0.315264840879465,0.759424173128111,6
852,0.68001324392374,0.350978426662886,0.774658231751096,4
625,0.704054625965655,0.462237320980057,0.1302502166247,3
1181,0.684360509589911,0.31889206923925,0.762011013761409,6
1134,0.685470263129148,0.324791305160829,0.765062360575336,6
1253,0.682241097430566,0.314508208055469,0.765662265195567,6
994,0.681218015529842,0.385872033257565,0.761539341897027,5
691,0.678114635289239,0.352635283454052,0.771767730309331,4
224,0.725690270799678,0.420153896231204,0.353156279586256,1
555,0.699676003323402,0.603816483076662,0.248587457858957,3
724,0.672163085786911,0.350836872974638,0.767184809955012,4
270,0.75897776953876,0.608150547742844,0.49626139451284,2
444,0.756393258806784,0.520120367431082,0.212650115182623,2
983,0.681989251826215,0.383364797757412,0.772033476903865,5
589,0.696638039203826,0.890637760073878,0.358253059606068,3
698,0.678730325110436,0.353429661031417,0.775155732751358,4
963,0.673947758387594,0.381615471669871,0.756984912352557,5
668,0.680380942895567,0.352368336132376,0.772118879178095,4
144,0.733858648412861,0.63807148814667,0.196457546250895,1
1183,0.67772678109127,0.313414863926489,0.762332031890543,6
536,0.695733904503286,0.896281818300486,0.20748647924047,3
234,0.725921004111879,0.767646240093745,0.424669641116634,1
809,0.682218873982077,0.342853667633355,0.761432048688062,4
180,0.729659008628223,0.697535323235206,0.447154469951056,1
256,0.731578096265439,0.613574940734543,0.336348187341355,1
423,0.76159320429666,0.745195446209982,0.292254474991932,2
488,0.700684678182006,0.670065985550173,0.319720420916565,3
1227,0.683325617969702,0.334582834876653,0.759672390081447,6
1112,0.670947827460315,0.334636194617268,0.773045860470984,6
614,0.700836142692715,0.761648634355515,0.180267182691023,3
777,0.683149697213451,0.346996568378396,0.766989122137005,4
542,0.701957606594078,0.870857270574197,0.324953334918246,3
802,0.675861436271821,0.347850135780913,0.769483727413214,4
507,0.695350235314109,0.563528720545583,0.395753505919129,3
498,0.701431420005392,0.82823957586661,0.177160373120569,3
904,0.689621299115379,0.375986035290641,0.763495356056075,5
1198,0.691907696044029,0.316613131990336,0.766674191937015,6
694,0.678976051676066,0.346695934276906,0.771457101376278,4
873,0.678957987369575,0.382573687999893,0.774406740037247,5
455,0.760884168236517,0.641324624558911,0.308559215208515,2
369,0.755538444970735,0.899919793382287,0.194102712022141,2
1106,0.675485812605575,0.327897610375277,0.777559088246655,6
649,0.702423135046847,0.67387605891563,0.159704025415704,3
383,0.760935882611666,0.457028350932524,0.352129514841363,2
480,0.695105430653785,0.567138913227245,0.0945969537599012,3
1222,0.684603073132612,0.325763594031346,0.76607625400339,6
861,0.684743886710579,0.35321511717981,0.763070093986485,4
462,0.763409156254493,0.907030259515159,0.0950970477890223,2
714,0.687742695262895,0.352922091234937,0.770409450329749,4
187,0.732797554030549,0.876641657808796,0.515569863421842,1
711,0.674919451336646,0.355618302987169,0.764705408792296,4
895,0.672795924923532,0.389214426090145,0.759882787212292,5
1192,0.687060662900966,0.320169035888904,0.777713389856923,6
361,0.758461463297717,0.792253268673085,0.141316682379693,2
308,0.762725619694684,0.501175718870945,0.518256470258348,2
255,0.73003511820687,0.417306830314919,0.33901726808399,1
1161,0.675035885342299,0.324061888701648,0.773063945120098,6
586,0.698472416989971,0.635855713998899,0.0942098385887221,3
348,0.762598158437759,0.738586207991466,0.204705697065219,2
1057,0.675040262526734,0.380853652864769,0.765386489972027,5
919,0.682950592310129,0.37940902548458,0.768896764309202,5
1051,0.679967533543198,0.372107662143674,0.765578237834221,5
356,0.759083124024328,0.863145964243449,0.148149868054315,2
515,0.70133078655228,0.426816730434075,0.113766981451772,3
241,0.729741750208195,0.711692797741853,0.521146464324556,1
197,0.728372114165686,0.558338512689807,0.553186542633921,1
568,0.699241117308848,0.867034680233337,0.478425038442947,3
826,0.678354321636507,0.344421140412845,0.767946681436628,4
628,0.702057318729349,0.804660944989882,0.494954159180634,3
917,0.680019271030068,0.389567594197307,0.769117732907651,5
416,0.764118186240085,0.831845368049108,0.45109633419197,2
50,0.843901928514242,0.554751314921305,0.47097377711907,0
903,0.673865348726448,0.377083526408514,0.757368104414314,5
794,0.679387721263773,0.346916938440975,0.765309902870384,4
486,0.700732742031105,0.674590796953999,0.236726566264406,3
1063,0.6856209580899,0.384578339675518,0.761445049097336,5
734,0.676122436415456,0.349979985298571,0.773106296252995,4
172,0.726374021535739,0.617734936554916,0.170266817836091,1
514,0.696074824766256,0.748333645658568,0.090557742328383,3
989,0.671629032931274,0.379968634354679,0.770894939119496,5
535,0.698956358134747,0.742523318645544,0.122750364639796,3
120,0.732486846125685,0.750142372120172,0.0687181352870539,1
404,0.76129972045077,0.832903130818158,0.310638090292923,2
1139,0.681658324394315,0.322069713613552,0.769245389120308,6
141,0.730368993824814,0.741231947462075,0.215686635044403,1
367,0.760597266030964,0.752948181377724,0.184717438346706,2
377,0.762515693323221,0.747923633805476,0.0877863853704184,2
600,0.696517162821256,0.862164005660452,0.560261602909304,3
65,0.729331214393024,0.463771180505864,0.341208678833209,1
848,0.682133343013623,0.352290934147541,0.754456321979117,4
491,0.697788321333938,0.80889344799798,0.477834586333483,3
552,0.702547664972954,0.607185845868662,0.269901889422908,3
1078,0.67639607282038,0.317160413503096,0.768868672354952,6
1162,0.681644691469648,0.325492476828213,0.76793058283651,6
864,0.686935824765441,0.386837322543583,0.772498343133703,5
1017,0.677684752436031,0.37395291464988,0.761100818230213,5
94,0.731812236334663,0.577134782704525,0.160107823018916,1
970,0.684077737216821,0.376110398269986,0.763766765032453,5
584,0.702938409268391,0.436353098973632,0.513949592295103,3
1147,0.692731121702035,0.320518962342028,0.775162062638569,6
603,0.7021933714021,0.743999854801223,0.4116991316434,3
376,0.757526716568973,0.802684343559668,0.432164530083537,2
233,0.72604276092723,0.673342586518265,0.181145483558066,1
77,0.72687066843966,0.660187305673026,0.116798832360655,1
208,0.730894933354575,0.742009812989272,0.117519868467934,1
328,0.759694368399214,0.645313122100197,0.43786127474159,2
292,0.759693126061466,0.906582408840768,0.275882884324528,2
1006,0.680075744883489,0.383336951444072,0.765916163048677,5
275,0.764142420713324,0.592995209526271,0.338304995722137,2
501,0.698172670407221,0.568758886796422,0.130968501605093,3
372,0.762880571966525,0.721899735648185,0.426256650756113,2
26,0.424348151078448,0.494737645145506,0.563220132375136,0
1258,0.687243753657877,0.320611900924158,0.769115003523198,6
537,0.697479407889769,0.516189460433088,0.344370292662643,3
803,0.672930885887918,0.349184121405849,0.76161239588008,4
1002,0.686494575632333,0.384173270175118,0.767390637689895,5
185,0.730653246059083,0.480567278130911,0.198739477712661,1
1127,0.67621152211927,0.310657356365854,0.770683671337064,6
687,0.684165154580943,0.35590372656155,0.771141758021122,4
541,0.69690990237752,0.642674016673118,0.215192406717688,3
1072,0.681424950628098,0.315123282307204,0.775952929492366,6
1048,0.683903244140848,0.38304636553277,0.766603623776889,5
626,0.697534773345105,0.687720530340448,0.266420223214664,3
629,0.703237827818375,0.804108165809885,0.186822106642649,3
1058,0.672049922031262,0.383750228403507,0.765358581370199,5
727,0.683181102261177,0.353608888813194,0.763734784242311,4
631,0.69622781756334,0.741938638291322,0.123507030820474,3
386,0.762277853020933,0.430078810220584,0.319404299417511,2
680,0.68693081299772,0.352152648318239,0.764600694108032,4
454,0.762648423486389,0.633738564699888,0.138944236957468,2
697,0.672821385392196,0.354946643781826,0.764615158129343,4
80,0.728882944928482,0.559087254595943,0.447562818811275,1
6,0.121654468588531,0.358693269081414,0.438385075191036,0
1257,0.675622332822889,0.324336078972387,0.765722310428041,6
196,0.726990050827153,0.874581525824033,0.460806689737365,1
304,0.763341163659934,0.517380839586258,0.0655596725875512,2
1233,0.682953991297639,0.323322784749367,0.76234060080564,6
902,0.67605901357628,0.376888388939588,0.75816494002402,5
977,0.682129644227616,0.386962942786799,0.772936739290357,5
456,0.75573723102687,0.851430852222256,0.0778893218841404,2
315,0.761728215082549,0.745494681783021,0.45262294372078,2
112,0.734204517514445,0.69857538936194,0.442402900592424,1
1190,0.673623384586715,0.321323931983923,0.764730841340851,6
148,0.727314502408263,0.503503706445918,0.418312937882729,1
858,0.686786075244765,0.348315069038034,0.764598222195747,4
681,0.682647875325134,0.353259931866038,0.773884510322279,4
517,0.701599101603497,0.740938960714266,0.109735496155918,3
158,0.725844604885206,0.781817303178832,0.192957154056057,1
121,0.724765199625399,0.49301738794893,0.287111539556645,1
786,0.685463913405912,0.353626307653704,0.768666863918217,4
502,0.699019713469315,0.743383259186521,0.552491167723201,3
236,0.731960358989891,0.856808243808337,0.0756699624937028,1
1030,0.686338251598066,0.374441305001992,0.770237785406907,5
1114,0.674515444527696,0.321552521403945,0.762250325405323,6
1118,0.675088206867561,0.311554961350449,0.774022185140404,6
814,0.684154704660867,0.362859541899584,0.760257581649624,4
13,0.533557737013325,0.148468722822145,0.705288685159758,0
309,0.755418240295258,0.737152325478382,0.321102881268598,2
72,0.730746227647178,0.721873648720794,0.434276641975157,1
1218,0.683880011746227,0.312633684197351,0.765393189813852,6
1232,0.683861740854538,0.320176114462889,0.764384150035855,6
672,0.682069206074922,0.348370335134168,0.772383637984035,4
624,0.703821710494813,0.682562260329723,0.485932162893005,3
1070,0.677596448477647,0.324141911266572,0.764633793892592,6
266,0.758260121282656,0.450274713826366,0.267381241591647,2
1252,0.680276462298704,0.318054794218965,0.763418176265198,6
391,0.759807981178165,0.722136774822138,0.149569296790287,2
964,0.679137805483188,0.371039271364244,0.768574725248564,5
596,0.702050746364985,0.510235932096839,0.494614009559154,3
1228,0.680676892003542,0.315225879159978,0.766528004839894,6
931,0.679617954762761,0.3860430175913,0.765559511701022,5
1152,0.679900777241615,0.322001303011134,0.776157970859182,6
655,0.697804243084975,0.74209829387255,0.468852140870877,3
1251,0.681979218784608,0.32946417706866,0.766652180917888,6
558,0.694572711116634,0.72084263144061,0.526363819767721,3
432,0.755588743789122,0.730126502248459,0.0622001425828785,2
1247,0.679267675083783,0.321602651911239,0.75660951646737,6
765,0.676096349972452,0.361366297727717,0.770409001194964,4
1156,0.672351870142217,0.316870172102752,0.773627266774212,6
1260,0.687644048112382,0.329480547963372,0.76305154577108,6
1075,0.679574413180107,0.317814416023999,0.769970256085798,6
1126,0.679146117976635,0.329160932336396,0.773911991918564,6
1024,0.688979003723881,0.381058414061575,0.770429205560164,5
155,0.730374781154096,0.706295680277981,0.121598739689216,1
565,0.702908282952849,0.547132391971536,0.171296485164203,3
853,0.681398875101396,0.349784967175768,0.763881759883442,4
5,0.477555389050394,0.248259365325794,0.952667751116678,0
453,0.764163609996904,0.548528966633603,0.237800873280503,2
1155,0.683579963809591,0.315040701423708,0.766037181999802,6
482,0.70084985822672,0.45298006539233,0.416956495423801,3
652,0.698635201333091,0.80941215287894,0.44155994458124,3
458,0.756050924919546,0.757818029168993,0.292388925724663,2
82,0.732527585034259,0.757596556702629,0.0651261716149747,1
856,0.683563327891635,0.357811664175118,0.772138453364862,4
1034,0.679146696623157,0.385209123366789,0.774166026471228,5
293,0.754335150399711,0.877408340363763,0.445978524792008,2
718,0.686566956308363,0.356023780599376,0.77377397109326,4
887,0.682717821346833,0.381859219131986,0.768547682497257,5
664,0.680333743652793,0.346161435675067,0.758903227591171,4
693,0.686379626589379,0.341772102611543,0.766108182260616,4
150,0.728877190186177,0.839755502087064,0.509682184015401,1
9,0.086149716284126,0.774796914076433,0.591316143516451,0
104,0.732834212551825,0.419248689920642,0.227956725331023,1
34,0.424892209703103,0.264917847933248,0.810281036421657,0
529,0.699896439046133,0.534860397479497,0.43597992293071,3
797,0.675714250026356,0.349194389842151,0.768170158226095,4
338,0.764093691732269,0.477616209792905,0.526128916232847,2
264,0.756151878547389,0.869219658453949,0.103568083653227,2
1038,0.67431223065282,0.370708495135024,0.767091690791186,5
773,0.680877562325851,0.33967173103728,0.758390256038396,4
837,0.679443301149439,0.351682667730733,0.771224376468335,4
682,0.679206453325587,0.35403068994041,0.772540722468449,4
897,0.686564226195134,0.377920114585931,0.757918417173812,5
527,0.702432798268274,0.557943333312869,0.373595786793157,3
17,0.284130910644308,0.84090708126314,0.224866503383964,0
984,0.68566704115654,0.38471512735407,0.767442292099311,5
1079,0.677209818388424,0.324656877394273,0.758798060621907,6
1237,0.682746581484459,0.322788241445187,0.766600692735116,6
496,0.69575383069925,0.77045761749614,0.246801310614683,3
421,0.757172965866048,0.789381681382656,0.477021404239349,2
239,0.724691335761454,0.827654429734685,0.476101054972969,1
766,0.675072153688171,0.351795773395879,0.772600041385379,4
934,0.677082452966766,0.385542730091024,0.772312866824101,5
460,0.757589184101671,0.659320186148398,0.352140703983605,2
709,0.678015413239023,0.344210961099411,0.769038217969605,4
384,0.764112754536327,0.83198267549742,0.513821801100858,2
184,0.725014459332451,0.891277803131379,0.0908582277363166,1
11,0.425909130834043,0.576586618786678,0.236811292823404,0
595,0.701617620012257,0.460151709057391,0.376284382003359,3
849,0.680452269251057,0.353340245774826,0.761753873034451,4
33,0.436268550110981,0.581156982341781,0.625840272987261,0
171,0.732978637635242,0.598942313482985,0.0760351148666814,1
344,0.762570269666612,0.878662592871115,0.122992057981901,2
805,0.673225282185136,0.362058278788318,0.766488265680123,4
1176,0.685673102080966,0.322777383333619,0.765821761170682,6
403,0.755091058944818,0.509075263654813,0.194329670327716,2
880,0.676444937626045,0.375170583894944,0.769567856688341,5
115,0.727031685526017,0.788972156844102,0.509585623443127,1
962,0.680781183005374,0.391639358550039,0.761857953776285,5
111,0.731396294345614,0.804801860498265,0.190116880857386,1
747,0.679627875685148,0.341870197826236,0.770208643237401,4
1060,0.68297029319781,0.381876296505888,0.766890363727572,5
951,0.6841590908839,0.384409584630887,0.773655466072598,5
296,0.756112581787165,0.779184040869586,0.113476263755001,2
117,0.725135320194531,0.877986189117655,0.400859821750782,1
39,0.810423545306548,0.597238413291052,0.0680491598322988,0
103,0.731711623801384,0.504613288119435,0.333788664243184,1
25,0.510994457639754,0.619346893858165,0.730125993490219,0
1242,0.685968797502338,0.318604129738767,0.763687164651939,6
588,0.695405275232624,0.521280700596981,0.428490080102347,3
1248,0.678289581190863,0.317405794817346,0.766090487985697,6
175,0.733238765639253,0.849107006122358,0.467567694419995,1
999,0.685484670175561,0.381844295670129,0.759196607935827,5
204,0.73202423254028,0.743326837569475,0.275271290843375,1
452,0.763171081393957,0.882059944816865,0.225518022594042,2
781,0.683063060165008,0.349923167131653,0.761964888555058,4
815,0.67736675924606,0.353443208904231,0.770321682441557,4
1113,0.68936253305547,0.325451494519259,0.759929796650327,6
567,0.703243901547976,0.67557310780976,0.117267337907106,3
635,0.697962953746319,0.540222637960687,0.266788932890631,3
969,0.680491673027658,0.388246138668562,0.759182391795201,5
159,0.728328331296798,0.73766445487272,0.168815453816205,1
906,0.681025924380508,0.37371467647512,0.769663568896245,5
1243,0.688228901260773,0.329586451341518,0.763360987943112,6
1169,0.672430030920745,0.321617325175134,0.758698226816211,6
627,0.702452243645676,0.786183486250229,0.458094975608401,3
730,0.687448822825579,0.349653932837293,0.769839924599115,4
1173,0.693729034561445,0.322641758614769,0.765406369280547,6
930,0.679408640911352,0.386534471110053,0.762352701773727,5
530,0.700701077813283,0.432651032949798,0.481445969827473,3
238,0.731825473415666,0.570059882034548,0.214161309576593,1
924,0.682153644076578,0.380955073440405,0.770627277193352,5
704,0.691198749134327,0.344772309252447,0.769068288331806,4
393,0.758110041001346,0.466179289063439,0.362001597345807,2
1255,0.669111844902338,0.315761399537052,0.758969528596115,6
1153,0.68544471581025,0.326040379406845,0.768288202578155,6
201,0.731771028630901,0.84020634603221,0.248821477219462,1
203,0.733096641777083,0.902812441135757,0.397889902628958,1
1036,0.677771487341289,0.386177746122397,0.765298905594527,5
708,0.67864662071951,0.352336354478958,0.764812493278029,4
57,0.198420020053163,0.45985362958163,0.791290270164609,0
341,0.762881902500522,0.904025734076277,0.420197344431654,2
509,0.695946605540812,0.561976299295202,0.314830859121866,3
1205,0.671572519643848,0.32119256535241,0.762826792982279,6
1026,0.681541995464756,0.367981712268363,0.762508721388904,5
916,0.676751757688786,0.369693651539497,0.782231645979074,5
1249,0.687673013026512,0.322787213591042,0.77045081459713,6
833,0.683485707352832,0.347783914448585,0.769595145669381,4
1259,0.677400231063111,0.313999246185782,0.765470803384481,6
619,0.697478800371755,0.568988601467572,0.463520307606086,3
532,0.69687458166387,0.681716268556193,0.454503799136728,3
705,0.677568816948381,0.351142931679083,0.766297162593714,4
782,0.682671805561543,0.343943943152886,0.763935451360005,4
475,0.698399177580141,0.650643213558942,0.525943122967146,3
504,0.697596700522117,0.600059918966144,0.219807575386949,3
467,0.700000434494577,0.764394389372319,0.560559743014164,3
1186,0.680603535200761,0.315387065881704,0.757882093404909,6
729,0.67748143722669,0.351768094065816,0.76165504569041,4
137,0.728027861423325,0.486245391448028,0.0648133532842621,1
48,0.851661002263427,0.193214638857171,0.342556052841246,0
953,0.673434127597853,0.382607807386575,0.770771435779587,5
670,0.671182056432598,0.334506126854103,0.7634666943758,4
580,0.703669064294081,0.889468092727475,0.416718752984889,3
397,0.763951083919965,0.858574235718697,0.0834818014875054,2
1087,0.673280881184506,0.32064994355553,0.766882197278622,6
1110,0.682944405963025,0.320566656866318,0.767176477821686,6
674,0.681661413569622,0.347183877568365,0.765542962195054,4
380,0.758914964110591,0.588882754812948,0.310744124511257,2
618,0.695215344605968,0.626587155414745,0.0648003683192656,3
494,0.694755619328935,0.728186232526787,0.291045521898195,3
679,0.689429909321425,0.351176993480065,0.769336579878381,4
297,0.755620263379533,0.907614045217633,0.201349141821265,2
263,0.725904217653442,0.594157584151253,0.0725668571423739,1
1238,0.684091540413815,0.320757619427564,0.769951190670045,6
621,0.69930602532113,0.817550647212193,0.384997957549058,3
193,0.732909658851568,0.78361918150913,0.404744181013666,1
684,0.679887891794537,0.342131257668683,0.76469871871005,4
717,0.665457055304003,0.353255873733548,0.778349419573268,4
473,0.69524036719231,0.729250570898876,0.302532747783698,3
330,0.762263410920277,0.764357539732009,0.32623397517018,2
792,0.683116994461275,0.348957211513487,0.762163635473026,4
876,0.671071057982024,0.367410550471875,0.767141219763758,5
1080,0.680190195141588,0.325211576013116,0.77131032676893,6
125,0.734160225766246,0.861979199247435,0.425251674302854,1
478,0.699873800864443,0.849522556783632,0.27158079103101,3
42,0.936581052839756,0.906731120077893,0.344934941502288,0
401,0.762588703904767,0.574203891702928,0.157183766528033,2
960,0.680011200539758,0.373207985295851,0.760061992817819,5
1263,0.68258242989192,0.320950970872414,0.773279909940194,6
135,0.72700292039197,0.743046272569336,0.130125669110566,1
1022,0.684624484356158,0.384155416784794,0.763983533858888,5
763,0.686196541278915,0.342584086969417,0.764739632209294,4
133,0.734093947925139,0.592764496360906,0.152772211749107,1
630,0.701859512617812,0.420097012328915,0.0944284090539441,3
227,0.7243135308614,0.615994532732293,0.532319153938442,1
299,0.759512122638989,0.756643348280341,0.369468546053395,2
907,0.682456218575805,0.379395610935005,0.77036631999066,5
869,0.67855047508632,0.378361713874078,0.777959046419151,5
272,0.754644822550472,0.532225149939768,0.164080942911096,2
306,0.761726113506593,0.429642147989944,0.194678148883395,2
1256,0.684703882917136,0.321112723629343,0.767004412790439,6
513,0.695486356609035,0.70625989548862,0.265386073663831,3
941,0.682055993605142,0.381605717425266,0.757390455174198,5
1052,0.684020266223939,0.381104528815638,0.765351497488628,5
29,0.69944238383323,0.369171230588108,0.623692908091471,0
254,0.727610917473212,0.735497794020921,0.550074848975055,1
1184,0.677191079861256,0.311892492765743,0.767654787981716,6
958,0.683731830549782,0.381859716188769,0.769840566804059,5
21,0.785970472963527,0.928339534671977,0.299413297092542,0
123,0.724653860314284,0.422758590686135,0.377070495672524,1
1129,0.676483746598117,0.320277393616656,0.769972651231508,6
74,0.729168624510057,0.604105092259124,0.467506876727566,1
143,0.728998246411793,0.747948443423957,0.447799016651697,1
653,0.703897454498802,0.523388688242994,0.13997087108437,3
909,0.669873442014009,0.376554456863275,0.768105329445576,5
1068,0.682280466033042,0.31403744767659,0.760274944979591,6
599,0.697954450335819,0.710062012798153,0.376819806336425,3
673,0.682235236567642,0.344881590120056,0.76355806275134,4
525,0.697552861403674,0.534037563623861,0.462395178666338,3
1028,0.686259389503576,0.388390120043875,0.765652933360055,5
755,0.685570873660278,0.351173391438489,0.764795867204774,4
894,0.680402230260206,0.3826311285965,0.765417570025948,5
211,0.733586050262675,0.498916028439999,0.464144327142276,1
1209,0.676807381699757,0.317366157609113,0.776248894860263,6
1084,0.68175326928896,0.323992453259089,0.764220541018994,6
923,0.681640528523102,0.38547729678361,0.773543612677858,5
1032,0.684348103657978,0.384468913218001,0.759934894904779,5
845,0.677706192942821,0.345232421325087,0.762607389874577,4
905,0.676664187672744,0.385215746544326,0.765825773076459,5
726,0.678753607944699,0.349040726442772,0.759374561433679,4
142,0.730303555771243,0.606521091214381,0.118896842864342,1
260,0.729712600351777,0.779657860891894,0.260533238574862,1
90,0.724911186273676,0.692095817555674,0.325732607557438,1
107,0.731012835172005,0.563545700069517,0.533775095641613,1
73,0.730754948758986,0.710484817065299,0.147010584175587,1
665,0.676229149389125,0.346263707025495,0.761176068029665,4
775,0.693097322135104,0.349702639377485,0.777398277142409,4
281,0.758950432469137,0.419237701478414,0.517031180486083,2
954,0.677829357333755,0.37523817263005,0.756715076981538,5
279,0.754971157726832,0.572469976404682,0.326289987354539,2
40,0.550980885978788,0.557113793911412,0.860099470475689,0
551,0.696430232299026,0.604191027139314,0.439643352339044,3
543,0.700566296195612,0.749538693483919,0.426679918938316,3
736,0.674684629893584,0.357100073336258,0.762279202928661,4
1158,0.676559551805386,0.331689778755915,0.76457200383147,6
569,0.704065926168114,0.449527988699265,0.164340831502341,3
435,0.761288489596918,0.886284171161242,0.359684306941926,2
46,0.0400486260186881,0.504568849457428,0.922296671196818,0
1122,0.68445689321465,0.321932783598686,0.757078030337957,6
343,0.763139504825231,0.850570577569306,0.456051307893358,2
560,0.695643715739716,0.82407869331073,0.527925054938532,3
961,0.681235820166259,0.381138571019156,0.768498126357665,5
174,0.730696109854616,0.73775013491977,0.330310416920111,1
294,0.75738039683085,0.527495020092465,0.509323738911189,2
1016,0.684559077534151,0.375409750155094,0.77239967536665,5
108,0.724530016891659,0.787796329380944,0.23859753056895,1
1244,0.682302065058858,0.324118209158075,0.778312445211857,6
820,0.681878039499423,0.346330358090821,0.762778863962186,4
286,0.759722649853211,0.441402800637297,0.254379509179853,2
851,0.67701176459351,0.350100469233977,0.758636491492783,4
173,0.733204097948037,0.521002763323486,0.448612913768738,1
937,0.67967946623345,0.380503255000721,0.771784395442589,5
645,0.702175430105999,0.71148850270547,0.240137577219866,3
503,0.694331182490569,0.554137831693515,0.108791629830375,3
165,0.729831634010188,0.552963244752027,0.15215598854702,1
54,0.725321199046448,0.702816658420488,0.995389005634934,0
147,0.731560027685482,0.839741922356188,0.385412550810724,1
545,0.695771349181887,0.765453462395817,0.182999841682613,3
1191,0.684379862655355,0.318564380969912,0.762625551607931,6
533,0.696250352489296,0.469050657376647,0.333664059103467,3
1064,0.678107488318828,0.318305558761328,0.774059433151818,6
576,0.699544557728805,0.850754798180424,0.389535244484432,3
764,0.677320304203388,0.357692545394434,0.766263774948529,4
933,0.678585278957107,0.383229707049492,0.761351161391876,5
489,0.697482241839171,0.844889287627302,0.435487335012294,3
1163,0.686516705178672,0.318505462637355,0.773020858028731,6
464,0.703811749594752,0.479856708226726,0.199384460621513,3
1189,0.681149504049513,0.311104373455802,0.767533225257111,6
96,0.730675963182002,0.745789726055227,0.12387422255706,1
481,0.696115995761938,0.799433057801798,0.102253085630946,3
839,0.685692489322015,0.35227097116282,0.761001250081212,4
370,0.763146005370654,0.592342582438141,0.368300508405082,2
20,0.910573071334511,0.986851733643562,0.140276707010344,0
1023,0.682182233567971,0.380386430457954,0.763681698617374,5
879,0.688258659773085,0.378012909583321,0.768659222307077,5
110,0.732151474433486,0.525651825964451,0.498840383184142,1
838,0.683686081193299,0.350321974042864,0.770148507565298,4
508,0.696611582094338,0.590734520833939,0.0747638798085973,3
354,0.757384124426171,0.747226945729926,0.52370407320559,2
634,0.696443203161471,0.832158876489848,0.420127871958539,3
1160,0.672381321253395,0.324462339576608,0.765674341578165,6
1262,0.681381381503587,0.317589005382012,0.766903027486668,6
1187,0.677419806046597,0.323161438439936,0.765020853751549,6
834,0.691943372540485,0.343974782430041,0.762601536227022,4
538,0.694955142862164,0.453069318691269,0.320154593721963,3
620,0.696478012613952,0.492578084371053,0.201525881118141,3
53,0.428005449473858,0.83097996446304,0.378732717363164,0
1009,0.672655459564204,0.380107340700187,0.76183198046871,5
81,0.730061957610306,0.459609896899201,0.447320440132171,1
606,0.702036593751982,0.904660197230987,0.0669288761448115,3
623,0.698108788689133,0.591331096738577,0.080813877331093,3
1141,0.688132702777143,0.321551757819563,0.756515109625946,6
918,0.675538735292899,0.379898315616771,0.769071674630269,5
395,0.762806882115547,0.617194911371917,0.231762664904818,2
798,0.679293090091597,0.34451091879955,0.770190259754401,4
466,0.697545639739838,0.517657908168621,0.395506448158994,3
885,0.681637657200969,0.384937819277987,0.768725712355336,5
206,0.72710353391245,0.488969322666526,0.103977430076338,1
578,0.694410069063306,0.893059632880613,0.177212665602565,3
756,0.685191717233008,0.358377731985722,0.764453932137908,4
874,0.672073565936279,0.383341874947405,0.768839415713527,5
1089,0.686602152768946,0.327471618147162,0.770059071060726,6
1221,0.676967823153192,0.321479209061815,0.770064452481692,6
