1042,0.830132032792226,0.316659557600476,6
1115,0.800826200676357,0.299933593140028,6
613,0.714475712122566,0.89070076834684,4
1128,0.812708119932235,0.291296689776088,6
163,0.916589061105732,0.16197539922932,0
701,0.6891492338913,0.906563032897472,4
1387,0.477642332436517,0.275463226716965,0
1225,0.516067312564701,0.490250660805032,5
1238,0.243968337774277,0.26954871090129,0
531,0.20236183804227,0.112739464640617,3
457,0.201844353494234,0.800137928500772,3
1394,0.500006152782589,0.176343893632293,0
1340,0.682394815376028,0.0166696377564222,0
211,0.777261484365076,0.211669189050446,2
1086,0.830605447539022,0.308504528646797,6
1107,0.766556305229258,0.28707099290665,6
72,0.903770042559558,0.204778088987933,1
151,0.888484672491946,0.200761087895243,1
474,0.200364666926907,0.387342172302306,3
919,0.524995591472834,0.488024403844029,5
172,0.899046342320794,0.201456006602693,1
1442,0.613572628237307,0.480449825990945,0
1379,0.399245677748695,0.120537973241881,0
1307,0.791665809927508,0.911743779666722,0
178,0.908668921241871,0.204468748717106,1
801,0.518646861240268,0.456651248112321,5
1214,0.694126930087805,0.797261019935831,0
1467,0.880335776833817,0.295957405585796,0
354,0.787217213008524,0.1722625691794,2
593,0.200384242514847,0.561015091836452,3
981,0.543346962630749,0.53033690623939,5
428,0.202938207102707,0.251501169428229,3
277,0.798593158150089,0.17096603547396,2
1163,0.846172206550718,0.343422891011735,0
1342,0.617218337487429,0.73198063718155,0
976,0.449012618837878,0.480542384814471,5
341,0.818992507421698,0.195897139256295,2
435,0.204030503706308,0.422408359311521,3
835,0.508295634668321,0.444405935108662,5
1113,0.780279552180326,0.296213359383505,6
975,0.473420023135841,0.532909639691934,5
85,0.901504217409489,0.177321773364735,1
448,0.202515888245543,0.295949095115066,3
680,0.713768444235398,0.902406062512639,4
88,0.879491454610741,0.233706440333712,1
153,0.924415239517317,0.218422766887596,1
229,0.769487124963369,0.227008386542837,0
176,0.915179680644806,0.204975170604253,1
24,0.907467556718878,0.20697659565972,1
101,0.89753277788848,0.18192212050805,1
1343,0.329811753472313,0.118629919132218,0
910,0.483693534852937,0.482994308583438,5
1244,0.109112665755674,0.90051985043101,0
694,0.684488152724533,0.896411928640747,4
685,0.683641538182144,0.890830754274331,4
512,0.200711690920871,0.720440476574004,3
1017,0.782486181217985,0.276190026386624,6
669,0.699033841436198,0.900790809994722,4
473,0.20473366253078,0.171204544790089,3
1220,0.118191418237984,0.663046417990699,0
872,0.461934478832409,0.530536780571565,5
1044,0.817416805157889,0.292001713312702,6
1411,0.406585692428052,0.576020334614441,0
1245,0.0559438958298415,0.0185287573840469,0
31,0.886200171532019,0.23263413661125,1
585,0.202451243834803,0.512326007336378,3
79,0.914233450670916,0.193322253092573,1
320,0.773793685477733,0.223673158833111,2
76,0.891091689112328,0.171082981217953,1
739,0.697581929456008,0.901557891397409,4
309,0.813179844615748,0.221399903888901,2
42,0.919855991054927,0.178902073548659,1
967,0.510662211077288,0.555977272232995,5
699,0.719187491596259,0.897799440927182,4
525,0.200935894044815,0.126485406048596,3
1366,0.195089127635583,0.851646848022938,0
209,0.79240441738817,0.215130280924697,2
511,0.204510634887265,0.401259196735919,3
532,0.201980076803593,0.117867304757237,3
1401,0.124550856649876,0.331419089110568,0
1126,0.785065713289284,0.288786681010414,6
1255,0.445389392785728,0.709601796464995,0
588,0.200289967298741,0.429565591178834,3
476,0.202222350143129,0.231294893287122,3
143,0.932632604979459,0.196819020158292,1
156,0.919220277716245,0.219744840553563,1
1253,0.324805794516578,0.926400812109932,0
1106,0.796299821521946,0.297797295715132,6
259,0.836712872537703,0.218204707049099,0
779,0.683566922957502,0.895550876714911,4
427,0.202612118730322,0.177869072556496,3
1414,0.690875289030373,0.375072649912909,0
459,0.200204562525032,0.356188149750233,3
419,0.202974869708996,0.704199072532356,3
1178,0.822050174110916,0.290585244772237,6
736,0.693698010494215,0.881505146358986,4
901,0.489461600389332,0.494301666673273,5
175,0.896093737715503,0.196747985565775,1
86,0.872812043719568,0.222050006871902,1
1355,0.486971948528662,0.411641171202064,0
1072,0.809894263530858,0.308184801089603,6
1455,0.340233379276469,0.90653830091469,0
837,0.54919411807321,0.516598172308877,5
711,0.705499371006102,0.896154206652589,4
792,0.689121125000307,0.907820000166579,4
27,0.912805639714977,0.217560472270845,1
1230,0.470588066847995,0.413162635872141,0
1453,0.657043238636106,0.0495779234915972,0
267,0.797856905671383,0.198800182323142,2
1408,0.826135536422953,0.545737365959212,0
926,0.543781094700098,0.557698323186487,5
193,0.909952815341465,0.190480579600515,1
861,0.500107916556299,0.48217806186527,5
166,0.912233578511794,0.20837790702217,1
1291,0.061213219538331,0.111783867236227,0
1341,0.128713423851877,0.0810547978617251,0
58,0.924125802451538,0.189894914883741,1
765,0.698740220462123,0.895829192066064,4
417,0.20239529822953,0.642156297154725,3
113,0.898092434215273,0.197605941956906,1
386,0.774719090692595,0.207666404750048,2
517,0.200228153931675,0.38628720138222,3
690,0.71078721557086,0.893332258457833,4
876,0.505347243873402,0.553362193405628,5
641,0.696536215250851,0.900350839612167,4
447,0.204732782415813,0.280976925604045,3
724,0.705025749319308,0.909592485690813,4
1094,0.785236369163026,0.306364450595969,6
1162,0.782094802520667,0.292800358993503,6
1259,0.264041316695511,0.820313596632332,0
315,0.789558287667689,0.227098200713323,2
1456,0.773925590328872,0.682520315283909,0
776,0.672143692770134,0.898606900174981,0
149,0.878231208549335,0.218876530353658,1
168,0.898872282561083,0.184353797769306,1
1488,0.756452471483499,0.558979052118957,0
393,0.820840162653566,0.198697477360198,2
646,0.706553293938335,0.900499651528957,4
119,0.921429809480859,0.205860052720135,1
91,0.947468682741118,0.212424407126267,0
378,0.816433839780863,0.227867477599737,2
486,0.202783501031809,0.164578779600561,3
357,0.794946852149476,0.186079868188428,2
1051,0.787380049516217,0.284597869084068,6
832,0.548206940796226,0.477756710872054,5
1197,0.81848364570561,0.328024869983627,6
933,0.486268804501742,0.484273417266086,5
577,0.201216926577035,0.515203898772597,3
399,0.798363476482554,0.229819723601544,2
842,0.549635878484696,0.508191622737795,5
682,0.703611334484493,0.905571806792155,4
61,0.906620503025659,0.213191825115375,1
1260,0.798431789269671,0.988473090343177,0
1275,0.655756937107071,0.876721232431009,0
173,0.919033875424704,0.192974126224272,1
664,0.717439961580267,0.891602685967816,4
1189,0.831403905983051,0.302079915362103,6
1012,0.767717136602532,0.287040140486423,6
454,0.202752009381074,0.445895701274276,3
787,0.70284493339324,0.909055674791122,4
20,0.880675067597025,0.207907869843956,1
390,0.815959209024583,0.183807260632144,2
1265,0.517846449743956,0.229824590031058,0
731,0.69960474275269,0.89892653024953,4
547,0.200504782400094,0.40387236662209,3
100,0.900907737934525,0.216293405478046,1
426,0.202557939121034,0.495778278633952,3
294,0.7864462551246,0.206709731672297,2
321,0.792948424784843,0.227733727044758,2
415,0.201023328048177,0.849235837906599,3
1304,0.754801291273907,0.627922797342762,0
411,0.204723584996536,0.793515186756849,3
1118,0.773363469012004,0.327216850987509,6
1359,0.529982544016093,0.554747197078541,5
204,0.820543051036783,0.193432488502318,2
849,0.467822818057612,0.539697093153372,5
1281,0.169214429100975,0.395489286631346,0
624,0.695511821106946,0.906331113723258,4
383,0.787153336102169,0.197257021218743,2
1358,0.63497406267561,0.173988498281687,0
1151,0.804348555873254,0.281970378748402,6
608,0.684652326160398,0.907918939164132,4
1073,0.766975027438378,0.291265477164527,6
982,0.490874184928834,0.488869704389945,5
145,0.898557562143196,0.233599443545836,1
904,0.522861025528982,0.520486743887886,5
213,0.768600323500768,0.223292692168589,2
1416,0.730890466365963,0.666342485696077,0
431,0.202783827240346,0.559395714849234,3
1266,0.575984511291608,0.947465996956453,0
1404,0.0127470083534718,0.170806913869455,0
480,0.203661600429332,0.218705449812114,3
1226,0.813831518637016,0.487880117958412,0
155,0.914502874380953,0.246844519660692,0
1317,0.271517105866224,0.824529929785058,0
108,0.885642939071123,0.145708630008305,0
1171,0.823350035572729,0.303743105248139,6
1283,0.591189031023532,0.742705040378496,0
645,0.690986965480102,0.871872741103348,0
485,0.201680049361894,0.214855201914907,3
1152,0.778377505198133,0.298998092201836,6
221,0.832301610192255,0.193194584639028,2
32,0.921443373918607,0.203084531856205,1
1155,0.784829733541592,0.315361125207722,6
257,0.819094553888415,0.178687904998756,2
693,0.700931661323214,0.894566852521729,4
603,0.728581818774197,0.918806605874195,0
1222,0.271904536755756,0.217256471049041,0
194,0.880236286354896,0.19214401719099,1
326,0.812675014390256,0.196181364250963,2
615,0.707234985190427,0.900901230134724,4
1049,0.784280670989775,0.32159947716044,6
1026,0.794017113868128,0.29730141363772,6
391,0.810606620821086,0.189987274871636,2
302,0.768825293597665,0.240543128710491,0
1059,0.831055483147155,0.302706727807365,6
541,0.202917885677889,0.235422984883189,3
1132,0.805966126813708,0.270644446971458,6
536,0.201629279068438,0.600400304794312,3
249,0.800356841682229,0.178775831560145,2
704,0.689419230413956,0.892965148035814,4
599,0.203354861281114,0.463125283829868,3
179,0.884813054759425,0.178294660133185,1
1065,0.801447043182208,0.299169390989729,6
853,0.471394375888631,0.44303179548122,5
522,0.202391658473061,0.887592728063464,3
216,0.804441721117046,0.197587559689992,2
778,0.72320941738018,0.886501371931611,0
1440,0.801801552996039,0.399342571850866,0
1016,0.782245565602069,0.301217998824496,6
1095,0.814601693595972,0.320094396193652,6
487,0.200540128984721,0.300408697128296,3
937,0.451583299310878,0.495533519191667,5
622,0.704060696402902,0.896132741955325,4
434,0.203289248049259,0.827430296130478,3
127,0.920883326979409,0.22950696353087,1
1372,0.481155592249706,0.766386832343414,0
174,0.891931656135356,0.200981395270205,1
1009,0.843357368510914,0.292011754994379,0
605,0.706624578367512,0.902271952316784,4
169,0.893740056498507,0.213990997322694,1
674,0.709737997985231,0.910187829416288,4
1438,0.036886241286993,0.307426615385339,0
746,0.692234310000599,0.89116040675061,4
478,0.200938320332207,0.753497514501214,3
130,0.901097005089941,0.214297017379675,1
1333,0.285274472087622,0.20724916132167,0
1046,0.791402972797595,0.305351604108266,6
1112,0.788895187155018,0.278087574439061,6
1354,0.148107926594093,0.142820130102336,0
142,0.88985240576984,0.196014753372022,1
1315,0.917847677133977,0.0418093907646835,0
1417,0.0869692354463041,0.513250750256702,0
1492,0.677097066771239,0.257210995536298,0
377,0.830305117976889,0.209161580703154,2
1309,0.996014433912933,0.588579118950292,0
1185,0.830203004840354,0.303301412771768,6
1410,0.747235711896792,0.16845951648429,0
455,0.202271880359622,0.866193019598723,3
190,0.898133498569328,0.177350608236839,1
1240,0.994868611218408,0.633073643781245,0
1329,0.178877244703472,0.1626736598555,0
224,0.831292879068575,0.230516998655019,0
260,0.795150887472516,0.173358913794557,2
1336,0.696131458040327,0.973470848519355,0
35,0.871718058081418,0.194138062708872,1
310,0.752306587761168,0.197629615947939,0
68,0.912548060770991,0.212557406380215,1
805,0.52495535235852,0.48958649482578,5
524,0.202051526511787,0.738864472694695,3
1386,0.739626123802736,0.786576230311766,0
1426,0.0403693034313619,0.04392119939439,0
186,0.878197395483314,0.218451725643513,1
466,0.203808349302271,0.356124394573271,3
1298,0.416590799344704,0.996050546411425,0
66,0.898999920634418,0.164699777145084,1
343,0.77126855387072,0.221118202101216,2
1099,0.823057568306429,0.312203493232298,6
594,0.200859793659765,0.119852136820555,3
660,0.721633447988987,0.911556940045654,0
882,0.46740989279002,0.501900736046955,5
147,0.875857758848966,0.180237087492696,1
281,0.810785174734006,0.192602323516596,2
1389,0.290034181671217,0.358709851279855,0
1108,0.817631482710304,0.302709496537987,6
1432,0.667846717173234,0.873249646509066,0
1272,0.69092563400045,0.100424322765321,0
672,0.664520679833459,0.906668198569176,0
1330,0.907909686211497,0.990344480378553,0
15,0.882318614570685,0.199036408007559,1
913,0.53307842252776,0.4953815524932,5
1454,0.0445596873760223,0.506405672058463,0
972,0.479709977814928,0.444961169809103,5
740,0.696877038002289,0.887513991038283,4
1258,0.510941692395136,0.506477535935119,5
235,0.798543365286367,0.207094352667355,2
829,0.534890614943579,0.545242063887417,5
1321,0.822065483545884,0.306446149013937,6
134,0.873667761925386,0.197463927819878,1
687,0.702426401290647,0.91177250418331,4
579,0.204925987509778,0.448435078561306,3
96,0.892049528248515,0.200345377732949,1
398,0.796526727837308,0.193108899762039,2
1381,0.0346400868147612,0.469134556129575,0
730,0.702904217608681,0.911057579691162,4
47,0.897131740659752,0.171256341147462,1
95,0.90849625526086,0.191702356812256,1
382,0.784851690543085,0.195003690234566,2
1268,0.396625361405313,0.16120110778138,0
429,0.203068024981767,0.532692543230951,3
653,0.706417382459117,0.893378293351955,4
824,0.479585911929607,0.471007078010589,5
245,0.793878180607889,0.161195771361936,2
293,0.812929190424096,0.183679982761023,2
781,0.686342149213437,0.915940119374691,0
821,0.510751029634848,0.494444365557283,5
422,0.204209706119727,0.538412427902222,3
1172,0.800453728163571,0.306065815940998,6
508,0.201839208406163,0.298330501653254,3
858,0.508434245306999,0.486068240394816,5
984,0.521094001624733,0.470994010763243,5
640,0.673991033120638,0.901956261892623,0
432,0.201884475050028,0.41184398457408,3
1337,0.703035700833425,0.747021097922698,0
852,0.473517729137093,0.4743899572175,5
748,0.728020024394994,0.904046059831695,0
916,0.479796655606478,0.487312393188477,5
497,0.201097219216172,0.500179525464773,3
616,0.70551971326247,0.89936360922037,4
874,0.488853528909385,0.517286636438221,5
947,0.505372899901122,0.544268566798419,5
189,0.911617085247032,0.214945478757865,1
1200,0.812407028931675,0.303071074984306,6
208,0.824047449183385,0.22188690619801,2
93,0.925912365752446,0.19988713544991,1
1305,0.12690907693468,0.134525341447443,0
880,0.481607943251729,0.473613193454221,5
55,0.859415237212573,0.214602783597792,0
1289,0.72308895457536,0.856331419665366,0
322,0.79392677800209,0.177291373144945,2
183,0.916409366568482,0.19355078933826,1
609,0.690824442456341,0.896794543197192,4
709,0.710938157488034,0.895790943703959,4
1039,0.795166213799449,0.294170686160208,6
318,0.817243070884076,0.157345269072278,0
1117,0.823234818134563,0.303136195979647,6
364,0.794652297839615,0.225793851612097,2
825,0.440725105870515,0.459099043207243,5
990,0.479960999358445,0.442373763443902,5
347,0.775658531625755,0.184770270380416,2
200,0.898482630854832,0.217026109214636,1
148,0.917121229324344,0.206067983126683,1
424,0.202515106493374,0.335711329430342,3
295,0.760552486435397,0.183439563622104,0
246,0.779859494385966,0.205436310432955,2
719,0.695208617307039,0.897382606773356,4
538,0.203533683079295,0.80957998726517,3
313,0.817958141329874,0.208695638206124,2
1098,0.813843578392723,0.296590573444018,6
219,0.814220241153835,0.223712750360642,2
1296,0.00758165447041392,0.366073192795739,0
1166,0.825893203906271,0.322113896957374,6
154,0.897221246026996,0.192303197685446,1
234,0.811878309716251,0.192447106600159,2
292,0.759996694384171,0.185920614576886,0
433,0.20359120239038,0.138719422370195,3
583,0.202827147388598,0.265924305282533,3
199,0.932148255363621,0.178887657500084,1
1068,0.790276458257405,0.277542081153582,6
1111,0.808100379220501,0.324044127358505,6
1422,0.340176342986524,0.42169193807058,0
450,0.200183473733487,0.154928315617144,3
1,0.874479653102584,0.155095629686012,0
879,0.52308560339734,0.557861316362396,5
527,0.201867709127255,0.46790129262954,3
889,0.474591931328177,0.547490390110761,5
212,0.83156665865805,0.209668012568673,2
878,0.50030193252489,0.551278365524486,5
1131,0.811995864509067,0.29371058524563,6
716,0.703328984557459,0.903874124534447,4
1038,0.807687761354087,0.293445164025548,6
443,0.200908815946896,0.552978904545307,3
896,0.517805977314711,0.514348917873576,5
1105,0.794267509030029,0.310801997833332,6
1043,0.794169407991995,0.287216685189177,6
1232,0.181603838922456,0.76145453308709,0
1077,0.832318484181659,0.335035892568946,0
934,0.542651802869514,0.442906918562949,5
1292,0.564911216730252,0.311095010023564,0
666,0.692476548356385,0.885235437577294,4
962,0.502481366014108,0.55859813708812,5
1014,0.815933606732208,0.302848898534483,6
495,0.200053978661308,0.594086746498942,3
1195,0.787439727404774,0.307032418265446,6
37,0.935291939767569,0.184578981050175,1
1199,0.768007787455936,0.305084869031665,6
710,0.699886701441422,0.881281935066962,4
202,0.817301610955812,0.206489509133918,2
1234,0.0221402747556567,0.484176273690537,0
230,0.793081393743599,0.178751204294287,2
1247,0.0852673379704356,0.982797803124413,0
48,0.879342160087282,0.181746163407102,1
656,0.684927451605894,0.90798166514694,4
1119,0.780422897330774,0.317636796434961,6
1365,0.0763666110578924,0.292765045538545,0
911,0.469790377821773,0.467289035944268,5
1462,0.125654727453366,0.0497339023277164,0
537,0.200179376893211,0.876821315847337,3
1277,0.0735241745132953,0.271461440948769,0
498,0.204510865081102,0.623144466802478,3
1445,0.17399724945426,0.294208461185917,0
1344,0.465656157815829,0.335930712986737,0
1192,0.778712369623015,0.316532452718977,6
370,0.81140362554732,0.211164363465727,2
136,0.91617692174112,0.203730694960181,1
1019,0.821335171492495,0.329407673842623,6
642,0.712205198036952,0.892289683379387,4
1125,0.803562326461498,0.284471932081378,6
670,0.69893349328473,0.893771926314856,4
661,0.684846952430307,0.900255969240749,4
1364,0.228440500097349,0.207029645796865,0
62,0.914969532124128,0.216892077240146,1
584,0.200490717968205,0.777278729900718,3
1169,0.788114051352209,0.298175580203684,6
268,0.810559946775692,0.19607719172596,2
813,0.554970251582563,0.46884533058852,5
41,0.898591100745349,0.189833694493279,1
1424,0.430013395147398,0.0461262126918882,0
67,0.933688089837461,0.189796083411919,1
340,0.801872329587051,0.208897894055523,2
1076,0.795259804112994,0.303404621236334,6
948,0.48047492175363,0.443749264013022,5
942,0.467906646560878,0.472937160916626,5
510,0.203390213126549,0.577901826426387,3
418,0.203504623395856,0.57557707298547,3
135,0.891690422283301,0.185351242448996,1
4,0.875632777067484,0.21444504790865,1
307,0.776296616067259,0.167442678764869,0
329,0.788098978353726,0.214114472164762,2
1029,0.802514139850825,0.260188393177309,6
509,0.204597083677072,0.696159705892205,3
788,0.699793624550527,0.88391073519422,4
729,0.687448420801287,0.888035540838784,4
365,0.813917634463199,0.19198367100517,2
684,0.691814669398483,0.886455729095361,4
1402,0.800645310198888,0.226402221014723,2
775,0.686572503199068,0.896097818069529,4
979,0.525928176129237,0.450770359225571,5
493,0.204165671711089,0.338555235043168,3
1032,0.833588319195424,0.307187428746575,6
1186,0.832862002242741,0.31957870398175,6
1398,0.488418423105031,0.207456706790254,0
1346,0.214998805196956,0.0759885502047837,0
586,0.202327939989045,0.162029224261642,3
40,0.894730261696465,0.184017000818429,1
1153,0.826461442266738,0.288142037086189,6
688,0.701470272816756,0.899311922718142,4
1022,0.783573130167554,0.285140954289068,6
1460,0.369641150347888,0.230631439015269,0
1047,0.785178738948012,0.277551236025708,6
1350,0.46077352645807,0.595132163958624,0
867,0.446530924951658,0.5571121490933,5
565,0.20237551792874,0.236231756582856,3
1375,0.996206725714728,0.591728743165731,0
700,0.6981545929485,0.904798127136282,4
407,0.201918157269247,0.38875469211489,3
604,0.709807215794333,0.895064415534845,4
722,0.694292064281937,0.887717747451611,4
908,0.48794633295387,0.499782834751532,5
64,0.912310220732253,0.171913707308207,1
1109,0.788786874732458,0.28803404365134,6
1313,0.830919825704768,0.614628233714029,0
165,0.91198089849039,0.193548204465808,1
1161,0.783199078080382,0.276963693051303,6
227,0.748543928820806,0.207501390270479,0
841,0.507300466224551,0.486701303916052,5
1357,0.820620194077492,0.878676068037748,0
799,0.689069743961978,0.886419131895232,4
1058,0.769339166089718,0.299281264712121,6
1311,0.511285944841802,0.95032887510024,0
617,0.659164883557583,0.887476573796922,0
633,0.674836893695268,0.900791401902306,0
123,0.923443700209039,0.214267497622347,1
992,0.531578910835087,0.496335761370137,5
104,0.875517202870864,0.177154955202229,1
452,0.200215872926638,0.308731919713318,3
57,0.866081137664648,0.217208799312075,1
863,0.505349257793278,0.540261314343661,5
1229,0.674765097908676,0.115893017034978,0
936,0.487232430418953,0.442623931709677,5
868,0.463117400147021,0.505097252689302,5
822,0.454114056220278,0.454547726558521,5
361,0.847354309600932,0.190561001662532,0
105,0.872826320847614,0.195401264330733,1
1145,0.821859263874866,0.284108470291414,6
917,0.542693916847929,0.442082245824859,5
1121,0.828756719688734,0.280584276023575,6
1391,0.916970551013947,0.87655663327314,0
408,0.20457981845364,0.717548140883446,3
77,0.887104114203851,0.194032220083077,1
961,0.483457985240966,0.497821126142517,5
601,0.695322060397692,0.908764033189655,4
563,0.200321760589723,0.399830837547779,3
39,0.894925711318776,0.231033564751664,1
1477,0.124448899179697,0.526894566370174,0
1096,0.810311345197876,0.316195228658933,6
1451,0.174190917983651,0.650799873517826,0
1168,0.789049713211918,0.329317823734896,6
1140,0.825602284473043,0.303987918189733,6
240,0.802386979061601,0.228948521575431,2
530,0.201740325244609,0.541134520806372,3
1431,0.47200190462172,0.24879164644517,0
1500,0.872592747677118,0.321141290711239,0
840,0.522838747715577,0.557649309588596,5
491,0.201008658546489,0.224195792339742,3
1198,0.796181225560502,0.282249831423424,6
848,0.476373266465962,0.448175814328715,5
1396,0.599831999512389,0.930857005063444,0
248,0.765987457250253,0.175585187655424,0
750,0.708850903908965,0.895600303098131,4
928,0.529652777649462,0.467830393845215,5
834,0.472294685076922,0.460460661053658,5
1282,0.901160078588873,0.258058673003688,0
1175,0.820625468584228,0.308385745362659,6
51,0.922294814248432,0.226614506621974,1
1160,0.824648437819414,0.307211609244048,6
414,0.203292929690797,0.657099199295044,3
1110,0.779959034208445,0.290273362257652,6
201,0.840348341924913,0.189747117932903,0
795,0.706647312280202,0.894142606067599,4
374,0.784944897584065,0.200593777686107,2
1335,0.681954414583743,0.110154130728915,0
964,0.448586837071925,0.522066788598895,5
793,0.694785761574356,0.89735527462611,4
783,0.715353209404812,0.895682173539676,4
894,0.491743979211897,0.545647780494764,5
1319,0.00384541763924062,0.232786820502952,0
1469,0.478514875983819,0.936901740264148,0
1202,0.0154419306199998,0.833647079532966,0
502,0.200036877008388,0.299563687294722,3
280,0.770605557505744,0.215348437894691,2
812,0.531746989535168,0.512470267834142,5
1479,0.439317394513637,0.408923905109987,0
935,0.51578443239443,0.478662039255723,5
800,0.707183498777825,0.913488079920396,4
596,0.202197154507739,0.848684851452708,3
236,0.762572679017196,0.186186229944166,2
1183,0.796592150897727,0.295625364223568,6
1008,0.799670750302244,0.291178061261063,6
610,0.700413405095799,0.901835592005515,4
1196,0.792221025238629,0.309893621972437,6
543,0.20041263683117,0.749729469232261,3
808,0.47113134117797,0.442851035436615,5
782,0.706125108677479,0.900004723128685,4
856,0.508751714555547,0.525843505607918,5
1448,0.907640275545418,0.545923274941742,0
923,0.453930313335732,0.523165135420859,5
273,0.796212081350591,0.191538561149883,2
140,0.903989304093321,0.196903347645742,1
991,0.477086103633046,0.536721246428788,5
1079,0.790287370289125,0.311422305671953,6
794,0.684162956008153,0.920361732917206,0
875,0.450132201239467,0.526369419069961,5
52,0.894735472348701,0.1833929195284,1
504,0.201041587116197,0.305297594517469,3
22,0.858922200066629,0.177497354294642,0
264,0.808695717710085,0.192986831481354,2
855,0.493367191618308,0.54302702376619,5
780,0.715570409252457,0.912564821251057,0
568,0.203495437609963,0.155758227966726,3
25,0.900769228471235,0.211911816102021,1
1312,0.108492678264156,0.468589713331312,0
773,0.700307848689714,0.915644775160407,4
550,0.202698784657987,0.882975557260215,3
181,0.919333225267769,0.150913519334158,0
1174,0.774332465516177,0.303535923532372,6
747,0.697885576936896,0.912815873078949,4
387,0.773863647912768,0.187709175370849,2
807,0.545691011082381,0.551978530399501,5
312,0.790219418738651,0.210480989637264,2
1495,0.67510140221566,0.47327113780193,0
637,0.70471940022704,0.900705983956963,4
891,0.477434562202543,0.535193568635732,5
1257,0.19228380615823,0.599878638982773,0
1248,0.322004010202363,0.51426515285857,0
1345,0.568452674895525,0.0331425555050373,0
1181,0.797844782604653,0.282137294613488,6
1136,0.813034221479264,0.28316293984698,6
125,0.865275326918996,0.227935329715001,0
1461,0.358864066656679,0.780581519240513,0
854,0.45850762215443,0.521003234023228,5
355,0.775745494490849,0.18616779772969,2
256,0.779396474311188,0.176771074178335,2
346,0.787308105761434,0.183977225641721,2
366,0.808698418472196,0.208993408820608,2
1093,0.801770556571173,0.331657597416052,6
1048,0.783845656397969,0.301723670043452,6
69,0.883299412017311,0.205622321439288,1
542,0.201422138639027,0.552921526134014,3
371,0.806273447101829,0.228741056667543,2
342,0.807911444077134,0.196736552714905,2
362,0.793136341113189,0.171787971079257,2
696,0.691073426670609,0.897888317941028,4
425,0.201304593135137,0.523674989305437,3
1388,0.340544223086908,0.395577863091603,0
712,0.702564770228543,0.900329898951023,4
890,0.55088571222499,0.509747334253043,5
118,0.89222541457557,0.19208419486745,1
897,0.48021212936379,0.524591624755412,5
753,0.688746791148021,0.901020023514843,4
597,0.200549238604726,0.552820841409266,3
774,0.714055614069124,0.895912165552505,4
1221,0.82779365638271,0.98634237376973,0
1310,0.679057293338701,0.362725047161803,0
546,0.202748240535147,0.736644450575113,3
403,0.202952435998013,0.806351722590625,3
658,0.687584752568102,0.910018153396662,4
1288,0.963141532614827,0.588715408463031,0
60,0.88551871207349,0.169979175344926,1
5,0.898958157181885,0.181741821697455,1
1063,0.793289787012387,0.272940215532136,6
356,0.77946350066276,0.208418077933721,2
791,0.70127404967406,0.879280953365651,0
1267,0.822141607291996,0.234303028322756,0
796,0.69138832875726,0.894570909790625,4
738,0.699667021132783,0.9138433174347,4
81,0.902029827026569,0.184151583948672,1
291,0.787634602785211,0.197681555028213,2
470,0.201703626373783,0.681274479813874,3
1069,0.826810865926497,0.277006280211193,6
1023,0.816535513235158,0.319060086896942,6
899,0.455150695275515,0.556258734473959,5
1308,0.859067880315706,0.598674207460135,0
120,0.895796417362282,0.187084604583271,1
692,0.703656194403883,0.90385624603911,4
702,0.707394221233088,0.897606417195976,4
116,0.857655037451053,0.236202341765891,0
99,0.884999129229272,0.182728482693815,1
860,0.529135382240638,0.508422154271975,5
1120,0.80763584403359,0.304479844005945,6
1494,0.536460591014475,0.915828794473782,0
206,0.827211273375033,0.227220595113582,2
1474,0.298172182403505,0.741329928627238,0
655,0.703353925402878,0.901819190313746,4
826,0.539226830080152,0.535582222314552,5
1409,0.2671042913571,0.142372415866703,0
789,0.697617007618325,0.8974658298581,4
552,0.202806539789308,0.262257121503353,3
380,0.761369008529613,0.208237250399596,2
1104,0.827633221172317,0.279464779669633,6
1180,0.803034587201283,0.318847870226517,6
122,0.891695993277071,0.202680725520121,1
659,0.706403532641541,0.908534902618019,4
703,0.69347391445104,0.909006647803284,4
999,0.49647037669085,0.531732118837535,5
205,0.808645387458771,0.228410581716841,2
553,0.202825860957382,0.269892592169344,3
344,0.820894317428037,0.213389803171366,2
171,0.909911567981163,0.189809592283586,1
11,0.903430959219267,0.206540041531526,1
989,0.451476736962795,0.447568218102679,5
611,0.684071251042802,0.897143414223994,4
909,0.554818378509954,0.493674496077001,5
627,0.685770729698939,0.901343992324554,4
857,0.446992047140375,0.52042488466017,5
717,0.690185697250864,0.920449327293771,0
1191,0.815767424935249,0.30000774595964,6
1143,0.76726602717005,0.332121486297657,0
1075,0.803159393396701,0.316114524950078,6
28,0.902211618632088,0.217485486486302,1
1361,0.654647438786924,0.663516758475453,0
1088,0.783045790354161,0.278956168697405,6
629,0.694753222778567,0.903485187537755,4
1269,0.065173115581274,0.283363757655025,0
182,0.864011139938843,0.207762468506309,1
1489,0.316467011813074,0.149196860380471,0
129,0.888338475843201,0.195199408446097,1
1122,0.813703412768894,0.275828418282099,6
330,0.81551663367283,0.232806899641081,2
727,0.685187676594681,0.90090709894765,4
203,0.826229813817571,0.20348940069148,2
1005,0.820510608102044,0.284861559632371,6
570,0.201487836699234,0.164090145751834,3
1212,0.94412482297048,0.782670644344762,0
444,0.200219558373792,0.80967274568975,3
1194,0.748423803478941,0.283052649344651,0
333,0.808258252630957,0.175294439190548,2
1436,0.237399951322004,0.631981275044382,0
1254,0.0917853929568082,0.590343428542838,0
275,0.823186032130774,0.201161510167039,2
1303,0.191220171749592,0.953501637093723,0
34,0.888612034069754,0.213192816603099,1
1473,0.755158871645108,0.579050166299567,0
900,0.474175845440477,0.494429345522076,5
1306,0.241191445384175,0.421320158988237,0
308,0.777858578411731,0.212364929697065,2
332,0.799677912375955,0.181061448809498,2
1471,0.538886844180524,0.759391112718731,0
931,0.533711942471564,0.484657116653398,5
109,0.917295209948579,0.228548772658803,1
367,0.811592588975709,0.175061051652965,2
1482,0.903355117654428,0.117714896565303,0
766,0.70337855138543,0.895240742910536,4
405,0.200062674439978,0.375350327417254,3
905,0.46042078319937,0.488666291413829,5
1421,0.197328178910539,0.791463964153081,0
877,0.475250616790727,0.485058237826452,5
1468,0.720216698478907,0.303013038588688,0
1384,0.634507524082437,0.975372165674344,0
74,0.85294198687758,0.203104680247901,0
768,0.700484147552495,0.893740977702664,4
651,0.703265452775495,0.890838994728032,4
559,0.20109648020356,0.226399624347687,3
1003,0.821281890529192,0.320845492359684,6
1378,0.538770616054535,0.328142000827938,0
574,0.202031509212684,0.770997492410243,3
460,0.203056394157466,0.651805003546178,3
381,0.809641154578301,0.22675732530192,2
944,0.490656582228839,0.448288675090298,5
1040,0.778467533735408,0.28526916293055,6
830,0.544543035011739,0.469080339344218,5
1050,0.785488982289464,0.270747213491981,6
21,0.918777263650078,0.234759780345029,1
167,0.882868550923374,0.183216918421374,1
1483,0.708018400939181,0.980910411803052,0
363,0.793703891311864,0.214379639928379,2
239,0.749705998580606,0.199283339409403,0
767,0.705537329383636,0.90811479456688,4
987,0.505969106182456,0.449778049960732,5
1053,0.786066620704145,0.290478425901745,6
884,0.446536162216216,0.539927015937865,5
270,0.775230071010055,0.206261737327697,2
965,0.539327925024554,0.550308960452676,5
932,0.458202500874177,0.496922865714878,5
441,0.204691804763861,0.750146052613854,3
850,0.448724522879347,0.483394334437326,5
255,0.805449990482234,0.232205969800419,2
469,0.201852131667547,0.313061507791281,3
500,0.200516507723369,0.552510179206729,3
592,0.200621459073154,0.236006341688335,3
818,0.493609471758828,0.448856745669618,5
1102,0.803278270695805,0.291576905259283,6
38,0.894199334961846,0.214548401487002,1
436,0.203092185963178,0.674127770774066,3
160,0.928248072927934,0.177721218669297,1
1064,0.773972480877621,0.308368155946037,6
1464,0.998537577455863,0.890827025286853,0
451,0.201673919081222,0.415111688524485,3
985,0.440438566347584,0.53883281650953,5
1028,0.804405519661552,0.305848075055049,6
886,0.468126562973484,0.489512907443568,5
1339,0.0158839737996459,0.200896635651588,0
811,0.477897967342287,0.474417411917821,5
757,0.700162828583654,0.903942222239908,4
1025,0.846086390671284,0.337188751423313,0
1347,0.968465388054028,0.554709454067051,0
726,0.700111722338394,0.902107994386602,4
279,0.807149381995222,0.20084947781361,2
1227,0.405390509171411,0.0311216728296131,0
78,0.89189869754803,0.221013611851687,1
953,0.541405756603926,0.514190221624449,5
192,0.898609120358656,0.184093383243955,1
1493,0.00831029191613197,0.536749157123268,0
697,0.698170924904047,0.893056178961622,4
71,0.898217574998181,0.21651273759415,1
117,0.908105709158293,0.185390169065113,1
1020,0.780352121273968,0.281409523022004,6
1030,0.796857751550443,0.286690634997726,6
82,0.883456849526518,0.174546935778426,1
1314,0.755664536030963,0.347036408260465,0
707,0.711366315708778,0.897024092636348,4
114,0.905603440238287,0.192547205037128,1
754,0.689395966595211,0.890258127552177,4
554,0.200285610535648,0.338699031807482,3
1207,0.891579250572249,0.305551539175212,0
379,0.840550121871542,0.177483297669492,0
940,0.554264930356294,0.464203185345978,5
1167,0.800797559413514,0.309648696042818,6
1213,0.889808575855568,0.752833831124008,0
420,0.200823769681156,0.562725665792823,3
445,0.203777249302948,0.68834223523736,3
1412,0.45862514176406,0.334909247467294,0
1218,0.580620846478269,0.830429775407538,0
516,0.200790979483863,0.180522579140961,3
16,0.909147872247852,0.197180146104974,1
161,0.858892382697105,0.224458464740781,0
862,0.495706022391096,0.469705239282921,5
844,0.45009887881577,0.535943800378591,5
1297,0.450257869437337,0.883587975986302,0
409,0.200267778962152,0.717018959112465,3
90,0.899652561050891,0.206185267065604,1
1322,0.447295902995393,0.968925149179995,0
404,0.200703036123887,0.589124831743538,3
1080,0.801402599878278,0.286604208857979,6
549,0.200781947658397,0.724965654872358,3
718,0.699134978468158,0.931654033064774,0
1216,0.664776078425348,0.185532793635502,0
770,0.700629224781518,0.900709211877918,4
1142,0.766535185228263,0.279960133535918,6
1070,0.802587393025452,0.313758365807528,6
667,0.703826615336333,0.90219933313893,4
907,0.493333197301254,0.510201528184116,5
3,0.90210160669932,0.195265818730901,1
1242,0.61231334018521,0.357134140096605,0
112,0.901995118032648,0.203466495671433,1
756,0.687254765834611,0.904135465107868,4
1001,0.807335848065537,0.302382174359229,6
576,0.200605680175358,0.814557887800038,3
1290,0.247521105455235,0.442611082224175,0
59,0.921878806717875,0.224386618629694,1
745,0.709837337116991,0.894756663257014,4
195,0.895773244218636,0.194977410607344,1
1144,0.804258696704131,0.308388121714909,6
1141,0.814526324469705,0.267622878883344,6
1429,0.813860367052257,0.462525109527633,0
881,0.546364789335057,0.530918062282726,5
581,0.201927177123725,0.859992707334459,3
960,0.504781072437763,0.459917839504778,5
1170,0.773195624946453,0.298365676055019,6
103,0.90961475832113,0.183184143943262,1
1466,0.585107070859522,0.905444463016465,0
220,0.814884540490986,0.229846569950172,2
833,0.45330578817986,0.478687018696219,5
790,0.701316148696157,0.892646937647725,4
1041,0.807113836989935,0.301258527012202,6
233,0.790826224705938,0.201716757471603,2
839,0.468176747942343,0.492979214917868,5
323,0.73737840324244,0.197665309758124,0
458,0.202387251807377,0.230911977961659,3
1021,0.765355403452764,0.342941798052881,0
772,0.683862033098504,0.912420269608823,0
394,0.835198226965649,0.155120201761338,0
1351,0.574904127512127,0.706746763316914,0
1239,0.690224383724853,0.421445774380118,0
698,0.700983250015714,0.915916656850582,4
912,0.442056371979415,0.514860382918269,5
1176,0.80405272900272,0.283416444621257,6
1235,0.0372078239452094,0.0865608870517462,0
396,0.827140724647089,0.18988751832118,2
1465,0.613974984036759,0.664025820791721,0
958,0.467831711061299,0.477120646601543,5
243,0.776566877776007,0.187894845705015,2
1134,0.825405528107431,0.277827387584159,6
968,0.443523051058874,0.474540141811594,5
1497,0.912116766441613,0.600124872056767,0
728,0.696198354708923,0.88414091197058,4
1133,0.83386060805435,0.256182909496063,0
1249,0.136089773382992,0.398425207473338,0
798,0.694403620942505,0.893791650665719,4
631,0.704396725808314,0.912545524225345,4
587,0.204026964168297,0.660281940735877,3
300,0.810286346668428,0.22499682069582,2
551,0.20465969049721,0.729599033482373,3
345,0.821426154392695,0.183891678091047,2
373,0.801512503329964,0.218155482534056,2
1338,0.508138938806951,0.837587630841881,0
185,0.899657421692307,0.203714735077503,1
691,0.694079346865544,0.908612763481098,4
1406,0.163773961365223,0.115485838148743,0
158,0.889318292618497,0.238069712028633,1
87,0.923187898143399,0.202860939465431,1
392,0.789463484854928,0.145315562325793,0
467,0.20154713058495,0.315697394870222,3
265,0.776931699575828,0.212474219314562,2
1261,0.124202858656645,0.106268722098321,0
1159,0.768412029608788,0.280093648677346,6
1263,0.870790540240705,0.952532106544822,0
1087,0.789635423968539,0.32026985911832,6
214,0.755732822293202,0.216087969116489,0
110,0.943948997168957,0.192116231698678,0
121,0.900558778792542,0.184666617931997,1
528,0.201302346207667,0.825331954099238,3
1164,0.802695765569392,0.282223555338068,6
648,0.714087244063891,0.90473544995145,4
1013,0.802334718433665,0.280391695546685,6
1231,0.75700161093846,0.504348697373644,0
490,0.203402948916191,0.879515707679093,3
1459,0.610283143818378,0.0291145690716803,0
851,0.545691402377561,0.48277029607445,5
946,0.448440587697551,0.527268174840137,5
675,0.693698089022507,0.901365306447065,4
1472,0.485147355124354,0.518955415347591,5
1056,0.792381170006414,0.261497054393473,6
657,0.695971362382952,0.909484689694725,4
971,0.482114191930741,0.504544409038499,5
887,0.542632766198367,0.448606175854802,5
1156,0.807071471584065,0.306388295929712,6
8,0.881012768114761,0.200422931855212,1
6,0.922402849418869,0.187930919093873,1
951,0.487717613028362,0.451791299926117,5
228,0.824719535664049,0.2086296796901,2
319,0.781761499673178,0.215130165239309,2
311,0.770597373441577,0.18991931193768,2
1490,0.450634618522599,0.605137499980628,0
870,0.48003148842603,0.49556122568436,5
107,0.891199979503456,0.222509436574162,1
290,0.783891269275693,0.207457363506043,2
523,0.202554503595456,0.884506458975375,3
359,0.828647524876301,0.195871936554699,2
115,0.888076334129563,0.232167686572344,1
998,0.468085016924888,0.443361133532599,5
372,0.826509948338918,0.210450336137321,2
170,0.908757146660509,0.158336748177528,0
1278,0.198639994719997,0.43755794595927,0
883,0.49476771870628,0.451397314909846,5
1407,0.595949256327003,0.190153713570908,0
733,0.69912922453363,0.910496769941615,4
1179,0.798954160968702,0.291172916097509,6
44,0.862161052567898,0.189396380725696,1
339,0.811417541219892,0.200935119840539,2
30,0.885082597284453,0.223023938193592,1
1299,0.480778810102493,0.568367374129593,0
580,0.200973140107235,0.825200947374105,3
1173,0.816597547042194,0.32466115634339,6
623,0.68296530309764,0.879441008777637,0
54,0.898333463420242,0.211865484908038,1
847,0.486208336222917,0.530996270189062,5
635,0.704589309307754,0.891584239607407,4
33,0.881923232390847,0.24654830285883,0
1457,0.894947736756876,0.663743751356378,0
1000,0.541745437197387,0.543377174753696,5
138,0.914694825111961,0.186871096727618,1
988,0.487957078162581,0.488411072632298,5
732,0.69789042288177,0.910178229186017,4
83,0.900938624921599,0.188876427953806,1
1363,0.937447419390082,0.835621308302507,0
162,0.895880572216078,0.169579202353561,1
671,0.687001543987466,0.904418504519402,4
602,0.700757382725723,0.900844322402725,4
806,0.50054225970991,0.446102136932313,5
1332,0.563500590855256,0.32709557400085,0
864,0.47828805424273,0.521070707309991,5
526,0.201940751624061,0.603924174793065,3
621,0.689857987399243,0.895190169906593,4
177,0.882795881750387,0.231204081788525,1
1444,0.565036857500672,0.30269481963478,0
898,0.456609841510653,0.511571773691103,5
533,0.200824957394507,0.380793373845518,3
1124,0.801468419417118,0.296859260265742,6
1027,0.76456998777773,0.300262002185262,6
1452,0.0243904881644994,0.452429090859368,0
1441,0.123393268091604,0.868112879572436,0
950,0.498592260759324,0.493270544726402,5
413,0.200249275653623,0.800717395916581,3
328,0.774586448898177,0.212046710495933,2
225,0.78746934110276,0.208647505859636,2
137,0.891451905200046,0.203197571821687,1
777,0.680409501659191,0.901787526962925,4
506,0.200539797738893,0.795915276929736,3
159,0.913102215724304,0.192535584057339,1
336,0.8122056690185,0.18882184552254,2
735,0.695602631856008,0.919745205132139,0
582,0.204826711693313,0.439169596508145,3
351,0.80886352769184,0.193126257213267,2
369,0.804074818563213,0.211784943354724,2
1252,0.900078340433538,0.168509334558621,1
1081,0.774195663322766,0.302960982183196,6
446,0.201834237811854,0.549879346601665,3
1074,0.803654438027861,0.311583981908085,6
1301,0.63815983152017,0.839864121517166,0
360,0.800106735022543,0.167478014889618,2
46,0.911747486698192,0.215713097107132,1
92,0.872293683683566,0.173273460363229,1
803,0.489686134252697,0.441199485324323,5
1447,0.0950196064077318,0.0393956862390041,0
438,0.204591527957236,0.257618436217308,3
483,0.204071383634582,0.582923975773156,3
513,0.204545013383031,0.791625034250319,3
314,0.806360066567047,0.225166082752473,2
352,0.825790753206394,0.179192830075265,2
921,0.498345980159938,0.477286700401455,5
94,0.900852023371734,0.204734232597111,1
769,0.701365407744579,0.905752184411448,4
269,0.82900181304898,0.196564187907038,2
1236,0.353082103189081,0.105059316847473,0
1083,0.801736867464626,0.312809425671307,6
996,0.531264391681179,0.492983393464237,5
706,0.712409714921518,0.909858838502936,4
1154,0.807811735927552,0.243871742329097,0
695,0.696110433258445,0.907608993318792,4
539,0.201252504369477,0.480693417042494,3
741,0.703452581084934,0.890178322019595,4
325,0.774904675279171,0.224392922807307,2
13,0.91066544246516,0.176352021678032,1
43,0.864686425365132,0.199011316359165,1
499,0.203988069689367,0.529250246845186,3
662,0.689028504978353,0.904932003374867,4
1264,0.979456196539104,0.162023534066975,0
1123,0.820071243714218,0.289756260765717,6
7,0.922783322204149,0.230382330689602,1
1035,0.771669739281034,0.313150760930806,6
1203,0.79174094623886,0.770664291689172,0
906,0.450324116619304,0.460185494516045,5
1010,0.826338569353116,0.335150852721104,0
180,0.890640410748722,0.160769372809204,0
187,0.901965791622287,0.193678955368778,1
1228,0.14460486616008,0.883453257847577,0
1015,0.834806315596426,0.324454165891003,0
305,0.797085592352281,0.201405273836152,2
1400,0.586321047041565,0.139611701015383,0
1091,0.801459143566187,0.272982070704893,6
650,0.698423486538031,0.901006052352704,4
564,0.204419998903759,0.262292263843119,3
1055,0.794431282328597,0.294396978894395,6
1103,0.823388755447787,0.310157916571875,6
952,0.450776693653315,0.50484036766924,5
744,0.681862971629994,0.877009792408449,0
1187,0.817225417046355,0.288801152501847,6
764,0.699288379982297,0.896527562109103,4
416,0.204593439612072,0.855090567469597,3
1135,0.82850476694896,0.316190504938019,6
638,0.70357358298225,0.89104389556279,4
1496,0.865274642128497,0.522117903688923,0
1204,0.901285283034667,0.572638883721083,0
1487,0.676880035782233,0.998805015813559,0
1360,0.563463086495176,0.692295042797923,0
338,0.826283351728134,0.215394674225542,2
401,0.202600213699043,0.849376517906785,3
1399,0.947840139502659,0.962131317472085,0
301,0.842298990126669,0.194128686016951,0
1085,0.795281247319374,0.278308501404141,6
866,0.487072162451223,0.524783584950492,5
45,0.899932678600141,0.202377886085833,1
1356,0.468320491025224,0.879834088729694,0
197,0.881336821998402,0.164742543592866,1
18,0.898860181788135,0.18942799153116,1
56,0.861994944486183,0.203969958867245,1
482,0.20101472454262,0.2777219934389,3
1393,0.138650101609528,0.0760728914756328,0
963,0.552846381925047,0.45430554269813,5
755,0.685950479592262,0.900476041215424,4
102,0.891797269001298,0.204175609433879,1
282,0.796569129106541,0.198504769340002,2
836,0.448892049267888,0.50611850483343,5
665,0.694043467098174,0.912636448073091,4
1287,0.755255357129499,0.919013047590852,0
1004,0.824481218458975,0.282393207054923,6
797,0.682353078280269,0.910153599624852,0
569,0.204118059149478,0.505189531296492,3
1092,0.787151076288193,0.289690299990614,6
449,0.203036872651428,0.147387234121561,3
298,0.802171648295322,0.170515330427926,2
1034,0.786507028929816,0.299074637444406,6
520,0.204558407055447,0.693454268947244,3
519,0.200947953407886,0.405943627841771,3
573,0.202339798068861,0.710793691128492,3
632,0.714791416331837,0.905204483900772,4
222,0.782552896603438,0.191370811627772,2
956,0.47614839989692,0.465394250126556,5
647,0.709622180824379,0.899190586965858,4
809,0.49851866488345,0.55313868897967,5
714,0.686563381716061,0.906052425872163,4
36,0.923053466398738,0.182905328331185,1
1150,0.804062192079021,0.308472224232081,6
591,0.202530706155812,0.548242752626538,3
1419,0.129262100672349,0.0100032659247518,0
955,0.446557458397001,0.461285311663523,5
930,0.46516124243848,0.530614431304857,5
607,0.70657779213883,0.898014845716733,4
945,0.474982560593635,0.458620658069849,5
1067,0.772099589748652,0.310374570971184,6
453,0.201658832124667,0.317207608371973,3
1430,0.4823053102009,0.549741839058697,5
514,0.203015097010648,0.146931663714349,3
389,0.800623666481946,0.209023979394283,2
1158,0.801084966062156,0.293335054214364,6
1273,0.769215025240555,0.226533216657117,0
50,0.897118605819972,0.194056374396395,1
545,0.202858953077812,0.198193415254354,3
479,0.204769095501397,0.702406802214682,3
974,0.445239806929603,0.500638084700331,5
893,0.51604528230615,0.545984322624281,5
84,0.944871283292906,0.216691534910358,0
598,0.200164151813369,0.274275900609791,3
1415,0.273548163007945,0.599214955698699,0
472,0.203845669325674,0.69534920733422,3
89,0.870667750136436,0.196414730647529,1
521,0.200284458248643,0.276259454712272,3
128,0.924186072594275,0.189835356369456,1
65,0.94031729842238,0.173607425414232,0
98,0.895773618616001,0.15111362200775,0
218,0.808960802749599,0.16180847491774,2
285,0.78802171979972,0.233221336842422,2
1370,0.91422514221631,0.745290268212557,0
843,0.453613032428548,0.46012282576412,5
501,0.204997544698417,0.597060581669211,3
1374,0.746418643044308,0.845661765430123,0
649,0.688626629246749,0.897762434106421,4
1018,0.771248448117236,0.294859086242533,6
316,0.802425269696456,0.196280676116144,2
589,0.200979672296671,0.53999704811722,3
461,0.20102682996192,0.677560407109559,3
406,0.201464932262897,0.587557490542531,3
920,0.451191384484991,0.504578151591122,5
1250,0.44629848189652,0.567667108029127,0
334,0.798412448026844,0.194795934169631,2
1210,0.081170508172363,0.216991272056475,0
871,0.537512256130576,0.477588486718014,5
375,0.787505480223329,0.182415467601018,2
439,0.201842543298844,0.142823588103056,3
271,0.7736207601846,0.181975373522523,2
993,0.49194843375124,0.463571662362665,5
1217,0.648633789271116,0.542683132458478,0
689,0.714978193584193,0.900502439162528,4
1036,0.794043014275466,0.315475354058651,6
241,0.819080231300905,0.19455772779225,2
412,0.201449907637434,0.237350700236857,3
1084,0.784126705707927,0.300182699012137,6
815,0.537107576224953,0.46528967641294,5
918,0.444503559973091,0.528080261396244,5
132,0.862398388994487,0.207170522258087,1
1233,0.719493108103052,0.770007939776406,0
1138,0.795749701655784,0.296509543552598,6
859,0.548974437750876,0.523670735955238,5
758,0.680457261141603,0.90300270035881,4
304,0.816254120815927,0.202107130924219,2
823,0.520298443539068,0.46885489677079,5
980,0.447871897919104,0.446557418974116,5
133,0.943080908863509,0.219227730355869,0
337,0.821348729403637,0.217544101161358,2
831,0.493183538671583,0.5157423923444,5
819,0.492754652276635,0.526027045622468,5
1437,0.606315059354529,0.013593488605693,0
1147,0.826779994401748,0.304029964750793,6
1274,0.411510218866169,0.56777502130717,0
251,0.777031111373369,0.216029776520945,2
191,0.897989371363712,0.192306033154838,1
131,0.872423142294479,0.199751178311099,1
492,0.201303954597097,0.515725356899202,3
673,0.686689698226227,0.884275254783685,0
477,0.203598590950714,0.757658979855478,3
786,0.694439367793156,0.90400996439551,4
1294,0.717439807252958,0.636158868204802,0
683,0.710881626541312,0.8948551706214,4
288,0.790492206499474,0.170177127090996,2
465,0.203411056528566,0.662457798235118,3
1371,0.222242339514196,0.394534487044439,0
1184,0.7840043311552,0.295721133240945,6
349,0.816827477771782,0.204023040703613,2
590,0.202232888905564,0.480226006172597,3
1276,0.70763554982841,0.261718133930117,0
817,0.485871433224529,0.46922347350046,5
494,0.203387518853415,0.871733605489135,3
232,0.743826103459119,0.161290999338803,0
949,0.45755105891265,0.467305152108893,5
1149,0.795559288218977,0.303308004650071,6
1382,0.500658741220832,0.476453912211582,5
643,0.705529190091964,0.883301756238907,4
725,0.706065718945274,0.893876875607239,4
929,0.533436691835523,0.510499807260931,5
106,0.876790004386007,0.232125652348344,1
152,0.851849726573791,0.183139165403986,0
1323,0.615128802601248,0.781203555641696,0
9,0.906392922557962,0.187274339620858,1
1256,0.681207821238786,0.0145322233438492,0
924,0.509093340225518,0.449154056273401,5
752,0.712262330398605,0.896999025144551,4
1101,0.766364565502541,0.299671391395534,6
1320,0.816585037391633,0.633202354190871,0
80,0.877948515201902,0.162869494295784,0
743,0.696040203775908,0.88314839743661,4
198,0.90204695518778,0.210191965360181,1
1385,0.83283836953342,0.611505405744538,0
784,0.708818479604321,0.888741102249245,4
1383,0.512944717425853,0.302119330037385,0
595,0.201237270169659,0.555054071173072,3
1190,0.826614667839993,0.300324079042216,6
1316,0.213563366094604,0.682468065293506,0
1481,0.391749283764511,0.979651748435572,0
1331,0.0889762961305678,0.410966583527625,0
959,0.556007750090212,0.48046931328252,5
1223,0.613289221655577,0.871102858800441,0
286,0.81968610166255,0.200092252939783,2
475,0.2025826030178,0.349293492548168,3
53,0.909753184857944,0.198286538575193,1
1139,0.820428300645734,0.285518216008108,6
274,0.797072671693503,0.208296599940962,2
734,0.696453038777394,0.892115039222956,4
663,0.697653453658172,0.896807363863005,4
111,0.896162633720324,0.207739235679589,1
1054,0.822067002309058,0.288985421367817,6
1324,0.494065797654912,0.364771045744419,0
721,0.703194120078369,0.890772565189342,4
1418,0.551022633444518,0.42289315443486,0
287,0.798719773237792,0.196356230925104,2
763,0.68976740737956,0.898808795648835,4
327,0.811529628901124,0.207658953667164,2
19,0.933949002211565,0.234455516983897,0
943,0.55837952378206,0.476921182088554,5
410,0.200406226817286,0.537659429386258,3
481,0.200539387722965,0.537521189823747,3
1397,0.871342993807048,0.764813899761066,0
954,0.475570743829012,0.538301737671718,5
1491,0.386409468017519,0.680176034802571,0
1486,0.735944341635332,0.965100653469563,0
12,0.90928331716485,0.222120733055823,1
903,0.522704986957833,0.525167679460719,5
1352,0.79987658536993,0.447089219465852,0
995,0.50412505957298,0.508531789369881,5
973,0.46817860157229,0.501349292397499,5
289,0.806272108240802,0.219989677242346,2
625,0.686624676924734,0.896077364050883,4
575,0.204749500703765,0.382715581543744,3
1279,0.734855240909383,0.0100619266740978,0
1129,0.813572957215524,0.285533737889893,6
558,0.202323953616433,0.619357158057392,3
914,0.548213287768886,0.528807487441227,5
1130,0.750075574255723,0.293573065499352,0
423,0.201849965901347,0.322365486063063,3
759,0.703189493680573,0.896815142859876,4
1293,0.655461166752502,0.864203243749216,0
1377,0.991723884129897,0.455800188472494,0
141,0.925870006285266,0.201321301464463,1
215,0.819882282408479,0.180401918338832,2
1478,0.770915794884786,0.559586538001895,0
626,0.692612441407902,0.899209342134205,4
1443,0.43493034155108,0.384231538744643,0
1435,0.917081388179213,0.407998873619363,0
489,0.204676555516198,0.404604475200176,3
562,0.203293137392029,0.773878314718604,3
1060,0.818995081179204,0.309992355477297,6
188,0.923816919287627,0.226711330866119,1
515,0.203751791592222,0.316161647997797,3
376,0.804088305587361,0.189608593260116,2
1052,0.806798204879065,0.289543027384266,6
350,0.828495117068823,0.177815917591739,2
317,0.81358257711207,0.253249697635933,0
922,0.490288751851767,0.520798295261338,5
1188,0.823800481610266,0.29842446755741,6
997,0.451734638540074,0.530697803329676,5
1061,0.819447404158216,0.336557288137617,0
29,0.899291268028241,0.203269427319268,1
1420,0.892122693359852,0.726121437968686,0
557,0.204679155129706,0.434697726927698,3
535,0.201137285871664,0.662865663506091,3
1209,0.71873914799653,0.309054460376501,0
644,0.695281626820597,0.911561348966763,4
1251,0.809856167528778,0.100058043142781,0
639,0.716782387104223,0.899519300551423,4
1045,0.803818634341866,0.262485842260868,6
751,0.696219897182573,0.885523980583056,4
63,0.890384915088433,0.194391787444302,1
1090,0.838848638750544,0.298518056257886,6
484,0.201044138165889,0.803001882694662,3
1390,0.703389832517132,0.228584239259362,0
1033,0.787145907237683,0.293576927747452,6
1208,0.323897366179153,0.105494104092941,0
468,0.201666639029281,0.361448741704226,3
1484,0.459332189289853,0.293004416394979,0
1215,0.784483982250094,0.51640535145998,0
23,0.913118256221597,0.236028428775294,1
1326,0.894536660518497,0.865788056282327,0
430,0.20217125197174,0.85905186124146,3
915,0.468217206103727,0.443285610601306,5
1476,0.110063059721142,0.31808545277454,0
1165,0.788907868723627,0.302401304560736,6
284,0.813516813817742,0.234194023144687,2
715,0.696187547254018,0.895749075680706,4
1286,0.391158706974238,0.897304458077997,0
1434,0.132980255642906,0.923170774010941,0
556,0.201676860685693,0.719525604508817,3
150,0.921929381570135,0.181853691044031,1
636,0.709404065576379,0.900790887334264,4
1262,0.556536718038842,0.148190228966996,0
668,0.695789162176651,0.905308903472929,4
969,0.48444204444997,0.534868429694325,5
1116,0.793804964190003,0.293647894846041,6
1446,0.116856432985514,0.395753948716447,0
75,0.922731216800263,0.198290515965674,1
555,0.202098162313923,0.351812522485852,3
742,0.695020868545247,0.911080638587317,4
614,0.692213005091787,0.890140383096726,4
384,0.776650785072547,0.209313736171174,2
507,0.202326430686517,0.175873531401157,3
846,0.480032725092024,0.445404151044786,5
630,0.698330223588315,0.881542611708631,4
231,0.824369076961768,0.190809359637,2
1089,0.808100304049038,0.319128789200757,6
505,0.201708656034898,0.700005017407239,3
1270,0.879024488385767,0.48672190727666,0
2,0.904747640758765,0.191598892564336,1
1082,0.796126576660505,0.253060974925874,0
124,0.93090064841614,0.230702967033477,0
544,0.203476350719575,0.675024943426251,3
1006,0.802332966197203,0.313803591636004,6
1348,0.203181987628341,0.427566178375855,3
652,0.696561740021159,0.909215522068831,4
885,0.531142620006576,0.440742114624009,5
1325,0.162301645614207,0.515972317196429,0
540,0.204469103455776,0.766911502927542,3
1114,0.725274284883107,0.29037451874848,0
17,0.90943526450862,0.208059322928985,1
939,0.466187634505332,0.547212216816843,5
1349,0.201266425894573,0.745195367839187,3
654,0.691616989676586,0.904085293713526,4
1458,0.850019675446674,0.553755557630211,0
397,0.811463768142389,0.175457456201337,2
895,0.545985801750794,0.547999382773414,5
440,0.203174342775019,0.579355460591614,3
529,0.200879905225011,0.354343773052096,3
986,0.507319301730022,0.53781320749782,5
261,0.798658496222254,0.19023032496362,2
1498,0.170277004363015,0.405679932562634,0
566,0.201364938907791,0.53086988274008,3
572,0.20490809282288,0.885045664012432,3
253,0.780571285752066,0.206784518146913,2
437,0.203196901268093,0.252291561290622,3
1097,0.82831128877686,0.296289687242332,6
247,0.800065382132879,0.254387446838723,0
802,0.50577907265164,0.507252666214481,5
1475,0.260603340575472,0.323487397283316,0
1137,0.800694835208946,0.29101192567429,6
1037,0.829555230334711,0.300712683709642,6
1146,0.814155267658946,0.294731365452326,6
548,0.204206483255839,0.755453588813543,3
620,0.691613176218125,0.89678512909256,4
496,0.203807963514701,0.470965301804245,3
1380,0.922036869451404,0.750284784473479,0
1031,0.818098492116183,0.275213843591599,6
164,0.936294937766731,0.206159306646067,1
1362,0.151907195337117,0.000952045433223248,0
1369,0.494026500498876,0.394584487657994,0
679,0.703286227442386,0.902188824051276,4
1007,0.7698954116325,0.307323128345997,6
785,0.699263069367002,0.896386574018219,4
463,0.203845628792187,0.405435309186578,3
263,0.795056986888665,0.198448378831718,2
723,0.702429106879506,0.902713452759186,4
865,0.487701310031116,0.459836620790884,5
1224,0.387723260326311,0.433679433073848,0
1002,0.811481241087524,0.292179567893833,6
1334,0.312004616949707,0.384463594062254,0
395,0.794320146601535,0.178832824291517,2
983,0.539481664327905,0.441373064732179,5
1392,0.0889132663141936,0.650536249857396,0
402,0.201590955600841,0.762729480490088,3
1284,0.0572196063585579,0.391182105755433,0
606,0.704839665338808,0.917915400472951,4
14,0.886706490672786,0.199582471818477,1
331,0.830279480559602,0.194332321575941,2
720,0.702909270759189,0.904868439058375,4
978,0.518836374646053,0.547129028774798,5
677,0.694642446619417,0.894575410205725,4
970,0.458210168750957,0.507220135880634,5
144,0.934493361534622,0.20255609523963,1
226,0.788558618804068,0.166936677031025,2
634,0.679501924456407,0.907735162560115,0
1182,0.766398610297357,0.329326836486362,0
1499,0.785841178847477,0.331917066592723,6
1177,0.78418258889676,0.292477475146413,6
299,0.765108536660181,0.197969314354288,2
1193,0.814647651499003,0.265666121153274,6
1280,0.256727038649842,0.282132295425981,0
1480,0.788986646570265,0.831410869024694,0
1327,0.497768892440945,0.337363701546565,0
303,0.820285509375159,0.223968403784419,2
686,0.690753175461591,0.920349070107036,0
1157,0.773149781143536,0.321748662275746,6
400,0.81003591608003,0.198268886195742,2
1485,0.116554585751146,0.185818889876828,0
761,0.686116616256173,0.892228676607282,4
571,0.203351509217173,0.807836560718715,3
266,0.761700039870099,0.173470773156068,0
1450,0.454582716105506,0.06502062571235,0
1423,0.816252519143745,0.145969526609406,0
804,0.516902660140768,0.514891741573811,5
421,0.204418783193687,0.107457786239684,3
1127,0.773638895034625,0.298144881413467,6
276,0.806026186944737,0.221841326532921,2
578,0.201839582571993,0.804308643192053,3
1463,0.521988278953359,0.724824707023799,0
1211,0.684625351103023,0.990255345124751,0
749,0.695051885431666,0.893985721782271,4
1066,0.821293976138338,0.298474710982185,6
888,0.479442508378997,0.5521965656057,5
1353,0.275205023353919,0.0328353613149375,0
1243,0.00425771460868418,0.770992129342631,0
925,0.505532966926694,0.542872312217951,5
335,0.807312132332766,0.202266969856189,2
244,0.789043779212118,0.177957697232588,2
258,0.831913595871115,0.214038353086814,2
534,0.201567803566577,0.429339085705578,3
1395,0.367629030020908,0.820776628097519,0
196,0.863748109733313,0.192484855203049,1
49,0.906561816920107,0.180395636702457,1
242,0.773535953115249,0.216141128819731,2
1295,0.85834122588858,0.578930702758953,0
810,0.459954795092344,0.556699350560084,5
348,0.788310362656593,0.172640509683515,2
1201,0.195619483012706,0.0444201484788209,0
73,0.891090481667584,0.216125232441786,1
254,0.828628578627195,0.190413407104242,2
713,0.71987625804264,0.906774248941337,0
892,0.51742347497493,0.505696565918624,5
471,0.203197785037337,0.266013860329986,3
678,0.700938114289824,0.886329340215819,4
146,0.964766850324592,0.195166790338785,0
462,0.201817765219603,0.3957558773458,3
464,0.204750009049894,0.844802200235426,3
1405,0.126240614335984,0.249641805421561,0
358,0.812521467530301,0.180518230429087,2
966,0.441415689615533,0.531627807337791,5
1328,0.855939561733976,0.0758276239503175,0
126,0.878038201008805,0.191908503656636,1
353,0.805325274817871,0.207219136472966,2
1367,0.390881872968748,0.719293885398656,0
217,0.79746639712348,0.195603824086935,2
708,0.702215543105535,0.901008788402597,4
1433,0.187420701840892,0.027059517800808,0
1368,0.145329249091446,0.733771845232695,0
820,0.515187288429588,0.497761058267206,5
324,0.802998251279613,0.197936432331443,2
1373,0.57654078816995,0.777608053991571,0
223,0.777477269004992,0.19450287591987,2
296,0.794334742456138,0.231663827618429,2
278,0.824941417647209,0.170073154898041,2
250,0.777458891458582,0.239800144131167,0
388,0.782544374837883,0.223143764130079,2
957,0.509333318471909,0.515174654610455,5
385,0.767465015454118,0.206577774589259,2
184,0.87243930366762,0.21489139940442,1
1100,0.809928348384851,0.275934906634115,6
1071,0.795412311911994,0.301996622272289,6
306,0.807347230887931,0.18522384775311,2
762,0.701704368336849,0.883868396545538,4
1285,0.715997649822384,0.724800221854821,0
10,0.864609800294256,0.220690961188958,0
1413,0.684013763442636,0.457032896345481,0
619,0.69970329646914,0.892928337552542,4
1470,0.21334583312273,0.524119783425704,0
938,0.558107527196407,0.479637249745429,5
1302,0.0844921169336885,0.632226233836263,0
1148,0.814605383699595,0.273484219286193,6
618,0.696318519482763,0.904367156061043,4
1428,0.196230775443837,0.588907928671688,0
827,0.447165216756985,0.470500840758905,5
1318,0.158211094792932,0.64186257077381,0
902,0.487521647876129,0.519209435274825,5
1271,0.262634198879823,0.560788859147578,0
1300,0.625413790578023,0.656996186356992,0
814,0.472440529689193,0.549323379341513,5
873,0.502066186461598,0.462956700176001,5
1425,0.924617360113189,0.72443474479951,0
737,0.69102190386537,0.90676840526177,4
977,0.481680669169873,0.526066222526133,5
1205,0.65683659305796,0.0596460578963161,0
771,0.693322547455818,0.906457491923907,4
1078,0.819895489014453,0.2844290377822,6
1241,0.923312855884433,0.746230930788442,0
442,0.201678243621718,0.807625482417643,3
238,0.798922771004335,0.242254100589288,0
368,0.783836051904712,0.174880897169546,2
1219,0.155153070343658,0.992875061463565,0
628,0.679442015591807,0.896257989742181,0
1062,0.802697887467649,0.321962004077994,6
1403,0.575746320886537,0.63018133980222,0
297,0.801258809218994,0.179325382064607,2
1439,0.321384912356734,0.685158716514707,0
456,0.200170196723193,0.47026034463197,3
518,0.202124408666277,0.798761413432658,3
941,0.484875105395913,0.540023584291339,5
994,0.526292956443503,0.533464578595013,5
612,0.697206895055945,0.90309204829431,4
600,0.200287851140602,0.779452160745859,3
828,0.541782379988581,0.454230104647577,5
207,0.789292718284361,0.194384892679143,2
845,0.505285992110148,0.557892299089581,5
210,0.793802713266241,0.202500125493136,2
1427,0.097954673692584,0.506295795319602,0
681,0.70710517134479,0.905528136234837,4
1246,0.234489892609417,0.84114855597727,0
705,0.689420424500485,0.896469784668231,4
488,0.202616948260693,0.341889663226903,3
1449,0.0377851871307939,0.541125596500933,0
157,0.888428281378714,0.211064714846592,1
869,0.546556434957311,0.55695468663238,5
283,0.775989890498962,0.182002919542633,2
252,0.787881819329371,0.192554521020952,2
1057,0.803520949005302,0.299213185336257,6
1376,0.267352293012664,0.00953867100179195,0
262,0.800784229877173,0.189984076931855,2
560,0.203369141458534,0.161030157841742,3
838,0.511557622551918,0.527477695764974,5
237,0.796320181226626,0.213609534551299,2
1206,0.716950517846271,0.789210116956383,0
139,0.903749557951688,0.168184637593344,1
816,0.452879104912281,0.554148593954742,5
927,0.543540097018704,0.483245202861726,5
272,0.808469889536318,0.169297889866445,2
97,0.942167979867976,0.222678691601267,0
1024,0.80200726810238,0.304050742262933,6
760,0.703673499505102,0.897819578178487,4
561,0.202426767820725,0.217158459685743,3
1011,0.806719242650975,0.305732585357527,6
567,0.20243521793629,0.718837155215442,3
676,0.696909292492047,0.892361447252557,4
503,0.20232225617161,0.22052861340344,3
26,0.879729660082174,0.17835420446562,1
70,0.879886122539787,0.196402013202401,1
1237,0.812000088393688,0.912032315740362,0
